#  ix    iy     NK     E/N         TK    Uxpi    UyK      muK      rho      epsilon
0 0 349 0.104158 0.0530588 0.0114244 1.70126 0.0264005 0.0180462
0 1 320 0.0980546 0.0190253 0.117481 2.0136 0.0240725 0.0161505
0 2 303 0.0998968 0.0386744 0.114873 1.83222 0.0227878 0.0153752
0 3 362 0.104556 0.00322512 0.244364 1.68533 0.0266402 0.0182322
0 4 313 0.0979827 0.0440514 0.334985 1.94948 0.0224645 0.0150684
0 5 345 0.10028 0.0480051 0.34388 1.8866 0.0246904 0.0166784
0 6 327 0.0933419 0.032797 0.448114 2.29325 0.0225966 0.0149421
0 7 328 0.0912742 0.0628827 0.534771 2.42092 0.0218784 0.0143751
0 8 293 0.0909272 -0.00344416 0.612728 2.30345 0.0189266 0.0124223
0 9 311 0.0784243 0.040494 0.710337 3.44533 0.0191974 0.0121198
0 10 307 0.0866411 0.0449876 0.772785 2.62944 0.0183912 0.0119117
0 11 313 0.0808909 0.068494 0.945336 3.08964 0.01721 0.0109491
0 12 282 0.073223 0.0384362 1.04177 3.75153 0.014789 0.0091859
0 13 223 0.0706629 0.0420693 1.14169 3.77309 0.0111269 0.00685595
0 14 204 0.0724041 0.0968022 1.33285 3.37909 0.00925928 0.00573646
0 15 167 0.0625958 0.00135505 1.4838 4.42873 0.00707059 0.00424739
0 16 143 0.0554893 0.0700661 1.7418 5.37226 0.0053906 0.00316633
0 17 105 0.0523953 0.0809106 1.91624 5.61183 0.00367757 0.0021391
0 18 54 0.0554519 0.0731636 2.17504 4.2301 0.00170808 0.00100318
0 19 13 0.0339493 0.0658101 2.62431 9.09603 0.000350586 0.000192363
0 20 0 0 0 0 0 0 0
0 21 0 0 0 0 0 0 0
0 22 0 0 0 0 0 0 0
0 23 0 0 0 0 0 0 0
1 0 319 0.0951194 0.0801194 0.0413972 2.22363 0.024069 0.0160031
1 1 335 0.106317 0.116628 0.0862874 1.51766 0.0251158 0.0172813
1 2 333 0.107469 0.0830729 0.0997506 1.44428 0.0250174 0.0172739
1 3 348 0.0932175 0.0907347 0.184569 2.43617 0.0258232 0.0170691
1 4 322 0.0969461 0.0707405 0.270912 2.06723 0.0234905 0.0157065
1 5 323 0.0980892 0.0902317 0.380976 1.95624 0.0227856 0.0152887
1 6 364 0.0948534 0.095281 0.457425 2.2805 0.0249832 0.0165973
1 7 307 0.0977874 0.0760925 0.525033 1.87385 0.0205454 0.0137728
1 8 291 0.085169 0.132437 0.629551 2.76642 0.0185402 0.0119535
1 9 284 0.0885836 0.0993979 0.694724 2.42168 0.017611 0.0114753
1 10 263 0.0809403 0.097257 0.794643 2.98365 0.0155539 0.00989696
1 11 282 0.0773068 0.102551 0.947979 3.34506 0.0154615 0.0097272
1 12 280 0.0778072 0.103925 1.06441 3.22762 0.0144876 0.00912873
1 13 250 0.0770994 0.156929 1.16815 3.13437 0.0122529 0.00770362
1 14 204 0.0690993 0.154545 1.30982 3.79456 0.00933727 0.00572506
1 15 171 0.0664929 0.157875 1.49902 3.87568 0.0071617 0.00435527
1 16 137 0.0543259 0.179257 1.78016 5.53595 0.00506366 0.00296338
1 17 99 0.0484924 0.179212 1.93795 6.4293 0.00342763 0.00196925
1 18 44 0.048691 0.0890946 1.99607 5.54913 0.00149187 0.000857651
1 19 26 0.0381022 0.259014 2.35268 8.10565 0.000766575 0.000426169
1 20 0 0 0 0 0 0 0
1 21 0 0 0 0 0 0 0
1 22 0 0 0 0 0 0 0
1 23 0 0 0 0 0 0 0
2 0 326 0.109329 0.166203 0.0259478 1.30782 0.0243548 0.0169116
2 1 325 0.104388 0.171333 0.0886394 1.5988 0.0241755 0.0165369
2 2 346 0.103982 0.174059 0.179557 1.67486 0.025429 0.0173728
2 3 375 0.105124 0.16617 0.259281 1.66894 0.0271508 0.0186137
2 4 352 0.0969306 0.145805 0.253047 2.15422 0.0255974 0.0171144
2 5 350 0.102004 0.187943 0.376379 1.76227 0.0244404 0.0165969
2 6 340 0.0974106 0.197796 0.466358 2.01224 0.0229776 0.0153855
2 7 298 0.0974604 0.183138 0.548374 1.8469 0.0195444 0.0130887
2 8 350 0.0926192 0.194699 0.643622 2.32186 0.0220033 0.0145173
2 9 323 0.0810367 0.202076 0.696608 3.21607 0.0198079 0.0126076
2 10 275 0.0854368 0.209714 0.80597 2.59588 0.0160088 0.01033
2 11 268 0.0779407 0.243724 0.886033 3.24514 0.0149495 0.00942374
2 12 260 0.0743052 0.21346 1.07078 3.52192 0.0133035 0.00829129
2 13 229 0.0727738 0.23267 1.22065 3.49659 0.0108766 0.00674628
2 14 212 0.0696417 0.215217 1.32639 3.75194 0.00958842 0.00588908
2 15 151 0.0642336 0.242617 1.5557 4.04115 0.00613299 0.00370323
2 16 145 0.0604571 0.315832 1.65014 4.53715 0.00561834 0.00335231
2 17 88 0.0524638 0.333315 2.03564 5.36261 0.00290821 0.00169196
2 18 54 0.0391364 0.276246 2.21632 8.49913 0.00167172 0.000932421
2 19 19 0.0347394 0.286026 2.20949 9.24753 0.000589417 0.000324215
2 20 0 0 0 0 0 0 0
2 21 0 0 0 0 0 0 0
2 22 0 0 0 0 0 0 0
2 23 0 0 0 0 0 0 0
3 0 346 0.101238 0.212536 0.0294928 1.86007 0.0256288 0.0173631
3 1 332 0.102074 0.218695 0.130226 1.75496 0.0243743 0.0165556
3 2 331 0.102288 0.212362 0.157801 1.73561 0.0242417 0.0164762
3 3 341 0.103689 0.229859 0.260944 1.65214 0.0244001 0.016655
3 4 371 0.0992292 0.248274 0.284551 2.02072 0.0262937 0.0177044
3 5 327 0.102995 0.270677 0.380211 1.61311 0.0224482 0.0152902
3 6 327 0.101964 0.27966 0.431153 1.66118 0.0220335 0.0149606
3 7 359 0.0928348 0.272178 0.538309 2.36207 0.0232882 0.0153753
3 8 323 0.0896619 0.254682 0.643133 2.46647 0.0201243 0.0131568
3 9 315 0.076094 0.272389 0.771507 3.65229 0.0184695 0.0115756
3 10 298 0.082645 0.259012 0.83372 2.91036 0.0170066 0.010879
3 11 267 0.0745487 0.275596 0.976768 3.55949 0.0141967 0.00885469
3 12 251 0.0793283 0.334207 1.11682 2.91481 0.0123805 0.00783822
3 13 248 0.0686538 0.273243 1.19906 4.09068 0.0118531 0.00725745
3 14 211 0.0634229 0.321127 1.28755 4.61134 0.00962015 0.00579403
3 15 162 0.0605281 0.365712 1.4851 4.70404 0.00671606 0.00400818
3 16 130 0.047807 0.381182 1.71613 6.9501 0.00486951 0.00279158
3 17 82 0.0496567 0.441306 1.95865 5.93783 0.00276955 0.00159704
3 18 30 0.0508634 0.453338 2.17025 4.57531 0.000934441 0.0005409
3 19 12 0.0506899 0.447945 2.56809 3.55996 0.000325596 0.000188368
3 20 0 0 0 0 0 0 0
3 21 0 0 0 0 0 0 0
3 22 0 0 0 0 0 0 0
3 23 0 0 0 0 0 0 0
4 0 387 0.101 0.302538 0.0102115 1.96648 0.0280607 0.0189969
4 1 379 0.105329 0.259352 0.0974665 1.67514 0.0276697 0.0189814
4 2 367 0.0957905 0.293343 0.142777 2.26826 0.0264319 0.0176105
4 3 359 0.103495 0.338497 0.245122 1.69251 0.0250936 0.0171182
4 4 332 0.101218 0.335159 0.323969 1.74426 0.0227965 0.0154434
4 5 397 0.0955402 0.325703 0.366204 2.30799 0.0270068 0.0179797
4 6 332 0.0933204 0.324357 0.465078 2.26261 0.0218791 0.0144667
4 7 328 0.0945299 0.357001 0.559056 2.11673 0.0207071 0.0137429
4 8 322 0.0872738 0.359881 0.628437 2.64684 0.0197572 0.0128216
4 9 340 0.0893831 0.377182 0.745498 2.47127 0.0197666 0.0129118
4 10 300 0.0800197 0.393139 0.861722 3.13305 0.0165006 0.0104693
4 11 272 0.0782694 0.444 1.00794 3.13488 0.0138515 0.00874057
4 12 238 0.0680412 0.375079 1.09933 4.16332 0.0117636 0.0071888
4 13 209 0.0754478 0.449071 1.26801 3.05226 0.0094462 0.00590836
4 14 192 0.063134 0.482643 1.44501 4.46806 0.00798165 0.00480281
4 15 123 0.0646755 0.428988 1.48989 3.78272 0.00505068 0.00305396
4 16 116 0.0512814 0.498746 1.77096 5.98456 0.0041966 0.00243241
4 17 75 0.0488787 0.5564 1.94221 6.02819 0.00252046 0.00144983
4 18 26 0.0340553 0.520743 2.18177 9.87327 0.000802037 0.000440217
4 19 11 0.0364604 0.458214 2.50109 7.83932 0.000304994 0.00016868
4 20 0 0 0 0 0 0 0
4 21 0 0 0 0 0 0 0
4 22 0 0 0 0 0 0 0
4 23 0 0 0 0 0 0 0
5 0 373 0.105949 0.366829 0.0705785 1.59271 0.0264709 0.0181933
5 1 392 0.105718 0.359171 0.0991689 1.65686 0.0278279 0.0191125
5 2 398 0.0964519 0.379987 0.159875 2.2737 0.0278757 0.0186102
5 3 393 0.0999036 0.373536 0.252783 2.00654 0.0271399 0.018312
5 4 346 0.0975505 0.416494 0.273354 2.02323 0.0234618 0.0157165
5 5 360 0.0944193 0.391292 0.376844 2.27106 0.0239648 0.0158995
5 6 311 0.091181 0.4323 0.444293 2.33976 0.0200251 0.0131536
5 7 345 0.0954097 0.426139 0.571198 2.07941 0.0212846 0.0141644
5 8 355 0.089087 0.427897 0.65273 2.5656 0.021201 0.0138361
5 9 319 0.0826942 0.481356 0.77097 2.95604 0.0178836 0.0114417
5 10 309 0.0756078 0.476948 0.840442 3.61247 0.0168336 0.0105343
5 11 270 0.0757663 0.46118 0.997891 3.39383 0.013764 0.00861761
5 12 255 0.0665508 0.553195 1.10446 4.39673 0.0121552 0.00739334
5 13 223 0.0643381 0.511495 1.20053 4.542 0.0102758 0.00620681
5 14 175 0.0658241 0.56837 1.45168 3.968 0.00715798 0.00434385
5 15 151 0.0594483 0.595527 1.58742 4.73816 0.00581154 0.00345656
5 16 114 0.0494875 0.592255 1.77501 6.36261 0.00407058 0.00234601
5 17 57 0.0371609 0.576781 1.8207 9.43518 0.00200302 0.00111025
5 18 27 0.0325602 0.734363 2.44774 10.5383 0.000745369 0.000407187
5 19 13 0.732401 0.802178 2.51463 -10.8906 0.00034892 0.000189238
5 20 0 0 0 0 0 0 0
5 21 0 0 0 0 0 0 0
5 22 0 0 0 0 0 0 0
5 23 0 0 0 0 0 0 0
6 0 360 0.100666 0.462012 0.065398 1.8617 0.0247145 0.0167145
6 1 381 0.10192 0.430364 0.0925261 1.84551 0.0264174 0.0179348
6 2 373 0.104554 0.446581 0.18099 1.63999 0.0254563 0.0174218
6 3 360 0.0954975 0.436097 0.233116 2.21152 0.0244471 0.0162734
6 4 356 0.0999797 0.484878 0.341268 1.84448 0.0231983 0.0156561
6 5 346 0.0960536 0.450953 0.409519 2.08305 0.0223858 0.0149268
6 6 340 0.102607 0.51591 0.48045 1.57389 0.0210521 0.0143223
6 7 349 0.0972489 0.508816 0.586156 1.92823 0.020886 0.013978
6 8 313 0.0878409 0.519745 0.647547 2.51906 0.018243 0.0118598
6 9 308 0.0852068 0.553308 0.740739 2.6841 0.0171326 0.0110472
6 10 256 0.0771275 0.543769 0.864486 3.23338 0.0135684 0.00853144
6 11 239 0.0714287 0.614736 0.993521 3.73599 0.0117736 0.0072719
6 12 223 0.0700225 0.607716 1.10203 3.79572 0.01051 0.00646284
6 13 194 0.0679502 0.681647 1.27349 3.83448 0.00836567 0.00511083
6 14 166 0.066044 0.733231 1.45823 3.85154 0.00656981 0.00398968
6 15 111 0.0546702 0.717199 1.72499 5.22439 0.00396851 0.002325
6 16 85 0.0595432 0.776391 1.82036 4.02851 0.00290413 0.00172782
6 17 34 0.0399617 0.723441 2.17571 7.71987 0.00102972 0.000575838
6 18 12 0.0310518 0.793634 2.44088 10.5367 0.000330028 0.000179434
6 19 0 0 0 0 0 0 0
6 20 0 0 0 0 0 0 0
6 21 0 0 0 0 0 0 0
6 22 0 0 0 0 0 0 0
6 23 0 0 0 0 0 0 0
7 0 389 0.0994665 0.55895 0.0440555 1.98188 0.025705 0.0173206
7 1 389 0.100487 0.527605 0.11084 1.9221 0.0259401 0.0175337
7 2 396 0.104131 0.589289 0.188322 1.66874 0.0255125 0.0174378
7 3 348 0.0967204 0.554728 0.230615 2.04463 0.0225991 0.0151
7 4 347 0.0927832 0.539428 0.348862 2.31443 0.0221173 0.0146
7 5 374 0.0950237 0.583259 0.407354 2.18902 0.023087 0.0153457
7 6 359 0.0970836 0.587009 0.504862 1.96913 0.0215047 0.0143848
7 7 329 0.0874372 0.644921 0.641065 2.56396 0.0184402 0.011973
7 8 304 0.0871225 0.641042 0.700929 2.49153 0.0166981 0.0108313
7 9 273 0.0824652 0.644095 0.777451 2.77151 0.0145542 0.009305
7 10 271 0.0815053 0.664047 0.896716 2.80233 0.0137019 0.00873393
7 11 283 0.0678149 0.686288 0.991344 4.3447 0.0136866 0.00835801
7 12 202 0.0698937 0.756249 1.15304 3.65503 0.00898407 0.00552227
7 13 179 0.0661279 0.82301 1.33083 3.9456 0.00730242 0.00443575
7 14 163 0.0532281 0.758469 1.38854 6.02233 0.00659742 0.00384759
7 15 107 0.0513766 0.87753 1.65709 5.86814 0.00381445 0.00221158
7 16 67 0.0465568 0.875371 1.86261 6.48522 0.00221829 0.00126667
7 17 34 0.0505523 0.956775 2.16087 4.71688 0.00100377 0.00058046
7 18 12 0.727347 0.782323 1.827 -10.7106 0.000408608 0.000220081
7 19 0 0 0 0 0 0 0
7 20 0 0 0 0 0 0 0
7 21 0 0 0 0 0 0 0
7 22 0 0 0 0 0 0 0
7 23 0 0 0 0 0 0 0
8 0 410 0.0981674 0.621021 0.0563983 2.09637 0.0263562 0.0176888
8 1 382 0.0959789 0.648426 0.107323 2.16571 0.0241836 0.0161219
8 2 427 0.09497 0.645479 0.216106 2.33991 0.0267412 0.0177716
8 3 393 0.0937369 0.662429 0.275619 2.33154 0.0241905 0.0160155
8 4 363 0.0979472 0.614426 0.352431 1.9509 0.0224407 0.0150508
8 5 332 0.0921952 0.720773 0.457568 2.21458 0.0191285 0.0126041
8 6 324 0.080945 0.710238 0.48952 3.1613 0.0185861 0.0118266
8 7 327 0.0891515 0.725924 0.568363 2.40841 0.0182133 0.0118886
8 8 308 0.08788 0.763559 0.73336 2.38596 0.0160222 0.0104173
8 9 296 0.0757553 0.773422 0.826009 3.47093 0.0148493 0.0092968
8 10 269 0.0779063 0.778483 0.923369 3.10872 0.0129966 0.00819182
8 11 229 0.0707403 0.822094 1.04354 3.69921 0.0104334 0.00643024
8 12 201 0.0647701 0.89795 1.24255 4.26811 0.00831923 0.00503183
8 13 155 0.0617729 0.863419 1.27093 4.45759 0.0064053 0.00383777
8 14 142 0.0506815 0.914909 1.48076 6.36271 0.00535893 0.00310023
8 15 76 0.0498408 0.963905 1.69224 5.84318 0.00262994 0.00151742
8 16 36 0.0396904 1.16329 2.11688 7.82852 0.00104322 0.000582888
8 17 23 0.043613 1.04623 1.9686 6.17431 0.000713128 0.000403429
8 18 10 0.728533 1.2556 2.42177 -11.165 0.000260745 0.000140669
8 19 0 0 0 0 0 0 0
8 20 0 0 0 0 0 0 0
8 21 0 0 0 0 0 0 0
8 22 0 0 0 0 0 0 0
8 23 0 0 0 0 0 0 0
9 0 382 0.0979786 0.794259 0.0361604 1.95809 0.0226521 0.015194
9 1 395 0.0971848 0.76054 0.116352 2.05987 0.0237169 0.0158695
9 2 376 0.0918308 0.748841 0.168553 2.40952 0.0225958 0.0148721
9 3 362 0.0972738 0.777826 0.248592 1.94335 0.0212418 0.0142172
9 4 336 0.0826376 0.765136 0.364526 3.04368 0.0194184 0.0124215
9 5 346 0.0893073 0.835039 0.464032 2.43546 0.0189535 0.0123778
9 6 329 0.0874953 0.785814 0.529902 2.53985 0.01809 0.0117478
9 7 295 0.0809646 0.824984 0.612877 2.9833 0.0155852 0.00991768
9 8 271 0.0773609 0.82935 0.709648 3.23065 0.0138686 0.00872653
9 9 256 0.0708028 0.853312 0.834066 3.86879 0.0124571 0.00767894
9 10 255 0.0707359 0.911686 0.978469 3.80302 0.0115685 0.00712965
9 11 186 0.0677298 0.926779 1.09565 3.82601 0.00805608 0.00491828
9 12 167 0.0614376 0.998106 1.22765 4.56428 0.0067593 0.00404559
9 13 122 0.055058 0.980624 1.39338 5.31337 0.0046782 0.00274414
9 14 108 0.0505414 1.05716 1.47825 6.08787 0.00394433 0.00228084
9 15 67 0.0409301 1.10312 1.63365 8.19029 0.00229635 0.0012881
9 16 33 0.0358066 1.20968 2.03133 9.277 0.00097389 0.000537508
9 17 12 0.0477832 1.15315 2.10911 4.32091 0.000349183 0.000200163
9 18 0 0 0 0 0 0 0
9 19 0 0 0 0 0 0 0
9 20 0 0 0 0 0 0 0
9 21 0 0 0 0 0 0 0
9 22 0 0 0 0 0 0 0
9 23 0 0 0 0 0 0 0
10 0 328 0.093335 0.877486 0.00445012 2.10328 0.0186773 0.0123501
10 1 390 0.0896596 0.909193 0.115979 2.54575 0.0217807 0.0142397
10 2 318 0.0879144 0.900913 0.185433 2.4844 0.017731 0.0115296
10 3 358 0.096069 0.939729 0.277716 1.9373 0.0193712 0.0129173
10 4 338 0.0845901 0.946235 0.381326 2.78441 0.0179244 0.0115357
10 5 318 0.088918 0.931451 0.463651 2.3405 0.0166937 0.0108889
10 6 286 0.0847454 0.90345 0.511842 2.59432 0.0150296 0.00967734
10 7 288 0.0775616 0.960428 0.658519 3.23421 0.0142143 0.00894966
10 8 293 0.0798221 1.01859 0.738749 2.9747 0.0138105 0.00875703
10 9 232 0.0742145 1.05808 0.900499 3.27309 0.0102671 0.00639706
10 10 223 0.0627359 1.06146 0.954465 4.72276 0.00969301 0.00582528
10 11 156 0.0580382 1.07943 1.04166 5.10113 0.00655532 0.00388161
10 12 145 0.0481592 1.11473 1.24081 7.01073 0.00564833 0.00324167
10 13 112 0.056364 1.21737 1.50787 4.88171 0.0038908 0.00229171
10 14 58 0.043097 1.23675 1.79391 7.27342 0.00183277 0.00103514
10 15 34 0.0493363 1.37073 1.82083 5.02885 0.00103492 0.000596176
10 16 15 0.728453 1.30005 1.97115 -10.6343 0.00044315 0.000239049
10 17 0 0 0 0 0 0 0
10 18 0 0 0 0 0 0 0
10 19 0 0 0 0 0 0 0
10 20 0 0 0 0 0 0 0
10 21 0 0 0 0 0 0 0
10 22 0 0 0 0 0 0 0
10 23 0 0 0 0 0 0 0
11 0 318 0.0927116 0.97816 0.0686771 2.06854 0.0172012 0.0113522
11 1 363 0.083122 1.00583 0.121715 2.99334 0.0193179 0.0123758
11 2 346 0.0813682 0.981258 0.237555 3.11282 0.018446 0.0117529
11 3 306 0.0840985 1.02033 0.288609 2.70931 0.0159049 0.0102204
11 4 327 0.0758981 0.999596 0.369054 3.58784 0.0169525 0.0106184
11 5 244 0.0735648 1.06588 0.508389 3.49857 0.0119455 0.00742764
11 6 290 0.0799941 1.08339 0.564915 2.96514 0.0139147 0.00882787
11 7 247 0.077171 1.02401 0.659353 3.0954 0.0118742 0.00746718
11 8 248 0.0704011 1.15077 0.818054 3.78113 0.010859 0.00668537
11 9 206 0.0676969 1.18244 0.892981 3.91075 0.00873008 0.00532921
11 10 187 0.0607096 1.18886 1.01015 4.80411 0.00764504 0.00456522
11 11 147 0.0546899 1.21406 1.16432 5.58097 0.00569073 0.00333419
11 12 103 0.0524779 1.29496 1.38976 5.58268 0.00363488 0.00211482
11 13 73 0.0518502 1.3267 1.47712 5.33755 0.00248769 0.0014445
11 14 44 0.0380366 1.48444 1.60932 8.72225 0.00138487 0.000769742
11 15 25 0.0359169 1.77 2.06526 8.83077 0.000653541 0.000360827
11 16 13 0.0428629 1.5095 2.02977 5.72322 0.000362073 0.000204345
11 17 0 0 0 0 0 0 0
11 18 0 0 0 0 0 0 0
11 19 0 0 0 0 0 0 0
11 20 0 0 0 0 0 0 0
11 21 0 0 0 0 0 0 0
11 22 0 0 0 0 0 0 0
11 23 0 0 0 0 0 0 0
12 0 305 0.0798855 1.11624 0.0673376 3.07749 0.0154023 0.0097683
12 1 302 0.0782225 1.12556 0.157573 3.22688 0.0151131 0.00953526
12 2 295 0.0863957 1.14156 0.225266 2.41751 0.0145664 0.00942731
12 3 304 0.0812037 1.1641 0.277295 2.90628 0.0147678 0.00940449
12 4 290 0.0732183 1.1627 0.410644 3.68563 0.0138382 0.0085952
12 5 250 0.0768322 1.21862 0.494318 3.09615 0.0114639 0.00720153
12 6 248 0.0677119 1.23651 0.567818 4.15128 0.0111263 0.00679229
12 7 218 0.0683592 1.25413 0.69975 3.90117 0.00943726 0.00577291
12 8 189 0.0634337 1.29868 0.805662 4.40506 0.00783964 0.00472182
12 9 157 0.0589556 1.27447 0.93549 4.91161 0.00635812 0.00377577
12 10 160 0.0517877 1.32399 1.08402 6.25058 0.00611585 0.00355052
12 11 115 0.0525609 1.43852 1.20969 5.68366 0.0040921 0.00238147
12 12 77 0.0555104 1.35796 1.35302 4.67609 0.00269798 0.00158485
12 13 45 0.0476461 1.35514 1.39529 5.85148 0.00155875 0.000893142
12 14 20 0.0597799 1.61021 1.82657 2.37044 0.000575594 0.000342707
12 15 13 0.0384868 1.60896 1.91918 7.2183 0.00036521 0.000203281
12 16 0 0 0 0 0 0 0
12 17 0 0 0 0 0 0 0
12 18 0 0 0 0 0 0 0
12 19 0 0 0 0 0 0 0
12 20 0 0 0 0 0 0 0
12 21 0 0 0 0 0 0 0
12 22 0 0 0 0 0 0 0
12 23 0 0 0 0 0 0 0
13 0 271 0.071803 1.22418 0.0614169 3.7883 0.0129783 0.00802537
13 1 268 0.0788993 1.24529 0.10474 2.98248 0.0126851 0.00802033
13 2 266 0.070433 1.29741 0.210371 3.89376 0.0122018 0.00751283
13 3 246 0.0777742 1.31853 0.333661 2.95926 0.0110395 0.00695538
13 4 237 0.0754652 1.2666 0.391326 3.18543 0.0108124 0.00676327
13 5 218 0.069105 1.34599 0.522186 3.80093 0.00940372 0.0057659
13 6 210 0.0673011 1.40707 0.56353 3.96728 0.00876109 0.00534149
13 7 179 0.0678572 1.37136 0.725144 3.71699 0.00734728 0.00448735
13 8 170 0.0687207 1.48156 0.892011 3.47301 0.00644688 0.00394814
13 9 131 0.0582744 1.50811 1.0132 4.74506 0.00478535 0.00283568
13 10 98 0.0629381 1.46149 1.12258 3.68495 0.00354092 0.00212937
13 11 83 0.0514542 1.57782 1.24572 5.5421 0.00280047 0.00162408
13 12 36 0.0422198 1.58417 1.44478 7.08168 0.00115279 0.000649284
13 13 26 0.0465273 1.80089 1.62539 5.40944 0.000750662 0.000428598
13 14 0 0 0 0 0 0 0
13 15 0 0 0 0 0 0 0
13 16 0 0 0 0 0 0 0
13 17 0 0 0 0 0 0 0
13 18 0 0 0 0 0 0 0
13 19 0 0 0 0 0 0 0
13 20 0 0 0 0 0 0 0
13 21 0 0 0 0 0 0 0
13 22 0 0 0 0 0 0 0
13 23 0 0 0 0 0 0 0
14 0 241 0.078643 1.5155 0.0190615 2.77622 0.0100549 0.00635223
14 1 222 0.0707905 1.44615 0.140519 3.60299 0.00953504 0.00587746
14 2 228 0.0644393 1.45334 0.238143 4.46989 0.009703 0.00586268
14 3 224 0.0665468 1.47732 0.290197 4.13906 0.00938901 0.00571075
14 4 205 0.0668778 1.47039 0.459012 3.98919 0.00845646 0.00514889
14 5 181 0.0615068 1.52611 0.570126 4.61277 0.00717326 0.00429429
14 6 145 0.0605439 1.51125 0.618532 4.54387 0.00573681 0.00342393
14 7 144 0.0536822 1.50662 0.720549 5.76645 0.00560429 0.0032731
14 8 147 0.0559818 1.67176 0.921249 5.23688 0.00516799 0.00304031
14 9 71 0.0508922 1.86449 1.12809 5.44462 0.00224332 0.00129866
14 10 63 0.0488433 1.64758 1.13113 5.87109 0.00213572 0.00122838
14 11 39 0.0386985 1.73538 1.34369 8.34937 0.00122501 0.000682315
14 12 31 0.0423785 1.62565 1.3748 6.88793 0.000998424 0.000562623
14 13 13 0.729063 1.68335 1.52311 -10.7469 0.000397015 0.000214341
14 14 0 0 0 0 0 0 0
14 15 0 0 0 0 0 0 0
14 16 0 0 0 0 0 0 0
14 17 0 0 0 0 0 0 0
14 18 0 0 0 0 0 0 0
14 19 0 0 0 0 0 0 0
14 20 0 0 0 0 0 0 0
14 21 0 0 0 0 0 0 0
14 22 0 0 0 0 0 0 0
14 23 0 0 0 0 0 0 0
15 0 157 0.0617612 1.63738 0.0629619 4.42619 0.00619595 0.0037122
15 1 174 0.0585701 1.61805 0.103682 5.06252 0.00691978 0.00410431
15 2 163 0.0649584 1.62422 0.261263 3.98098 0.00641417 0.00388187
15 3 136 0.0625623 1.68933 0.358441 4.11943 0.00516295 0.00310112
15 4 134 0.0557836 1.71492 0.521333 5.23028 0.00494593 0.00290785
15 5 127 0.0523084 1.74341 0.579485 5.854 0.00459968 0.00267472
15 6 92 0.055736 1.64506 0.719713 4.86189 0.0033911 0.00199342
15 7 91 0.0495354 1.88673 0.841871 6.04734 0.00300347 0.00173127
15 8 55 0.0522494 1.77499 0.94688 4.95828 0.00185466 0.00107829
15 9 55 0.0449912 1.7998 1.06158 6.70125 0.00179868 0.00102199
15 10 39 0.0424097 1.86023 1.20644 7.07425 0.00121473 0.000684578
15 11 22 0.0438984 2.02822 1.4552 5.94966 0.000619784 0.000350939
15 12 10 0.0309733 2.28106 1.80086 10.2892 0.000246487 0.000133981
15 13 0 0 0 0 0 0 0
15 14 0 0 0 0 0 0 0
15 15 0 0 0 0 0 0 0
15 16 0 0 0 0 0 0 0
15 17 0 0 0 0 0 0 0
15 18 0 0 0 0 0 0 0
15 19 0 0 0 0 0 0 0
15 20 0 0 0 0 0 0 0
15 21 0 0 0 0 0 0 0
15 22 0 0 0 0 0 0 0
15 23 0 0 0 0 0 0 0
16 0 122 0.0507928 1.73662 -0.00361068 6.1876 0.00461207 0.00266909
16 1 115 0.0548584 1.80328 0.161867 5.24719 0.00421214 0.0024692
16 2 107 0.0630043 1.70834 0.253862 3.81214 0.00406174 0.00244308
16 3 108 0.0532757 1.73172 0.307272 5.52311 0.00404403 0.00235882
16 4 97 0.0533373 1.85585 0.490699 5.33555 0.00339504 0.00198066
16 5 89 0.0492085 1.88969 0.577074 6.13824 0.0030447 0.00175321
16 6 54 0.0484854 1.96436 0.666091 5.77384 0.00177658 0.00102066
16 7 57 0.0451061 1.87118 0.738878 6.73543 0.00192209 0.00109251
16 8 38 0.0454058 2.11205 1.07945 6.11067 0.00111837 0.00063628
16 9 20 0.0462186 2.08365 1.19251 5.23791 0.000582592 0.000332312
16 10 11 0.0338071 2.02677 1.38389 9.05523 0.000314456 0.000172461
16 11 0 0 0 0 0 0 0
16 12 0 0 0 0 0 0 0
16 13 0 0 0 0 0 0 0
16 14 0 0 0 0 0 0 0
16 15 0 0 0 0 0 0 0
16 16 0 0 0 0 0 0 0
16 17 0 0 0 0 0 0 0
16 18 0 0 0 0 0 0 0
16 19 0 0 0 0 0 0 0
16 20 0 0 0 0 0 0 0
16 21 0 0 0 0 0 0 0
16 22 0 0 0 0 0 0 0
16 23 0 0 0 0 0 0 0
17 0 72 0.0514647 2.03913 0.0978663 5.38528 0.00239946 0.00139157
17 1 66 0.0418935 1.87814 0.0757343 7.89706 0.00234839 0.00132131
17 2 55 0.0458156 1.85143 0.273237 6.56148 0.00196365 0.00111864
17 3 53 0.0441431 2.00023 0.433264 6.92333 0.00176268 0.000998855
17 4 35 0.0528382 2.02229 0.559097 4.34818 0.00114079 0.000664487
17 5 40 0.0457469 2.30755 0.637912 6.06059 0.00116795 0.000665204
17 6 31 0.0432685 2.2121 0.843166 6.52554 0.000913848 0.000516415
17 7 19 0.0379884 2.29702 0.880255 7.80281 0.000542063 0.000301245
17 8 13 0.0438191 2.2553 1.0315 5.45253 0.000368303 0.000208491
17 9 0 0 0 0 0 0 0
17 10 0 0 0 0 0 0 0
17 11 0 0 0 0 0 0 0
17 12 0 0 0 0 0 0 0
17 13 0 0 0 0 0 0 0
17 14 0 0 0 0 0 0 0
17 15 0 0 0 0 0 0 0
17 16 0 0 0 0 0 0 0
17 17 0 0 0 0 0 0 0
17 18 0 0 0 0 0 0 0
17 19 0 0 0 0 0 0 0
17 20 0 0 0 0 0 0 0
17 21 0 0 0 0 0 0 0
17 22 0 0 0 0 0 0 0
17 23 0 0 0 0 0 0 0
18 0 47 0.046248 2.38196 0.0806424 6.09068 0.00137761 0.000785866
18 1 28 0.0332668 2.16531 0.225705 10.3537 0.000885414 0.000484772
18 2 35 0.0327796 2.16865 0.2285 10.8199 0.00110525 0.000604206
18 3 20 0.034258 2.37591 0.481255 9.44996 0.000577792 0.000317337
18 4 24 0.03728 2.20228 0.454485 8.3901 0.000738795 0.000409658
18 5 15 0.0415983 2.46883 0.680215 6.25515 0.000413351 0.000232353
18 6 0 0 0 0 0 0 0
18 7 0 0 0 0 0 0 0
18 8 0 0 0 0 0 0 0
18 9 0 0 0 0 0 0 0
18 10 0 0 0 0 0 0 0
18 11 0 0 0 0 0 0 0
18 12 0 0 0 0 0 0 0
18 13 0 0 0 0 0 0 0
18 14 0 0 0 0 0 0 0
18 15 0 0 0 0 0 0 0
18 16 0 0 0 0 0 0 0
18 17 0 0 0 0 0 0 0
18 18 0 0 0 0 0 0 0
18 19 0 0 0 0 0 0 0
18 20 0 0 0 0 0 0 0
18 21 0 0 0 0 0 0 0
18 22 0 0 0 0 0 0 0
18 23 0 0 0 0 0 0 0
19 0 10 0.0504694 2.10638 0.172647 3.60495 0.000324015 0.000187322
19 1 14 0.0389385 2.50355 0.151357 7.12324 0.000392798 0.00021895
19 2 0 0 0 0 0 0 0
19 3 0 0 0 0 0 0 0
19 4 0 0 0 0 0 0 0
19 5 0 0 0 0 0 0 0
19 6 0 0 0 0 0 0 0
19 7 0 0 0 0 0 0 0
19 8 0 0 0 0 0 0 0
19 9 0 0 0 0 0 0 0
19 10 0 0 0 0 0 0 0
19 11 0 0 0 0 0 0 0
19 12 0 0 0 0 0 0 0
19 13 0 0 0 0 0 0 0
19 14 0 0 0 0 0 0 0
19 15 0 0 0 0 0 0 0
19 16 0 0 0 0 0 0 0
19 17 0 0 0 0 0 0 0
19 18 0 0 0 0 0 0 0
19 19 0 0 0 0 0 0 0
19 20 0 0 0 0 0 0 0
19 21 0 0 0 0 0 0 0
19 22 0 0 0 0 0 0 0
19 23 0 0 0 0 0 0 0
20 0 0 0 0 0 0 0 0
20 1 0 0 0 0 0 0 0
20 2 0 0 0 0 0 0 0
20 3 0 0 0 0 0 0 0
20 4 0 0 0 0 0 0 0
20 5 0 0 0 0 0 0 0
20 6 0 0 0 0 0 0 0
20 7 0 0 0 0 0 0 0
20 8 0 0 0 0 0 0 0
20 9 0 0 0 0 0 0 0
20 10 0 0 0 0 0 0 0
20 11 0 0 0 0 0 0 0
20 12 0 0 0 0 0 0 0
20 13 0 0 0 0 0 0 0
20 14 0 0 0 0 0 0 0
20 15 0 0 0 0 0 0 0
20 16 0 0 0 0 0 0 0
20 17 0 0 0 0 0 0 0
20 18 0 0 0 0 0 0 0
20 19 0 0 0 0 0 0 0
20 20 0 0 0 0 0 0 0
20 21 0 0 0 0 0 0 0
20 22 0 0 0 0 0 0 0
20 23 0 0 0 0 0 0 0
21 0 0 0 0 0 0 0 0
21 1 0 0 0 0 0 0 0
21 2 0 0 0 0 0 0 0
21 3 0 0 0 0 0 0 0
21 4 0 0 0 0 0 0 0
21 5 0 0 0 0 0 0 0
21 6 0 0 0 0 0 0 0
21 7 0 0 0 0 0 0 0
21 8 0 0 0 0 0 0 0
21 9 0 0 0 0 0 0 0
21 10 0 0 0 0 0 0 0
21 11 0 0 0 0 0 0 0
21 12 0 0 0 0 0 0 0
21 13 0 0 0 0 0 0 0
21 14 0 0 0 0 0 0 0
21 15 0 0 0 0 0 0 0
21 16 0 0 0 0 0 0 0
21 17 0 0 0 0 0 0 0
21 18 0 0 0 0 0 0 0
21 19 0 0 0 0 0 0 0
21 20 0 0 0 0 0 0 0
21 21 0 0 0 0 0 0 0
21 22 0 0 0 0 0 0 0
21 23 0 0 0 0 0 0 0
22 0 0 0 0 0 0 0 0
22 1 0 0 0 0 0 0 0
22 2 0 0 0 0 0 0 0
22 3 0 0 0 0 0 0 0
22 4 0 0 0 0 0 0 0
22 5 0 0 0 0 0 0 0
22 6 0 0 0 0 0 0 0
22 7 0 0 0 0 0 0 0
22 8 0 0 0 0 0 0 0
22 9 0 0 0 0 0 0 0
22 10 0 0 0 0 0 0 0
22 11 0 0 0 0 0 0 0
22 12 0 0 0 0 0 0 0
22 13 0 0 0 0 0 0 0
22 14 0 0 0 0 0 0 0
22 15 0 0 0 0 0 0 0
22 16 0 0 0 0 0 0 0
22 17 0 0 0 0 0 0 0
22 18 0 0 0 0 0 0 0
22 19 0 0 0 0 0 0 0
22 20 0 0 0 0 0 0 0
22 21 0 0 0 0 0 0 0
22 22 0 0 0 0 0 0 0
22 23 0 0 0 0 0 0 0
23 0 0 0 0 0 0 0 0
23 1 0 0 0 0 0 0 0
23 2 0 0 0 0 0 0 0
23 3 0 0 0 0 0 0 0
23 4 0 0 0 0 0 0 0
23 5 0 0 0 0 0 0 0
23 6 0 0 0 0 0 0 0
23 7 0 0 0 0 0 0 0
23 8 0 0 0 0 0 0 0
23 9 0 0 0 0 0 0 0
23 10 0 0 0 0 0 0 0
23 11 0 0 0 0 0 0 0
23 12 0 0 0 0 0 0 0
23 13 0 0 0 0 0 0 0
23 14 0 0 0 0 0 0 0
23 15 0 0 0 0 0 0 0
23 16 0 0 0 0 0 0 0
23 17 0 0 0 0 0 0 0
23 18 0 0 0 0 0 0 0
23 19 0 0 0 0 0 0 0
23 20 0 0 0 0 0 0 0
23 21 0 0 0 0 0 0 0
23 22 0 0 0 0 0 0 0
23 23 0 0 0 0 0 0 0
