#  ix    iy     NB       E/N    TB    UxB       UyB       muB       rhoB     epsilonB
0 0 0 0 0 0 0 0 0
0 1 0 0 0 0 0 0 0
0 2 0 0 0 0 0 0 0
0 3 0 0 0 0 0 0 0
0 4 0 0 0 0 0 0 0
0 5 43 0.005 0.114673 0.473697 235.208 0.00420147 0.00494109
0 6 57 0.005 0.0259713 0.515251 234.107 0.00550609 0.00644507
0 7 59 0.005 0.00414829 0.609277 228.829 0.00547656 0.00626597
0 8 54 0.005 0.0327127 0.745271 232.819 0.0047047 0.00547672
0 9 57 0.005 0.0183604 0.795747 230.237 0.00484753 0.00558041
0 10 48 0.005 0.10832 0.911651 215.501 0.00384335 0.00414122
0 11 36 0.005 -0.0176508 1.12933 218.741 0.00259393 0.00283699
0 12 34 0.005 0.142219 1.12648 208.551 0.00244259 0.00254702
0 13 19 0.005 -0.0551118 1.72151 202.202 0.00103694 0.00104836
0 14 0 0 0 0 0 0 0
0 15 0 0 0 0 0 0 0
0 16 0 0 0 0 0 0 0
0 17 0 0 0 0 0 0 0
0 18 0 0 0 0 0 0 0
0 19 0 0 0 0 0 0 0
0 20 0 0 0 0 0 0 0
0 21 0 0 0 0 0 0 0
0 22 0 0 0 0 0 0 0
0 23 0 0 0 0 0 0 0
1 0 0 0 0 0 0 0 0
1 1 0 0 0 0 0 0 0
1 2 0 0 0 0 0 0 0
1 3 0 0 0 0 0 0 0
1 4 0 0 0 0 0 0 0
1 5 41 0.005 0.153627 0.42259 240.781 0.00406453 0.0048933
1 6 75 0.005 0.180402 0.595938 234.452 0.00692034 0.00811245
1 7 60 0.005 0.20675 0.646217 225.97 0.0053968 0.00609757
1 8 61 0.005 0.135096 0.704318 231.778 0.00538808 0.00624419
1 9 56 0.005 0.0845795 0.905711 223.334 0.00450273 0.00502806
1 10 56 0.005 0.120933 0.953492 218.654 0.00438857 0.0047979
1 11 37 0.005 0.14803 1.12633 221.783 0.00265733 0.00294676
1 12 31 0.005 0.149787 1.17478 210.83 0.00217389 0.00229162
1 13 19 0.005 0.248232 1.47542 201.85 0.00114761 0.00115823
1 14 11 0.005 0.220839 1.55742 201.257 0.000641459 0.000645489
1 15 0 0 0 0 0 0 0
1 16 0 0 0 0 0 0 0
1 17 0 0 0 0 0 0 0
1 18 0 0 0 0 0 0 0
1 19 0 0 0 0 0 0 0
1 20 0 0 0 0 0 0 0
1 21 0 0 0 0 0 0 0
1 22 0 0 0 0 0 0 0
1 23 0 0 0 0 0 0 0
2 0 0 0 0 0 0 0 0
2 1 0 0 0 0 0 0 0
2 2 0 0 0 0 0 0 0
2 3 0 0 0 0 0 0 0
2 4 0 0 0 0 0 0 0
2 5 55 0.005 0.169103 0.349428 242.009 0.00557307 0.00674366
2 6 60 0.005 0.170731 0.489142 244.811 0.00579073 0.00708819
2 7 63 0.005 0.224815 0.64546 235.279 0.00565346 0.00665069
2 8 43 0.005 0.165923 0.568012 233.518 0.00402241 0.00469653
2 9 60 0.005 0.219719 0.822018 226.519 0.00496702 0.00562563
2 10 59 0.005 0.202592 1.00623 218.084 0.0044752 0.00487985
2 11 48 0.005 0.240154 1.12466 215.286 0.00342351 0.00368517
2 12 39 0.005 0.208753 1.37518 219.716 0.00247454 0.00271849
2 13 15 0.005 0.326834 1.48847 208.586 0.0008945 0.000932902
2 14 0 0 0 0 0 0 0
2 15 0 0 0 0 0 0 0
2 16 0 0 0 0 0 0 0
2 17 0 0 0 0 0 0 0
2 18 0 0 0 0 0 0 0
2 19 0 0 0 0 0 0 0
2 20 0 0 0 0 0 0 0
2 21 0 0 0 0 0 0 0
2 22 0 0 0 0 0 0 0
2 23 0 0 0 0 0 0 0
3 0 0 0 0 0 0 0 0
3 1 0 0 0 0 0 0 0
3 2 0 0 0 0 0 0 0
3 3 0 0 0 0 0 0 0
3 4 15 0.005 0.298341 0.457865 249.074 0.00143073 0.00178179
3 5 57 0.005 0.281944 0.4793 245.744 0.00541478 0.00665325
3 6 65 0.005 0.297756 0.595525 236.472 0.00588093 0.00695338
3 7 66 0.005 0.332665 0.612105 233.488 0.00588631 0.00687192
3 8 56 0.005 0.317664 0.665708 224.752 0.00489853 0.00550477
3 9 49 0.005 0.309863 0.812207 222.013 0.00401961 0.00446203
3 10 40 0.005 0.329019 0.985152 211.481 0.00301556 0.00318867
3 11 41 0.005 0.359636 1.18651 211.095 0.00279784 0.00295305
3 12 22 0.005 0.40833 1.4086 222.74 0.00134716 0.00150033
3 13 12 0.005 0.323795 1.35726 204.253 0.000759806 0.000775965
3 14 0 0 0 0 0 0 0
3 15 0 0 0 0 0 0 0
3 16 0 0 0 0 0 0 0
3 17 0 0 0 0 0 0 0
3 18 0 0 0 0 0 0 0
3 19 0 0 0 0 0 0 0
3 20 0 0 0 0 0 0 0
3 21 0 0 0 0 0 0 0
3 22 0 0 0 0 0 0 0
3 23 0 0 0 0 0 0 0
4 0 0 0 0 0 0 0 0
4 1 0 0 0 0 0 0 0
4 2 0 0 0 0 0 0 0
4 3 0 0 0 0 0 0 0
4 4 46 0.005 0.363457 0.288275 238.62 0.00453571 0.00541156
4 5 67 0.005 0.330971 0.409894 245.273 0.00644313 0.00790165
4 6 61 0.005 0.437565 0.504945 238.3 0.00551306 0.00656881
4 7 53 0.005 0.411915 0.613324 221.712 0.00463346 0.00513648
4 8 56 0.005 0.410228 0.643775 227.02 0.00483834 0.00549199
4 9 51 0.005 0.438943 0.880041 218.342 0.00395243 0.00431492
4 10 47 0.005 0.463385 0.942279 212.053 0.00352314 0.00373546
4 11 29 0.005 0.422532 1.24357 209.396 0.00190953 0.00199923
4 12 26 0.005 0.592485 1.49424 203.423 0.00149284 0.00151839
4 13 10 0.005 0.526936 1.48324 198.148 0.000582865 0.000577468
4 14 0 0 0 0 0 0 0
4 15 0 0 0 0 0 0 0
4 16 0 0 0 0 0 0 0
4 17 0 0 0 0 0 0 0
4 18 0 0 0 0 0 0 0
4 19 0 0 0 0 0 0 0
4 20 0 0 0 0 0 0 0
4 21 0 0 0 0 0 0 0
4 22 0 0 0 0 0 0 0
4 23 0 0 0 0 0 0 0
5 0 0 0 0 0 0 0 0
5 1 0 0 0 0 0 0 0
5 2 0 0 0 0 0 0 0
5 3 43 0.005 0.412289 0.256353 248.667 0.0042046 0.00522772
5 4 76 0.005 0.49466 0.400128 245.568 0.00696979 0.0085578
5 5 66 0.005 0.398943 0.389472 244.38 0.00626586 0.00765625
5 6 70 0.005 0.409864 0.452881 230.744 0.00649323 0.00749137
5 7 63 0.005 0.496704 0.590479 229.565 0.00542151 0.00622296
5 8 50 0.005 0.49218 0.805084 218.078 0.0039528 0.0043101
5 9 43 0.005 0.550722 0.809784 226.157 0.00333932 0.00377605
5 10 44 0.005 0.584904 1.02627 215.182 0.00309016 0.00332473
5 11 30 0.005 0.525718 1.16874 211.346 0.00200604 0.00211984
5 12 20 0.005 0.63441 1.44851 203.464 0.0011619 0.00118202
5 13 0 0 0 0 0 0 0
5 14 0 0 0 0 0 0 0
5 15 0 0 0 0 0 0 0
5 16 0 0 0 0 0 0 0
5 17 0 0 0 0 0 0 0
5 18 0 0 0 0 0 0 0
5 19 0 0 0 0 0 0 0
5 20 0 0 0 0 0 0 0
5 21 0 0 0 0 0 0 0
5 22 0 0 0 0 0 0 0
5 23 0 0 0 0 0 0 0
6 0 0 0 0 0 0 0 0
6 1 19 0.005 0.52719 0.185639 229.645 0.00180274 0.00206995
6 2 57 0.005 0.580105 0.216936 249.657 0.00526726 0.00657503
6 3 78 0.005 0.544045 0.327191 241.001 0.00715767 0.00862504
6 4 64 0.005 0.522293 0.31383 237.505 0.00594059 0.00705459
6 5 54 0.005 0.473783 0.403058 223.113 0.00498401 0.00555999
6 6 71 0.005 0.604903 0.544651 230.041 0.00598526 0.00688427
6 7 46 0.005 0.587817 0.679803 216.152 0.00371887 0.00401921
6 8 51 0.005 0.584405 0.728874 223.031 0.00405078 0.00451724
6 9 35 0.005 0.723095 0.882142 219.524 0.00250795 0.00275277
6 10 40 0.005 0.66106 1.03202 212.879 0.00274867 0.00292567
6 11 24 0.005 0.632142 1.18254 204.477 0.00155955 0.00159446
6 12 0 0 0 0 0 0 0
6 13 0 0 0 0 0 0 0
6 14 0 0 0 0 0 0 0
6 15 0 0 0 0 0 0 0
6 16 0 0 0 0 0 0 0
6 17 0 0 0 0 0 0 0
6 18 0 0 0 0 0 0 0
6 19 0 0 0 0 0 0 0
6 20 0 0 0 0 0 0 0
6 21 0 0 0 0 0 0 0
6 22 0 0 0 0 0 0 0
6 23 0 0 0 0 0 0 0
7 0 82 0.005 0.55804 0.0862889 246.148 0.00776118 0.009552
7 1 66 0.005 0.582676 0.109367 231.658 0.00617096 0.00714775
7 2 71 0.005 0.626712 0.181618 239.767 0.00646321 0.00774831
7 3 65 0.005 0.694507 0.341877 233.05 0.00558691 0.00651016
7 4 57 0.005 0.617994 0.288213 226.349 0.00511883 0.00579321
7 5 79 0.005 0.778395 0.456966 234.113 0.00637433 0.00746156
7 6 55 0.005 0.738678 0.548511 228.023 0.00439946 0.00501588
7 7 53 0.005 0.735285 0.670505 217.644 0.00408355 0.00444379
7 8 38 0.005 0.755878 0.8046 223.303 0.00277296 0.00309605
7 9 38 0.005 0.816317 1.0567 215.894 0.00247594 0.00267269
7 10 18 0.005 0.854034 1.06468 212.672 0.00115633 0.00122959
7 11 19 0.005 0.915969 1.17602 206.28 0.00115054 0.00118667
7 12 0 0 0 0 0 0 0
7 13 0 0 0 0 0 0 0
7 14 0 0 0 0 0 0 0
7 15 0 0 0 0 0 0 0
7 16 0 0 0 0 0 0 0
7 17 0 0 0 0 0 0 0
7 18 0 0 0 0 0 0 0
7 19 0 0 0 0 0 0 0
7 20 0 0 0 0 0 0 0
7 21 0 0 0 0 0 0 0
7 22 0 0 0 0 0 0 0
7 23 0 0 0 0 0 0 0
8 0 76 0.005 0.819497 0.0377759 236.92 0.00638671 0.0075657
8 1 84 0.005 0.742846 0.0986263 228.153 0.00730658 0.00833508
8 2 69 0.005 0.709841 0.24797 226.604 0.00599451 0.00679189
8 3 61 0.005 0.787612 0.303673 232.034 0.00506664 0.00587817
8 4 64 0.005 0.869277 0.356956 227.276 0.00506944 0.0057608
8 5 44 0.005 0.799769 0.469592 223.436 0.00350664 0.00391755
8 6 44 0.005 0.903 0.588911 222.332 0.00325248 0.00361565
8 7 34 0.005 0.928171 0.686151 212.71 0.00241991 0.00257369
8 8 30 0.005 0.956945 0.742903 212.676 0.00207583 0.00220739
8 9 20 0.005 1.03672 1.08888 214.055 0.00120394 0.00128854
8 10 13 0.005 1.07081 1.28881 203.838 0.000724145 0.000738041
8 11 0 0 0 0 0 0 0
8 12 0 0 0 0 0 0 0
8 13 0 0 0 0 0 0 0
8 14 0 0 0 0 0 0 0
8 15 0 0 0 0 0 0 0
8 16 0 0 0 0 0 0 0
8 17 0 0 0 0 0 0 0
8 18 0 0 0 0 0 0 0
8 19 0 0 0 0 0 0 0
8 20 0 0 0 0 0 0 0
8 21 0 0 0 0 0 0 0
8 22 0 0 0 0 0 0 0
8 23 0 0 0 0 0 0 0
9 0 78 0.005 0.837232 0.0810335 225.247 0.00648819 0.00730724
9 1 47 0.005 0.886281 0.103025 230.208 0.00381192 0.00438767
9 2 53 0.005 0.845055 0.164728 224.138 0.00436573 0.00489264
9 3 46 0.005 1.00745 0.423055 223.414 0.00337567 0.00377085
9 4 57 0.005 0.937673 0.473828 226.755 0.0042716 0.00484302
9 5 48 0.005 0.926532 0.50267 221.378 0.00359083 0.00397466
9 6 40 0.005 0.9955 0.556249 217.062 0.0028666 0.00311115
9 7 30 0.005 1.07308 0.764006 213.763 0.00197169 0.00210738
9 8 19 0.005 1.04583 0.910162 213.695 0.00120813 0.00129086
9 9 0 0 0 0 0 0 0
9 10 0 0 0 0 0 0 0
9 11 0 0 0 0 0 0 0
9 12 0 0 0 0 0 0 0
9 13 0 0 0 0 0 0 0
9 14 0 0 0 0 0 0 0
9 15 0 0 0 0 0 0 0
9 16 0 0 0 0 0 0 0
9 17 0 0 0 0 0 0 0
9 18 0 0 0 0 0 0 0
9 19 0 0 0 0 0 0 0
9 20 0 0 0 0 0 0 0
9 21 0 0 0 0 0 0 0
9 22 0 0 0 0 0 0 0
9 23 0 0 0 0 0 0 0
10 0 53 0.005 1.03527 0.0915827 216.561 0.00399427 0.00432502
10 1 57 0.005 0.973013 0.197809 222.897 0.00439653 0.00489988
10 2 58 0.005 1.07559 0.247751 221.256 0.00423286 0.00468272
10 3 44 0.005 1.12378 0.325516 222.496 0.0031074 0.00345692
10 4 36 0.005 1.00784 0.431356 217.832 0.00263709 0.00287222
10 5 38 0.005 1.23469 0.510242 217.342 0.00247513 0.00268974
10 6 37 0.005 1.20345 0.604576 208.485 0.00239755 0.00249927
10 7 21 0.005 1.26206 0.748632 204.899 0.00128544 0.00131693
10 8 20 0.005 1.27644 0.944147 210.533 0.00115858 0.0012196
10 9 0 0 0 0 0 0 0
10 10 0 0 0 0 0 0 0
10 11 0 0 0 0 0 0 0
10 12 0 0 0 0 0 0 0
10 13 0 0 0 0 0 0 0
10 14 0 0 0 0 0 0 0
10 15 0 0 0 0 0 0 0
10 16 0 0 0 0 0 0 0
10 17 0 0 0 0 0 0 0
10 18 0 0 0 0 0 0 0
10 19 0 0 0 0 0 0 0
10 20 0 0 0 0 0 0 0
10 21 0 0 0 0 0 0 0
10 22 0 0 0 0 0 0 0
10 23 0 0 0 0 0 0 0
11 0 53 0.005 1.2417 0.0111442 208.785 0.00361331 0.00377202
11 1 28 0.005 1.26129 0.15863 208.199 0.0018817 0.00195884
11 2 40 0.005 1.09028 0.217316 223.756 0.00290765 0.00325302
11 3 24 0.005 1.37337 0.40183 216.979 0.00149432 0.00162118
11 4 22 0.005 1.22819 0.366355 209.148 0.00147101 0.00153829
11 5 19 0.005 1.29614 0.53923 207.298 0.00119821 0.00124193
11 6 14 0.005 1.21748 0.712325 211.668 0.000880093 0.000931438
11 7 0 0 0 0 0 0 0
11 8 0 0 0 0 0 0 0
11 9 0 0 0 0 0 0 0
11 10 0 0 0 0 0 0 0
11 11 0 0 0 0 0 0 0
11 12 0 0 0 0 0 0 0
11 13 0 0 0 0 0 0 0
11 14 0 0 0 0 0 0 0
11 15 0 0 0 0 0 0 0
11 16 0 0 0 0 0 0 0
11 17 0 0 0 0 0 0 0
11 18 0 0 0 0 0 0 0
11 19 0 0 0 0 0 0 0
11 20 0 0 0 0 0 0 0
11 21 0 0 0 0 0 0 0
11 22 0 0 0 0 0 0 0
11 23 0 0 0 0 0 0 0
12 0 24 0.005 1.43131 0.113965 214.496 0.00149089 0.00159896
12 1 19 0.005 1.54947 0.223064 215.219 0.00111178 0.00119638
12 2 23 0.005 1.32777 0.192374 205.777 0.00149404 0.00153719
12 3 12 0.005 1.33757 0.272658 218.026 0.000770814 0.000840288
12 4 10 0.005 1.3726 0.48706 211.539 0.000615245 0.000650742
12 5 11 0.005 1.54061 0.592181 203.289 0.000619571 0.000629761
12 6 0 0 0 0 0 0 0
12 7 0 0 0 0 0 0 0
12 8 0 0 0 0 0 0 0
12 9 0 0 0 0 0 0 0
12 10 0 0 0 0 0 0 0
12 11 0 0 0 0 0 0 0
12 12 0 0 0 0 0 0 0
12 13 0 0 0 0 0 0 0
12 14 0 0 0 0 0 0 0
12 15 0 0 0 0 0 0 0
12 16 0 0 0 0 0 0 0
12 17 0 0 0 0 0 0 0
12 18 0 0 0 0 0 0 0
12 19 0 0 0 0 0 0 0
12 20 0 0 0 0 0 0 0
12 21 0 0 0 0 0 0 0
12 22 0 0 0 0 0 0 0
12 23 0 0 0 0 0 0 0
13 0 0 0 0 0 0 0 0
13 1 0 0 0 0 0 0 0
13 2 0 0 0 0 0 0 0
13 3 0 0 0 0 0 0 0
13 4 0 0 0 0 0 0 0
13 5 10 0.005 1.46411 0.646564 200.04 0.000575952 0.000576066
13 6 0 0 0 0 0 0 0
13 7 0 0 0 0 0 0 0
13 8 0 0 0 0 0 0 0
13 9 0 0 0 0 0 0 0
13 10 0 0 0 0 0 0 0
13 11 0 0 0 0 0 0 0
13 12 0 0 0 0 0 0 0
13 13 0 0 0 0 0 0 0
13 14 0 0 0 0 0 0 0
13 15 0 0 0 0 0 0 0
13 16 0 0 0 0 0 0 0
13 17 0 0 0 0 0 0 0
13 18 0 0 0 0 0 0 0
13 19 0 0 0 0 0 0 0
13 20 0 0 0 0 0 0 0
13 21 0 0 0 0 0 0 0
13 22 0 0 0 0 0 0 0
13 23 0 0 0 0 0 0 0
14 0 0 0 0 0 0 0 0
14 1 0 0 0 0 0 0 0
14 2 0 0 0 0 0 0 0
14 3 0 0 0 0 0 0 0
14 4 0 0 0 0 0 0 0
14 5 0 0 0 0 0 0 0
14 6 0 0 0 0 0 0 0
14 7 0 0 0 0 0 0 0
14 8 0 0 0 0 0 0 0
14 9 0 0 0 0 0 0 0
14 10 0 0 0 0 0 0 0
14 11 0 0 0 0 0 0 0
14 12 0 0 0 0 0 0 0
14 13 0 0 0 0 0 0 0
14 14 0 0 0 0 0 0 0
14 15 0 0 0 0 0 0 0
14 16 0 0 0 0 0 0 0
14 17 0 0 0 0 0 0 0
14 18 0 0 0 0 0 0 0
14 19 0 0 0 0 0 0 0
14 20 0 0 0 0 0 0 0
14 21 0 0 0 0 0 0 0
14 22 0 0 0 0 0 0 0
14 23 0 0 0 0 0 0 0
15 0 0 0 0 0 0 0 0
15 1 0 0 0 0 0 0 0
15 2 0 0 0 0 0 0 0
15 3 0 0 0 0 0 0 0
15 4 0 0 0 0 0 0 0
15 5 0 0 0 0 0 0 0
15 6 0 0 0 0 0 0 0
15 7 0 0 0 0 0 0 0
15 8 0 0 0 0 0 0 0
15 9 0 0 0 0 0 0 0
15 10 0 0 0 0 0 0 0
15 11 0 0 0 0 0 0 0
15 12 0 0 0 0 0 0 0
15 13 0 0 0 0 0 0 0
15 14 0 0 0 0 0 0 0
15 15 0 0 0 0 0 0 0
15 16 0 0 0 0 0 0 0
15 17 0 0 0 0 0 0 0
15 18 0 0 0 0 0 0 0
15 19 0 0 0 0 0 0 0
15 20 0 0 0 0 0 0 0
15 21 0 0 0 0 0 0 0
15 22 0 0 0 0 0 0 0
15 23 0 0 0 0 0 0 0
16 0 0 0 0 0 0 0 0
16 1 0 0 0 0 0 0 0
16 2 0 0 0 0 0 0 0
16 3 0 0 0 0 0 0 0
16 4 0 0 0 0 0 0 0
16 5 0 0 0 0 0 0 0
16 6 0 0 0 0 0 0 0
16 7 0 0 0 0 0 0 0
16 8 0 0 0 0 0 0 0
16 9 0 0 0 0 0 0 0
16 10 0 0 0 0 0 0 0
16 11 0 0 0 0 0 0 0
16 12 0 0 0 0 0 0 0
16 13 0 0 0 0 0 0 0
16 14 0 0 0 0 0 0 0
16 15 0 0 0 0 0 0 0
16 16 0 0 0 0 0 0 0
16 17 0 0 0 0 0 0 0
16 18 0 0 0 0 0 0 0
16 19 0 0 0 0 0 0 0
16 20 0 0 0 0 0 0 0
16 21 0 0 0 0 0 0 0
16 22 0 0 0 0 0 0 0
16 23 0 0 0 0 0 0 0
17 0 0 0 0 0 0 0 0
17 1 0 0 0 0 0 0 0
17 2 0 0 0 0 0 0 0
17 3 0 0 0 0 0 0 0
17 4 0 0 0 0 0 0 0
17 5 0 0 0 0 0 0 0
17 6 0 0 0 0 0 0 0
17 7 0 0 0 0 0 0 0
17 8 0 0 0 0 0 0 0
17 9 0 0 0 0 0 0 0
17 10 0 0 0 0 0 0 0
17 11 0 0 0 0 0 0 0
17 12 0 0 0 0 0 0 0
17 13 0 0 0 0 0 0 0
17 14 0 0 0 0 0 0 0
17 15 0 0 0 0 0 0 0
17 16 0 0 0 0 0 0 0
17 17 0 0 0 0 0 0 0
17 18 0 0 0 0 0 0 0
17 19 0 0 0 0 0 0 0
17 20 0 0 0 0 0 0 0
17 21 0 0 0 0 0 0 0
17 22 0 0 0 0 0 0 0
17 23 0 0 0 0 0 0 0
18 0 0 0 0 0 0 0 0
18 1 0 0 0 0 0 0 0
18 2 0 0 0 0 0 0 0
18 3 0 0 0 0 0 0 0
18 4 0 0 0 0 0 0 0
18 5 0 0 0 0 0 0 0
18 6 0 0 0 0 0 0 0
18 7 0 0 0 0 0 0 0
18 8 0 0 0 0 0 0 0
18 9 0 0 0 0 0 0 0
18 10 0 0 0 0 0 0 0
18 11 0 0 0 0 0 0 0
18 12 0 0 0 0 0 0 0
18 13 0 0 0 0 0 0 0
18 14 0 0 0 0 0 0 0
18 15 0 0 0 0 0 0 0
18 16 0 0 0 0 0 0 0
18 17 0 0 0 0 0 0 0
18 18 0 0 0 0 0 0 0
18 19 0 0 0 0 0 0 0
18 20 0 0 0 0 0 0 0
18 21 0 0 0 0 0 0 0
18 22 0 0 0 0 0 0 0
18 23 0 0 0 0 0 0 0
19 0 0 0 0 0 0 0 0
19 1 0 0 0 0 0 0 0
19 2 0 0 0 0 0 0 0
19 3 0 0 0 0 0 0 0
19 4 0 0 0 0 0 0 0
19 5 0 0 0 0 0 0 0
19 6 0 0 0 0 0 0 0
19 7 0 0 0 0 0 0 0
19 8 0 0 0 0 0 0 0
19 9 0 0 0 0 0 0 0
19 10 0 0 0 0 0 0 0
19 11 0 0 0 0 0 0 0
19 12 0 0 0 0 0 0 0
19 13 0 0 0 0 0 0 0
19 14 0 0 0 0 0 0 0
19 15 0 0 0 0 0 0 0
19 16 0 0 0 0 0 0 0
19 17 0 0 0 0 0 0 0
19 18 0 0 0 0 0 0 0
19 19 0 0 0 0 0 0 0
19 20 0 0 0 0 0 0 0
19 21 0 0 0 0 0 0 0
19 22 0 0 0 0 0 0 0
19 23 0 0 0 0 0 0 0
20 0 0 0 0 0 0 0 0
20 1 0 0 0 0 0 0 0
20 2 0 0 0 0 0 0 0
20 3 0 0 0 0 0 0 0
20 4 0 0 0 0 0 0 0
20 5 0 0 0 0 0 0 0
20 6 0 0 0 0 0 0 0
20 7 0 0 0 0 0 0 0
20 8 0 0 0 0 0 0 0
20 9 0 0 0 0 0 0 0
20 10 0 0 0 0 0 0 0
20 11 0 0 0 0 0 0 0
20 12 0 0 0 0 0 0 0
20 13 0 0 0 0 0 0 0
20 14 0 0 0 0 0 0 0
20 15 0 0 0 0 0 0 0
20 16 0 0 0 0 0 0 0
20 17 0 0 0 0 0 0 0
20 18 0 0 0 0 0 0 0
20 19 0 0 0 0 0 0 0
20 20 0 0 0 0 0 0 0
20 21 0 0 0 0 0 0 0
20 22 0 0 0 0 0 0 0
20 23 0 0 0 0 0 0 0
21 0 0 0 0 0 0 0 0
21 1 0 0 0 0 0 0 0
21 2 0 0 0 0 0 0 0
21 3 0 0 0 0 0 0 0
21 4 0 0 0 0 0 0 0
21 5 0 0 0 0 0 0 0
21 6 0 0 0 0 0 0 0
21 7 0 0 0 0 0 0 0
21 8 0 0 0 0 0 0 0
21 9 0 0 0 0 0 0 0
21 10 0 0 0 0 0 0 0
21 11 0 0 0 0 0 0 0
21 12 0 0 0 0 0 0 0
21 13 0 0 0 0 0 0 0
21 14 0 0 0 0 0 0 0
21 15 0 0 0 0 0 0 0
21 16 0 0 0 0 0 0 0
21 17 0 0 0 0 0 0 0
21 18 0 0 0 0 0 0 0
21 19 0 0 0 0 0 0 0
21 20 0 0 0 0 0 0 0
21 21 0 0 0 0 0 0 0
21 22 0 0 0 0 0 0 0
21 23 0 0 0 0 0 0 0
22 0 0 0 0 0 0 0 0
22 1 0 0 0 0 0 0 0
22 2 0 0 0 0 0 0 0
22 3 0 0 0 0 0 0 0
22 4 0 0 0 0 0 0 0
22 5 0 0 0 0 0 0 0
22 6 0 0 0 0 0 0 0
22 7 0 0 0 0 0 0 0
22 8 0 0 0 0 0 0 0
22 9 0 0 0 0 0 0 0
22 10 0 0 0 0 0 0 0
22 11 0 0 0 0 0 0 0
22 12 0 0 0 0 0 0 0
22 13 0 0 0 0 0 0 0
22 14 0 0 0 0 0 0 0
22 15 0 0 0 0 0 0 0
22 16 0 0 0 0 0 0 0
22 17 0 0 0 0 0 0 0
22 18 0 0 0 0 0 0 0
22 19 0 0 0 0 0 0 0
22 20 0 0 0 0 0 0 0
22 21 0 0 0 0 0 0 0
22 22 0 0 0 0 0 0 0
22 23 0 0 0 0 0 0 0
23 0 0 0 0 0 0 0 0
23 1 0 0 0 0 0 0 0
23 2 0 0 0 0 0 0 0
23 3 0 0 0 0 0 0 0
23 4 0 0 0 0 0 0 0
23 5 0 0 0 0 0 0 0
23 6 0 0 0 0 0 0 0
23 7 0 0 0 0 0 0 0
23 8 0 0 0 0 0 0 0
23 9 0 0 0 0 0 0 0
23 10 0 0 0 0 0 0 0
23 11 0 0 0 0 0 0 0
23 12 0 0 0 0 0 0 0
23 13 0 0 0 0 0 0 0
23 14 0 0 0 0 0 0 0
23 15 0 0 0 0 0 0 0
23 16 0 0 0 0 0 0 0
23 17 0 0 0 0 0 0 0
23 18 0 0 0 0 0 0 0
23 19 0 0 0 0 0 0 0
23 20 0 0 0 0 0 0 0
23 21 0 0 0 0 0 0 0
23 22 0 0 0 0 0 0 0
23 23 0 0 0 0 0 0 0
