#  ix    iy     NB       E/N    TB    UxB       UyB       muB       rhoB     epsilonB
0 0 0 0 0 0 0 0 0
0 1 0 0 0 0 0 0 0
0 2 10 0.700204 0.0631134 0.0728493 -10.9768 0.000552993 0.0006908
0 3 0 0 0 0 0 0 0
0 4 0 0 0 0 0 0 0
0 5 0 0 0 0 0 0 0
0 6 0 0 0 0 0 0 0
0 7 0 0 0 0 0 0 0
0 8 0 0 0 0 0 0 0
0 9 12 0.703683 0.0422504 0.498703 -10.9207 0.000596168 0.000748435
0 10 0 0 0 0 0 0 0
0 11 0 0 0 0 0 0 0
0 12 10 0.718448 0.126947 0.730617 -11.2902 0.000446245 0.000571975
0 13 0 0 0 0 0 0 0
0 14 15 0.705176 0.0495276 0.87703 -10.8799 0.000626083 0.000787658
0 15 0 0 0 0 0 0 0
0 16 0 0 0 0 0 0 0
0 17 10 0.684704 -0.00146689 0.983631 -11.2237 0.000396065 0.000483813
0 18 0 0 0 0 0 0 0
0 19 0 0 0 0 0 0 0
0 20 0 0 0 0 0 0 0
0 21 0 0 0 0 0 0 0
0 22 0 0 0 0 0 0 0
0 23 0 0 0 0 0 0 0
1 0 0 0 0 0 0 0 0
1 1 12 0.728964 0.22148 0.114285 -10.9744 0.000646879 0.000841273
1 2 0 0 0 0 0 0 0
1 3 10 0.720751 -0.0727033 0.117585 -11.0928 0.000550322 0.000707637
1 4 10 0.708171 0.0755331 0.205584 -11.0392 0.000542692 0.000685646
1 5 0 0 0 0 0 0 0
1 6 0 0 0 0 0 0 0
1 7 0 0 0 0 0 0 0
1 8 11 0.710604 0.0671368 0.445105 -11.0259 0.000557256 0.000706465
1 9 10 0.691974 0.036847 0.465281 -11.0249 0.000503421 0.000621483
1 10 0 0 0 0 0 0 0
1 11 0 0 0 0 0 0 0
1 12 0 0 0 0 0 0 0
1 13 0 0 0 0 0 0 0
1 14 12 0.707519 0.125266 0.985513 -11.1732 0.000472953 0.000596986
1 15 0 0 0 0 0 0 0
1 16 0 0 0 0 0 0 0
1 17 0 0 0 0 0 0 0
1 18 0 0 0 0 0 0 0
1 19 11 0.703829 0.122757 1.42397 -11.4531 0.000350338 0.000439908
1 20 0 0 0 0 0 0 0
1 21 0 0 0 0 0 0 0
1 22 0 0 0 0 0 0 0
1 23 0 0 0 0 0 0 0
2 0 0 0 0 0 0 0 0
2 1 0 0 0 0 0 0 0
2 2 0 0 0 0 0 0 0
2 3 0 0 0 0 0 0 0
2 4 0 0 0 0 0 0 0
2 5 10 0.704045 0.170949 0.386854 -11.0755 0.000511673 0.00064269
2 6 0 0 0 0 0 0 0
2 7 0 0 0 0 0 0 0
2 8 0 0 0 0 0 0 0
2 9 0 0 0 0 0 0 0
2 10 0 0 0 0 0 0 0
2 11 12 0.723362 0.113313 0.713594 -11.1249 0.000540373 0.00069736
2 12 0 0 0 0 0 0 0
2 13 0 0 0 0 0 0 0
2 14 0 0 0 0 0 0 0
2 15 0 0 0 0 0 0 0
2 16 0 0 0 0 0 0 0
2 17 0 0 0 0 0 0 0
2 18 13 0.698229 0.142582 1.18985 -11.144 0.000462728 0.00057641
2 19 0 0 0 0 0 0 0
2 20 0 0 0 0 0 0 0
2 21 0 0 0 0 0 0 0
2 22 0 0 0 0 0 0 0
2 23 0 0 0 0 0 0 0
3 0 11 0.705407 0.163339 0.0813235 -10.9218 0.000601185 0.000756582
3 1 0 0 0 0 0 0 0
3 2 0 0 0 0 0 0 0
3 3 0 0 0 0 0 0 0
3 4 0 0 0 0 0 0 0
3 5 0 0 0 0 0 0 0
3 6 0 0 0 0 0 0 0
3 7 0 0 0 0 0 0 0
3 8 0 0 0 0 0 0 0
3 9 0 0 0 0 0 0 0
3 10 0 0 0 0 0 0 0
3 11 12 0.707863 0.176989 0.698211 -11.0407 0.000540948 0.000683144
3 12 0 0 0 0 0 0 0
3 13 0 0 0 0 0 0 0
3 14 0 0 0 0 0 0 0
3 15 0 0 0 0 0 0 0
3 16 0 0 0 0 0 0 0
3 17 0 0 0 0 0 0 0
3 18 0 0 0 0 0 0 0
3 19 0 0 0 0 0 0 0
3 20 0 0 0 0 0 0 0
3 21 0 0 0 0 0 0 0
3 22 0 0 0 0 0 0 0
3 23 0 0 0 0 0 0 0
4 0 0 0 0 0 0 0 0
4 1 12 0.703626 0.203413 0.113425 -10.835 0.00064929 0.000815059
4 2 0 0 0 0 0 0 0
4 3 0 0 0 0 0 0 0
4 4 0 0 0 0 0 0 0
4 5 0 0 0 0 0 0 0
4 6 0 0 0 0 0 0 0
4 7 0 0 0 0 0 0 0
4 8 0 0 0 0 0 0 0
4 9 0 0 0 0 0 0 0
4 10 0 0 0 0 0 0 0
4 11 11 0.077904 0.253559 0.726413 6.48702 0.000484343 0.000637004
4 12 0 0 0 0 0 0 0
4 13 0 0 0 0 0 0 0
4 14 10 0.71303 0.32975 0.970646 -11.4012 0.000387933 0.000493483
4 15 11 0.711617 0.387543 1.03016 -11.3359 0.000410945 0.000521721
4 16 0 0 0 0 0 0 0
4 17 0 0 0 0 0 0 0
4 18 0 0 0 0 0 0 0
4 19 0 0 0 0 0 0 0
4 20 0 0 0 0 0 0 0
4 21 0 0 0 0 0 0 0
4 22 0 0 0 0 0 0 0
4 23 0 0 0 0 0 0 0
5 0 0 0 0 0 0 0 0
5 1 0 0 0 0 0 0 0
5 2 0 0 0 0 0 0 0
5 3 0 0 0 0 0 0 0
5 4 0 0 0 0 0 0 0
5 5 0 0 0 0 0 0 0
5 6 0 0 0 0 0 0 0
5 7 0 0 0 0 0 0 0
5 8 0 0 0 0 0 0 0
5 9 0 0 0 0 0 0 0
5 10 0 0 0 0 0 0 0
5 11 0 0 0 0 0 0 0
5 12 0 0 0 0 0 0 0
5 13 0 0 0 0 0 0 0
5 14 0 0 0 0 0 0 0
5 15 0 0 0 0 0 0 0
5 16 0 0 0 0 0 0 0
5 17 0 0 0 0 0 0 0
5 18 0 0 0 0 0 0 0
5 19 0 0 0 0 0 0 0
5 20 0 0 0 0 0 0 0
5 21 0 0 0 0 0 0 0
5 22 0 0 0 0 0 0 0
5 23 0 0 0 0 0 0 0
6 0 0 0 0 0 0 0 0
6 1 0 0 0 0 0 0 0
6 2 12 0.730182 0.326149 0.153537 -11.0117 0.000627162 0.000816995
6 3 0 0 0 0 0 0 0
6 4 0 0 0 0 0 0 0
6 5 0 0 0 0 0 0 0
6 6 12 0.714241 0.434285 0.359694 -11.0043 0.000580703 0.000739957
6 7 0 0 0 0 0 0 0
6 8 0 0 0 0 0 0 0
6 9 0 0 0 0 0 0 0
6 10 0 0 0 0 0 0 0
6 11 11 0.696495 0.351019 0.62644 -11.0642 0.000496389 0.000616805
6 12 0 0 0 0 0 0 0
6 13 10 0.704388 0.324459 0.856686 -11.2998 0.000409652 0.000514796
6 14 0 0 0 0 0 0 0
6 15 0 0 0 0 0 0 0
6 16 0 0 0 0 0 0 0
6 17 0 0 0 0 0 0 0
6 18 0 0 0 0 0 0 0
6 19 0 0 0 0 0 0 0
6 20 0 0 0 0 0 0 0
6 21 0 0 0 0 0 0 0
6 22 0 0 0 0 0 0 0
6 23 0 0 0 0 0 0 0
7 0 12 0.728193 0.335585 -0.00950851 -10.9936 0.000632002 0.000821056
7 1 0 0 0 0 0 0 0
7 2 11 0.71775 0.286681 0.16979 -11.0247 0.000579776 0.000742406
7 3 0 0 0 0 0 0 0
7 4 11 0.722027 0.554953 0.214936 -11.1464 0.00052515 0.000676465
7 5 0 0 0 0 0 0 0
7 6 0 0 0 0 0 0 0
7 7 0 0 0 0 0 0 0
7 8 10 0.717133 0.412796 0.501674 -11.2401 0.000465871 0.000596038
7 9 0 0 0 0 0 0 0
7 10 0 0 0 0 0 0 0
7 11 0 0 0 0 0 0 0
7 12 10 0.710903 0.349444 0.655846 -11.2504 0.00044591 0.000565543
7 13 0 0 0 0 0 0 0
7 14 0 0 0 0 0 0 0
7 15 0 0 0 0 0 0 0
7 16 0 0 0 0 0 0 0
7 17 0 0 0 0 0 0 0
7 18 0 0 0 0 0 0 0
7 19 0 0 0 0 0 0 0
7 20 0 0 0 0 0 0 0
7 21 0 0 0 0 0 0 0
7 22 0 0 0 0 0 0 0
7 23 0 0 0 0 0 0 0
8 0 0 0 0 0 0 0 0
8 1 0 0 0 0 0 0 0
8 2 10 0.732533 0.563459 0.0941227 -11.2864 0.000482391 0.000630426
8 3 0 0 0 0 0 0 0
8 4 0 0 0 0 0 0 0
8 5 0 0 0 0 0 0 0
8 6 0 0 0 0 0 0 0
8 7 0 0 0 0 0 0 0
8 8 11 0.695218 0.667938 0.488876 -11.1101 0.000470763 0.000583891
8 9 0 0 0 0 0 0 0
8 10 0 0 0 0 0 0 0
8 11 0 0 0 0 0 0 0
8 12 0 0 0 0 0 0 0
8 13 12 0.701895 0.566852 0.848455 -11.1559 0.000466623 0.000584314
8 14 0 0 0 0 0 0 0
8 15 0 0 0 0 0 0 0
8 16 0 0 0 0 0 0 0
8 17 0 0 0 0 0 0 0
8 18 0 0 0 0 0 0 0
8 19 0 0 0 0 0 0 0
8 20 0 0 0 0 0 0 0
8 21 0 0 0 0 0 0 0
8 22 0 0 0 0 0 0 0
8 23 0 0 0 0 0 0 0
9 0 14 0.698585 0.524446 0.0747027 -10.7504 0.000687297 0.000856588
9 1 0 0 0 0 0 0 0
9 2 13 0.707034 0.585455 0.142514 -10.9021 0.000618603 0.000780298
9 3 13 0.712237 0.571808 0.147522 -10.925 0.000621883 0.000790208
9 4 0 0 0 0 0 0 0
9 5 0 0 0 0 0 0 0
9 6 12 0.726562 0.576943 0.416824 -11.1366 0.000543136 0.000704028
9 7 10 0.705299 0.48872 0.42169 -11.1743 0.00046676 0.00058732
9 8 0 0 0 0 0 0 0
9 9 11 0.702088 0.48963 0.67704 -11.152 0.00046896 0.000587403
9 10 0 0 0 0 0 0 0
9 11 11 0.0808883 0.570652 0.695205 5.79908 0.000454367 0.00059992
9 12 0 0 0 0 0 0 0
9 13 0 0 0 0 0 0 0
9 14 0 0 0 0 0 0 0
9 15 0 0 0 0 0 0 0
9 16 11 0.69389 0.523798 0.978114 -11.243 0.000409132 0.00050648
9 17 0 0 0 0 0 0 0
9 18 0 0 0 0 0 0 0
9 19 0 0 0 0 0 0 0
9 20 0 0 0 0 0 0 0
9 21 0 0 0 0 0 0 0
9 22 0 0 0 0 0 0 0
9 23 0 0 0 0 0 0 0
10 0 0 0 0 0 0 0 0
10 1 0 0 0 0 0 0 0
10 2 10 0.718702 0.642198 0.0652446 -11.2466 0.000466759 0.00059848
10 3 0 0 0 0 0 0 0
10 4 11 0.696169 0.730974 0.27656 -11.0928 0.000481502 0.000598028
10 5 11 0.711369 0.641291 0.172101 -11.1204 0.000509105 0.000646117
10 6 12 0.715325 0.605439 0.438826 -11.0941 0.00053391 0.000681365
10 7 0 0 0 0 0 0 0
10 8 11 0.716891 0.737558 0.477948 -11.2536 0.000459025 0.00058708
10 9 0 0 0 0 0 0 0
10 10 16 0.698281 0.534775 0.516218 -10.7114 0.000713406 0.000888741
10 11 11 0.713124 0.775235 0.743257 -11.3308 0.000416443 0.000529821
10 12 0 0 0 0 0 0 0
10 13 0 0 0 0 0 0 0
10 14 0 0 0 0 0 0 0
10 15 0 0 0 0 0 0 0
10 16 0 0 0 0 0 0 0
10 17 0 0 0 0 0 0 0
10 18 0 0 0 0 0 0 0
10 19 0 0 0 0 0 0 0
10 20 0 0 0 0 0 0 0
10 21 0 0 0 0 0 0 0
10 22 0 0 0 0 0 0 0
10 23 0 0 0 0 0 0 0
11 0 18 0.707239 0.574141 0.0315195 -10.5657 0.000866904 0.00109382
11 1 0 0 0 0 0 0 0
11 2 0 0 0 0 0 0 0
11 3 10 0.708531 0.834876 0.228028 -11.2972 0.000420079 0.000531004
11 4 0 0 0 0 0 0 0
11 5 0 0 0 0 0 0 0
11 6 10 0.719954 0.590808 0.389665 -11.2821 0.000453474 0.00058246
11 7 12 0.712998 0.740931 0.511877 -11.1565 0.000495393 0.000630153
11 8 11 0.70362 0.817737 0.444757 -11.2076 0.000447307 0.000561503
11 9 0 0 0 0 0 0 0
11 10 0 0 0 0 0 0 0
11 11 0 0 0 0 0 0 0
11 12 12 0.718275 0.863515 0.910648 -11.3607 0.000415456 0.000532383
11 13 0 0 0 0 0 0 0
11 14 0 0 0 0 0 0 0
11 15 0 0 0 0 0 0 0
11 16 10 0.722142 0.891018 1.08863 -11.6365 0.000321877 0.000414687
11 17 0 0 0 0 0 0 0
11 18 0 0 0 0 0 0 0
11 19 0 0 0 0 0 0 0
11 20 0 0 0 0 0 0 0
11 21 0 0 0 0 0 0 0
11 22 0 0 0 0 0 0 0
11 23 0 0 0 0 0 0 0
12 0 0 0 0 0 0 0 0
12 1 12 0.70081 0.733954 0.128233 -11.0139 0.000534595 0.000668395
12 2 0 0 0 0 0 0 0
12 3 13 0.713802 0.843883 0.270849 -11.0737 0.000540494 0.000688299
12 4 10 0.0740777 0.857754 0.390093 7.17625 0.00040433 0.000529114
12 5 11 0.710341 0.783665 0.352908 -11.2088 0.000463459 0.000587335
12 6 14 0.721899 0.708578 0.330362 -10.9914 0.000612742 0.000789155
12 7 14 0.710431 0.749943 0.511932 -10.9922 0.000575818 0.000729818
12 8 14 0.716138 0.743649 0.612103 -11.0504 0.000560193 0.000715719
12 9 0 0 0 0 0 0 0
12 10 0 0 0 0 0 0 0
12 11 0 0 0 0 0 0 0
12 12 0 0 0 0 0 0 0
12 13 0 0 0 0 0 0 0
12 14 0 0 0 0 0 0 0
12 15 0 0 0 0 0 0 0
12 16 0 0 0 0 0 0 0
12 17 0 0 0 0 0 0 0
12 18 0 0 0 0 0 0 0
12 19 0 0 0 0 0 0 0
12 20 0 0 0 0 0 0 0
12 21 0 0 0 0 0 0 0
12 22 0 0 0 0 0 0 0
12 23 0 0 0 0 0 0 0
13 0 12 0.713002 0.969631 -0.00507661 -11.191 0.000478613 0.000608812
13 1 17 0.715342 0.747585 0.0638129 -10.7471 0.000755445 0.000964106
13 2 0 0 0 0 0 0 0
13 3 0 0 0 0 0 0 0
13 4 19 0.718516 0.931695 0.284426 -10.7632 0.000756102 0.000969226
13 5 0 0 0 0 0 0 0
13 6 0 0 0 0 0 0 0
13 7 0 0 0 0 0 0 0
13 8 12 0.702853 0.852021 0.519253 -11.1499 0.000471928 0.000591764
13 9 0 0 0 0 0 0 0
13 10 12 0.0765615 0.896169 0.612779 6.71294 0.000451667 0.000592985
13 11 0 0 0 0 0 0 0
13 12 0 0 0 0 0 0 0
13 13 0 0 0 0 0 0 0
13 14 0 0 0 0 0 0 0
13 15 0 0 0 0 0 0 0
13 16 0 0 0 0 0 0 0
13 17 0 0 0 0 0 0 0
13 18 0 0 0 0 0 0 0
13 19 0 0 0 0 0 0 0
13 20 0 0 0 0 0 0 0
13 21 0 0 0 0 0 0 0
13 22 0 0 0 0 0 0 0
13 23 0 0 0 0 0 0 0
14 0 12 0.729651 0.894549 0.0855135 -11.2438 0.000495868 0.000645489
14 1 0 0 0 0 0 0 0
14 2 0 0 0 0 0 0 0
14 3 17 0.696768 0.772321 0.13871 -10.6624 0.000743008 0.000923613
14 4 14 0.723624 0.946016 0.317395 -11.1076 0.000550566 0.000710773
14 5 11 0.725715 0.951761 0.321554 -11.3631 0.000431125 0.000558185
14 6 0 0 0 0 0 0 0
14 7 0 0 0 0 0 0 0
14 8 0 0 0 0 0 0 0
14 9 11 0.701754 0.828044 0.607257 -11.2454 0.000426359 0.000533788
14 10 0 0 0 0 0 0 0
14 11 0 0 0 0 0 0 0
14 12 0 0 0 0 0 0 0
14 13 0 0 0 0 0 0 0
14 14 0 0 0 0 0 0 0
14 15 0 0 0 0 0 0 0
14 16 0 0 0 0 0 0 0
14 17 0 0 0 0 0 0 0
14 18 0 0 0 0 0 0 0
14 19 0 0 0 0 0 0 0
14 20 0 0 0 0 0 0 0
14 21 0 0 0 0 0 0 0
14 22 0 0 0 0 0 0 0
14 23 0 0 0 0 0 0 0
15 0 12 0.710624 1.13106 0.0460977 -11.2591 0.000441373 0.000559569
15 1 12 0.71614 0.916632 0.118889 -11.1852 0.000489568 0.000625488
15 2 0 0 0 0 0 0 0
15 3 12 0.716374 0.949973 0.301041 -11.2225 0.000472223 0.000603524
15 4 13 0.714329 0.959244 0.274713 -11.1321 0.000511249 0.000651537
15 5 0 0 0 0 0 0 0
15 6 15 0.692983 0.909696 0.311859 -10.854 0.000600656 0.000742603
15 7 10 0.712183 1.20261 0.486218 -11.5309 0.00033919 0.000430966
15 8 11 0.724091 1.01613 0.537862 -11.4269 0.000401057 0.000518092
15 9 0 0 0 0 0 0 0
15 10 0 0 0 0 0 0 0
15 11 0 0 0 0 0 0 0
15 12 0 0 0 0 0 0 0
15 13 0 0 0 0 0 0 0
15 14 0 0 0 0 0 0 0
15 15 0 0 0 0 0 0 0
15 16 0 0 0 0 0 0 0
15 17 0 0 0 0 0 0 0
15 18 0 0 0 0 0 0 0
15 19 0 0 0 0 0 0 0
15 20 0 0 0 0 0 0 0
15 21 0 0 0 0 0 0 0
15 22 0 0 0 0 0 0 0
15 23 0 0 0 0 0 0 0
16 0 0 0 0 0 0 0 0
16 1 0 0 0 0 0 0 0
16 2 0 0 0 0 0 0 0
16 3 0 0 0 0 0 0 0
16 4 0 0 0 0 0 0 0
16 5 0 0 0 0 0 0 0
16 6 0 0 0 0 0 0 0
16 7 0 0 0 0 0 0 0
16 8 0 0 0 0 0 0 0
16 9 0 0 0 0 0 0 0
16 10 10 0.723789 1.10038 0.74098 -11.607 0.000334412 0.000431819
16 11 0 0 0 0 0 0 0
16 12 0 0 0 0 0 0 0
16 13 0 0 0 0 0 0 0
16 14 0 0 0 0 0 0 0
16 15 0 0 0 0 0 0 0
16 16 0 0 0 0 0 0 0
16 17 0 0 0 0 0 0 0
16 18 0 0 0 0 0 0 0
16 19 0 0 0 0 0 0 0
16 20 0 0 0 0 0 0 0
16 21 0 0 0 0 0 0 0
16 22 0 0 0 0 0 0 0
16 23 0 0 0 0 0 0 0
17 0 0 0 0 0 0 0 0
17 1 0 0 0 0 0 0 0
17 2 0 0 0 0 0 0 0
17 3 12 0.705967 1.22688 0.262066 -11.2941 0.000415538 0.000523364
17 4 0 0 0 0 0 0 0
17 5 0 0 0 0 0 0 0
17 6 11 0.69008 1.12661 0.531115 -11.2887 0.000382592 0.000471025
17 7 0 0 0 0 0 0 0
17 8 0 0 0 0 0 0 0
17 9 0 0 0 0 0 0 0
17 10 0 0 0 0 0 0 0
17 11 0 0 0 0 0 0 0
17 12 0 0 0 0 0 0 0
17 13 0 0 0 0 0 0 0
17 14 0 0 0 0 0 0 0
17 15 0 0 0 0 0 0 0
17 16 0 0 0 0 0 0 0
17 17 0 0 0 0 0 0 0
17 18 0 0 0 0 0 0 0
17 19 0 0 0 0 0 0 0
17 20 0 0 0 0 0 0 0
17 21 0 0 0 0 0 0 0
17 22 0 0 0 0 0 0 0
17 23 0 0 0 0 0 0 0
18 0 0 0 0 0 0 0 0
18 1 0 0 0 0 0 0 0
18 2 0 0 0 0 0 0 0
18 3 0 0 0 0 0 0 0
18 4 0 0 0 0 0 0 0
18 5 0 0 0 0 0 0 0
18 6 0 0 0 0 0 0 0
18 7 0 0 0 0 0 0 0
18 8 10 0.690817 1.43835 0.54753 -11.5271 0.000302691 0.000373053
18 9 0 0 0 0 0 0 0
18 10 0 0 0 0 0 0 0
18 11 0 0 0 0 0 0 0
18 12 0 0 0 0 0 0 0
18 13 0 0 0 0 0 0 0
18 14 0 0 0 0 0 0 0
18 15 0 0 0 0 0 0 0
18 16 0 0 0 0 0 0 0
18 17 0 0 0 0 0 0 0
18 18 0 0 0 0 0 0 0
18 19 0 0 0 0 0 0 0
18 20 0 0 0 0 0 0 0
18 21 0 0 0 0 0 0 0
18 22 0 0 0 0 0 0 0
18 23 0 0 0 0 0 0 0
19 0 0 0 0 0 0 0 0
19 1 0 0 0 0 0 0 0
19 2 0 0 0 0 0 0 0
19 3 0 0 0 0 0 0 0
19 4 0 0 0 0 0 0 0
19 5 0 0 0 0 0 0 0
19 6 0 0 0 0 0 0 0
19 7 0 0 0 0 0 0 0
19 8 0 0 0 0 0 0 0
19 9 0 0 0 0 0 0 0
19 10 0 0 0 0 0 0 0
19 11 0 0 0 0 0 0 0
19 12 0 0 0 0 0 0 0
19 13 0 0 0 0 0 0 0
19 14 0 0 0 0 0 0 0
19 15 0 0 0 0 0 0 0
19 16 0 0 0 0 0 0 0
19 17 0 0 0 0 0 0 0
19 18 0 0 0 0 0 0 0
19 19 0 0 0 0 0 0 0
19 20 0 0 0 0 0 0 0
19 21 0 0 0 0 0 0 0
19 22 0 0 0 0 0 0 0
19 23 0 0 0 0 0 0 0
20 0 0 0 0 0 0 0 0
20 1 0 0 0 0 0 0 0
20 2 0 0 0 0 0 0 0
20 3 0 0 0 0 0 0 0
20 4 0 0 0 0 0 0 0
20 5 0 0 0 0 0 0 0
20 6 0 0 0 0 0 0 0
20 7 0 0 0 0 0 0 0
20 8 0 0 0 0 0 0 0
20 9 0 0 0 0 0 0 0
20 10 0 0 0 0 0 0 0
20 11 0 0 0 0 0 0 0
20 12 0 0 0 0 0 0 0
20 13 0 0 0 0 0 0 0
20 14 0 0 0 0 0 0 0
20 15 0 0 0 0 0 0 0
20 16 0 0 0 0 0 0 0
20 17 0 0 0 0 0 0 0
20 18 0 0 0 0 0 0 0
20 19 0 0 0 0 0 0 0
20 20 0 0 0 0 0 0 0
20 21 0 0 0 0 0 0 0
20 22 0 0 0 0 0 0 0
20 23 0 0 0 0 0 0 0
21 0 0 0 0 0 0 0 0
21 1 0 0 0 0 0 0 0
21 2 0 0 0 0 0 0 0
21 3 0 0 0 0 0 0 0
21 4 0 0 0 0 0 0 0
21 5 0 0 0 0 0 0 0
21 6 0 0 0 0 0 0 0
21 7 0 0 0 0 0 0 0
21 8 0 0 0 0 0 0 0
21 9 0 0 0 0 0 0 0
21 10 0 0 0 0 0 0 0
21 11 0 0 0 0 0 0 0
21 12 0 0 0 0 0 0 0
21 13 0 0 0 0 0 0 0
21 14 0 0 0 0 0 0 0
21 15 0 0 0 0 0 0 0
21 16 0 0 0 0 0 0 0
21 17 0 0 0 0 0 0 0
21 18 0 0 0 0 0 0 0
21 19 0 0 0 0 0 0 0
21 20 0 0 0 0 0 0 0
21 21 0 0 0 0 0 0 0
21 22 0 0 0 0 0 0 0
21 23 0 0 0 0 0 0 0
22 0 0 0 0 0 0 0 0
22 1 0 0 0 0 0 0 0
22 2 0 0 0 0 0 0 0
22 3 0 0 0 0 0 0 0
22 4 0 0 0 0 0 0 0
22 5 0 0 0 0 0 0 0
22 6 0 0 0 0 0 0 0
22 7 0 0 0 0 0 0 0
22 8 0 0 0 0 0 0 0
22 9 0 0 0 0 0 0 0
22 10 0 0 0 0 0 0 0
22 11 0 0 0 0 0 0 0
22 12 0 0 0 0 0 0 0
22 13 0 0 0 0 0 0 0
22 14 0 0 0 0 0 0 0
22 15 0 0 0 0 0 0 0
22 16 0 0 0 0 0 0 0
22 17 0 0 0 0 0 0 0
22 18 0 0 0 0 0 0 0
22 19 0 0 0 0 0 0 0
22 20 0 0 0 0 0 0 0
22 21 0 0 0 0 0 0 0
22 22 0 0 0 0 0 0 0
22 23 0 0 0 0 0 0 0
23 0 0 0 0 0 0 0 0
23 1 0 0 0 0 0 0 0
23 2 0 0 0 0 0 0 0
23 3 0 0 0 0 0 0 0
23 4 0 0 0 0 0 0 0
23 5 0 0 0 0 0 0 0
23 6 0 0 0 0 0 0 0
23 7 0 0 0 0 0 0 0
23 8 0 0 0 0 0 0 0
23 9 0 0 0 0 0 0 0
23 10 0 0 0 0 0 0 0
23 11 0 0 0 0 0 0 0
23 12 0 0 0 0 0 0 0
23 13 0 0 0 0 0 0 0
23 14 0 0 0 0 0 0 0
23 15 0 0 0 0 0 0 0
23 16 0 0 0 0 0 0 0
23 17 0 0 0 0 0 0 0
23 18 0 0 0 0 0 0 0
23 19 0 0 0 0 0 0 0
23 20 0 0 0 0 0 0 0
23 21 0 0 0 0 0 0 0
23 22 0 0 0 0 0 0 0
23 23 0 0 0 0 0 0 0
