#  ix    iy     NB       E/N    TB    UxB       UyB       muB       rhoB     epsilonB
0 0 17 0.70965 0.083563 0.0267645 -10.611 0.00108557 0.00142366
0 1 0 0 0 0 0 0 0
0 2 16 0.713728 0.0267711 0.120784 -10.6976 0.00101788 0.00134255
0 3 0 0 0 0 0 0 0
0 4 15 0.0863601 -0.0784547 0.169614 5.65118 0.000945175 0.0012969
0 5 16 0.0913486 -0.0317078 0.311592 4.81575 0.000978758 0.00135149
0 6 0 0 0 0 0 0 0
0 7 12 0.0901559 -0.00434972 0.335142 4.72143 0.000729353 0.00100559
0 8 0 0 0 0 0 0 0
0 9 0 0 0 0 0 0 0
0 10 0 0 0 0 0 0 0
0 11 10 0.0816554 0.0956082 0.759382 5.94502 0.000509039 0.000694321
0 12 0 0 0 0 0 0 0
0 13 0 0 0 0 0 0 0
0 14 0 0 0 0 0 0 0
0 15 0 0 0 0 0 0 0
0 16 0 0 0 0 0 0 0
0 17 0 0 0 0 0 0 0
0 18 0 0 0 0 0 0 0
0 19 0 0 0 0 0 0 0
0 20 0 0 0 0 0 0 0
0 21 0 0 0 0 0 0 0
0 22 0 0 0 0 0 0 0
0 23 0 0 0 0 0 0 0
1 0 11 0.72243 0.136122 -0.0217284 -11.1211 0.000698523 0.000932564
1 1 14 0.72576 0.150754 0.114758 -10.906 0.00088175 0.00118261
1 2 15 0.0855189 0.0967471 0.198144 5.80081 0.000938982 0.00128703
1 3 23 0.723743 0.119744 0.20775 -10.4091 0.00143372 0.00191756
1 4 14 0.080145 0.121545 0.356952 6.76006 0.00083972 0.00114318
1 5 10 0.713662 0.0950157 0.375432 -11.2296 0.000597765 0.000788361
1 6 0 0 0 0 0 0 0
1 7 0 0 0 0 0 0 0
1 8 10 0.102623 -0.00724805 0.573876 2.57798 0.000555968 0.000778742
1 9 0 0 0 0 0 0 0
1 10 13 0.700118 0.115581 0.725361 -11.0384 0.000671627 0.000868963
1 11 0 0 0 0 0 0 0
1 12 0 0 0 0 0 0 0
1 13 0 0 0 0 0 0 0
1 14 0 0 0 0 0 0 0
1 15 0 0 0 0 0 0 0
1 16 0 0 0 0 0 0 0
1 17 0 0 0 0 0 0 0
1 18 0 0 0 0 0 0 0
1 19 0 0 0 0 0 0 0
1 20 0 0 0 0 0 0 0
1 21 0 0 0 0 0 0 0
1 22 0 0 0 0 0 0 0
1 23 0 0 0 0 0 0 0
2 0 10 0.71893 0.0571199 0.0188539 -11.19 0.000639869 0.000850118
2 1 18 0.711799 0.131163 0.0353484 -10.5709 0.00114335 0.00150396
2 2 12 0.0818978 0.130525 0.0601085 6.2982 0.000761409 0.00103887
2 3 0 0 0 0 0 0 0
2 4 13 0.728995 0.259273 0.297524 -11.052 0.000775154 0.00104427
2 5 11 0.118101 0.126546 0.371792 0.938375 0.000656326 0.000937536
2 6 11 0.728521 0.138755 0.296584 -11.1951 0.000670119 0.000902186
2 7 12 0.708801 0.195602 0.262265 -11.0016 0.000731096 0.000957636
2 8 19 0.109286 0.167049 0.514842 2.39822 0.00107111 0.00151303
2 9 11 0.721691 0.0965574 0.665648 -11.2944 0.000585091 0.000780327
2 10 13 0.731741 0.131359 0.57209 -11.1421 0.000718674 0.000971832
2 11 0 0 0 0 0 0 0
2 12 11 0.724904 0.180748 0.8648 -11.4134 0.000528435 0.000707903
2 13 0 0 0 0 0 0 0
2 14 0 0 0 0 0 0 0
2 15 0 0 0 0 0 0 0
2 16 0 0 0 0 0 0 0
2 17 0 0 0 0 0 0 0
2 18 0 0 0 0 0 0 0
2 19 0 0 0 0 0 0 0
2 20 0 0 0 0 0 0 0
2 21 0 0 0 0 0 0 0
2 22 0 0 0 0 0 0 0
2 23 0 0 0 0 0 0 0
3 0 13 0.70614 0.126087 -0.121678 -10.8712 0.000820827 0.00107114
3 1 14 0.702172 0.140318 0.148734 -10.7805 0.000879243 0.00114092
3 2 12 0.720507 0.210153 0.091294 -11.04 0.000749801 0.000998358
3 3 12 0.115935 0.145118 0.170134 1.29836 0.000750691 0.00106939
3 4 13 0.717179 0.258296 0.298585 -10.9888 0.000775112 0.00102729
3 5 15 0.0825178 0.169806 0.342231 6.33823 0.00089822 0.0012265
3 6 15 0.725431 0.213654 0.458623 -10.9315 0.000857975 0.0011502
3 7 11 0.121071 0.0591431 0.385004 0.642221 0.000657043 0.000942102
3 8 14 0.0804334 0.253767 0.622758 6.57906 0.000744709 0.0010142
3 9 17 0.724892 0.203138 0.454871 -10.8004 0.00097541 0.00130666
3 10 0 0 0 0 0 0 0
3 11 0 0 0 0 0 0 0
3 12 0 0 0 0 0 0 0
3 13 0 0 0 0 0 0 0
3 14 0 0 0 0 0 0 0
3 15 0 0 0 0 0 0 0
3 16 0 0 0 0 0 0 0
3 17 0 0 0 0 0 0 0
3 18 0 0 0 0 0 0 0
3 19 0 0 0 0 0 0 0
3 20 0 0 0 0 0 0 0
3 21 0 0 0 0 0 0 0
3 22 0 0 0 0 0 0 0
3 23 0 0 0 0 0 0 0
4 0 12 0.726136 0.23937 -0.0136932 -11.0724 0.000748031 0.00100378
4 1 18 0.724177 0.191019 0.0317149 -10.647 0.0011328 0.00151601
4 2 17 0.73009 0.324021 0.195784 -10.7841 0.00101916 0.00137505
4 3 16 0.727221 0.219577 0.142201 -10.7957 0.00099225 0.00133349
4 4 13 0.727409 0.334505 0.106007 -11.0293 0.000786328 0.00105702
4 5 13 0.710223 0.284387 0.428056 -10.9957 0.000741185 0.000972799
4 6 17 0.731518 0.321135 0.479502 -10.8684 0.000943846 0.00127593
4 7 14 0.085217 0.310943 0.599162 5.62459 0.000743824 0.00101915
4 8 14 0.0942916 0.300223 0.461853 4.12384 0.000786063 0.00108947
4 9 0 0 0 0 0 0 0
4 10 13 0.707445 0.430791 0.810934 -11.169 0.000613809 0.000802468
4 11 12 0.692198 0.33075 0.706761 -11.0959 0.000606445 0.000775753
4 12 10 0.684669 0.198438 0.829181 -11.2706 0.000487797 0.000617195
4 13 10 0.0826233 0.242756 0.862046 5.68529 0.00047752 0.000652128
4 14 0 0 0 0 0 0 0
4 15 0 0 0 0 0 0 0
4 16 0 0 0 0 0 0 0
4 17 0 0 0 0 0 0 0
4 18 0 0 0 0 0 0 0
4 19 0 0 0 0 0 0 0
4 20 0 0 0 0 0 0 0
4 21 0 0 0 0 0 0 0
4 22 0 0 0 0 0 0 0
4 23 0 0 0 0 0 0 0
5 0 18 0.077715 0.346317 0.0879741 7.54808 0.00108657 0.00147469
5 1 20 0.0994433 0.309286 0.123818 3.79646 0.00121633 0.00169685
5 2 16 0.705367 0.294237 0.159286 -10.6972 0.000972643 0.00126786
5 3 10 0.719095 0.476432 0.234633 -11.3133 0.000566141 0.000752337
5 4 0 0 0 0 0 0 0
5 5 16 0.0845943 0.393598 0.33564 5.94562 0.00091098 0.00124719
5 6 0 0 0 0 0 0 0
5 7 0 0 0 0 0 0 0
5 8 11 0.724305 0.323703 0.539233 -11.2884 0.00059689 0.000798947
5 9 10 0.690254 0.359802 0.640002 -11.245 0.000516711 0.000659111
5 10 0 0 0 0 0 0 0
5 11 0 0 0 0 0 0 0
5 12 0 0 0 0 0 0 0
5 13 0 0 0 0 0 0 0
5 14 0 0 0 0 0 0 0
5 15 0 0 0 0 0 0 0
5 16 0 0 0 0 0 0 0
5 17 0 0 0 0 0 0 0
5 18 0 0 0 0 0 0 0
5 19 0 0 0 0 0 0 0
5 20 0 0 0 0 0 0 0
5 21 0 0 0 0 0 0 0
5 22 0 0 0 0 0 0 0
5 23 0 0 0 0 0 0 0
6 0 0 0 0 0 0 0 0
6 1 15 0.0872816 0.398484 0.0866902 5.42358 0.00089035 0.0012231
6 2 10 0.730883 0.449958 0.114731 -11.3496 0.000581401 0.000785281
6 3 19 0.706316 0.32921 0.33349 -10.5768 0.00110286 0.00143954
6 4 10 0.690706 0.378713 0.262816 -11.1283 0.00058215 0.000743072
6 5 11 0.0782202 0.334308 0.33851 6.90083 0.000636738 0.000864737
6 6 17 0.719461 0.423184 0.46779 -10.8279 0.000921689 0.00122545
6 7 0 0 0 0 0 0 0
6 8 0 0 0 0 0 0 0
6 9 14 0.0896597 0.410139 0.648813 4.78183 0.000711898 0.000980905
6 10 11 0.0800512 0.408053 0.741541 6.33515 0.00053822 0.000732637
6 11 0 0 0 0 0 0 0
6 12 0 0 0 0 0 0 0
6 13 0 0 0 0 0 0 0
6 14 0 0 0 0 0 0 0
6 15 0 0 0 0 0 0 0
6 16 0 0 0 0 0 0 0
6 17 0 0 0 0 0 0 0
6 18 0 0 0 0 0 0 0
6 19 0 0 0 0 0 0 0
6 20 0 0 0 0 0 0 0
6 21 0 0 0 0 0 0 0
6 22 0 0 0 0 0 0 0
6 23 0 0 0 0 0 0 0
7 0 23 0.721764 0.557472 0.0620791 -10.5073 0.00128588 0.00171514
7 1 16 0.724153 0.549776 0.132857 -10.885 0.000892738 0.00119469
7 2 15 0.113394 0.551991 0.197579 1.67304 0.000829489 0.00117784
7 3 17 0.709292 0.490596 0.268863 -10.7413 0.000951035 0.00124659
7 4 14 0.0896945 0.386339 0.29353 4.90177 0.000807414 0.00111256
7 5 15 0.713611 0.538605 0.379795 -10.9343 0.000802862 0.00105878
7 6 0 0 0 0 0 0 0
7 7 14 0.721773 0.536845 0.45604 -11.0685 0.00073369 0.000978622
7 8 13 0.709383 0.585854 0.467978 -11.097 0.000666725 0.000874036
7 9 0 0 0 0 0 0 0
7 10 14 0.709177 0.685195 0.832721 -11.1844 0.000610216 0.000799724
7 11 0 0 0 0 0 0 0
7 12 0 0 0 0 0 0 0
7 13 0 0 0 0 0 0 0
7 14 0 0 0 0 0 0 0
7 15 0 0 0 0 0 0 0
7 16 0 0 0 0 0 0 0
7 17 0 0 0 0 0 0 0
7 18 0 0 0 0 0 0 0
7 19 0 0 0 0 0 0 0
7 20 0 0 0 0 0 0 0
7 21 0 0 0 0 0 0 0
7 22 0 0 0 0 0 0 0
7 23 0 0 0 0 0 0 0
8 0 13 0.71464 0.416624 0.0545769 -10.9839 0.000768268 0.00101462
8 1 15 0.721286 0.535099 0.043107 -10.922 0.000847182 0.00112924
8 2 10 0.0770777 0.540607 0.191522 7.02251 0.000556062 0.000754083
8 3 11 0.706054 0.431249 0.129592 -11.115 0.00064295 0.000838913
8 4 12 0.729262 0.510335 0.250896 -11.2012 0.000668671 0.000901152
8 5 17 0.0809599 0.538487 0.364122 6.6734 0.000913672 0.00124514
8 6 0 0 0 0 0 0 0
8 7 10 0.726995 0.425703 0.590539 -11.444 0.000518245 0.000696256
8 8 12 0.707975 0.638702 0.521147 -11.2055 0.000593557 0.000776572
8 9 0 0 0 0 0 0 0
8 10 0 0 0 0 0 0 0
8 11 0 0 0 0 0 0 0
8 12 0 0 0 0 0 0 0
8 13 0 0 0 0 0 0 0
8 14 0 0 0 0 0 0 0
8 15 0 0 0 0 0 0 0
8 16 0 0 0 0 0 0 0
8 17 0 0 0 0 0 0 0
8 18 0 0 0 0 0 0 0
8 19 0 0 0 0 0 0 0
8 20 0 0 0 0 0 0 0
8 21 0 0 0 0 0 0 0
8 22 0 0 0 0 0 0 0
8 23 0 0 0 0 0 0 0
9 0 18 0.0828269 0.60546 0.0193467 6.37061 0.000986894 0.00134811
9 1 11 0.105306 0.698841 0.0373075 2.26807 0.000577708 0.00081195
9 2 16 0.728593 0.544488 0.231881 -10.92 0.000882654 0.00118844
9 3 19 0.0886983 0.634295 0.228215 5.29799 0.00100992 0.00138984
9 4 13 0.732357 0.6455 0.234621 -11.1905 0.000686921 0.000929675
9 5 12 0.718727 0.574441 0.286072 -11.1772 0.000647392 0.00085987
9 6 15 0.727363 0.69276 0.475851 -11.095 0.000736093 0.000989431
9 7 14 0.7069 0.663951 0.504662 -11.0502 0.000689212 0.000900352
9 8 0 0 0 0 0 0 0
9 9 11 0.732663 0.65301 0.746198 -11.5084 0.000500704 0.000677934
9 10 0 0 0 0 0 0 0
9 11 11 0.716112 0.605196 0.801569 -11.4264 0.000497511 0.000658393
9 12 0 0 0 0 0 0 0
9 13 0 0 0 0 0 0 0
9 14 0 0 0 0 0 0 0
9 15 0 0 0 0 0 0 0
9 16 0 0 0 0 0 0 0
9 17 0 0 0 0 0 0 0
9 18 0 0 0 0 0 0 0
9 19 0 0 0 0 0 0 0
9 20 0 0 0 0 0 0 0
9 21 0 0 0 0 0 0 0
9 22 0 0 0 0 0 0 0
9 23 0 0 0 0 0 0 0
10 0 16 0.118867 0.740351 0.024029 1.08812 0.000824161 0.00117843
10 1 15 0.723016 0.628461 0.0527229 -10.9721 0.000813304 0.00108668
10 2 17 0.729325 0.657665 0.182184 -10.9043 0.000900118 0.00121317
10 3 16 0.717244 0.671009 0.217419 -10.911 0.000838124 0.00111091
10 4 0 0 0 0 0 0 0
10 5 16 0.731854 0.650462 0.340259 -11.0026 0.000826787 0.0011182
10 6 0 0 0 0 0 0 0
10 7 0 0 0 0 0 0 0
10 8 0 0 0 0 0 0 0
10 9 0 0 0 0 0 0 0
10 10 0 0 0 0 0 0 0
10 11 0 0 0 0 0 0 0
10 12 0 0 0 0 0 0 0
10 13 0 0 0 0 0 0 0
10 14 0 0 0 0 0 0 0
10 15 0 0 0 0 0 0 0
10 16 0 0 0 0 0 0 0
10 17 0 0 0 0 0 0 0
10 18 0 0 0 0 0 0 0
10 19 0 0 0 0 0 0 0
10 20 0 0 0 0 0 0 0
10 21 0 0 0 0 0 0 0
10 22 0 0 0 0 0 0 0
10 23 0 0 0 0 0 0 0
11 0 18 0.693488 0.674271 0.0370133 -10.6478 0.000956237 0.00122548
11 1 11 0.73039 0.793858 0.154044 -11.4056 0.000548287 0.000740057
11 2 11 0.731528 0.846394 0.28741 -11.4536 0.000525719 0.000710701
11 3 16 0.726657 0.907686 0.211606 -11.0722 0.00075029 0.00100754
11 4 13 0.72953 0.893098 0.262208 -11.2944 0.000609985 0.000822365
11 5 14 0.0884135 0.914931 0.466344 4.86985 0.000626098 0.000861323
11 6 11 0.716418 1.04233 0.456657 -11.4947 0.000465455 0.000616235
11 7 12 0.715638 0.849279 0.596202 -11.3535 0.000533785 0.000705931
11 8 0 0 0 0 0 0 0
11 9 11 0.709682 1.1275 0.858802 -11.5934 0.00040651 0.000533134
11 10 0 0 0 0 0 0 0
11 11 0 0 0 0 0 0 0
11 12 0 0 0 0 0 0 0
11 13 0 0 0 0 0 0 0
11 14 0 0 0 0 0 0 0
11 15 0 0 0 0 0 0 0
11 16 0 0 0 0 0 0 0
11 17 0 0 0 0 0 0 0
11 18 0 0 0 0 0 0 0
11 19 0 0 0 0 0 0 0
11 20 0 0 0 0 0 0 0
11 21 0 0 0 0 0 0 0
11 22 0 0 0 0 0 0 0
11 23 0 0 0 0 0 0 0
12 0 14 0.71512 1.03517 0.103132 -11.1979 0.00062193 0.000821906
12 1 24 0.725952 0.798514 0.0983653 -10.5999 0.00119867 0.00160809
12 2 0 0 0 0 0 0 0
12 3 14 0.0939809 0.924503 0.218199 3.98338 0.000650672 0.000901464
12 4 12 0.676348 0.844876 0.309841 -11.0634 0.000571794 0.00071468
12 5 0 0 0 0 0 0 0
12 6 0 0 0 0 0 0 0
12 7 14 0.711819 0.853391 0.558882 -11.1698 0.000628234 0.000826405
12 8 0 0 0 0 0 0 0
12 9 0 0 0 0 0 0 0
12 10 0 0 0 0 0 0 0
12 11 10 0.703733 0.92602 1.01891 -11.6367 0.000376703 0.000489902
12 12 0 0 0 0 0 0 0
12 13 0 0 0 0 0 0 0
12 14 0 0 0 0 0 0 0
12 15 0 0 0 0 0 0 0
12 16 0 0 0 0 0 0 0
12 17 0 0 0 0 0 0 0
12 18 0 0 0 0 0 0 0
12 19 0 0 0 0 0 0 0
12 20 0 0 0 0 0 0 0
12 21 0 0 0 0 0 0 0
12 22 0 0 0 0 0 0 0
12 23 0 0 0 0 0 0 0
13 0 20 0.712125 0.874331 0.0917433 -10.7445 0.000962868 0.00126714
13 1 0 0 0 0 0 0 0
13 2 0 0 0 0 0 0 0
13 3 12 0.712443 1.0574 0.271597 -11.3631 0.000519577 0.000684072
13 4 11 0.728245 1.00407 0.455289 -11.5404 0.000473737 0.000637554
13 5 15 0.726979 0.971998 0.363413 -11.1912 0.000667212 0.000896371
13 6 0 0 0 0 0 0 0
13 7 0 0 0 0 0 0 0
13 8 0 0 0 0 0 0 0
13 9 0 0 0 0 0 0 0
13 10 0 0 0 0 0 0 0
13 11 0 0 0 0 0 0 0
13 12 0 0 0 0 0 0 0
13 13 0 0 0 0 0 0 0
13 14 0 0 0 0 0 0 0
13 15 0 0 0 0 0 0 0
13 16 0 0 0 0 0 0 0
13 17 0 0 0 0 0 0 0
13 18 0 0 0 0 0 0 0
13 19 0 0 0 0 0 0 0
13 20 0 0 0 0 0 0 0
13 21 0 0 0 0 0 0 0
13 22 0 0 0 0 0 0 0
13 23 0 0 0 0 0 0 0
14 0 10 0.709664 1.23978 0.091413 -11.605 0.000401788 0.000526928
14 1 12 0.692251 1.0394 0.0981658 -11.227 0.00053209 0.000680692
14 2 0 0 0 0 0 0 0
14 3 10 0.704733 1.24583 0.280174 -11.5943 0.000395229 0.000514725
14 4 0 0 0 0 0 0 0
14 5 0 0 0 0 0 0 0
14 6 0 0 0 0 0 0 0
14 7 0 0 0 0 0 0 0
14 8 0 0 0 0 0 0 0
14 9 0 0 0 0 0 0 0
14 10 0 0 0 0 0 0 0
14 11 0 0 0 0 0 0 0
14 12 0 0 0 0 0 0 0
14 13 0 0 0 0 0 0 0
14 14 0 0 0 0 0 0 0
14 15 0 0 0 0 0 0 0
14 16 0 0 0 0 0 0 0
14 17 0 0 0 0 0 0 0
14 18 0 0 0 0 0 0 0
14 19 0 0 0 0 0 0 0
14 20 0 0 0 0 0 0 0
14 21 0 0 0 0 0 0 0
14 22 0 0 0 0 0 0 0
14 23 0 0 0 0 0 0 0
15 0 0 0 0 0 0 0 0
15 1 0 0 0 0 0 0 0
15 2 11 0.69799 1.21189 0.274294 -11.4446 0.000442097 0.000570255
15 3 11 0.0839149 1.37511 0.388788 5.26418 0.00040428 0.00055301
15 4 0 0 0 0 0 0 0
15 5 0 0 0 0 0 0 0
15 6 0 0 0 0 0 0 0
15 7 0 0 0 0 0 0 0
15 8 0 0 0 0 0 0 0
15 9 0 0 0 0 0 0 0
15 10 0 0 0 0 0 0 0
15 11 0 0 0 0 0 0 0
15 12 0 0 0 0 0 0 0
15 13 0 0 0 0 0 0 0
15 14 0 0 0 0 0 0 0
15 15 0 0 0 0 0 0 0
15 16 0 0 0 0 0 0 0
15 17 0 0 0 0 0 0 0
15 18 0 0 0 0 0 0 0
15 19 0 0 0 0 0 0 0
15 20 0 0 0 0 0 0 0
15 21 0 0 0 0 0 0 0
15 22 0 0 0 0 0 0 0
15 23 0 0 0 0 0 0 0
16 0 0 0 0 0 0 0 0
16 1 0 0 0 0 0 0 0
16 2 0 0 0 0 0 0 0
16 3 11 0.711336 1.22242 0.178885 -11.5151 0.000443634 0.000583179
16 4 0 0 0 0 0 0 0
16 5 0 0 0 0 0 0 0
16 6 0 0 0 0 0 0 0
16 7 0 0 0 0 0 0 0
16 8 0 0 0 0 0 0 0
16 9 0 0 0 0 0 0 0
16 10 0 0 0 0 0 0 0
16 11 0 0 0 0 0 0 0
16 12 0 0 0 0 0 0 0
16 13 0 0 0 0 0 0 0
16 14 0 0 0 0 0 0 0
16 15 0 0 0 0 0 0 0
16 16 0 0 0 0 0 0 0
16 17 0 0 0 0 0 0 0
16 18 0 0 0 0 0 0 0
16 19 0 0 0 0 0 0 0
16 20 0 0 0 0 0 0 0
16 21 0 0 0 0 0 0 0
16 22 0 0 0 0 0 0 0
16 23 0 0 0 0 0 0 0
17 0 0 0 0 0 0 0 0
17 1 0 0 0 0 0 0 0
17 2 0 0 0 0 0 0 0
17 3 0 0 0 0 0 0 0
17 4 0 0 0 0 0 0 0
17 5 0 0 0 0 0 0 0
17 6 0 0 0 0 0 0 0
17 7 0 0 0 0 0 0 0
17 8 0 0 0 0 0 0 0
17 9 0 0 0 0 0 0 0
17 10 0 0 0 0 0 0 0
17 11 0 0 0 0 0 0 0
17 12 0 0 0 0 0 0 0
17 13 0 0 0 0 0 0 0
17 14 0 0 0 0 0 0 0
17 15 0 0 0 0 0 0 0
17 16 0 0 0 0 0 0 0
17 17 0 0 0 0 0 0 0
17 18 0 0 0 0 0 0 0
17 19 0 0 0 0 0 0 0
17 20 0 0 0 0 0 0 0
17 21 0 0 0 0 0 0 0
17 22 0 0 0 0 0 0 0
17 23 0 0 0 0 0 0 0
18 0 0 0 0 0 0 0 0
18 1 0 0 0 0 0 0 0
18 2 0 0 0 0 0 0 0
18 3 0 0 0 0 0 0 0
18 4 0 0 0 0 0 0 0
18 5 0 0 0 0 0 0 0
18 6 0 0 0 0 0 0 0
18 7 0 0 0 0 0 0 0
18 8 0 0 0 0 0 0 0
18 9 0 0 0 0 0 0 0
18 10 0 0 0 0 0 0 0
18 11 0 0 0 0 0 0 0
18 12 0 0 0 0 0 0 0
18 13 0 0 0 0 0 0 0
18 14 0 0 0 0 0 0 0
18 15 0 0 0 0 0 0 0
18 16 0 0 0 0 0 0 0
18 17 0 0 0 0 0 0 0
18 18 0 0 0 0 0 0 0
18 19 0 0 0 0 0 0 0
18 20 0 0 0 0 0 0 0
18 21 0 0 0 0 0 0 0
18 22 0 0 0 0 0 0 0
18 23 0 0 0 0 0 0 0
19 0 0 0 0 0 0 0 0
19 1 0 0 0 0 0 0 0
19 2 0 0 0 0 0 0 0
19 3 0 0 0 0 0 0 0
19 4 0 0 0 0 0 0 0
19 5 0 0 0 0 0 0 0
19 6 0 0 0 0 0 0 0
19 7 0 0 0 0 0 0 0
19 8 0 0 0 0 0 0 0
19 9 0 0 0 0 0 0 0
19 10 0 0 0 0 0 0 0
19 11 0 0 0 0 0 0 0
19 12 0 0 0 0 0 0 0
19 13 0 0 0 0 0 0 0
19 14 0 0 0 0 0 0 0
19 15 0 0 0 0 0 0 0
19 16 0 0 0 0 0 0 0
19 17 0 0 0 0 0 0 0
19 18 0 0 0 0 0 0 0
19 19 0 0 0 0 0 0 0
19 20 0 0 0 0 0 0 0
19 21 0 0 0 0 0 0 0
19 22 0 0 0 0 0 0 0
19 23 0 0 0 0 0 0 0
20 0 0 0 0 0 0 0 0
20 1 0 0 0 0 0 0 0
20 2 0 0 0 0 0 0 0
20 3 0 0 0 0 0 0 0
20 4 0 0 0 0 0 0 0
20 5 0 0 0 0 0 0 0
20 6 0 0 0 0 0 0 0
20 7 0 0 0 0 0 0 0
20 8 0 0 0 0 0 0 0
20 9 0 0 0 0 0 0 0
20 10 0 0 0 0 0 0 0
20 11 0 0 0 0 0 0 0
20 12 0 0 0 0 0 0 0
20 13 0 0 0 0 0 0 0
20 14 0 0 0 0 0 0 0
20 15 0 0 0 0 0 0 0
20 16 0 0 0 0 0 0 0
20 17 0 0 0 0 0 0 0
20 18 0 0 0 0 0 0 0
20 19 0 0 0 0 0 0 0
20 20 0 0 0 0 0 0 0
20 21 0 0 0 0 0 0 0
20 22 0 0 0 0 0 0 0
20 23 0 0 0 0 0 0 0
21 0 0 0 0 0 0 0 0
21 1 0 0 0 0 0 0 0
21 2 0 0 0 0 0 0 0
21 3 0 0 0 0 0 0 0
21 4 0 0 0 0 0 0 0
21 5 0 0 0 0 0 0 0
21 6 0 0 0 0 0 0 0
21 7 0 0 0 0 0 0 0
21 8 0 0 0 0 0 0 0
21 9 0 0 0 0 0 0 0
21 10 0 0 0 0 0 0 0
21 11 0 0 0 0 0 0 0
21 12 0 0 0 0 0 0 0
21 13 0 0 0 0 0 0 0
21 14 0 0 0 0 0 0 0
21 15 0 0 0 0 0 0 0
21 16 0 0 0 0 0 0 0
21 17 0 0 0 0 0 0 0
21 18 0 0 0 0 0 0 0
21 19 0 0 0 0 0 0 0
21 20 0 0 0 0 0 0 0
21 21 0 0 0 0 0 0 0
21 22 0 0 0 0 0 0 0
21 23 0 0 0 0 0 0 0
22 0 0 0 0 0 0 0 0
22 1 0 0 0 0 0 0 0
22 2 0 0 0 0 0 0 0
22 3 0 0 0 0 0 0 0
22 4 0 0 0 0 0 0 0
22 5 0 0 0 0 0 0 0
22 6 0 0 0 0 0 0 0
22 7 0 0 0 0 0 0 0
22 8 0 0 0 0 0 0 0
22 9 0 0 0 0 0 0 0
22 10 0 0 0 0 0 0 0
22 11 0 0 0 0 0 0 0
22 12 0 0 0 0 0 0 0
22 13 0 0 0 0 0 0 0
22 14 0 0 0 0 0 0 0
22 15 0 0 0 0 0 0 0
22 16 0 0 0 0 0 0 0
22 17 0 0 0 0 0 0 0
22 18 0 0 0 0 0 0 0
22 19 0 0 0 0 0 0 0
22 20 0 0 0 0 0 0 0
22 21 0 0 0 0 0 0 0
22 22 0 0 0 0 0 0 0
22 23 0 0 0 0 0 0 0
23 0 0 0 0 0 0 0 0
23 1 0 0 0 0 0 0 0
23 2 0 0 0 0 0 0 0
23 3 0 0 0 0 0 0 0
23 4 0 0 0 0 0 0 0
23 5 0 0 0 0 0 0 0
23 6 0 0 0 0 0 0 0
23 7 0 0 0 0 0 0 0
23 8 0 0 0 0 0 0 0
23 9 0 0 0 0 0 0 0
23 10 0 0 0 0 0 0 0
23 11 0 0 0 0 0 0 0
23 12 0 0 0 0 0 0 0
23 13 0 0 0 0 0 0 0
23 14 0 0 0 0 0 0 0
23 15 0 0 0 0 0 0 0
23 16 0 0 0 0 0 0 0
23 17 0 0 0 0 0 0 0
23 18 0 0 0 0 0 0 0
23 19 0 0 0 0 0 0 0
23 20 0 0 0 0 0 0 0
23 21 0 0 0 0 0 0 0
23 22 0 0 0 0 0 0 0
23 23 0 0 0 0 0 0 0
