#  ix    iy     Npi     E/N       Tpi    Uxpi    Uypi     mupi     rho    epsilon
0 0 1120 0.100728 0.045359 0.0241104 1.04861 0.0798947 0.0292089
0 1 1149 0.103222 0.0511561 0.0743932 0.982944 0.081739 0.0304213
0 2 1139 0.102014 0.0372503 0.156278 1.00801 0.0803271 0.0296396
0 3 1101 0.0968582 0.0249173 0.229118 1.14989 0.076634 0.0272377
0 4 1096 0.103246 0.031105 0.293561 0.897175 0.0750825 0.0279487
0 5 1115 0.0980525 0.0408785 0.354481 1.08359 0.0750104 0.0268955
0 6 1101 0.0984763 0.0497401 0.472164 1.01348 0.0710425 0.0255518
0 7 1191 0.0973289 0.0735843 0.544291 1.10475 0.0745648 0.0265942
0 8 1156 0.0926627 0.0439819 0.666405 1.20365 0.0686659 0.0236535
0 9 1108 0.0905965 0.0614397 0.76259 1.19938 0.062857 0.0213153
0 10 1034 0.0886199 0.0576607 0.86474 1.16338 0.0558132 0.0186412
0 11 974 0.0855696 0.0483518 0.999265 1.16968 0.0491837 0.0160406
0 12 905 0.0843859 0.0555098 1.1618 1.06839 0.0421427 0.0136163
0 13 918 0.0809622 0.0804335 1.26154 1.1928 0.0406816 0.0127887
0 14 737 0.0743299 0.0974657 1.50022 1.1966 0.0291554 0.00867693
0 15 704 0.0739944 0.0655326 1.71312 1.07433 0.0253365 0.0075191
0 16 603 0.0687438 0.0799837 2.04976 1.07927 0.0188737 0.00535459
0 17 478 0.0617857 0.0482345 2.39285 1.16919 0.013163 0.00351033
0 18 377 0.0551567 0.0781028 2.83586 1.28634 0.00895224 0.00224522
0 19 247 0.0534126 0.108404 3.39856 0.846675 0.00497784 0.00122794
0 20 119 0.0403615 0.174672 3.77726 1.41148 0.00217319 0.000471112
0 21 41 0.0307192 0.183717 4.35003 1.80964 0.000655561 0.000128434
0 22 11 0.0117277 0.249067 4.56266 9.47011 0.000167974 2.66847e-05
0 23 0 0 0 0 0 0 0
1 0 1119 0.0999156 0.0754309 0.00989953 1.07556 0.0796983 0.0289666
1 1 1149 0.101728 0.0918081 0.0936285 1.03115 0.0813748 0.0299646
1 2 1155 0.0975131 0.0902182 0.153325 1.18337 0.0812247 0.0290087
1 3 1107 0.101644 0.0740168 0.233883 0.976216 0.0767944 0.0282609
1 4 1151 0.0994601 0.0987731 0.323989 1.06897 0.0778688 0.0282084
1 5 1107 0.101525 0.108957 0.374736 0.938787 0.0736609 0.0270847
1 6 1104 0.0969497 0.128604 0.448438 1.07657 0.0714632 0.025417
1 7 1076 0.0983576 0.113816 0.547252 0.960611 0.067088 0.0241086
1 8 1037 0.0943632 0.118713 0.612128 1.04779 0.0628539 0.0219299
1 9 1035 0.0893989 0.129404 0.789657 1.16409 0.0577232 0.0193954
1 10 1011 0.0890506 0.109476 0.87825 1.11351 0.0540767 0.0181214
1 11 974 0.0857049 0.142703 0.991129 1.1632 0.0491612 0.0160504
1 12 941 0.0859363 0.147762 1.17168 1.02909 0.0434349 0.0142066
1 13 870 0.0816845 0.143163 1.37574 1.0474 0.0364091 0.0115125
1 14 753 0.0786245 0.17467 1.432 1.02372 0.0306416 0.00945069
1 15 686 0.0730283 0.173571 1.75869 1.07844 0.0241315 0.00710316
1 16 591 0.069188 0.19432 2.00768 1.04618 0.0187507 0.00534028
1 17 452 0.0651982 0.167619 2.39499 0.881226 0.0124138 0.00341365
1 18 338 0.0581125 0.237534 2.68761 0.987058 0.00839038 0.00216336
1 19 199 0.054795 0.217863 3.19998 0.566808 0.00423086 0.00105748
1 20 116 0.035597 0.249092 3.70694 2.10314 0.00215352 0.000444326
1 21 40 0.0285154 0.371533 4.66109 2.2039 0.000597528 0.000114317
1 22 0 0 0 0 0 0 0
1 23 0 0 0 0 0 0 0
2 0 1125 0.100136 0.119179 0.0172835 1.06859 0.0797807 0.0290428
2 1 1143 0.104127 0.121361 0.112025 0.936861 0.0805516 0.0301724
2 2 1180 0.0994701 0.139335 0.150915 1.12713 0.0825621 0.0299107
2 3 1158 0.0987352 0.138873 0.253449 1.1159 0.0794624 0.0286342
2 4 1157 0.0989106 0.169219 0.324914 1.0857 0.0775996 0.0279987
2 5 1133 0.0982771 0.165909 0.400934 1.06491 0.074241 0.0266634
2 6 1083 0.0948346 0.163415 0.464558 1.12843 0.0693983 0.0242987
2 7 1155 0.0951183 0.211929 0.574129 1.13129 0.0703681 0.0246903
2 8 1041 0.0916149 0.242032 0.680354 1.11579 0.0602827 0.0206016
2 9 1085 0.0907172 0.205209 0.769913 1.15803 0.0606121 0.020573
2 10 1084 0.0894871 0.219393 0.909093 1.13989 0.0565521 0.0190148
2 11 962 0.0873593 0.238622 1.00498 1.06241 0.0477953 0.0158079
2 12 919 0.0825003 0.262222 1.16549 1.15506 0.0421349 0.0134107
2 13 864 0.0788474 0.244454 1.35235 1.18239 0.0363113 0.0112199
2 14 818 0.0773844 0.27527 1.49833 1.13162 0.0320632 0.00978865
2 15 693 0.0726866 0.30476 1.78804 1.08768 0.0238989 0.0070143
2 16 542 0.0653983 0.343211 2.02457 1.17977 0.0169501 0.00466939
2 17 468 0.0621047 0.322095 2.38571 1.12087 0.0128237 0.00342974
2 18 321 0.054284 0.412795 2.81769 1.19494 0.00759667 0.00188957
2 19 208 0.0512305 0.350477 3.19272 0.921682 0.00441655 0.0010669
2 20 98 0.0425725 0.506124 3.99049 0.877253 0.00168882 0.000374455
2 21 40 0.0329463 0.59462 4.36892 1.3368 0.000631947 0.000126787
2 22 0 0 0 0 0 0 0
2 23 0 0 0 0 0 0 0
3 0 1201 0.101591 0.203808 0.0237391 1.0682 0.084035 0.0309138
3 1 1213 0.0990647 0.209543 0.0684923 1.16653 0.0846112 0.0305629
3 2 1199 0.0966395 0.204729 0.128347 1.24096 0.0832471 0.0295404
3 3 1174 0.10054 0.23791 0.224183 1.05301 0.0797065 0.0291007
3 4 1222 0.0976159 0.2073 0.310269 1.1863 0.0817778 0.0292283
3 5 1158 0.0968211 0.251621 0.398021 1.12752 0.0748328 0.0265902
3 6 1164 0.0956044 0.259571 0.487826 1.14608 0.0727715 0.0256261
3 7 1101 0.0919981 0.248161 0.597415 1.19131 0.0660308 0.0226317
3 8 1024 0.0895008 0.303249 0.690693 1.17134 0.0583926 0.0196357
3 9 1135 0.0904045 0.31515 0.800278 1.18492 0.0614643 0.0208124
3 10 996 0.0865122 0.345813 0.85992 1.18709 0.0521778 0.0171435
3 11 942 0.0864809 0.313633 1.03097 1.05741 0.0457687 0.0150341
3 12 967 0.079451 0.365829 1.18661 1.32911 0.0433233 0.0134528
3 13 827 0.0770088 0.36478 1.3271 1.2305 0.0347223 0.0105676
3 14 779 0.0749715 0.403962 1.57075 1.16387 0.0292032 0.00873813
3 15 698 0.0692452 0.388774 1.81663 1.27411 0.0236311 0.00673359
3 16 523 0.0679146 0.476391 2.14261 0.931771 0.015488 0.00436236
3 17 416 0.0603912 0.489385 2.39126 1.11252 0.0112651 0.00296623
3 18 341 0.0534436 0.563581 2.665 1.36653 0.00839409 0.00207128
3 19 182 0.0463912 0.637045 3.33594 1.21712 0.00367192 0.000845953
3 20 82 0.0318587 0.601941 3.57989 2.44424 0.00155553 0.00030849
3 21 25 0.0265165 0.654352 4.228 2.3187 0.000406431 7.60864e-05
3 22 11 0.0230932 0.749317 4.32778 2.49911 0.000174426 3.14507e-05
3 23 0 0 0 0 0 0 0
4 0 1228 0.0992214 0.266968 0.00621873 1.16234 0.0847447 0.030646
4 1 1267 0.10459 0.30907 0.112074 0.986051 0.085973 0.0323085
4 2 1182 0.098921 0.278746 0.19025 1.11573 0.0799958 0.0288655
4 3 1216 0.099555 0.295368 0.233959 1.10835 0.0812787 0.0294639
4 4 1187 0.100188 0.334308 0.331355 1.02749 0.0767124 0.0279363
4 5 1154 0.0984471 0.347157 0.386353 1.04379 0.0731497 0.0263041
4 6 1139 0.0954098 0.326911 0.488059 1.11688 0.0701492 0.024667
4 7 1097 0.0943096 0.366948 0.586172 1.07493 0.0644473 0.0224768
4 8 1158 0.0962441 0.362645 0.649346 1.02946 0.0663701 0.0234829
4 9 1031 0.0897067 0.363517 0.794449 1.11115 0.0554585 0.0186786
4 10 1007 0.0908157 0.418445 0.864551 0.998324 0.0518756 0.0176209
4 11 971 0.0842716 0.421492 1.03503 1.16656 0.0462489 0.0149295
4 12 895 0.0827873 0.443983 1.21883 1.06515 0.0390312 0.0124514
4 13 834 0.0768938 0.471913 1.36434 1.21307 0.0339213 0.0103139
4 14 685 0.0756387 0.527138 1.56426 0.987153 0.0253519 0.00762826
4 15 627 0.0709703 0.551413 1.86963 1.0284 0.0204427 0.00591252
4 16 568 0.0649939 0.597044 2.0772 1.21103 0.0170366 0.00467634
4 17 384 0.0546766 0.713493 2.62754 1.38096 0.00945643 0.00236093
4 18 263 0.0545319 0.724617 2.72638 0.983193 0.0062765 0.00156487
4 19 155 0.0420307 0.844873 3.20772 1.58195 0.00319561 0.000704662
4 20 58 0.0405716 1.01385 3.89773 0.605784 0.000998347 0.000216891
4 21 24 0.0201031 0.89007 4.10114 4.46393 0.000397367 6.93172e-05
4 22 0 0 0 0 0 0 0
4 23 0 0 0 0 0 0 0
5 0 1199 0.101926 0.373855 0.0306084 1.0094 0.0801871 0.0295693
5 1 1184 0.104546 0.351251 0.122524 0.906338 0.0792644 0.0297781
5 2 1202 0.101774 0.378372 0.156664 1.00559 0.0794528 0.0292666
5 3 1257 0.0999562 0.370306 0.239928 1.10431 0.0821446 0.0298645
5 4 1188 0.101879 0.39278 0.351071 0.945226 0.0750764 0.0276753
5 5 1141 0.0962184 0.380166 0.414556 1.09835 0.071034 0.0251283
5 6 1114 0.0940957 0.417782 0.491045 1.12033 0.066877 0.0232869
5 7 1151 0.0935126 0.426527 0.588482 1.13777 0.0665047 0.0230562
5 8 1106 0.0910395 0.475986 0.735749 1.12483 0.0594155 0.0202165
5 9 1010 0.0911057 0.455188 0.805858 1.00683 0.0529461 0.0180243
5 10 970 0.0882327 0.50494 0.915565 1.02677 0.047889 0.0159467
5 11 930 0.0822366 0.503874 1.02179 1.20666 0.0438213 0.0139179
5 12 906 0.0831404 0.54473 1.22045 1.04204 0.0387697 0.012403
5 13 805 0.0779187 0.564034 1.37162 1.10708 0.0321461 0.00985735
5 14 682 0.074755 0.645053 1.60344 0.995585 0.0243964 0.00728661
5 15 586 0.0663485 0.690921 1.87091 1.2207 0.018761 0.00521194
5 16 506 0.0623283 0.790772 2.23601 1.19616 0.0140419 0.00376319
5 17 351 0.0549953 0.889599 2.68608 1.23053 0.00835417 0.00209203
5 18 255 0.0517375 0.92606 3.01432 1.09583 0.00550591 0.00133657
5 19 131 0.0466929 0.947441 3.11846 0.89394 0.0027447 0.000634231
5 20 54 0.0332256 0.925903 3.95162 1.66409 0.000922757 0.000185682
5 21 16 0.0193914 1.03951 4.52332 4.27992 0.000240716 4.16599e-05
5 22 0 0 0 0 0 0 0
5 23 0 0 0 0 0 0 0
6 0 1236 0.0989854 0.442933 0.0360375 1.12185 0.080678 0.0291253
6 1 1297 0.0994767 0.479981 0.121345 1.13248 0.083025 0.0300798
6 2 1288 0.0973025 0.479361 0.193473 1.19745 0.0817264 0.0291428
6 3 1249 0.099622 0.460953 0.278509 1.07173 0.0785474 0.0284876
6 4 1204 0.0992927 0.489073 0.332894 1.02437 0.0740167 0.0267803
6 5 1224 0.0971457 0.515559 0.436671 1.08279 0.0724437 0.0258029
6 6 1158 0.0920493 0.538761 0.518256 1.19253 0.0662488 0.0227153
6 7 1169 0.092129 0.529063 0.602219 1.17261 0.0651514 0.0223525
6 8 1078 0.0900756 0.579197 0.711146 1.11872 0.0567467 0.0191666
6 9 1047 0.0928621 0.582234 0.828097 0.928317 0.0525574 0.0181319
6 10 972 0.0857189 0.60033 0.96683 1.09237 0.0458281 0.0149638
6 11 928 0.080903 0.618297 1.07002 1.22027 0.0416962 0.0131013
6 12 784 0.0800353 0.680315 1.20239 1.02334 0.0328359 0.0102449
6 13 778 0.0779325 0.68256 1.43519 1.02373 0.0295959 0.00907638
6 14 666 0.0739162 0.77646 1.65277 0.975253 0.0228494 0.00677652
6 15 553 0.0699792 0.81165 1.84996 0.931782 0.0175234 0.00502507
6 16 437 0.0638659 0.989546 2.32316 0.891619 0.011493 0.00312306
6 17 315 0.0526921 1.10126 2.74966 1.2783 0.00719713 0.00176322
6 18 189 0.0495172 1.07527 2.78934 1.05269 0.00428267 0.00101749
6 19 96 0.0329164 1.34353 3.63862 2.33887 0.0017119 0.000343348
6 20 43 0.0237583 1.35952 4.08872 3.66124 0.000694369 0.000126122
6 21 0 0 0 0 0 0 0
6 22 0 0 0 0 0 0 0
6 23 0 0 0 0 0 0 0
7 0 1257 0.100071 0.551178 0.0298842 1.05611 0.0786056 0.0286016
7 1 1282 0.102151 0.551079 0.109133 0.997054 0.0798359 0.0294871
7 2 1284 0.0996001 0.561156 0.198428 1.07587 0.0788106 0.0285785
7 3 1269 0.0968575 0.579757 0.264367 1.14743 0.0764433 0.0271698
7 4 1229 0.0953937 0.565818 0.350208 1.15849 0.0730838 0.0256958
7 5 1199 0.0970706 0.596948 0.43415 1.03555 0.0689049 0.0245289
7 6 1197 0.091122 0.609656 0.524331 1.23605 0.0666303 0.0226856
7 7 1113 0.091944 0.656713 0.602426 1.08686 0.0593517 0.0203341
7 8 1099 0.0892142 0.655749 0.755075 1.13269 0.0555059 0.0186238
7 9 990 0.0861841 0.690562 0.841854 1.11458 0.0478324 0.0156754
7 10 954 0.083597 0.732608 1.00286 1.11839 0.0427361 0.0137218
7 11 916 0.0802917 0.777313 1.08653 1.18823 0.0392079 0.0122585
7 12 781 0.0783245 0.787971 1.30428 1.0376 0.030607 0.00941678
7 13 689 0.0724423 0.894187 1.56339 1.10091 0.02389 0.00699712
7 14 644 0.0709538 0.973249 1.71992 1.0452 0.0207694 0.00600615
7 15 510 0.064633 1.1205 2.14075 1.03329 0.0139305 0.00381148
7 16 396 0.0573464 1.1645 2.42664 1.20661 0.00985101 0.00252192
7 17 298 0.0555504 1.25023 2.66151 0.986875 0.00685328 0.0017252
7 18 163 0.0481511 1.46489 3.34471 0.856737 0.00307533 0.000720935
7 19 73 0.0311506 1.369 3.6002 2.41366 0.00131032 0.0002579
7 20 26 0.0331755 1.4317 3.9253 0.914924 0.00043227 8.69373e-05
7 21 0 0 0 0 0 0 0
7 22 0 0 0 0 0 0 0
7 23 0 0 0 0 0 0 0
8 0 1265 0.0977831 0.631005 0.0658677 1.11067 0.0762975 0.027303
8 1 1314 0.0975293 0.647175 0.109472 1.14819 0.0784648 0.0280264
8 2 1244 0.098791 0.663483 0.194921 1.03017 0.0730845 0.0263467
8 3 1239 0.0985982 0.668627 0.292808 1.01514 0.0714827 0.025733
8 4 1188 0.0945962 0.691953 0.356552 1.10198 0.0669615 0.0234038
8 5 1207 0.0978604 0.731923 0.451149 0.953246 0.065373 0.023407
8 6 1140 0.091933 0.718758 0.508844 1.1165 0.06111 0.0209348
8 7 1085 0.0891029 0.738738 0.65135 1.13216 0.0552166 0.0185109
8 8 1015 0.0874651 0.785769 0.746767 1.08596 0.0491585 0.0162721
8 9 957 0.086732 0.826083 0.851609 1.00822 0.0440542 0.0144994
8 10 967 0.0838666 0.869162 0.998848 1.07976 0.0416279 0.0133946
8 11 835 0.0766074 0.924354 1.20711 1.19346 0.032775 0.00994174
8 12 755 0.0740432 0.967018 1.35252 1.1643 0.0277951 0.00825213
8 13 673 0.0702811 1.0212 1.57867 1.16739 0.0225734 0.00649012
8 14 573 0.0681932 1.1083 1.82012 1.03047 0.0173871 0.00490919
8 15 440 0.0615143 1.24464 2.13995 1.07647 0.0117713 0.00313146
8 16 306 0.0550164 1.40687 2.58653 1.05606 0.00702899 0.00176054
8 17 214 0.0489068 1.4088 2.7519 1.20631 0.00470437 0.00111103
8 18 117 0.0381333 1.56881 3.21559 1.75623 0.00224957 0.000476591
8 19 48 0.0304878 1.79207 4.08631 1.9923 0.000749793 0.000146531
8 20 14 0.0204494 1.66032 4.01026 3.74579 0.000224513 3.93152e-05
8 21 0 0 0 0 0 0 0
8 22 0 0 0 0 0 0 0
8 23 0 0 0 0 0 0 0
9 0 1349 0.0983151 0.761398 0.052966 1.09473 0.0765963 0.0275169
9 1 1210 0.0990991 0.798243 0.126715 0.935142 0.0672184 0.0242864
9 2 1230 0.0976427 0.776118 0.20551 1.00825 0.068509 0.0244907
9 3 1167 0.0935828 0.794877 0.274475 1.09344 0.0637977 0.0221294
9 4 1175 0.0955508 0.838223 0.38322 0.983336 0.0617143 0.0217237
9 5 1152 0.0938018 0.793306 0.479382 1.0292 0.0603487 0.0209675
9 6 1136 0.0906217 0.841455 0.586109 1.09438 0.0566509 0.0192145
9 7 1095 0.0922725 0.888603 0.680021 0.94363 0.0521192 0.0179008
9 8 970 0.0895904 0.881119 0.788601 0.901258 0.0447399 0.0150551
9 9 901 0.082727 0.963989 0.924641 1.05606 0.0385695 0.0122982
9 10 866 0.082877 1.00422 1.09937 0.937211 0.0344873 0.0110098
9 11 788 0.0780593 1.0735 1.26499 0.998918 0.0290557 0.00892004
9 12 699 0.0775147 1.12478 1.37289 0.856311 0.0245091 0.0074905
9 13 581 0.0668817 1.25283 1.68073 1.13847 0.0178679 0.00498724
9 14 419 0.0643214 1.34263 2.00834 0.85739 0.0114467 0.00312319
9 15 354 0.0557726 1.44535 2.26561 1.22091 0.00881832 0.00222451
9 16 245 0.050867 1.59151 2.54297 1.18089 0.00553409 0.00133217
9 17 147 0.0440668 1.78412 3.10083 1.21439 0.00282669 0.000636275
9 18 89 0.0330367 1.92907 3.57152 2.1982 0.00152064 0.000305379
9 19 36 0.0239948 1.99791 3.65856 3.43946 0.000599847 0.000109237
9 20 0 0 0 0 0 0 0
9 21 0 0 0 0 0 0 0
9 22 0 0 0 0 0 0 0
9 23 0 0 0 0 0 0 0
10 0 1270 0.0998048 0.8947 0.0423802 0.914537 0.0675716 0.0245394
10 1 1197 0.0951245 0.949563 0.116096 1.00092 0.0617824 0.0216788
10 2 1252 0.0941484 0.926692 0.211155 1.08704 0.0648213 0.02258
10 3 1230 0.0927315 0.92965 0.31723 1.10964 0.0626771 0.0216018
10 4 1112 0.0925047 0.931307 0.36734 1.00846 0.0561326 0.0193131
10 5 1166 0.0898392 0.951202 0.499946 1.12842 0.056738 0.019129
10 6 1040 0.0880145 1.00274 0.627007 1.0377 0.0479649 0.015945
10 7 1016 0.0860652 1.04454 0.719432 1.05728 0.0449322 0.0147113
10 8 969 0.0861393 1.05204 0.852909 0.965176 0.0411129 0.0134686
10 9 926 0.0816856 1.11848 0.960326 1.06698 0.0371307 0.0117408
10 10 804 0.0772886 1.21456 1.17361 1.04497 0.0292587 0.00892539
10 11 715 0.0742778 1.23026 1.3509 1.02623 0.0245194 0.00729401
10 12 624 0.066797 1.34214 1.54747 1.2339 0.0195533 0.0054536
10 13 544 0.0655288 1.41412 1.77491 1.09277 0.0156687 0.00432138
10 14 384 0.0595913 1.59595 2.17632 1.00357 0.00953011 0.00249103
10 15 309 0.0557616 1.71145 2.3742 1.01015 0.00713621 0.0018
10 16 194 0.0455887 1.8217 2.87159 1.36683 0.0039093 0.000893479
10 17 119 0.0402401 1.9929 3.08766 1.45429 0.0022318 0.000483215
10 18 40 0.028046 1.97354 3.36661 2.48729 0.00070923 0.000134999
10 19 16 0.0321366 2.19393 3.92573 0.554463 0.000248068 4.93426e-05
10 20 0 0 0 0 0 0 0
10 21 0 0 0 0 0 0 0
10 22 0 0 0 0 0 0 0
10 23 0 0 0 0 0 0 0
11 0 1105 0.0960269 1.04214 0.0610071 0.84254 0.054599 0.019287
11 1 1231 0.0925914 1.02377 0.136693 1.09079 0.0611621 0.0210573
11 2 1140 0.0939841 1.08715 0.223309 0.920204 0.0545071 0.0189638
11 3 1184 0.0900933 1.06395 0.306521 1.11689 0.0566847 0.0191483
11 4 1096 0.0889216 1.10695 0.430828 1.04892 0.0504184 0.0168787
11 5 1068 0.0894351 1.12832 0.515481 0.975541 0.0478769 0.0160914
11 6 938 0.0850378 1.16304 0.612198 1.00091 0.0405693 0.0131758
11 7 901 0.0821249 1.20576 0.729727 1.04921 0.0372413 0.0118175
11 8 848 0.0832411 1.25107 0.866944 0.884077 0.0332591 0.0106486
11 9 812 0.0780067 1.31311 1.04854 1.02218 0.029661 0.00910192
11 10 708 0.0763514 1.33673 1.23072 0.910956 0.0243834 0.00738057
11 11 610 0.0730065 1.3863 1.31664 0.90152 0.0201941 0.0059431
11 12 507 0.0659648 1.62621 1.65872 0.974858 0.0143195 0.00396458
11 13 430 0.063341 1.67974 1.84966 0.919773 0.0114127 0.00308663
11 14 315 0.0548138 1.77373 2.14363 1.15233 0.00761019 0.00190246
11 15 214 0.0470382 2.04158 2.57649 1.34048 0.00444865 0.00103149
11 16 130 0.0406919 2.07333 2.89076 1.51301 0.00251285 0.000546591
11 17 62 0.0342104 2.2633 3.19694 1.66041 0.00109546 0.000222746
11 18 16 0.0203968 2.04656 3.40843 3.98438 0.00027878 4.87896e-05
11 19 11 0.0190073 2.69846 4.33412 3.99372 0.000151025 2.6026e-05
11 20 0 0 0 0 0 0 0
11 21 0 0 0 0 0 0 0
11 22 0 0 0 0 0 0 0
11 23 0 0 0 0 0 0 0
12 0 1094 0.0901771 1.18337 0.0325629 0.996406 0.0504261 0.0170451
12 1 1117 0.0889437 1.23938 0.160902 1.03659 0.0498471 0.0166903
12 2 1096 0.0863331 1.27193 0.224694 1.10995 0.0479254 0.0157243
12 3 1001 0.0884325 1.25092 0.336492 0.926509 0.0436917 0.0145716
12 4 1090 0.0869267 1.24227 0.38689 1.07386 0.0474446 0.015639
12 5 984 0.0849933 1.35333 0.576597 0.976555 0.039514 0.0128285
12 6 933 0.0862009 1.35775 0.655614 0.852579 0.0368349 0.012073
12 7 869 0.0753042 1.3806 0.783106 1.2711 0.0330874 0.00992802
12 8 722 0.0766845 1.45875 0.93462 0.949447 0.025781 0.00782523
12 9 666 0.0757186 1.52382 1.06931 0.864142 0.022512 0.00677826
12 10 659 0.0712696 1.56336 1.22711 1.04562 0.0211573 0.00613493
12 11 533 0.0645546 1.70129 1.46671 1.14415 0.0154839 0.00423352
12 12 434 0.0598629 1.86083 1.82161 1.13734 0.0111134 0.00291213
12 13 323 0.0582188 1.91067 1.96701 0.919269 0.00790424 0.00204002
12 14 239 0.0525964 2.15865 2.36159 0.940876 0.00509269 0.00124651
12 15 144 0.0440271 2.27669 2.75143 1.2 0.00277348 0.000624048
12 16 76 0.0340862 2.55648 3.07836 1.8656 0.00131616 0.00026727
12 17 46 0.030378 2.47632 3.30495 2.04629 0.000773273 0.000150941
12 18 11 0.0177839 3.11676 4.28278 4.57759 0.000145762 2.47789e-05
12 19 0 0 0 0 0 0 0
12 20 0 0 0 0 0 0 0
12 21 0 0 0 0 0 0 0
12 22 0 0 0 0 0 0 0
12 23 0 0 0 0 0 0 0
13 0 956 0.0854909 1.39433 0.0700547 0.960578 0.0397637 0.0129604
13 1 953 0.0864118 1.42699 0.164821 0.897631 0.0388919 0.0127683
13 2 972 0.0867426 1.37173 0.221811 0.924995 0.0405548 0.0133487
13 3 947 0.085427 1.40947 0.354697 0.927015 0.0383419 0.0124907
13 4 938 0.0802661 1.40338 0.449962 1.14812 0.0376194 0.0117595
13 5 872 0.082296 1.48349 0.572368 0.925069 0.0331592 0.0105366
13 6 822 0.0788646 1.52043 0.6832 0.997431 0.0302055 0.00933457
13 7 691 0.0766567 1.60036 0.843802 0.87415 0.0238767 0.00724557
13 8 641 0.0730247 1.69155 1.01473 0.925395 0.0207029 0.00609375
13 9 588 0.068596 1.86553 1.26087 0.986373 0.0170472 0.00483019
13 10 501 0.0661739 1.88902 1.40138 0.939132 0.0140016 0.00388374
13 11 413 0.0591249 1.94544 1.57781 1.17587 0.0109378 0.00284672
13 12 289 0.0568547 2.13138 1.87622 0.882831 0.00685701 0.0017474
13 13 220 0.0562353 2.15151 2.05335 0.617858 0.00500819 0.00126888
13 14 163 0.0426224 2.72315 2.69191 1.42621 0.00294196 0.000652636
13 15 71 0.0357526 2.65852 3.14201 1.4909 0.00119735 0.000247447
13 16 43 0.0320437 2.81382 3.3688 1.5841 0.000682264 0.000135573
13 17 0 0 0 0 0 0 0
13 18 0 0 0 0 0 0 0
13 19 0 0 0 0 0 0 0
13 20 0 0 0 0 0 0 0
13 21 0 0 0 0 0 0 0
13 22 0 0 0 0 0 0 0
13 23 0 0 0 0 0 0 0
14 0 909 0.0784428 1.60726 0.063064 1.14504 0.034281 0.0105574
14 1 849 0.0748459 1.5956 0.145735 1.26541 0.0321083 0.00959728
14 2 843 0.0798414 1.57732 0.26243 1.00476 0.0319278 0.00994589
14 3 782 0.0777564 1.63726 0.343027 1.00053 0.0286606 0.0087768
14 4 785 0.0769953 1.70842 0.51812 0.994427 0.027402 0.00833871
14 5 711 0.076959 1.74103 0.611018 0.871974 0.0241987 0.00736172
14 6 697 0.0754547 1.79989 0.757179 0.886067 0.0226935 0.00681785
14 7 597 0.0719278 1.87965 0.950696 0.862563 0.0182882 0.00533296
14 8 563 0.0667691 1.91369 1.10618 1.07044 0.0165759 0.00462201
14 9 472 0.0611733 2.10757 1.29228 1.17191 0.0126422 0.00335271
14 10 378 0.0602 2.17718 1.46108 0.968647 0.0096215 0.00252902
14 11 334 0.0556446 2.24274 1.66211 1.13961 0.00804567 0.00202716
14 12 205 0.0471594 2.41983 2.081 1.31182 0.0043781 0.00101635
14 13 150 0.0435058 2.58405 2.27289 1.33614 0.00298968 0.000669171
14 14 74 0.0458128 2.84658 2.72506 0.241374 0.00130011 0.000297808
14 15 29 0.0339381 2.69626 3.02253 0.916702 0.000496509 0.000100667
14 16 17 0.0267885 3.22394 3.66102 1.73604 0.00024385 4.57858e-05
14 17 10 0.0158587 2.50782 3.37167 5.85139 0.000165366 2.75136e-05
14 18 0 0 0 0 0 0 0
14 19 0 0 0 0 0 0 0
14 20 0 0 0 0 0 0 0
14 21 0 0 0 0 0 0 0
14 22 0 0 0 0 0 0 0
14 23 0 0 0 0 0 0 0
15 0 735 0.0737638 1.92547 0.0333817 1.04073 0.0241944 0.00716619
15 1 746 0.0777238 1.82453 0.17095 0.8863 0.0255247 0.00781439
15 2 683 0.0764089 1.90763 0.271853 0.826348 0.0224722 0.00680531
15 3 706 0.0722982 1.87895 0.396486 1.08359 0.0232916 0.00681349
15 4 609 0.0720801 1.8923 0.540518 0.928648 0.0197058 0.00575381
15 5 633 0.0696177 1.97884 0.664424 1.06168 0.0195346 0.00558431
15 6 481 0.0660458 2.19678 0.892019 0.89973 0.0133517 0.00369928
15 7 466 0.0684718 2.18078 0.999725 0.707838 0.0128067 0.00362473
15 8 415 0.0578732 2.21503 1.14175 1.2798 0.0110396 0.00284011
15 9 380 0.056356 2.39099 1.37954 1.2212 0.0092449 0.00234494
15 10 259 0.0546943 2.51075 1.54771 0.914545 0.00594022 0.00148331
15 11 200 0.0518711 2.53667 1.80455 0.852464 0.00436909 0.00106197
15 12 134 0.0412178 2.8227 2.24744 1.4618 0.00255637 0.000559055
15 13 82 0.0380988 3.16147 2.58638 1.28184 0.00139281 0.000294974
15 14 39 0.0330501 3.01519 2.55087 1.39646 0.000683761 0.000137334
15 15 22 0.0254981 2.89653 2.81567 2.52555 0.000377613 6.99096e-05
15 16 0 0 0 0 0 0 0
15 17 0 0 0 0 0 0 0
15 18 0 0 0 0 0 0 0
15 19 0 0 0 0 0 0 0
15 20 0 0 0 0 0 0 0
15 21 0 0 0 0 0 0 0
15 22 0 0 0 0 0 0 0
15 23 0 0 0 0 0 0 0
16 0 590 0.0695882 2.17396 0.0728106 0.959321 0.0176033 0.00503093
16 1 535 0.0673273 2.18367 0.200612 0.991322 0.0158558 0.004443
16 2 550 0.0646861 2.22372 0.287641 1.16841 0.0160015 0.00438018
16 3 558 0.0620276 2.27771 0.466208 1.33166 0.0157484 0.00420902
16 4 468 0.0673022 2.32598 0.580629 0.784177 0.0128692 0.00360532
16 5 447 0.0642358 2.35837 0.744736 0.907624 0.0119686 0.00326309
16 6 378 0.0627306 2.44796 0.926022 0.792065 0.00963669 0.00259201
16 7 365 0.0595353 2.55096 1.07142 0.935002 0.00886183 0.00231516
16 8 295 0.0567507 2.66816 1.31741 0.869715 0.00671233 0.00170887
16 9 239 0.0514401 2.52555 1.39206 1.13862 0.00559306 0.00135384
16 10 188 0.0471487 2.84284 1.77585 1.18154 0.00383903 0.000891115
16 11 113 0.0410424 3.01598 2.04027 1.30551 0.00213751 0.000466617
16 12 74 0.0397599 3.04078 2.1711 1.02862 0.00136659 0.000294429
16 13 42 0.0339824 3.25769 2.63406 1.24742 0.000696531 0.000141288
16 14 19 0.0215921 3.28367 2.71136 3.61323 0.000310259 5.50228e-05
16 15 0 0 0 0 0 0 0
16 16 0 0 0 0 0 0 0
16 17 0 0 0 0 0 0 0
16 18 0 0 0 0 0 0 0
16 19 0 0 0 0 0 0 0
16 20 0 0 0 0 0 0 0
16 21 0 0 0 0 0 0 0
16 22 0 0 0 0 0 0 0
16 23 0 0 0 0 0 0 0
17 0 400 0.0607637 2.54916 0.0266654 1.00906 0.0104336 0.00275665
17 1 433 0.0588529 2.48558 0.190439 1.24761 0.0115149 0.00298941
17 2 386 0.0633921 2.40749 0.333345 0.832113 0.0104909 0.00283863
17 3 364 0.0600879 2.53726 0.50629 0.950664 0.00937338 0.00246127
17 4 348 0.0581078 2.5891 0.613412 1.0288 0.00874487 0.00225466
17 5 309 0.0539399 2.73597 0.824828 1.18296 0.00729026 0.00180743
17 6 262 0.0584711 2.77967 1.04715 0.619641 0.00597103 0.00154468
17 7 201 0.0482028 3.00719 1.19553 1.17238 0.00423877 0.00099418
17 8 176 0.0428115 3.06373 1.38363 1.60071 0.0035844 0.000796677
17 9 123 0.0394544 3.37996 1.75623 1.56063 0.00223096 0.000479148
17 10 79 0.0405429 3.20739 1.85822 0.996333 0.00146975 0.000319211
17 11 55 0.0324727 3.35216 2.24337 1.82814 0.00094535 0.000188711
17 12 27 0.0272836 4.16653 2.69934 2.05429 0.000380822 7.18904e-05
17 13 11 0.0223928 3.55663 2.38438 2.7665 0.000178687 3.1971e-05
17 14 0 0 0 0 0 0 0
17 15 0 0 0 0 0 0 0
17 16 0 0 0 0 0 0 0
17 17 0 0 0 0 0 0 0
17 18 0 0 0 0 0 0 0
17 19 0 0 0 0 0 0 0
17 20 0 0 0 0 0 0 0
17 21 0 0 0 0 0 0 0
17 22 0 0 0 0 0 0 0
17 23 0 0 0 0 0 0 0
18 0 277 0.0523776 2.99594 0.068259 1.16714 0.00626295 0.00152973
18 1 248 0.0503603 2.84319 0.19955 1.2864 0.00586464 0.00140482
18 2 263 0.0521124 2.95432 0.326543 1.14633 0.00599031 0.00145942
18 3 273 0.0480233 3.17164 0.524302 1.50278 0.00579215 0.00135612
18 4 210 0.0512826 2.87728 0.674108 1.00182 0.004808 0.00116204
18 5 190 0.0467192 3.18658 0.99359 1.24114 0.00389484 0.000900234
18 6 156 0.0422062 3.33503 1.13595 1.51103 0.00304254 0.000672107
18 7 118 0.0395045 3.14851 1.30269 1.61566 0.00237353 0.00051003
18 8 100 0.0396095 3.22458 1.45731 1.40083 0.00194248 0.000417856
18 9 53 0.0306583 3.46454 1.69417 2.19348 0.0009502 0.000186036
18 10 29 0.0314164 3.34648 2.01 1.42439 0.000514031 0.000101461
18 11 23 0.0221664 3.47187 2.08236 3.63861 0.000393957 7.03113e-05
18 12 0 0 0 0 0 0 0
18 13 0 0 0 0 0 0 0
18 14 0 0 0 0 0 0 0
18 15 0 0 0 0 0 0 0
18 16 0 0 0 0 0 0 0
18 17 0 0 0 0 0 0 0
18 18 0 0 0 0 0 0 0
18 19 0 0 0 0 0 0 0
18 20 0 0 0 0 0 0 0
18 21 0 0 0 0 0 0 0
18 22 0 0 0 0 0 0 0
18 23 0 0 0 0 0 0 0
19 0 156 0.0411608 3.30965 0.0726199 1.70061 0.00322217 0.000704249
19 1 149 0.0471338 3.24427 0.228413 0.978236 0.00312789 0.00072594
19 2 145 0.042381 3.32866 0.494888 1.4586 0.00295018 0.000652861
19 3 108 0.0406839 3.72517 0.594301 1.27409 0.00197672 0.000429937
19 4 99 0.0438392 3.48424 0.694422 0.851996 0.00191595 0.000430285
19 5 105 0.0419596 3.49689 1.00881 1.11573 0.00198708 0.000437853
19 6 71 0.0342246 3.63158 1.2146 1.81472 0.0012814 0.000260591
19 7 61 0.0349731 3.56316 1.19268 1.55294 0.00112059 0.000229695
19 8 36 0.0354467 3.72905 1.51146 0.882887 0.0006202 0.000127761
19 9 21 0.031421 3.74268 1.78148 1.0442 0.000351786 6.94399e-05
19 10 13 0.022342 3.40384 1.59542 3.0743 0.000238712 4.26868e-05
19 11 0 0 0 0 0 0 0
19 12 0 0 0 0 0 0 0
19 13 0 0 0 0 0 0 0
19 14 0 0 0 0 0 0 0
19 15 0 0 0 0 0 0 0
19 16 0 0 0 0 0 0 0
19 17 0 0 0 0 0 0 0
19 18 0 0 0 0 0 0 0
19 19 0 0 0 0 0 0 0
19 20 0 0 0 0 0 0 0
19 21 0 0 0 0 0 0 0
19 22 0 0 0 0 0 0 0
19 23 0 0 0 0 0 0 0
20 0 69 0.0383717 3.48101 0.0543364 1.2189 0.00136066 0.00028898
20 1 82 0.0344793 3.82286 0.242815 1.9145 0.00147947 0.000301683
20 2 67 0.0337542 3.57877 0.444849 1.89529 0.00127878 0.000258769
20 3 52 0.036616 3.66464 0.632131 1.13776 0.000964533 0.000201143
20 4 46 0.0341733 4.06375 0.785032 1.31647 0.000771661 0.000156844
20 5 30 0.025226 3.81218 1.00063 2.93707 0.000526992 9.72748e-05
20 6 20 0.0291961 3.59006 0.978386 1.56968 0.000370766 7.14574e-05
20 7 10 0.0156337 4.08173 1.44894 5.97347 0.000160687 2.66678e-05
20 8 0 0 0 0 0 0 0
20 9 0 0 0 0 0 0 0
20 10 0 0 0 0 0 0 0
20 11 0 0 0 0 0 0 0
20 12 0 0 0 0 0 0 0
20 13 0 0 0 0 0 0 0
20 14 0 0 0 0 0 0 0
20 15 0 0 0 0 0 0 0
20 16 0 0 0 0 0 0 0
20 17 0 0 0 0 0 0 0
20 18 0 0 0 0 0 0 0
20 19 0 0 0 0 0 0 0
20 20 0 0 0 0 0 0 0
20 21 0 0 0 0 0 0 0
20 22 0 0 0 0 0 0 0
20 23 0 0 0 0 0 0 0
21 0 27 0.0279081 4.5714 0.23935 1.97665 0.000411594 7.82281e-05
21 1 15 0.0253329 3.88754 0.378928 2.22148 0.000265735 4.91082e-05
21 2 23 0.0351429 4.30634 0.56075 0.412856 0.000368655 7.5701e-05
21 3 0 0 0 0 0 0 0
21 4 15 0.0249509 3.99603 0.784409 2.29372 0.000255511 4.70216e-05
21 5 0 0 0 0 0 0 0
21 6 0 0 0 0 0 0 0
21 7 0 0 0 0 0 0 0
21 8 0 0 0 0 0 0 0
21 9 0 0 0 0 0 0 0
21 10 0 0 0 0 0 0 0
21 11 0 0 0 0 0 0 0
21 12 0 0 0 0 0 0 0
21 13 0 0 0 0 0 0 0
21 14 0 0 0 0 0 0 0
21 15 0 0 0 0 0 0 0
21 16 0 0 0 0 0 0 0
21 17 0 0 0 0 0 0 0
21 18 0 0 0 0 0 0 0
21 19 0 0 0 0 0 0 0
21 20 0 0 0 0 0 0 0
21 21 0 0 0 0 0 0 0
21 22 0 0 0 0 0 0 0
21 23 0 0 0 0 0 0 0
22 0 0 0 0 0 0 0 0
22 1 0 0 0 0 0 0 0
22 2 0 0 0 0 0 0 0
22 3 0 0 0 0 0 0 0
22 4 0 0 0 0 0 0 0
22 5 0 0 0 0 0 0 0
22 6 0 0 0 0 0 0 0
22 7 0 0 0 0 0 0 0
22 8 0 0 0 0 0 0 0
22 9 0 0 0 0 0 0 0
22 10 0 0 0 0 0 0 0
22 11 0 0 0 0 0 0 0
22 12 0 0 0 0 0 0 0
22 13 0 0 0 0 0 0 0
22 14 0 0 0 0 0 0 0
22 15 0 0 0 0 0 0 0
22 16 0 0 0 0 0 0 0
22 17 0 0 0 0 0 0 0
22 18 0 0 0 0 0 0 0
22 19 0 0 0 0 0 0 0
22 20 0 0 0 0 0 0 0
22 21 0 0 0 0 0 0 0
22 22 0 0 0 0 0 0 0
22 23 0 0 0 0 0 0 0
23 0 0 0 0 0 0 0 0
23 1 0 0 0 0 0 0 0
23 2 0 0 0 0 0 0 0
23 3 0 0 0 0 0 0 0
23 4 0 0 0 0 0 0 0
23 5 0 0 0 0 0 0 0
23 6 0 0 0 0 0 0 0
23 7 0 0 0 0 0 0 0
23 8 0 0 0 0 0 0 0
23 9 0 0 0 0 0 0 0
23 10 0 0 0 0 0 0 0
23 11 0 0 0 0 0 0 0
23 12 0 0 0 0 0 0 0
23 13 0 0 0 0 0 0 0
23 14 0 0 0 0 0 0 0
23 15 0 0 0 0 0 0 0
23 16 0 0 0 0 0 0 0
23 17 0 0 0 0 0 0 0
23 18 0 0 0 0 0 0 0
23 19 0 0 0 0 0 0 0
23 20 0 0 0 0 0 0 0
23 21 0 0 0 0 0 0 0
23 22 0 0 0 0 0 0 0
23 23 0 0 0 0 0 0 0
