#  ix    iy     NK     E/N         TK    Uxpi    UyK      muK      rho      epsilon
0 0 0 0 0 0 0 0 0
0 1 0 0 0 0 0 0 0
0 2 0 0 0 0 0 0 0
0 3 0 0 0 0 0 0 0
0 4 0 0 0 0 0 0 0
0 5 0 0 0 0 0 0 0
0 6 0 0 0 0 0 0 0
0 7 73 0.153346 0.0578845 0.311375 -1.60404 0.00915699 0.00723848
0 8 486 0.14545 0.0311053 0.62059 0.452896 0.0543157 0.0419737
0 9 402 0.119139 0.0640934 0.876376 1.2667 0.0397341 0.0284184
0 10 266 0.108297 0.0661867 1.13616 1.31543 0.0231023 0.0159918
0 11 145 0.0929004 0.0196363 1.48194 1.57664 0.0106712 0.00704678
0 12 74 0.0686205 0.0443418 1.57425 3.27478 0.00521932 0.00319536
0 13 19 0.0513075 0.067939 1.83329 4.72395 0.00119652 0.000693578
0 14 0 0 0 0 0 0 0
0 15 0 0 0 0 0 0 0
0 16 0 0 0 0 0 0 0
0 17 0 0 0 0 0 0 0
0 18 0 0 0 0 0 0 0
0 19 0 0 0 0 0 0 0
0 20 0 0 0 0 0 0 0
0 21 0 0 0 0 0 0 0
0 22 0 0 0 0 0 0 0
0 23 0 0 0 0 0 0 0
1 0 0 0 0 0 0 0 0
1 1 0 0 0 0 0 0 0
1 2 0 0 0 0 0 0 0
1 3 0 0 0 0 0 0 0
1 4 0 0 0 0 0 0 0
1 5 0 0 0 0 0 0 0
1 6 0 0 0 0 0 0 0
1 7 174 0.158782 0.110866 0.418728 -0.951478 0.0210086 0.0168656
1 8 507 0.140075 0.120732 0.657303 0.676093 0.0554647 0.0421989
1 9 383 0.123863 0.161913 0.887195 0.976235 0.0374237 0.0271461
1 10 250 0.097901 0.152029 1.24166 1.86563 0.0205399 0.0137739
1 11 161 0.0789059 0.26239 1.42263 2.93011 0.0120459 0.00761635
1 12 66 0.0565358 0.210951 1.6558 4.98717 0.00446304 0.00263019
1 13 15 0.0590168 0.18645 1.86661 2.97719 0.000928446 0.000551464
1 14 0 0 0 0 0 0 0
1 15 0 0 0 0 0 0 0
1 16 0 0 0 0 0 0 0
1 17 0 0 0 0 0 0 0
1 18 0 0 0 0 0 0 0
1 19 0 0 0 0 0 0 0
1 20 0 0 0 0 0 0 0
1 21 0 0 0 0 0 0 0
1 22 0 0 0 0 0 0 0
1 23 0 0 0 0 0 0 0
2 0 0 0 0 0 0 0 0
2 1 0 0 0 0 0 0 0
2 2 0 0 0 0 0 0 0
2 3 0 0 0 0 0 0 0
2 4 0 0 0 0 0 0 0
2 5 0 0 0 0 0 0 0
2 6 10 0.041562 -0.143166 -0.0305662 7.41423 0.00130191 0.000731749
2 7 293 0.158423 0.154502 0.440194 -0.431395 0.0349377 0.0280193
2 8 463 0.138851 0.242284 0.7191 0.590355 0.0485306 0.0367919
2 9 356 0.114189 0.283652 0.864639 1.38793 0.034645 0.0244129
2 10 223 0.0970436 0.366271 1.22805 1.7969 0.0180511 0.0120731
2 11 136 0.0741141 0.273902 1.44627 3.26367 0.0100559 0.00626349
2 12 48 0.066827 0.365034 1.67837 3.01736 0.00317775 0.00193453
2 13 12 0.0427737 0.36108 1.84304 6.46829 0.000742087 0.000418697
2 14 0 0 0 0 0 0 0
2 15 0 0 0 0 0 0 0
2 16 0 0 0 0 0 0 0
2 17 0 0 0 0 0 0 0
2 18 0 0 0 0 0 0 0
2 19 0 0 0 0 0 0 0
2 20 0 0 0 0 0 0 0
2 21 0 0 0 0 0 0 0
2 22 0 0 0 0 0 0 0
2 23 0 0 0 0 0 0 0
3 0 0 0 0 0 0 0 0
3 1 0 0 0 0 0 0 0
3 2 0 0 0 0 0 0 0
3 3 0 0 0 0 0 0 0
3 4 0 0 0 0 0 0 0
3 5 10 0.0530355 -0.250987 -0.113347 4.41332 0.00126856 0.00073937
3 6 23 0.070843 0.0737805 -0.0704189 2.44373 0.0030107 0.00185612
3 7 444 0.143857 0.275784 0.523689 0.434301 0.0502751 0.0386727
3 8 404 0.134535 0.37686 0.750882 0.588418 0.0407003 0.0304686
3 9 307 0.109165 0.376968 1.01936 1.43341 0.0273513 0.0189828
3 10 211 0.0901904 0.437989 1.22996 2.248 0.0168816 0.0110549
3 11 99 0.0788537 0.475598 1.5134 2.38491 0.00694642 0.00439134
3 12 48 0.0500264 0.527915 1.67485 5.9728 0.00312532 0.0018043
3 13 10 0.0401256 0.731822 2.16854 6.99251 0.000526816 0.000294757
3 14 0 0 0 0 0 0 0
3 15 0 0 0 0 0 0 0
3 16 0 0 0 0 0 0 0
3 17 0 0 0 0 0 0 0
3 18 0 0 0 0 0 0 0
3 19 0 0 0 0 0 0 0
3 20 0 0 0 0 0 0 0
3 21 0 0 0 0 0 0 0
3 22 0 0 0 0 0 0 0
3 23 0 0 0 0 0 0 0
4 0 0 0 0 0 0 0 0
4 1 0 0 0 0 0 0 0
4 2 0 0 0 0 0 0 0
4 3 0 0 0 0 0 0 0
4 4 17 0.0480847 -0.153755 -0.0600078 6.08945 0.00220698 0.00126632
4 5 13 0.0431088 -0.0889949 -0.0866981 7.19313 0.00169747 0.000958759
4 6 237 0.151632 0.286515 0.372938 -0.420432 0.0282193 0.022198
4 7 487 0.136644 0.37682 0.571569 0.763986 0.0528751 0.039828
4 8 358 0.124036 0.470216 0.851191 0.865369 0.0337706 0.0245089
4 9 265 0.104322 0.527511 1.00013 1.55739 0.0230996 0.0157977
4 10 171 0.086377 0.585334 1.322 2.2898 0.0127992 0.00828308
4 11 83 0.0685165 0.642936 1.58893 3.34131 0.0055033 0.00336811
4 12 26 0.0742587 0.617098 1.78895 1.40812 0.00159835 0.000996012
4 13 0 0 0 0 0 0 0
4 14 0 0 0 0 0 0 0
4 15 0 0 0 0 0 0 0
4 16 0 0 0 0 0 0 0
4 17 0 0 0 0 0 0 0
4 18 0 0 0 0 0 0 0
4 19 0 0 0 0 0 0 0
4 20 0 0 0 0 0 0 0
4 21 0 0 0 0 0 0 0
4 22 0 0 0 0 0 0 0
4 23 0 0 0 0 0 0 0
5 0 0 0 0 0 0 0 0
5 1 0 0 0 0 0 0 0
5 2 11 0.0319061 -0.23328 -0.239719 11.4925 0.00137262 0.000748299
5 3 10 0.0897011 -0.0273065 -0.0211085 -0.264805 0.00131501 0.000859827
5 4 19 0.046409 -0.1698 0.0468961 6.62853 0.00246209 0.00140523
5 5 109 0.140183 0.284918 0.232884 -0.744124 0.0134597 0.0102437
5 6 495 0.151624 0.448182 0.44816 0.247395 0.0550126 0.0432733
5 7 419 0.119112 0.556526 0.63445 1.32668 0.0421325 0.0301313
5 8 271 0.102168 0.580996 0.88027 1.75539 0.0245338 0.0166686
5 9 204 0.0908274 0.721564 1.08133 2.16602 0.0163661 0.0107385
5 10 115 0.0778525 0.796955 1.29588 2.66726 0.00831148 0.00523787
5 11 55 0.0719768 0.843067 1.65536 2.43685 0.00343022 0.0021223
5 12 14 0.0421314 0.736334 1.61344 6.86738 0.000904759 0.000509443
5 13 0 0 0 0 0 0 0
5 14 0 0 0 0 0 0 0
5 15 0 0 0 0 0 0 0
5 16 0 0 0 0 0 0 0
5 17 0 0 0 0 0 0 0
5 18 0 0 0 0 0 0 0
5 19 0 0 0 0 0 0 0
5 20 0 0 0 0 0 0 0
5 21 0 0 0 0 0 0 0
5 22 0 0 0 0 0 0 0
5 23 0 0 0 0 0 0 0
6 0 0 0 0 0 0 0 0
6 1 10 0.723757 -0.131055 -0.254826 -9.5648 0.00126488 0.000677918
6 2 16 0.0661277 -0.156063 -0.0775206 2.68689 0.00207401 0.00125983
6 3 24 0.0600832 -0.134471 0.0178118 4.01328 0.00312924 0.00186493
6 4 171 0.144143 0.294011 0.249675 -0.449657 0.0209925 0.0161612
6 5 545 0.142008 0.523738 0.362143 0.688659 0.0604889 0.0462807
6 6 403 0.133518 0.631394 0.57553 0.621269 0.0403164 0.0300913
6 7 315 0.111347 0.753375 0.779337 1.33554 0.0281043 0.0196348
6 8 210 0.0951753 0.797049 0.966805 1.8856 0.0172361 0.011462
6 9 140 0.0837964 0.778922 1.17657 2.3359 0.0106513 0.00683802
6 10 79 0.077349 0.889912 1.32538 2.3103 0.00551806 0.003472
6 11 23 0.0591854 0.915521 1.50008 3.42602 0.0014967 0.000889463
6 12 12 0.0626293 1.10846 1.79383 2.07693 0.000676563 0.000406463
6 13 0 0 0 0 0 0 0
6 14 0 0 0 0 0 0 0
6 15 0 0 0 0 0 0 0
6 16 0 0 0 0 0 0 0
6 17 0 0 0 0 0 0 0
6 18 0 0 0 0 0 0 0
6 19 0 0 0 0 0 0 0
6 20 0 0 0 0 0 0 0
6 21 0 0 0 0 0 0 0
6 22 0 0 0 0 0 0 0
6 23 0 0 0 0 0 0 0
7 0 44 0.0761205 -0.0830835 -0.0869757 2.48217 0.00574804 0.00360284
7 1 65 0.13188 0.188477 -0.0464449 -0.878459 0.00839591 0.0062364
7 2 195 0.142715 0.378584 0.166182 -0.274572 0.0237112 0.0181789
7 3 382 0.147864 0.574846 0.216427 0.128257 0.0428289 0.0333281
7 4 500 0.142359 0.661419 0.331526 0.541096 0.052888 0.0405064
7 5 417 0.122903 0.772984 0.484689 1.10174 0.040533 0.0293176
7 6 331 0.10525 0.792989 0.623499 1.78274 0.0306619 0.0210289
7 7 235 0.0994461 0.940031 0.830382 1.69545 0.0192761 0.0129878
7 8 156 0.0816758 0.933182 0.953708 2.67888 0.01231 0.00785086
7 9 86 0.0664777 1.0168 1.16871 3.72336 0.00613706 0.00373198
7 10 53 0.0604703 1.14465 1.58927 3.96306 0.00317117 0.00189223
7 11 0 0 0 0 0 0 0
7 12 0 0 0 0 0 0 0
7 13 0 0 0 0 0 0 0
7 14 0 0 0 0 0 0 0
7 15 0 0 0 0 0 0 0
7 16 0 0 0 0 0 0 0
7 17 0 0 0 0 0 0 0
7 18 0 0 0 0 0 0 0
7 19 0 0 0 0 0 0 0
7 20 0 0 0 0 0 0 0
7 21 0 0 0 0 0 0 0
7 22 0 0 0 0 0 0 0
7 23 0 0 0 0 0 0 0
8 0 493 0.136591 0.654794 0.0204422 0.791983 0.0542614 0.040866
8 1 469 0.138745 0.684727 0.0939065 0.639529 0.0507657 0.0384745
8 2 498 0.137341 0.759908 0.18429 0.711934 0.0516192 0.0389613
8 3 437 0.128775 0.849193 0.297444 0.884195 0.0427441 0.0314604
8 4 366 0.116655 0.892055 0.428382 1.24499 0.0342306 0.0243005
8 5 271 0.111584 0.973888 0.559361 1.15229 0.0237122 0.0165782
8 6 205 0.107932 1.02956 0.722148 1.01779 0.0167882 0.0116082
8 7 152 0.0931306 1.11817 0.961725 1.60956 0.0112239 0.00741701
8 8 73 0.0655223 1.09418 1.05296 3.70666 0.00528277 0.00320283
8 9 40 0.066133 1.21169 1.27659 2.91218 0.00259997 0.00157934
8 10 17 0.0415486 1.37374 1.47759 7.14811 0.000993374 0.000558309
8 11 0 0 0 0 0 0 0
8 12 0 0 0 0 0 0 0
8 13 0 0 0 0 0 0 0
8 14 0 0 0 0 0 0 0
8 15 0 0 0 0 0 0 0
8 16 0 0 0 0 0 0 0
8 17 0 0 0 0 0 0 0
8 18 0 0 0 0 0 0 0
8 19 0 0 0 0 0 0 0
8 20 0 0 0 0 0 0 0
8 21 0 0 0 0 0 0 0
8 22 0 0 0 0 0 0 0
8 23 0 0 0 0 0 0 0
9 0 340 0.113158 1.00252 0.0672014 1.35077 0.0315583 0.0221688
9 1 338 0.107773 1.02879 0.144058 1.6355 0.0308431 0.0213161
9 2 299 0.107483 1.09759 0.245661 1.48737 0.0261407 0.0180503
9 3 268 0.108754 0.995097 0.33469 1.33995 0.024321 0.0168587
9 4 244 0.0900938 1.13915 0.506447 2.42972 0.0200887 0.0131511
9 5 177 0.0858676 1.19817 0.663272 2.40471 0.0137341 0.00887405
9 6 131 0.0789623 1.27019 0.819386 2.68806 0.00951053 0.00601433
9 7 80 0.0719321 1.30205 0.886618 2.93973 0.00564153 0.00348997
9 8 37 0.070174 1.44468 1.13182 2.27004 0.00232939 0.00143307
9 9 16 0.720289 1.37483 1.22103 -9.77866 0.00100581 0.000536485
9 10 0 0 0 0 0 0 0
9 11 0 0 0 0 0 0 0
9 12 0 0 0 0 0 0 0
9 13 0 0 0 0 0 0 0
9 14 0 0 0 0 0 0 0
9 15 0 0 0 0 0 0 0
9 16 0 0 0 0 0 0 0
9 17 0 0 0 0 0 0 0
9 18 0 0 0 0 0 0 0
9 19 0 0 0 0 0 0 0
9 20 0 0 0 0 0 0 0
9 21 0 0 0 0 0 0 0
9 22 0 0 0 0 0 0 0
9 23 0 0 0 0 0 0 0
10 0 213 0.103175 1.2342 0.0266147 1.36055 0.0176411 0.0120225
10 1 188 0.0866824 1.24024 0.195661 2.44908 0.015411 0.00998278
10 2 167 0.0822705 1.23931 0.27976 2.72135 0.0135906 0.00868363
10 3 157 0.0867059 1.36982 0.432728 2.18027 0.0118023 0.00764573
10 4 128 0.0893732 1.44941 0.496243 1.70793 0.00920588 0.00601323
10 5 87 0.0826013 1.44249 0.682826 1.88556 0.00607817 0.00388762
10 6 62 0.0728208 1.33279 0.792811 2.59085 0.00442108 0.0027426
10 7 31 0.08281 1.5289 1.04685 0.722585 0.00193722 0.00123986
10 8 12 0.0577958 1.49072 1.18871 2.95354 0.000733383 0.000433927
10 9 0 0 0 0 0 0 0
10 10 0 0 0 0 0 0 0
10 11 0 0 0 0 0 0 0
10 12 0 0 0 0 0 0 0
10 13 0 0 0 0 0 0 0
10 14 0 0 0 0 0 0 0
10 15 0 0 0 0 0 0 0
10 16 0 0 0 0 0 0 0
10 17 0 0 0 0 0 0 0
10 18 0 0 0 0 0 0 0
10 19 0 0 0 0 0 0 0
10 20 0 0 0 0 0 0 0
10 21 0 0 0 0 0 0 0
10 22 0 0 0 0 0 0 0
10 23 0 0 0 0 0 0 0
11 0 101 0.0800889 1.55877 0.100711 2.29205 0.00716531 0.00454721
11 1 102 0.0735479 1.5162 0.145238 3.01701 0.00736579 0.00457978
11 2 78 0.0616134 1.43424 0.284972 4.38229 0.00579344 0.00346942
11 3 78 0.0848861 1.64575 0.390136 1.52484 0.00522334 0.0033647
11 4 55 0.0546581 1.47239 0.593923 5.19821 0.00385687 0.00225951
11 5 32 0.0615626 1.62593 0.848069 3.33461 0.00201581 0.00120698
11 6 24 0.0471808 1.35976 0.858297 6.03755 0.00166769 0.000954155
11 7 0 0 0 0 0 0 0
11 8 0 0 0 0 0 0 0
11 9 0 0 0 0 0 0 0
11 10 0 0 0 0 0 0 0
11 11 0 0 0 0 0 0 0
11 12 0 0 0 0 0 0 0
11 13 0 0 0 0 0 0 0
11 14 0 0 0 0 0 0 0
11 15 0 0 0 0 0 0 0
11 16 0 0 0 0 0 0 0
11 17 0 0 0 0 0 0 0
11 18 0 0 0 0 0 0 0
11 19 0 0 0 0 0 0 0
11 20 0 0 0 0 0 0 0
11 21 0 0 0 0 0 0 0
11 22 0 0 0 0 0 0 0
11 23 0 0 0 0 0 0 0
12 0 38 0.048214 1.85708 0.0436348 6.12873 0.00237006 0.00136045
12 1 46 0.0644505 1.86884 0.242749 3.23858 0.00283706 0.00171425
12 2 38 0.0568813 1.72605 0.341249 4.33246 0.00247062 0.00145759
12 3 10 0.0601762 1.63736 0.504265 2.44662 0.000663286 0.000395413
12 4 0 0 0 0 0 0 0
12 5 0 0 0 0 0 0 0
12 6 0 0 0 0 0 0 0
12 7 0 0 0 0 0 0 0
12 8 0 0 0 0 0 0 0
12 9 0 0 0 0 0 0 0
12 10 0 0 0 0 0 0 0
12 11 0 0 0 0 0 0 0
12 12 0 0 0 0 0 0 0
12 13 0 0 0 0 0 0 0
12 14 0 0 0 0 0 0 0
12 15 0 0 0 0 0 0 0
12 16 0 0 0 0 0 0 0
12 17 0 0 0 0 0 0 0
12 18 0 0 0 0 0 0 0
12 19 0 0 0 0 0 0 0
12 20 0 0 0 0 0 0 0
12 21 0 0 0 0 0 0 0
12 22 0 0 0 0 0 0 0
12 23 0 0 0 0 0 0 0
13 0 11 0.0449786 1.97389 0.1456 5.69109 0.000652694 0.000370839
13 1 0 0 0 0 0 0 0
13 2 0 0 0 0 0 0 0
13 3 0 0 0 0 0 0 0
13 4 0 0 0 0 0 0 0
13 5 0 0 0 0 0 0 0
13 6 0 0 0 0 0 0 0
13 7 0 0 0 0 0 0 0
13 8 0 0 0 0 0 0 0
13 9 0 0 0 0 0 0 0
13 10 0 0 0 0 0 0 0
13 11 0 0 0 0 0 0 0
13 12 0 0 0 0 0 0 0
13 13 0 0 0 0 0 0 0
13 14 0 0 0 0 0 0 0
13 15 0 0 0 0 0 0 0
13 16 0 0 0 0 0 0 0
13 17 0 0 0 0 0 0 0
13 18 0 0 0 0 0 0 0
13 19 0 0 0 0 0 0 0
13 20 0 0 0 0 0 0 0
13 21 0 0 0 0 0 0 0
13 22 0 0 0 0 0 0 0
13 23 0 0 0 0 0 0 0
14 0 0 0 0 0 0 0 0
14 1 0 0 0 0 0 0 0
14 2 0 0 0 0 0 0 0
14 3 0 0 0 0 0 0 0
14 4 0 0 0 0 0 0 0
14 5 0 0 0 0 0 0 0
14 6 0 0 0 0 0 0 0
14 7 0 0 0 0 0 0 0
14 8 0 0 0 0 0 0 0
14 9 0 0 0 0 0 0 0
14 10 0 0 0 0 0 0 0
14 11 0 0 0 0 0 0 0
14 12 0 0 0 0 0 0 0
14 13 0 0 0 0 0 0 0
14 14 0 0 0 0 0 0 0
14 15 0 0 0 0 0 0 0
14 16 0 0 0 0 0 0 0
14 17 0 0 0 0 0 0 0
14 18 0 0 0 0 0 0 0
14 19 0 0 0 0 0 0 0
14 20 0 0 0 0 0 0 0
14 21 0 0 0 0 0 0 0
14 22 0 0 0 0 0 0 0
14 23 0 0 0 0 0 0 0
15 0 0 0 0 0 0 0 0
15 1 0 0 0 0 0 0 0
15 2 0 0 0 0 0 0 0
15 3 0 0 0 0 0 0 0
15 4 0 0 0 0 0 0 0
15 5 0 0 0 0 0 0 0
15 6 0 0 0 0 0 0 0
15 7 0 0 0 0 0 0 0
15 8 0 0 0 0 0 0 0
15 9 0 0 0 0 0 0 0
15 10 0 0 0 0 0 0 0
15 11 0 0 0 0 0 0 0
15 12 0 0 0 0 0 0 0
15 13 0 0 0 0 0 0 0
15 14 0 0 0 0 0 0 0
15 15 0 0 0 0 0 0 0
15 16 0 0 0 0 0 0 0
15 17 0 0 0 0 0 0 0
15 18 0 0 0 0 0 0 0
15 19 0 0 0 0 0 0 0
15 20 0 0 0 0 0 0 0
15 21 0 0 0 0 0 0 0
15 22 0 0 0 0 0 0 0
15 23 0 0 0 0 0 0 0
16 0 0 0 0 0 0 0 0
16 1 0 0 0 0 0 0 0
16 2 0 0 0 0 0 0 0
16 3 0 0 0 0 0 0 0
16 4 0 0 0 0 0 0 0
16 5 0 0 0 0 0 0 0
16 6 0 0 0 0 0 0 0
16 7 0 0 0 0 0 0 0
16 8 0 0 0 0 0 0 0
16 9 0 0 0 0 0 0 0
16 10 0 0 0 0 0 0 0
16 11 0 0 0 0 0 0 0
16 12 0 0 0 0 0 0 0
16 13 0 0 0 0 0 0 0
16 14 0 0 0 0 0 0 0
16 15 0 0 0 0 0 0 0
16 16 0 0 0 0 0 0 0
16 17 0 0 0 0 0 0 0
16 18 0 0 0 0 0 0 0
16 19 0 0 0 0 0 0 0
16 20 0 0 0 0 0 0 0
16 21 0 0 0 0 0 0 0
16 22 0 0 0 0 0 0 0
16 23 0 0 0 0 0 0 0
17 0 0 0 0 0 0 0 0
17 1 0 0 0 0 0 0 0
17 2 0 0 0 0 0 0 0
17 3 0 0 0 0 0 0 0
17 4 0 0 0 0 0 0 0
17 5 0 0 0 0 0 0 0
17 6 0 0 0 0 0 0 0
17 7 0 0 0 0 0 0 0
17 8 0 0 0 0 0 0 0
17 9 0 0 0 0 0 0 0
17 10 0 0 0 0 0 0 0
17 11 0 0 0 0 0 0 0
17 12 0 0 0 0 0 0 0
17 13 0 0 0 0 0 0 0
17 14 0 0 0 0 0 0 0
17 15 0 0 0 0 0 0 0
17 16 0 0 0 0 0 0 0
17 17 0 0 0 0 0 0 0
17 18 0 0 0 0 0 0 0
17 19 0 0 0 0 0 0 0
17 20 0 0 0 0 0 0 0
17 21 0 0 0 0 0 0 0
17 22 0 0 0 0 0 0 0
17 23 0 0 0 0 0 0 0
18 0 0 0 0 0 0 0 0
18 1 0 0 0 0 0 0 0
18 2 0 0 0 0 0 0 0
18 3 0 0 0 0 0 0 0
18 4 0 0 0 0 0 0 0
18 5 0 0 0 0 0 0 0
18 6 0 0 0 0 0 0 0
18 7 0 0 0 0 0 0 0
18 8 0 0 0 0 0 0 0
18 9 0 0 0 0 0 0 0
18 10 0 0 0 0 0 0 0
18 11 0 0 0 0 0 0 0
18 12 0 0 0 0 0 0 0
18 13 0 0 0 0 0 0 0
18 14 0 0 0 0 0 0 0
18 15 0 0 0 0 0 0 0
18 16 0 0 0 0 0 0 0
18 17 0 0 0 0 0 0 0
18 18 0 0 0 0 0 0 0
18 19 0 0 0 0 0 0 0
18 20 0 0 0 0 0 0 0
18 21 0 0 0 0 0 0 0
18 22 0 0 0 0 0 0 0
18 23 0 0 0 0 0 0 0
19 0 0 0 0 0 0 0 0
19 1 0 0 0 0 0 0 0
19 2 0 0 0 0 0 0 0
19 3 0 0 0 0 0 0 0
19 4 0 0 0 0 0 0 0
19 5 0 0 0 0 0 0 0
19 6 0 0 0 0 0 0 0
19 7 0 0 0 0 0 0 0
19 8 0 0 0 0 0 0 0
19 9 0 0 0 0 0 0 0
19 10 0 0 0 0 0 0 0
19 11 0 0 0 0 0 0 0
19 12 0 0 0 0 0 0 0
19 13 0 0 0 0 0 0 0
19 14 0 0 0 0 0 0 0
19 15 0 0 0 0 0 0 0
19 16 0 0 0 0 0 0 0
19 17 0 0 0 0 0 0 0
19 18 0 0 0 0 0 0 0
19 19 0 0 0 0 0 0 0
19 20 0 0 0 0 0 0 0
19 21 0 0 0 0 0 0 0
19 22 0 0 0 0 0 0 0
19 23 0 0 0 0 0 0 0
20 0 0 0 0 0 0 0 0
20 1 0 0 0 0 0 0 0
20 2 0 0 0 0 0 0 0
20 3 0 0 0 0 0 0 0
20 4 0 0 0 0 0 0 0
20 5 0 0 0 0 0 0 0
20 6 0 0 0 0 0 0 0
20 7 0 0 0 0 0 0 0
20 8 0 0 0 0 0 0 0
20 9 0 0 0 0 0 0 0
20 10 0 0 0 0 0 0 0
20 11 0 0 0 0 0 0 0
20 12 0 0 0 0 0 0 0
20 13 0 0 0 0 0 0 0
20 14 0 0 0 0 0 0 0
20 15 0 0 0 0 0 0 0
20 16 0 0 0 0 0 0 0
20 17 0 0 0 0 0 0 0
20 18 0 0 0 0 0 0 0
20 19 0 0 0 0 0 0 0
20 20 0 0 0 0 0 0 0
20 21 0 0 0 0 0 0 0
20 22 0 0 0 0 0 0 0
20 23 0 0 0 0 0 0 0
21 0 0 0 0 0 0 0 0
21 1 0 0 0 0 0 0 0
21 2 0 0 0 0 0 0 0
21 3 0 0 0 0 0 0 0
21 4 0 0 0 0 0 0 0
21 5 0 0 0 0 0 0 0
21 6 0 0 0 0 0 0 0
21 7 0 0 0 0 0 0 0
21 8 0 0 0 0 0 0 0
21 9 0 0 0 0 0 0 0
21 10 0 0 0 0 0 0 0
21 11 0 0 0 0 0 0 0
21 12 0 0 0 0 0 0 0
21 13 0 0 0 0 0 0 0
21 14 0 0 0 0 0 0 0
21 15 0 0 0 0 0 0 0
21 16 0 0 0 0 0 0 0
21 17 0 0 0 0 0 0 0
21 18 0 0 0 0 0 0 0
21 19 0 0 0 0 0 0 0
21 20 0 0 0 0 0 0 0
21 21 0 0 0 0 0 0 0
21 22 0 0 0 0 0 0 0
21 23 0 0 0 0 0 0 0
22 0 0 0 0 0 0 0 0
22 1 0 0 0 0 0 0 0
22 2 0 0 0 0 0 0 0
22 3 0 0 0 0 0 0 0
22 4 0 0 0 0 0 0 0
22 5 0 0 0 0 0 0 0
22 6 0 0 0 0 0 0 0
22 7 0 0 0 0 0 0 0
22 8 0 0 0 0 0 0 0
22 9 0 0 0 0 0 0 0
22 10 0 0 0 0 0 0 0
22 11 0 0 0 0 0 0 0
22 12 0 0 0 0 0 0 0
22 13 0 0 0 0 0 0 0
22 14 0 0 0 0 0 0 0
22 15 0 0 0 0 0 0 0
22 16 0 0 0 0 0 0 0
22 17 0 0 0 0 0 0 0
22 18 0 0 0 0 0 0 0
22 19 0 0 0 0 0 0 0
22 20 0 0 0 0 0 0 0
22 21 0 0 0 0 0 0 0
22 22 0 0 0 0 0 0 0
22 23 0 0 0 0 0 0 0
23 0 0 0 0 0 0 0 0
23 1 0 0 0 0 0 0 0
23 2 0 0 0 0 0 0 0
23 3 0 0 0 0 0 0 0
23 4 0 0 0 0 0 0 0
23 5 0 0 0 0 0 0 0
23 6 0 0 0 0 0 0 0
23 7 0 0 0 0 0 0 0
23 8 0 0 0 0 0 0 0
23 9 0 0 0 0 0 0 0
23 10 0 0 0 0 0 0 0
23 11 0 0 0 0 0 0 0
23 12 0 0 0 0 0 0 0
23 13 0 0 0 0 0 0 0
23 14 0 0 0 0 0 0 0
23 15 0 0 0 0 0 0 0
23 16 0 0 0 0 0 0 0
23 17 0 0 0 0 0 0 0
23 18 0 0 0 0 0 0 0
23 19 0 0 0 0 0 0 0
23 20 0 0 0 0 0 0 0
23 21 0 0 0 0 0 0 0
23 22 0 0 0 0 0 0 0
23 23 0 0 0 0 0 0 0
