#  ix    iy     NK     E/N         TK    Uxpi    UyK      muK      rho      epsilon
0 0 119 0.0418361 0.0416299 0.0314336 8.74847 0.00540175 0.00303872
0 1 143 0.0409267 0.0195614 0.0665741 9.22951 0.00648441 0.00363728
0 2 123 0.0453372 0.024888 0.106673 7.73294 0.00555767 0.00316127
0 3 130 0.0453543 -0.00480867 0.177414 7.77402 0.00581817 0.00330963
0 4 126 0.0507513 0.0389071 0.262171 6.37954 0.00553612 0.00320344
0 5 131 0.0450432 0.030748 0.25512 7.8518 0.00576718 0.00327739
0 6 149 0.0497386 0.0173588 0.340458 6.75794 0.00641047 0.00369751
0 7 128 0.0429631 0.00325386 0.36415 8.40713 0.00546696 0.0030864
0 8 126 0.0407938 -0.00128258 0.41458 9.07071 0.00529062 0.00296641
0 9 97 0.0471132 0.0539271 0.468702 6.92669 0.00398757 0.00228097
0 10 121 0.0430318 0.0366251 0.582827 8.24546 0.00474945 0.00268191
0 11 139 0.0411269 0.0113361 0.618045 8.97501 0.00537429 0.0030165
0 12 161 0.0419574 0.0398936 0.617528 8.85115 0.00622304 0.00350208
0 13 138 0.0467952 -0.00611333 0.699536 7.26299 0.00513987 0.00293715
0 14 118 0.0424844 0.0385943 0.807998 8.28431 0.00417009 0.00235068
0 15 154 0.0387098 0.0230243 0.844799 9.81868 0.00534645 0.00297801
0 16 142 0.042873 -0.00915827 0.968645 8.2699 0.00463606 0.00261656
0 17 156 0.0460725 0.0536307 1.03872 7.4095 0.00491451 0.00280195
0 18 163 0.0391915 0.0336296 1.13396 9.55431 0.00489927 0.00273309
0 19 149 0.0394919 0.0379924 1.12505 9.36054 0.00449801 0.00251163
0 20 140 0.0385996 0.0357528 1.27098 9.55296 0.00393397 0.00219049
0 21 120 0.0411744 0.0511329 1.43028 8.4168 0.00312413 0.00175378
0 22 149 0.0444865 0.0338716 1.48413 7.58809 0.00378383 0.0021465
0 23 111 0.0440071 0.0844592 1.63182 7.36455 0.00263371 0.0014918
1 0 141 0.0445098 0.0690012 0.0114943 8.10595 0.00639347 0.00362717
1 1 135 0.0455141 0.0217153 0.0793144 7.77984 0.00611572 0.00348065
1 2 124 0.0467171 0.0854115 0.122154 7.36463 0.00557478 0.00318488
1 3 132 0.041874 0.0737696 0.156215 8.82666 0.00591242 0.0033264
1 4 134 0.0434035 0.0780776 0.216982 8.35587 0.00593515 0.00335539
1 5 123 0.0465833 0.0869417 0.295918 7.35721 0.00534257 0.00305093
1 6 131 0.0421054 0.078264 0.294672 8.71543 0.0056957 0.00320682
1 7 147 0.0395502 0.0559937 0.404418 9.65837 0.0061861 0.00345488
1 8 105 0.0454758 0.10371 0.412399 7.45932 0.00439211 0.00249938
1 9 127 0.0398353 0.0731476 0.461653 9.3893 0.00522965 0.00292335
1 10 143 0.0465841 0.068271 0.484838 7.44566 0.00583781 0.00333375
1 11 146 0.0433114 0.0557756 0.581243 8.34856 0.0057309 0.00323897
1 12 140 0.0429532 0.0520669 0.672629 8.37451 0.00527537 0.00297814
1 13 142 0.0432041 0.105594 0.78154 8.25806 0.00506811 0.00286341
1 14 143 0.043842 0.0604458 0.825713 8.0554 0.00500674 0.00283445
1 15 129 0.0451011 0.0724957 0.91609 7.54609 0.00431748 0.002454
1 16 124 0.0437345 0.108033 0.909733 7.90092 0.00415599 0.00235202
1 17 131 0.0443533 0.0998826 1.0623 7.69977 0.0040719 0.00230895
1 18 152 0.0424803 0.0884157 1.09744 8.3935 0.00464525 0.00261849
1 19 133 0.0401087 0.090436 1.21743 8.98237 0.00383092 0.00214331
1 20 129 0.0415315 0.0756875 1.26345 8.45095 0.00363505 0.00204291
1 21 138 0.0436226 0.0966745 1.40409 7.79967 0.00363319 0.00205542
1 22 125 0.0359977 0.112083 1.60838 10.3185 0.00299481 0.00165389
1 23 121 0.0396456 0.0468392 1.61821 8.86349 0.00289041 0.00161476
2 0 142 0.0438232 0.153451 0.0328376 8.3028 0.00637651 0.0036097
2 1 115 0.0372796 0.122774 0.110177 10.3335 0.00515757 0.00285984
2 2 138 0.0425457 0.114802 0.124644 8.65932 0.00618456 0.00348691
2 3 130 0.0408039 0.152629 0.164993 9.15322 0.00576526 0.00323264
2 4 149 0.0474389 0.116907 0.185514 7.34954 0.00661555 0.00378812
2 5 148 0.0435547 0.106258 0.295116 8.38902 0.00641892 0.00363062
2 6 130 0.0423221 0.111099 0.291762 8.63723 0.00564059 0.00317797
2 7 130 0.0385079 0.103885 0.376998 9.923 0.00550327 0.00306341
2 8 161 0.0468036 0.0887246 0.453511 7.51737 0.00664317 0.0037963
2 9 141 0.0444017 0.144571 0.482727 8.0263 0.00572348 0.00324596
2 10 140 0.0419835 0.0650747 0.582221 8.71761 0.00549076 0.00309024
2 11 151 0.0442796 0.141376 0.581264 8.09021 0.00589017 0.0033392
2 12 124 0.0436418 0.116633 0.69615 8.03095 0.00460479 0.00260524
2 13 165 0.0453213 0.138867 0.706227 7.82836 0.00608723 0.00346232
2 14 134 0.0395963 0.0929062 0.793305 9.37972 0.00475915 0.00265833
2 15 123 0.042585 0.100969 0.883551 8.25481 0.00417784 0.0023558
2 16 138 0.0475398 0.133189 0.913589 6.96246 0.00460883 0.0026399
2 17 153 0.0492702 0.136833 1.0411 6.57797 0.00479611 0.00276226
2 18 131 0.0435041 0.104175 1.17501 7.89307 0.00385047 0.00217753
2 19 140 0.0388894 0.147999 1.18247 9.48445 0.00409059 0.00227979
2 20 146 0.0395722 0.133538 1.27012 9.23709 0.00409135 0.00228514
2 21 116 0.0343388 0.155827 1.36275 11.0942 0.00310624 0.00170646
2 22 113 0.0370208 0.171797 1.55261 9.81553 0.00276929 0.0015343
2 23 105 0.0325595 0.155827 1.60507 11.7549 0.00251526 0.00137406
3 0 144 0.0438151 0.17381 0.0410564 8.31564 0.0064435 0.00364753
3 1 125 0.0459185 0.142426 0.0732336 7.58339 0.00561033 0.0031971
3 2 115 0.0440366 0.146432 0.108191 8.02513 0.00514273 0.00291323
3 3 149 0.043238 0.128854 0.156206 8.51765 0.006638 0.00375077
3 4 131 0.0419687 0.216331 0.226239 8.7567 0.00568265 0.00319808
3 5 146 0.0451042 0.198518 0.283685 7.91851 0.00627109 0.00356445
3 6 152 0.0456349 0.136424 0.297472 7.81785 0.0065664 0.00373857
3 7 140 0.0407813 0.178735 0.364787 9.18321 0.00589575 0.00330557
3 8 128 0.0403437 0.173997 0.427297 9.22248 0.00528302 0.00295793
3 9 127 0.047581 0.178262 0.499996 7.05307 0.00509889 0.00292098
3 10 135 0.0437309 0.190745 0.523747 8.15638 0.00535994 0.00303334
3 11 138 0.0457985 0.172966 0.574145 7.57394 0.00537969 0.00306451
3 12 157 0.0418357 0.181734 0.640186 8.84379 0.00594106 0.0033421
3 13 143 0.046133 0.164282 0.741319 7.44526 0.00517679 0.00295205
3 14 132 0.0393857 0.197942 0.821708 9.41729 0.00458244 0.00255792
3 15 146 0.0443912 0.194409 0.845674 7.89664 0.00501238 0.00284258
3 16 119 0.0446484 0.186363 0.937927 7.57448 0.00390934 0.00221884
3 17 154 0.0415886 0.221301 1.00093 8.72854 0.00488801 0.00274757
3 18 149 0.0397356 0.182822 1.104 9.27711 0.00451291 0.00252189
3 19 138 0.0431912 0.2235 1.18582 8.0259 0.0040025 0.00226126
3 20 138 0.0413691 0.276082 1.31172 8.53541 0.00375079 0.00210687
3 21 126 0.040301 0.212307 1.37044 8.78159 0.00334981 0.00187529
3 22 128 0.0385191 0.230233 1.42825 9.4099 0.00330829 0.00184163
3 23 107 0.0361365 0.283658 1.81428 10.0068 0.00232604 0.00128513
4 0 138 0.0504368 0.186086 0.0243598 6.55821 0.00616509 0.00356384
4 1 129 0.0432433 0.225733 0.0826492 8.36392 0.00570122 0.00322151
4 2 143 0.0453735 0.249513 0.122111 7.84237 0.00626284 0.00356279
4 3 144 0.0434003 0.201433 0.183482 8.41893 0.00631523 0.00357022
4 4 119 0.0471847 0.186349 0.203511 7.1765 0.00521422 0.00298331
4 5 134 0.0423213 0.217336 0.287329 8.65327 0.00573037 0.00322854
4 6 141 0.0522566 0.250668 0.360288 6.10868 0.00586869 0.0034121
4 7 115 0.0455666 0.209986 0.368803 7.52568 0.00481187 0.00273904
4 8 128 0.04462 0.236894 0.406072 7.88034 0.00526535 0.0029882
4 9 131 0.0390855 0.252403 0.445831 9.67145 0.00529953 0.00295539
4 10 126 0.0457753 0.254449 0.555816 7.48412 0.00488659 0.00278341
4 11 151 0.0456869 0.260502 0.602814 7.66865 0.00573716 0.00326698
4 12 130 0.0440742 0.242845 0.665393 7.94976 0.00482199 0.00273186
4 13 141 0.0395677 0.231818 0.7475 9.44864 0.00504716 0.00281895
4 14 130 0.0437046 0.236346 0.817665 7.98924 0.00449984 0.00254637
4 15 135 0.0414073 0.288303 0.881184 8.70498 0.00449988 0.00252795
4 16 149 0.0403141 0.243248 0.999397 9.12021 0.00472112 0.00264308
4 17 142 0.0452046 0.259385 1.07434 7.52025 0.00433056 0.00246224
4 18 145 0.0454641 0.281455 1.12957 7.44014 0.00429473 0.00244388
4 19 123 0.0446584 0.226511 1.10351 7.51973 0.00371159 0.00210667
4 20 132 0.0439213 0.272896 1.36024 7.67648 0.0035084 0.0019867
4 21 125 0.0387207 0.329676 1.4149 9.30806 0.00322154 0.00179448
4 22 121 0.0380685 0.310639 1.53823 9.46814 0.00295569 0.001643
4 23 103 0.0373226 0.324716 1.66359 9.54254 0.00237899 0.00131932
5 0 139 0.0430209 0.241795 -0.0184579 8.50564 0.00614022 0.00346712
5 1 115 0.0437047 0.271632 0.0860952 8.10003 0.00502716 0.00284477
5 2 127 0.0426697 0.277083 0.087891 8.51132 0.00554327 0.00312657
5 3 140 0.0516239 0.260255 0.172985 6.27927 0.00607396 0.00352438
5 4 130 0.0491279 0.242444 0.219415 6.76972 0.00561645 0.00323327
5 5 121 0.043764 0.233114 0.273022 8.11177 0.00517652 0.00292985
5 6 125 0.0388957 0.283326 0.316735 9.7277 0.00522922 0.00291443
5 7 133 0.0449754 0.294637 0.387959 7.81146 0.00543485 0.00308787
5 8 134 0.0484764 0.27107 0.477228 6.87649 0.00533956 0.00306754
5 9 137 0.0414871 0.27601 0.483881 8.86861 0.00544012 0.00305693
5 10 158 0.0492638 0.349791 0.567377 6.79945 0.00597599 0.00344173
5 11 137 0.0455855 0.280945 0.598182 7.59716 0.00519526 0.00295745
5 12 148 0.0395343 0.309062 0.701576 9.51678 0.00533889 0.00298157
5 13 158 0.0451722 0.315091 0.743686 7.78402 0.00558706 0.00317633
5 14 150 0.0422215 0.295882 0.803822 8.58341 0.00517827 0.00291656
5 15 158 0.0482084 0.288016 0.830144 6.95267 0.005395 0.00309676
5 16 139 0.0428823 0.338089 0.95745 8.22235 0.00443339 0.00250225
5 17 157 0.0420925 0.345564 1.03625 8.55234 0.00481876 0.00271296
5 18 140 0.0443232 0.355052 1.15596 7.70439 0.0040554 0.00229937
5 19 153 0.0361218 0.370056 1.27428 10.6005 0.00418558 0.0023124
5 20 141 0.0457292 0.417715 1.36971 7.2102 0.00366947 0.00208983
5 21 135 0.0418079 0.366014 1.4432 8.30089 0.00342137 0.0019245
5 22 136 0.0391029 0.387773 1.57407 9.17475 0.00324548 0.00181001
5 23 122 0.0392469 0.405396 1.72839 8.94636 0.00272161 0.00151853
6 0 124 0.046764 0.297831 0.0364955 7.32026 0.00539857 0.00308467
6 1 121 0.0435811 0.349274 0.068152 8.16702 0.00518168 0.00293107
6 2 119 0.0475849 0.310658 0.181135 7.05033 0.00508998 0.00291592
6 3 143 0.0466422 0.290614 0.166002 7.48473 0.00616394 0.00352064
6 4 142 0.0418932 0.26749 0.205235 8.85438 0.00611627 0.0034413
6 5 133 0.0443997 0.273523 0.28621 8.00879 0.00562099 0.00318781
6 6 143 0.0428088 0.275633 0.298607 8.55114 0.00602177 0.00339796
6 7 129 0.0483408 0.367865 0.394017 6.8758 0.0051615 0.00296397
6 8 143 0.0452765 0.294899 0.418262 7.79008 0.00578628 0.00329068
6 9 140 0.0485776 0.347672 0.515004 6.86401 0.00540515 0.00310621
6 10 141 0.0486224 0.330085 0.576387 6.84075 0.00533873 0.00306848
6 11 152 0.0477227 0.34584 0.613482 7.11974 0.00564885 0.00323749
6 12 151 0.0500701 0.350763 0.69049 6.5145 0.0054265 0.00313325
6 13 146 0.044546 0.359952 0.774476 7.859 0.00504644 0.0028633
6 14 149 0.0477484 0.345912 0.827077 6.99982 0.0050429 0.00289044
6 15 131 0.0444826 0.369173 0.877882 7.71988 0.00431198 0.00244608
6 16 148 0.0409429 0.376374 0.93557 8.91007 0.00473687 0.00265718
6 17 150 0.0462194 0.395312 1.00067 7.31305 0.00464175 0.00264767
6 18 127 0.0425899 0.397572 1.09498 8.14795 0.00376009 0.00212027
6 19 122 0.0387184 0.365286 1.18101 9.38828 0.00348762 0.00194269
6 20 138 0.0421628 0.420279 1.26542 8.28289 0.00376355 0.00211935
6 21 109 0.0431038 0.434667 1.43187 7.67817 0.00275287 0.00155484
6 22 112 0.0366246 0.442304 1.58707 9.93007 0.00264149 0.00146166
6 23 87 0.0396666 0.473436 1.69848 8.46289 0.00195087 0.00108995
7 0 129 0.0490307 0.353351 0.0572285 6.77574 0.00552061 0.00317712
7 1 123 0.0436162 0.39592 0.0296583 8.15941 0.00519634 0.00293968
7 2 136 0.0444179 0.36592 0.108145 8.03072 0.00577565 0.00327572
7 3 133 0.0454796 0.300791 0.178195 7.72013 0.00570674 0.00324753
7 4 137 0.0517325 0.411237 0.276482 6.1708 0.00557976 0.00323874
7 5 134 0.0435827 0.339788 0.305797 8.23332 0.00553955 0.00313352
7 6 159 0.0414775 0.353275 0.327493 9.05149 0.00651118 0.00365867
7 7 143 0.0447373 0.363288 0.376609 7.93664 0.00575918 0.00326968
7 8 129 0.0428261 0.377272 0.441099 8.37402 0.00507128 0.00286177
7 9 139 0.0462152 0.380023 0.503016 7.45519 0.00534472 0.00304861
7 10 150 0.0445903 0.410551 0.604577 7.93331 0.00550486 0.00312384
7 11 137 0.0476749 0.42799 0.656897 6.9897 0.00490065 0.00280825
7 12 135 0.0453631 0.421771 0.671816 7.58079 0.00480751 0.0027348
7 13 143 0.0451648 0.407757 0.756045 7.66111 0.00493066 0.00280309
7 14 138 0.0467878 0.394565 0.839972 7.1535 0.00459786 0.00262736
7 15 145 0.0414631 0.46105 0.96525 8.68696 0.00450096 0.002529
7 16 148 0.0431742 0.446526 0.993917 8.15901 0.00454872 0.00256971
7 17 138 0.0432721 0.4746 1.10373 8.00405 0.00401285 0.00226768
7 18 140 0.0456314 0.478734 1.17194 7.30918 0.00394457 0.00224581
7 19 123 0.0439629 0.48236 1.21616 7.63146 0.00339517 0.00192283
7 20 128 0.037522 0.466799 1.28263 9.83194 0.00343853 0.00190811
7 21 129 0.0398811 0.522253 1.43169 8.88727 0.00321689 0.00179848
7 22 102 0.0387658 0.536127 1.49858 9.02428 0.00246658 0.00137415
7 23 108 0.0336878 0.609317 1.71877 11.1284 0.00236041 0.00129406
8 0 122 0.0460103 0.456617 0.0073023 7.45229 0.00504434 0.0028754
8 1 129 0.0400446 0.410625 0.0661371 9.35058 0.00541403 0.00302841
8 2 145 0.0452908 0.403305 0.134721 7.8332 0.00606536 0.00344954
8 3 126 0.0455672 0.422162 0.149551 7.60826 0.00522698 0.00297534
8 4 143 0.0424148 0.434667 0.213039 8.64468 0.00585059 0.00329725
8 5 132 0.0449289 0.45867 0.318327 7.7878 0.00523881 0.00297605
8 6 149 0.0450126 0.438063 0.341743 7.88659 0.00592033 0.0033641
8 7 130 0.0454841 0.44437 0.391355 7.60344 0.00508456 0.00289351
8 8 145 0.0470032 0.419187 0.464955 7.29227 0.00558652 0.00319448
8 9 150 0.0473701 0.435975 0.510189 7.21131 0.00566147 0.00324111
8 10 148 0.0473018 0.483229 0.622113 7.15988 0.00528457 0.00302468
8 11 160 0.0446033 0.418044 0.620801 7.9857 0.00582255 0.00330426
8 12 144 0.0437512 0.447714 0.741899 8.07012 0.00494668 0.00279964
8 13 145 0.0485014 0.512285 0.789544 6.76375 0.0047995 0.00275749
8 14 158 0.0387985 0.456146 0.812737 9.76829 0.00525382 0.00292724
8 15 157 0.0464532 0.51059 0.894124 7.31963 0.00497195 0.00283811
8 16 145 0.0434759 0.527538 0.95067 8.04884 0.00446181 0.00252302
8 17 164 0.0444688 0.532694 1.08807 7.81963 0.00474546 0.00269187
8 18 152 0.0400371 0.506509 1.15967 9.11903 0.0042837 0.00239609
8 19 136 0.0371864 0.527657 1.27138 10.0204 0.00363332 0.00201406
8 20 148 0.0390336 0.539083 1.37923 9.34852 0.00376485 0.0020992
8 21 117 0.0369864 0.573038 1.446 9.86726 0.00287604 0.00159327
8 22 91 0.040907 0.593765 1.55019 8.1249 0.0021344 0.00119717
8 23 96 0.0341835 0.666131 1.73075 10.7615 0.00207107 0.00113722
9 0 149 0.0395762 0.473404 0.03909 9.63796 0.00611762 0.00341691
9 1 134 0.0413131 0.495832 0.0770673 8.92635 0.00544398 0.00305742
9 2 166 0.0483083 0.465707 0.11537 7.15994 0.00680297 0.00390618
9 3 138 0.0435927 0.489448 0.196685 8.2319 0.00554817 0.00313849
9 4 149 0.0393176 0.46061 0.22323 9.71612 0.00602886 0.00336458
9 5 143 0.0467819 0.477069 0.332721 7.35555 0.00561872 0.00321064
9 6 151 0.0400035 0.475548 0.357092 9.45079 0.00589929 0.00329942
9 7 147 0.0464316 0.515069 0.44294 7.43121 0.00552709 0.00315479
9 8 158 0.0408995 0.46628 0.509105 9.1459 0.0059102 0.00331491
9 9 161 0.0455967 0.513815 0.542266 7.71498 0.00586288 0.00333762
9 10 138 0.0425556 0.509455 0.583657 8.43532 0.00495872 0.00279586
9 11 163 0.0459219 0.498807 0.702788 7.58285 0.00561243 0.00319834
9 12 144 0.0410968 0.574565 0.708507 8.87942 0.00483576 0.00271397
9 13 153 0.0442321 0.540233 0.791585 7.94431 0.00502103 0.00284605
9 14 160 0.0387463 0.533214 0.836402 9.77029 0.00516344 0.00287641
9 15 141 0.0384473 0.555983 0.926946 9.71119 0.00435243 0.00242233
9 16 152 0.0373961 0.615008 0.934256 10.1738 0.00460497 0.00255437
9 17 146 0.0433238 0.57433 1.11177 8.02037 0.00414297 0.0023416
9 18 147 0.0397611 0.61923 1.15068 9.16252 0.00406078 0.00226942
9 19 132 0.0436475 0.633358 1.27673 7.73943 0.00344624 0.00194981
9 20 125 0.0430218 0.647303 1.36438 7.83375 0.003137 0.00177134
9 21 104 0.0390702 0.686202 1.45195 8.92522 0.00249878 0.00139342
9 22 106 0.0384527 0.722867 1.57341 9.11789 0.00240965 0.0013411
9 23 88 0.032801 0.737648 1.72043 11.3428 0.00188478 0.00103042
10 0 139 0.0436384 0.580396 0.0626744 8.20165 0.00545647 0.00308707
10 1 143 0.0461239 0.552534 0.0141195 7.54203 0.00568887 0.00324397
10 2 145 0.0433795 0.562785 0.148622 8.322 0.0056962 0.00322005
10 3 157 0.0428852 0.492846 0.189833 8.57448 0.00631034 0.00356165
10 4 134 0.0492702 0.571488 0.258033 6.65117 0.00516034 0.00297204
10 5 160 0.0442077 0.531855 0.277699 8.16814 0.00623634 0.00353465
10 6 132 0.0395371 0.591774 0.323131 9.44515 0.00497483 0.00277828
10 7 155 0.0448117 0.592256 0.430232 7.9026 0.00568502 0.00322834
10 8 144 0.0418941 0.564085 0.454082 8.71113 0.00530143 0.00298283
10 9 176 0.04449 0.506908 0.51163 8.12686 0.00649159 0.00368261
10 10 153 0.0449927 0.532977 0.598863 7.805 0.00542612 0.00308308
10 11 161 0.0447715 0.622301 0.625936 7.87847 0.00548667 0.0031153
10 12 150 0.0441331 0.595661 0.692062 7.97582 0.00503497 0.00285306
10 13 175 0.0417979 0.645565 0.748898 8.80686 0.00565647 0.00318163
10 14 168 0.0417913 0.621318 0.890782 8.71956 0.00517256 0.00290938
10 15 145 0.0436155 0.643013 0.950432 7.97727 0.00433014 0.00244965
10 16 160 0.0417249 0.662642 1.03845 8.62011 0.00458368 0.00257762
10 17 166 0.0448537 0.714189 1.14782 7.65414 0.00448725 0.0025485
10 18 148 0.0423482 0.681223 1.17918 8.28074 0.00398172 0.00224353
10 19 131 0.040357 0.687029 1.24419 8.78492 0.00342645 0.00191853
10 20 117 0.0354022 0.722315 1.36369 10.5414 0.00289212 0.00159418
10 21 101 0.0371181 0.765063 1.50359 9.60827 0.00234093 0.00129737
10 22 110 0.0371066 0.77941 1.65119 9.63854 0.00240176 0.00133103
10 23 75 0.0368131 0.866454 1.78447 9.30963 0.00153459 0.000849665
11 0 169 0.0429332 0.654603 0.0441398 8.57743 0.00642284 0.0036257
11 1 149 0.046317 0.535939 0.101003 7.53467 0.00594595 0.00339264
11 2 144 0.0429114 0.625506 0.11647 8.43305 0.00552242 0.00311719
11 3 159 0.0467587 0.597684 0.177325 7.4492 0.00613303 0.00350427
11 4 160 0.0436679 0.607411 0.214987 8.30661 0.00611355 0.00345914
11 5 159 0.0469751 0.632928 0.294691 7.35853 0.0059259 0.00338825
11 6 153 0.0430444 0.651768 0.338561 8.4073 0.00560518 0.00316524
11 7 166 0.0524464 0.632465 0.426689 6.09033 0.0059989 0.0034899
11 8 154 0.0436231 0.614164 0.469444 8.22106 0.00553818 0.00313314
11 9 170 0.0446887 0.639612 0.532709 7.98119 0.00593899 0.00337125
11 10 163 0.0434795 0.713452 0.609847 8.23904 0.0054023 0.00305488
11 11 156 0.0407336 0.609178 0.685132 9.07886 0.00522677 0.00293005
11 12 150 0.0480185 0.683387 0.736645 6.88489 0.00480958 0.00275907
11 13 170 0.0428162 0.674988 0.819166 8.42096 0.00529882 0.00299008
11 14 186 0.0477671 0.638848 0.848691 7.13414 0.00579513 0.00332179
11 15 166 0.0399746 0.648948 0.913068 9.30045 0.00502492 0.00281014
11 16 157 0.0396118 0.736594 1.00778 9.30966 0.00446181 0.00249236
11 17 128 0.0380342 0.784455 1.12277 9.63036 0.00343079 0.0019069
11 18 132 0.0428188 0.753469 1.18867 7.99837 0.00347532 0.00196111
11 19 128 0.0448251 0.76301 1.30196 7.32846 0.00321389 0.00182514
11 20 118 0.0381775 0.913146 1.48791 9.32326 0.00266596 0.00148246
11 21 98 0.039208 0.817682 1.53898 8.75543 0.00221702 0.00123685
11 22 93 0.0392845 0.899307 1.667 8.61141 0.00197363 0.00110133
11 23 67 0.0374702 0.968075 1.87797 8.8819 0.00130286 0.000722865
12 0 186 0.040119 0.655022 0.0285301 9.5916 0.00707037 0.00395585
12 1 168 0.0426077 0.668391 0.10398 8.6625 0.00632519 0.0035669
12 2 148 0.0462408 0.618697 0.105969 7.51233 0.00569777 0.00325025
12 3 164 0.0419352 0.637253 0.195637 8.85496 0.00620273 0.0034904
12 4 176 0.0432701 0.653212 0.229192 8.49883 0.0065777 0.00371708
12 5 144 0.0449671 0.679992 0.328195 7.77416 0.00522367 0.00296781
12 6 163 0.0463478 0.658806 0.352327 7.52471 0.00593552 0.00338702
12 7 135 0.0451942 0.72319 0.419838 7.60658 0.00470739 0.00267641
12 8 146 0.039268 0.709813 0.541165 9.53711 0.004951 0.00276262
12 9 158 0.0474656 0.704013 0.554446 7.13013 0.00534849 0.00306285
12 10 158 0.0500457 0.724468 0.588036 6.48723 0.00525097 0.00303166
12 11 172 0.0416491 0.69526 0.631772 8.86226 0.00569817 0.00320358
12 12 175 0.0515295 0.766408 0.748873 6.18728 0.00542724 0.00314818
12 13 153 0.0434811 0.765572 0.832319 8.07929 0.00460692 0.00260512
12 14 142 0.0438426 0.754255 0.858284 7.89158 0.00425087 0.00240654
12 15 142 0.0419378 0.763838 0.985965 8.42478 0.00403758 0.00227205
12 16 142 0.0436929 0.820655 1.09152 7.8272 0.00381339 0.00215784
12 17 137 0.0401203 0.789352 1.15607 8.92167 0.00361979 0.00202527
12 18 130 0.039984 0.849958 1.25445 8.86289 0.00325478 0.00182026
12 19 125 0.0375347 0.889188 1.35598 9.68461 0.00298246 0.00165509
12 20 123 0.0362886 0.915749 1.48927 10.1195 0.00277591 0.00153441
12 21 116 0.0350302 0.883177 1.4541 10.6274 0.00267186 0.00147104
12 22 97 0.0321731 0.926253 1.73989 11.7245 0.00199485 0.00108843
12 23 78 0.0314051 1.10863 1.98292 11.8047 0.00142839 0.000777473
13 0 142 0.0433993 0.682558 0.0275069 8.24955 0.00532971 0.00301307
13 1 159 0.0447296 0.72789 0.114101 7.94907 0.00581853 0.0033033
13 2 149 0.0489912 0.731416 0.147172 6.76835 0.00542839 0.00312366
13 3 163 0.0431026 0.725807 0.211968 8.44251 0.00590985 0.0033379
13 4 156 0.0468706 0.747816 0.274086 7.3195 0.00554663 0.00317034
13 5 170 0.0412869 0.753292 0.322352 9.0284 0.00597711 0.00335655
13 6 167 0.048129 0.782926 0.379561 7.03197 0.00572668 0.00328632
13 7 162 0.0422758 0.746064 0.402167 8.64768 0.00561742 0.00316445
13 8 167 0.0462233 0.783222 0.483779 7.49696 0.00558475 0.0031856
13 9 154 0.0481262 0.847407 0.568145 6.87675 0.00489991 0.00281185
13 10 147 0.0481694 0.783753 0.654063 6.81925 0.00467584 0.00268363
13 11 146 0.0443376 0.772261 0.656834 7.83925 0.00466032 0.00264247
13 12 173 0.0444445 0.874981 0.757483 7.90672 0.00514131 0.00291619
13 13 128 0.0505931 0.870269 0.846908 6.01184 0.00369856 0.00213908
13 14 155 0.0442731 0.834181 0.925839 7.80255 0.00440941 0.00249969
13 15 163 0.040167 0.901062 0.98975 9.10842 0.0044345 0.00248146
13 16 139 0.0428509 0.912266 1.06151 8.04381 0.00367296 0.00207285
13 17 144 0.0424286 0.930703 1.24581 8.13802 0.00354029 0.00199531
13 18 131 0.0454333 1.01398 1.32688 7.10937 0.00305915 0.00174061
13 19 123 0.0357629 0.943134 1.32793 10.3956 0.00292525 0.00161428
13 20 123 0.0376043 0.999346 1.47345 9.57171 0.00273796 0.00151974
13 21 104 0.0382605 1.03996 1.55715 9.11173 0.00222691 0.00123865
13 22 82 0.0351153 1.10546 1.80643 10.0712 0.00159145 0.000876437
13 23 69 0.0317484 1.21732 2.04237 11.4562 0.00121594 0.000662556
14 0 179 0.0468781 0.846357 0.0401608 7.43015 0.00620765 0.00354825
14 1 178 0.0411908 0.789371 0.0902691 9.11828 0.00633485 0.00355636
14 2 166 0.0461101 0.810926 0.116558 7.57138 0.00583678 0.00332816
14 3 155 0.0457373 0.822159 0.196975 7.59071 0.00538033 0.00306428
14 4 166 0.0479328 0.808394 0.214073 7.09146 0.00578824 0.00331959
14 5 162 0.0428598 0.832012 0.318828 8.44446 0.00549786 0.00310283
14 6 164 0.043002 0.832115 0.374387 8.40248 0.00550668 0.0031092
14 7 171 0.0515529 0.877567 0.500463 6.18967 0.00546808 0.0031721
14 8 164 0.0417244 0.864737 0.488632 8.76339 0.005289 0.00297424
14 9 155 0.0459662 0.854661 0.579208 7.4355 0.00490175 0.00279374
14 10 164 0.0430182 0.883716 0.617061 8.31496 0.00507016 0.00286288
14 11 164 0.0433659 0.871942 0.687743 8.19337 0.00498827 0.00281974
14 12 159 0.0474793 0.896137 0.803967 6.97978 0.00461788 0.00264458
14 13 146 0.0431891 0.928721 0.885886 8.04543 0.00407875 0.00230432
14 14 149 0.0430254 0.9266 0.931132 8.10093 0.00410235 0.00231646
14 15 158 0.0426712 0.966776 1.03458 8.21969 0.00414296 0.00233677
14 16 142 0.0410996 0.968871 1.16085 8.57235 0.00356052 0.00199829
14 17 120 0.0413159 1.0071 1.21122 8.30366 0.0029234 0.00164184
14 18 135 0.0393784 1.03284 1.24138 9.07034 0.00323066 0.00180331
14 19 91 0.0422587 1.06548 1.41873 7.63572 0.00203094 0.00114402
14 20 101 0.0349855 1.19095 1.58792 10.3901 0.00206558 0.00113708
14 21 74 0.0372499 1.14959 1.63211 9.11466 0.00150647 0.000835253
14 22 55 0.0356321 1.19798 1.77059 9.43651 0.00105927 0.00058431
14 23 51 0.0311866 1.28298 2.02315 11.4564 0.000892986 0.000485718
15 0 155 0.0441002 0.904937 0.0206348 8.02213 0.00522339 0.00295952
15 1 168 0.0425526 0.913297 0.108493 8.56155 0.00562063 0.00316903
15 2 161 0.0501328 0.883559 0.147307 6.50458 0.00545105 0.00314805
15 3 177 0.0420346 0.924753 0.222127 8.76123 0.00582987 0.00328162
15 4 164 0.0469938 0.941168 0.258813 7.24854 0.00533451 0.00305029
15 5 161 0.0427565 0.846989 0.29475 8.46718 0.00544819 0.00307379
15 6 158 0.0519654 0.947807 0.380299 6.0157 0.00502463 0.00291866
15 7 137 0.04873 0.938872 0.462877 6.59864 0.0043016 0.00247322
15 8 136 0.04466 0.918423 0.511286 7.65728 0.00426088 0.00241845
15 9 158 0.0397152 0.931087 0.590883 9.35106 0.0048244 0.00269579
15 10 142 0.0481973 0.898745 0.657423 6.73149 0.00431267 0.00247541
15 11 153 0.0462053 1.02057 0.725696 7.24952 0.00433965 0.00247524
15 12 163 0.0475142 1.04676 0.811312 6.93715 0.00446465 0.00255711
15 13 163 0.0374801 0.993617 0.838978 10.1211 0.00451643 0.00250592
15 14 131 0.0422726 1.02493 0.934628 8.1705 0.00348224 0.00196162
15 15 154 0.044451 1.02694 1.00316 7.65411 0.00400102 0.00226946
15 16 126 0.0368451 1.08872 1.13198 9.99194 0.00307603 0.0017033
15 17 122 0.0358992 1.15065 1.22826 10.3049 0.00283263 0.00156384
15 18 121 0.0326136 1.09921 1.29173 11.8319 0.00279334 0.00152623
15 19 105 0.0341115 1.11811 1.30812 10.942 0.00239798 0.00131642
15 20 80 0.033723 1.28239 1.57804 10.7256 0.00160476 0.000879884
15 21 84 0.0388127 1.30638 1.77748 8.55925 0.00157646 0.000878386
15 22 59 0.728094 1.31276 1.85624 -9.74212 0.00107975 0.000582163
15 23 45 0.730699 1.36053 2.09619 -10.1048 0.000759921 0.000411189
16 0 180 0.0467352 0.96632 0.0254605 7.41367 0.00588266 0.00336097
16 1 157 0.0428881 0.949203 0.0682597 8.3742 0.00516959 0.00291782
16 2 143 0.0477888 0.999997 0.160431 6.89051 0.00456691 0.00261795
16 3 170 0.0501837 0.944169 0.26141 6.50543 0.00551977 0.00318825
16 4 166 0.0453783 0.95079 0.257875 7.68821 0.00537523 0.0030579
16 5 172 0.0447997 0.96001 0.309692 7.87369 0.00550422 0.00312555
16 6 184 0.0460589 1.01139 0.4004 7.55446 0.00566037 0.00322705
16 7 191 0.0464799 0.984713 0.425165 7.48717 0.00592036 0.00337978
16 8 163 0.0438552 1.01874 0.478462 8.03427 0.0049211 0.00278608
16 9 170 0.0477304 1.00609 0.568439 7.00704 0.00505652 0.00289808
16 10 160 0.0450328 1.1055 0.718876 7.58289 0.00439449 0.00249724
16 11 162 0.0463837 1.07639 0.713928 7.24006 0.0045079 0.00257266
16 12 151 0.0415968 1.06548 0.806542 8.55305 0.00411227 0.00231158
16 13 146 0.0423606 1.07887 0.842139 8.25998 0.00391516 0.00220611
16 14 130 0.042817 1.19433 1.00331 7.91302 0.00318918 0.00179963
16 15 141 0.0403578 1.18353 1.05824 8.78155 0.00341576 0.00191255
16 16 135 0.0394292 1.26768 1.26107 8.97641 0.0029952 0.00167215
16 17 135 0.0415859 1.23948 1.29466 8.23784 0.00298981 0.00168057
16 18 113 0.0374766 1.34896 1.49957 9.43965 0.0022815 0.00126587
16 19 91 0.0357411 1.23789 1.38793 10.0041 0.0019589 0.00108093
16 20 74 0.0409862 1.37411 1.61584 7.70094 0.00143438 0.000804732
16 21 70 0.0339043 1.36068 1.73209 10.4397 0.00131534 0.000721612
16 22 39 0.0320335 1.60746 2.14209 10.63 0.000620105 0.000338194
16 23 29 0.712947 1.67319 2.17828 -10.5481 0.000450954 0.00023808
17 0 162 0.0479392 1.09787 0.0277183 6.93497 0.0049577 0.00284333
17 1 179 0.044413 1.07651 0.0954076 7.98791 0.00552589 0.00313401
17 2 162 0.0463977 1.0354 0.190831 7.35409 0.00507117 0.00289424
17 3 156 0.0455904 1.09806 0.239886 7.49845 0.00471338 0.00268318
17 4 185 0.0428052 1.06017 0.281067 8.49128 0.00566561 0.00319694
17 5 190 0.0462295 1.09859 0.348556 7.50866 0.00565981 0.00322848
17 6 168 0.0468508 1.10174 0.395446 7.2129 0.00496012 0.00283493
17 7 168 0.0486648 1.18663 0.478475 6.70355 0.00470249 0.00270316
17 8 173 0.0462928 1.10498 0.560917 7.35543 0.00493836 0.00281751
17 9 173 0.0448673 1.11391 0.594367 7.7347 0.00488239 0.00277303
17 10 139 0.0446634 1.1448 0.688252 7.53828 0.00378649 0.00214921
17 11 157 0.0469306 1.18991 0.748887 7.01053 0.00413626 0.00236465
17 12 146 0.0426003 1.21535 0.845733 8.13246 0.00371429 0.00209451
17 13 148 0.041761 1.17046 0.90413 8.4125 0.00376806 0.0021192
17 14 145 0.0389852 1.33714 1.05815 9.24476 0.00333417 0.00185878
17 15 137 0.038017 1.20586 1.08672 9.58781 0.0032662 0.00181532
17 16 114 0.0380656 1.28264 1.22849 9.31858 0.00254232 0.00141321
17 17 106 0.0326994 1.30688 1.27229 11.6008 0.00231636 0.00126596
17 18 76 0.0415534 1.42119 1.42234 7.58391 0.00153834 0.000864613
17 19 64 0.0356196 1.44976 1.56179 9.5961 0.00123584 0.000681683
17 20 62 0.0307627 1.44968 1.70213 11.95 0.00115063 0.000625024
17 21 36 0.726899 1.69011 2.02276 -10.3576 0.000580431 0.000312434
17 22 31 0.720086 1.53283 1.91982 -10.4161 0.00053125 0.000283281
17 23 11 0.0325777 1.70701 2.17302 9.05204 0.000170144 9.29528e-05
18 0 153 0.0457581 1.14063 0.00263195 7.42499 0.00458465 0.00261129
18 1 183 0.0441475 1.187 0.0798783 8.03274 0.00535228 0.003033
18 2 170 0.0467467 1.16622 0.212322 7.24458 0.00498259 0.00284683
18 3 187 0.0471803 1.18034 0.21069 7.22079 0.00544426 0.00311488
18 4 171 0.0448953 1.1763 0.315252 7.73706 0.00493264 0.00280183
18 5 163 0.0452251 1.19274 0.322999 7.58805 0.00466087 0.00265022
18 6 181 0.0456504 1.1509 0.425609 7.57982 0.00519745 0.0029593
18 7 194 0.0424416 1.16646 0.460193 8.57413 0.00549805 0.00309883
18 8 171 0.0431851 1.25615 0.565995 8.1594 0.00456566 0.00257938
18 9 166 0.0430145 1.22518 0.65927 8.17518 0.00440382 0.0024866
18 10 136 0.0429575 1.21469 0.700135 7.98819 0.00358968 0.00202653
18 11 134 0.0438239 1.21697 0.76684 7.69606 0.0034768 0.00196819
18 12 149 0.0418337 1.36281 0.85416 8.33681 0.00357609 0.00201169
18 13 110 0.0409394 1.30476 0.963609 8.32057 0.00262398 0.00147192
18 14 139 0.0354852 1.33221 1.01425 10.6185 0.00323967 0.00178622
18 15 106 0.0402034 1.41402 1.12699 8.45305 0.0023318 0.00130498
18 16 102 0.0381103 1.32574 1.16303 9.19556 0.00228688 0.0012714
18 17 82 0.0346293 1.48694 1.32584 10.3406 0.0016721 0.000919439
18 18 81 0.0332213 1.45169 1.48412 10.9666 0.00159777 0.000874667
18 19 67 0.0351371 1.49655 1.5865 9.83528 0.00126931 0.000699076
18 20 42 0.0336336 1.67062 1.7666 9.97583 0.000726154 0.000398036
18 21 28 0.732467 1.83469 2.09447 -10.6815 0.000430189 0.000233336
18 22 17 0.73077 1.7897 1.95761 -11.1303 0.0002726 0.000147517
18 23 13 0.691991 2.00481 2.43118 -11.378 0.000178736 9.15897e-05
19 0 158 0.046187 1.21723 0.0327462 7.30349 0.00455796 0.00259961
19 1 169 0.0428898 1.33145 0.0962619 8.25814 0.00460556 0.00259949
19 2 172 0.0466027 1.26064 0.163786 7.25202 0.00483375 0.00276053
19 3 183 0.0427747 1.27661 0.231034 8.39124 0.0050782 0.00286521
19 4 180 0.0445135 1.2462 0.316067 7.86371 0.00502328 0.00284987
19 5 166 0.050899 1.34011 0.368699 6.11828 0.00440672 0.00255111
19 6 176 0.0440693 1.27674 0.432332 7.9396 0.00476649 0.00270038
19 7 152 0.0393006 1.31477 0.528495 9.30792 0.0039837 0.0022231
19 8 155 0.0382055 1.34482 0.572133 9.71294 0.00397859 0.00221257
19 9 151 0.0439438 1.34864 0.615048 7.75982 0.00383862 0.00217385
19 10 145 0.0404558 1.38354 0.758302 8.78039 0.00352843 0.00197625
19 11 132 0.0430176 1.35935 0.846056 7.84813 0.00317836 0.00179467
19 12 134 0.0485045 1.43382 0.910977 6.32263 0.00308991 0.00177529
19 13 94 0.0381031 1.4264 0.899251 9.15022 0.00217949 0.00121167
19 14 129 0.0386367 1.51141 1.09987 9.18685 0.00276596 0.00154031
19 15 105 0.0377024 1.45195 1.1653 9.34077 0.00225841 0.00125395
19 16 102 0.0376135 1.5737 1.2398 9.28874 0.00207062 0.00114936
19 17 72 0.0308594 1.64052 1.42394 12.0681 0.00136853 0.00074361
19 18 65 0.0366927 1.58263 1.46514 9.14809 0.00124284 0.00068787
19 19 59 0.729277 1.64067 1.63924 -9.76403 0.00106183 0.000573433
19 20 30 0.0313233 1.83653 1.88992 10.7673 0.000483795 0.000263262
19 21 24 0.0353704 1.95508 2.0252 8.48606 0.000365186 0.000201275
19 22 0 0 0 0 0 0 0
19 23 0 0 0 0 0 0 0
20 0 180 0.0431433 1.32537 0.0112236 8.24842 0.0049278 0.00278359
20 1 152 0.0455509 1.30268 0.0475801 7.39524 0.00420534 0.00239367
20 2 161 0.0479447 1.35562 0.184028 6.7956 0.0043186 0.00247683
20 3 184 0.0450756 1.41821 0.247535 7.65317 0.00477136 0.00271176
20 4 146 0.0448252 1.37203 0.278341 7.51093 0.00385736 0.00219056
20 5 164 0.0503598 1.47114 0.404074 6.16454 0.00408658 0.00236175
20 6 149 0.0452585 1.39915 0.467582 7.37464 0.0038002 0.00216106
20 7 163 0.0480057 1.45099 0.525367 6.71102 0.00402919 0.00231129
20 8 133 0.0500121 1.39784 0.563908 6.04317 0.00334214 0.00192939
20 9 170 0.0378983 1.41137 0.588761 9.89194 0.00422905 0.00234958
20 10 135 0.0378829 1.51936 0.738127 9.5957 0.00312605 0.00173669
20 11 115 0.0370075 1.53258 0.82108 9.76021 0.00260616 0.00144386
20 12 118 0.0396925 1.55795 0.904758 8.74212 0.00260303 0.00145442
20 13 116 0.0431453 1.61307 0.996308 7.55301 0.00245986 0.00138953
20 14 98 0.0426229 1.61547 1.07606 7.52625 0.0020401 0.00115051
20 15 88 0.0372133 1.60082 1.17209 9.30748 0.00180034 0.000998069
20 16 67 0.0313999 1.76429 1.32235 11.6805 0.00125793 0.000684679
20 17 66 0.731217 1.71789 1.40977 -9.62462 0.00123106 0.00066659
20 18 52 0.0375771 1.82835 1.64812 8.45824 0.000889619 0.000493753
20 19 23 0.727886 1.86582 1.71154 -10.7749 0.000384041 0.000207002
20 20 29 0.036447 1.81573 1.78997 8.30108 0.000481303 0.000266178
20 21 10 0.0424482 2.02078 2.01547 4.97259 0.000150304 8.47165e-05
20 22 0 0 0 0 0 0 0
20 23 0 0 0 0 0 0 0
21 0 188 0.0438442 1.45863 0.0237909 8.01916 0.0048316 0.00273531
21 1 153 0.0444563 1.54514 0.126311 7.59304 0.00376975 0.00213831
21 2 162 0.0384313 1.44962 0.184472 9.67164 0.00415857 0.00231431
21 3 140 0.0389118 1.51249 0.198277 9.31709 0.00348885 0.00194456
21 4 165 0.043394 1.5141 0.287763 7.98452 0.00408229 0.00230782
21 5 172 0.0386093 1.46432 0.386089 9.64021 0.00430814 0.0023989
21 6 151 0.040276 1.52177 0.441121 8.87969 0.00366334 0.00205064
21 7 147 0.0475742 1.5325 0.524861 6.68136 0.00350993 0.00201068
21 8 122 0.0439954 1.6247 0.566961 7.42432 0.00278631 0.00157817
21 9 133 0.039359 1.60823 0.726009 8.99681 0.00298074 0.00166371
21 10 139 0.0422712 1.69799 0.805812 8.01106 0.00296772 0.00167178
21 11 112 0.034422 1.58352 0.839048 10.8306 0.0024807 0.00136317
21 12 106 0.0365086 1.62012 0.920013 9.83029 0.00227862 0.0012604
21 13 98 0.0373373 1.67656 0.994529 9.37964 0.00203323 0.00112762
21 14 91 0.0312406 1.69756 1.05409 12.1552 0.00185117 0.00100707
21 15 66 0.0327852 1.84065 1.26458 10.9208 0.00122606 0.000670257
21 16 43 0.0388979 1.99543 1.48629 7.75639 0.000728881 0.000406234
21 17 40 0.73161 1.7619 1.44308 -10.1476 0.000730981 0.000396023
21 18 28 0.712827 1.86604 1.58898 -10.4835 0.000480807 0.000253798
21 19 16 0.692579 1.89648 1.67593 -10.9785 0.000267254 0.000137065
21 20 13 0.693417 1.89726 1.82518 -11.2243 0.000209827 0.000107743
21 21 0 0 0 0 0 0 0
21 22 0 0 0 0 0 0 0
21 23 0 0 0 0 0 0 0
22 0 144 0.043743 1.60783 0.0145029 7.71419 0.00345681 0.00195638
22 1 137 0.0438268 1.55117 0.135727 7.66257 0.00336509 0.00190498
22 2 156 0.0428662 1.62353 0.174489 8.04735 0.0037033 0.00209007
22 3 142 0.0390105 1.54603 0.244412 9.27688 0.00347504 0.00193747
22 4 143 0.0390145 1.66898 0.307037 9.22373 0.00329997 0.00183988
22 5 145 0.0463739 1.66247 0.403295 6.93867 0.00332618 0.00189819
22 6 135 0.0403742 1.65364 0.436474 8.67806 0.00309734 0.00173435
22 7 140 0.0382222 1.67593 0.514233 9.47405 0.00315311 0.0017536
22 8 126 0.0413849 1.73377 0.596976 8.217 0.00274213 0.00154037
22 9 105 0.039557 1.71069 0.694595 8.65474 0.002273 0.00126948
22 10 100 0.0356799 1.71113 0.748449 10.1216 0.00214558 0.00118371
22 11 97 0.0386159 1.771 0.882035 8.86481 0.0019889 0.0011075
22 12 87 0.0366867 1.88825 0.989719 9.45156 0.00167937 0.000929455
22 13 72 0.0391866 2.00112 1.13269 8.23336 0.00130518 0.000728095
22 14 60 0.0309232 1.78344 1.10791 11.8774 0.00117275 0.000637359
22 15 50 0.0379414 2.00163 1.33485 8.29668 0.000872299 0.000484698
22 16 46 0.0314665 2.01192 1.45085 11.1682 0.000781803 0.000425619
22 17 26 0.0352611 2.14461 1.59098 8.66093 0.000414468 0.000228359
22 18 22 0.715938 2.31315 1.88654 -10.9118 0.000317665 0.000168414
22 19 15 0.727567 2.24361 1.84834 -11.3225 0.000221794 0.000119497
22 20 0 0 0 0 0 0 0
22 21 0 0 0 0 0 0 0
22 22 0 0 0 0 0 0 0
22 23 0 0 0 0 0 0 0
23 0 117 0.0338577 1.66927 0.0580173 11.1929 0.00273183 0.0014985
23 1 124 0.0397388 1.75346 0.0897692 8.79491 0.0027895 0.00155884
23 2 148 0.0394572 1.71468 0.17995 9.08583 0.00337526 0.00188449
23 3 130 0.0430871 1.85699 0.25684 7.69345 0.00278114 0.00157072
23 4 130 0.0406497 1.78752 0.318075 8.50107 0.00285081 0.0015977
23 5 114 0.0388853 1.73238 0.409386 9.00861 0.00253793 0.00141443
23 6 114 0.0419194 1.7782 0.48076 7.94016 0.00247226 0.00139112
23 7 129 0.041289 1.8075 0.546299 8.24929 0.00274425 0.00154109
23 8 96 0.0402438 1.87093 0.635791 8.27066 0.00197037 0.00110285
23 9 102 0.0321156 1.8744 0.68339 11.7954 0.00207752 0.00113334
23 10 82 0.0362081 1.93834 0.828304 9.60089 0.00159758 0.000882851
23 11 70 0.0375262 1.9016 0.889983 8.90872 0.0013682 0.000759253
23 12 72 0.0321501 1.98851 1.01502 11.3371 0.00133782 0.000729891
23 13 52 0.0366247 2.26992 1.18012 8.80843 0.000860488 0.000476149
23 14 52 0.0318149 2.06928 1.25305 11.1227 0.000902963 0.00049212
23 15 35 0.725759 2.15412 1.39176 -10.3569 0.000577951 0.000310611
23 16 22 0.72875 2.19131 1.52659 -10.8696 0.000350665 0.000189236
23 17 13 0.729898 2.10139 1.51597 -11.3744 0.000212755 0.000114994
23 18 0 0 0 0 0 0 0
23 19 0 0 0 0 0 0 0
23 20 0 0 0 0 0 0 0
23 21 0 0 0 0 0 0 0
23 22 0 0 0 0 0 0 0
23 23 0 0 0 0 0 0 0
