#  ix    iy     Npi     E/N       Tpi    Uxpi    Uypi     mupi     rho    epsilon
0 0 318 0.0434914 0.00385062 0.0109767 2.77781 0.0126182 0.00282389
0 1 350 0.0392664 0.0366029 0.0491205 3.41345 0.0138629 0.0029716
0 2 334 0.0452863 0.0136644 0.118283 2.61416 0.013161 0.00299891
0 3 320 0.0426525 0.0606084 0.195648 2.86438 0.0124402 0.00276053
0 4 368 0.0462644 0.0186438 0.268537 2.57627 0.0141012 0.00324462
0 5 312 0.049371 0.00830096 0.276674 2.09156 0.0119323 0.00283086
0 6 354 0.0421722 0.0310166 0.346154 2.98799 0.0132691 0.00293017
0 7 374 0.0418117 0.0273276 0.419811 3.06356 0.01368 0.00300985
0 8 323 0.0491174 0.0308149 0.441207 2.09857 0.0117221 0.00277413
0 9 375 0.044656 0.0554553 0.533642 2.68128 0.0131129 0.00296916
0 10 357 0.0498118 -0.0166926 0.564902 2.08201 0.0123333 0.00293862
0 11 351 0.0464734 0.0158379 0.652389 2.36417 0.0116645 0.00268952
0 12 372 0.0425665 0.0568043 0.714226 2.83884 0.0119998 0.00266049
0 13 404 0.0446485 0.0174842 0.790685 2.64021 0.0125744 0.00284703
0 14 400 0.0466912 0.0429735 0.834555 2.38425 0.01218 0.00281446
0 15 363 0.0442674 0.0335507 0.98516 2.48024 0.0102586 0.00231383
0 16 370 0.0444094 0.0141075 0.992875 2.47941 0.0104187 0.00235328
0 17 394 0.0442882 0.0254398 1.10063 2.50227 0.0105124 0.00237156
0 18 417 0.0451357 0.0438262 1.17608 2.42529 0.0107148 0.00243784
0 19 398 0.0468609 0.0345145 1.3177 2.12259 0.00954563 0.00220943
0 20 410 0.0476161 0.0118165 1.3251 2.07029 0.00980035 0.00228538
0 21 437 0.0407557 0.0482334 1.49855 2.84731 0.00962222 0.00209438
0 22 352 0.0425848 0.0501485 1.61845 2.34501 0.00733964 0.00162759
0 23 433 0.04461 0.0319459 1.72674 2.26585 0.00860995 0.00194866
1 0 331 0.0439685 0.0824435 0.0108066 2.75853 0.0130897 0.00294353
1 1 350 0.0431486 0.0826203 0.058607 2.90947 0.0138182 0.00308176
1 2 314 0.0467477 0.0736738 0.114669 2.39181 0.0123462 0.00285444
1 3 346 0.0468406 0.0890849 0.174803 2.46936 0.0134733 0.0031179
1 4 358 0.0454434 0.0652559 0.228357 2.64574 0.0138219 0.00315445
1 5 369 0.043717 0.117958 0.28687 2.85411 0.0139855 0.00313702
1 6 354 0.0418958 0.0742179 0.339867 3.02239 0.0132677 0.00292165
1 7 345 0.0426019 0.0945308 0.423312 2.88014 0.0125599 0.00278568
1 8 346 0.0443286 0.0785515 0.434996 2.67544 0.012558 0.00283419
1 9 351 0.0449184 0.0695103 0.524532 2.58856 0.0123114 0.00279502
1 10 370 0.0434212 0.0359354 0.584053 2.79041 0.0126724 0.00283401
1 11 386 0.0435493 0.10249 0.639362 2.78975 0.0128574 0.00287909
1 12 380 0.0439207 0.107762 0.696174 2.70411 0.0123276 0.00277081
1 13 383 0.045262 0.0472445 0.751137 2.53639 0.0121434 0.00276637
1 14 405 0.0449662 0.0725924 0.915437 2.54392 0.0118374 0.0026887
1 15 379 0.0453748 0.0737233 0.885448 2.44682 0.0112429 0.00256411
1 16 403 0.0466291 0.119741 1.03131 2.29744 0.011094 0.00256192
1 17 416 0.0434286 0.0881212 1.16178 2.62516 0.0107515 0.0024046
1 18 410 0.0457093 0.100702 1.20107 2.33095 0.0103887 0.00237721
1 19 469 0.0474708 0.0986487 1.27524 2.24199 0.0114631 0.00266929
1 20 434 0.0429511 0.103389 1.45175 2.58478 0.00975289 0.00217077
1 21 394 0.0437686 0.0839383 1.52855 2.35603 0.00855056 0.00191893
1 22 400 0.0425692 0.102425 1.61715 2.47423 0.00833614 0.00184827
1 23 429 0.0411035 0.0919513 1.8107 2.64477 0.00822197 0.00179597
2 0 326 0.0412299 0.136866 0.0210878 3.07221 0.0128142 0.0028027
2 1 294 0.0437119 0.13368 0.0885352 2.66073 0.0115195 0.00258375
2 2 327 0.0449476 0.0982741 0.143363 2.62299 0.0127845 0.00290327
2 3 355 0.0429303 0.108224 0.180951 2.93326 0.0137842 0.00306741
2 4 314 0.0421632 0.15403 0.22637 2.89008 0.012018 0.00265364
2 5 332 0.0438952 0.135617 0.269497 2.72997 0.0126131 0.00283425
2 6 338 0.0425276 0.0855162 0.307222 2.9065 0.0127786 0.00283206
2 7 399 0.0428012 0.142687 0.413088 3.00009 0.0145083 0.00322431
2 8 343 0.0437245 0.178406 0.499819 2.70202 0.0120229 0.00269699
2 9 370 0.0451884 0.133267 0.496331 2.61727 0.013059 0.00297276
2 10 355 0.0441436 0.139161 0.583538 2.65797 0.0120803 0.00272132
2 11 420 0.0440636 0.154277 0.658383 2.80078 0.0138063 0.00310765
2 12 394 0.0429834 0.136572 0.698074 2.84812 0.0127406 0.00283669
2 13 409 0.0436608 0.130388 0.795245 2.75935 0.0126374 0.00283302
2 14 403 0.0444859 0.138255 0.78684 2.65235 0.0124944 0.0028243
2 15 444 0.0453171 0.162795 0.958723 2.56966 0.0126314 0.00287911
2 16 382 0.0450954 0.126499 0.976464 2.43787 0.0108016 0.00245659
2 17 405 0.0426818 0.161501 1.07682 2.72597 0.0108709 0.00241304
2 18 425 0.044743 0.18286 1.20655 2.46709 0.0106895 0.00242255
2 19 383 0.0446647 0.194861 1.36816 2.29385 0.00890973 0.00201761
2 20 465 0.0423318 0.15486 1.40926 2.74703 0.0106358 0.00235247
2 21 456 0.0474912 0.179355 1.56611 2.07218 0.00969328 0.00225763
2 22 459 0.0455533 0.146165 1.62684 2.25976 0.0095104 0.00217285
2 23 431 0.0438976 0.153929 1.85375 2.28665 0.0080985 0.00181984
3 0 377 0.0453524 0.190626 0.0335291 2.71658 0.0146877 0.00334901
3 1 321 0.0434007 0.183458 0.0731853 2.77889 0.0124967 0.00279413
3 2 345 0.0422934 0.151232 0.144777 2.9828 0.0134 0.00296271
3 3 347 0.044202 0.203484 0.184194 2.74582 0.0132788 0.00299305
3 4 354 0.0394176 0.195476 0.205297 3.36708 0.0135151 0.00290156
3 5 335 0.0427338 0.209847 0.312455 2.85459 0.0124416 0.00276312
3 6 353 0.044147 0.178814 0.355088 2.73225 0.0130169 0.00293242
3 7 349 0.0449283 0.156164 0.407631 2.61794 0.0126926 0.00288185
3 8 342 0.0436735 0.166744 0.465626 2.71976 0.0121649 0.00272745
3 9 408 0.0435449 0.186367 0.492335 2.89847 0.0143266 0.00320795
3 10 370 0.0427772 0.151692 0.60195 2.85196 0.0124744 0.00277164
3 11 410 0.0447194 0.178269 0.641772 2.70623 0.013541 0.00306806
3 12 386 0.045691 0.18167 0.676234 2.52175 0.0125473 0.00287064
3 13 397 0.0443271 0.177571 0.800938 2.64502 0.0121797 0.00274878
3 14 358 0.0458268 0.202562 0.876206 2.33476 0.0105631 0.00241995
3 15 399 0.0421328 0.20826 0.960394 2.83164 0.011293 0.0024928
3 16 434 0.0445398 0.184426 0.994329 2.61489 0.0121094 0.00273876
3 17 421 0.0501604 0.206742 1.11505 1.93877 0.0110494 0.00264163
3 18 420 0.0433465 0.187877 1.16933 2.63499 0.0107524 0.00240281
3 19 409 0.043876 0.24436 1.30079 2.47823 0.009784 0.00219811
3 20 411 0.0469443 0.238125 1.46392 2.06794 0.00911762 0.00211211
3 21 427 0.0448904 0.245838 1.47794 2.32261 0.00940668 0.00213497
3 22 417 0.0445113 0.244496 1.69582 2.24537 0.00834123 0.00188598
3 23 419 0.0444326 0.27033 1.82187 2.20426 0.00793356 0.00179238
4 0 341 0.0409675 0.211548 0.033589 3.13819 0.0132316 0.00288624
4 1 352 0.0439108 0.264331 0.0719629 2.79402 0.0134719 0.0030277
4 2 324 0.0413516 0.206459 0.146249 3.0289 0.0124644 0.00272957
4 3 318 0.0434798 0.184215 0.185918 2.74613 0.0122078 0.00273174
4 4 327 0.0437734 0.192783 0.269667 2.72047 0.0123171 0.00276435
4 5 347 0.0412201 0.198418 0.366355 3.06536 0.0127108 0.00277979
4 6 345 0.0425386 0.227844 0.348195 2.89422 0.0126398 0.00280161
4 7 367 0.0452313 0.19911 0.369554 2.64039 0.0134283 0.00305815
4 8 372 0.0423464 0.187844 0.478751 2.95571 0.0131276 0.00290405
4 9 393 0.0448092 0.225752 0.531706 2.69335 0.0135041 0.00306245
4 10 371 0.0445419 0.235378 0.63367 2.62187 0.012197 0.00275862
4 11 359 0.0420472 0.222967 0.637945 2.88651 0.0118035 0.00260322
4 12 383 0.0458068 0.234705 0.703691 2.48156 0.0122066 0.00279592
4 13 410 0.0462402 0.254659 0.824056 2.44385 0.0123203 0.00283415
4 14 408 0.0469811 0.237296 0.850189 2.35023 0.0121382 0.00281286
4 15 418 0.0429085 0.273597 0.93684 2.78644 0.0118707 0.00264101
4 16 397 0.0454368 0.281652 1.07606 2.37469 0.0105326 0.0024036
4 17 422 0.0466493 0.250207 1.11272 2.29043 0.0110402 0.00255001
4 18 473 0.0465 0.300822 1.22266 2.36209 0.0116734 0.00269228
4 19 431 0.0467083 0.275879 1.25213 2.23576 0.0105184 0.00243092
4 20 421 0.0421394 0.287747 1.44489 2.64548 0.00938246 0.00207121
4 21 413 0.0444099 0.343779 1.53648 2.30899 0.00878667 0.00198467
4 22 422 0.0463563 0.342139 1.70399 2.04258 0.0083515 0.00192339
4 23 433 0.0463616 0.326798 1.73184 2.05724 0.00847958 0.00195299
5 0 345 0.0401713 0.266287 0.0342505 3.24259 0.0132222 0.00286077
5 1 344 0.0446824 0.300693 0.0826763 2.67209 0.0130318 0.00295159
5 2 347 0.043326 0.285548 0.165441 2.8331 0.0130762 0.0029215
5 3 336 0.0399394 0.292524 0.198561 3.22331 0.0125708 0.00271336
5 4 319 0.0454323 0.285471 0.243957 2.49311 0.0118507 0.00270429
5 5 352 0.044559 0.263109 0.276079 2.68762 0.0130513 0.00295235
5 6 351 0.0448876 0.300917 0.390073 2.60679 0.0124946 0.00283573
5 7 357 0.0448321 0.293267 0.436437 2.6166 0.0125389 0.00284421
5 8 352 0.043794 0.273767 0.483181 2.70945 0.0122115 0.00274122
5 9 358 0.0420596 0.316833 0.586975 2.88623 0.0118184 0.00260684
5 10 361 0.0465991 0.331296 0.651163 2.3424 0.0115672 0.0026704
5 11 375 0.0480959 0.305985 0.643052 2.23388 0.0121214 0.00284003
5 12 367 0.0421045 0.281395 0.701264 2.86365 0.0116194 0.00256411
5 13 383 0.0476737 0.321247 0.809614 2.22087 0.0114606 0.00267405
5 14 395 0.0428694 0.322015 0.844663 2.7705 0.0116279 0.00258596
5 15 437 0.0469032 0.335805 0.984378 2.34854 0.0120189 0.00278306
5 16 401 0.0459051 0.342301 1.05148 2.3366 0.0106732 0.0024471
5 17 426 0.0476361 0.344889 1.12798 2.17751 0.0109318 0.00254973
5 18 475 0.0454463 0.349395 1.233 2.4698 0.0115957 0.00264646
5 19 416 0.0447424 0.344443 1.30398 2.38354 0.00983205 0.00222821
5 20 404 0.0427903 0.391658 1.46302 2.50522 0.00883344 0.00196292
5 21 431 0.0469396 0.382759 1.57598 2.05284 0.00897656 0.00207933
5 22 465 0.0481488 0.377217 1.59697 1.99559 0.00960254 0.00225103
5 23 400 0.0412471 0.449907 1.90621 2.49602 0.00721796 0.00157897
6 0 383 0.0410114 0.381542 0.0132943 3.20305 0.0141988 0.00309862
6 1 319 0.043982 0.348614 0.0586341 2.66461 0.0119349 0.00268421
6 2 376 0.0425398 0.326232 0.123068 3.00261 0.0140888 0.0031228
6 3 369 0.0419183 0.297571 0.202925 3.05721 0.0137765 0.00303438
6 4 343 0.0426775 0.315269 0.258586 2.87439 0.0126036 0.00279752
6 5 347 0.0471737 0.310829 0.318706 2.36578 0.0125796 0.0029207
6 6 358 0.041244 0.319421 0.350138 3.07221 0.0128375 0.0028082
6 7 365 0.0448302 0.34167 0.407528 2.6365 0.0127882 0.0029007
6 8 377 0.0416666 0.317281 0.43321 3.04465 0.0131803 0.00289564
6 9 387 0.0443954 0.363269 0.57924 2.67722 0.0126772 0.00286302
6 10 402 0.0440284 0.322725 0.574765 2.76894 0.0133191 0.00299691
6 11 375 0.0423987 0.312341 0.661016 2.86054 0.0120129 0.00265887
6 12 427 0.0455221 0.355436 0.754797 2.57659 0.0130109 0.0029717
6 13 398 0.0432978 0.388861 0.798041 2.7347 0.0118111 0.00263809
6 14 393 0.0477889 0.400433 0.861408 2.19557 0.0113069 0.0026412
6 15 430 0.0477496 0.379022 0.902608 2.27506 0.0121933 0.00284715
6 16 421 0.0461176 0.393975 1.06417 2.34784 0.0110455 0.0025378
6 17 460 0.0454581 0.41906 1.18143 2.45003 0.0113834 0.00259832
6 18 408 0.0445578 0.424878 1.24073 2.40298 0.00981704 0.00222069
6 19 449 0.042185 0.486732 1.39523 2.70214 0.00998593 0.00220545
6 20 471 0.0443029 0.396314 1.32619 2.54097 0.0109455 0.00246964
6 21 426 0.0407679 0.507518 1.58792 2.74449 0.00869596 0.001893
6 22 430 0.0451756 0.500066 1.72453 2.16576 0.00830236 0.00188972
6 23 394 0.0423384 0.536274 1.93584 2.32328 0.00696775 0.00154126
7 0 380 0.0436858 0.365369 0.0474282 2.86944 0.0141496 0.00317281
7 1 314 0.0396299 0.432207 0.107787 3.16611 0.0113822 0.00244899
7 2 326 0.0431484 0.38495 0.122532 2.76797 0.0119947 0.00267508
7 3 367 0.0440914 0.391372 0.201323 2.76243 0.0133296 0.00300118
7 4 338 0.0445912 0.388155 0.272964 2.60972 0.0121176 0.00274202
7 5 365 0.0408609 0.384753 0.325416 3.12939 0.0129347 0.0028184
7 6 367 0.0426615 0.382267 0.394675 2.88896 0.0127637 0.00283259
7 7 369 0.0435035 0.400519 0.384927 2.79073 0.0128004 0.00286502
7 8 359 0.0440927 0.432039 0.480093 2.65444 0.011967 0.00269443
7 9 376 0.0447819 0.386937 0.586928 2.59537 0.0122063 0.00276736
7 10 378 0.0445464 0.421263 0.589393 2.61727 0.0121473 0.00274749
7 11 388 0.0453699 0.440967 0.66163 2.51682 0.0120516 0.00274841
7 12 429 0.0458987 0.417398 0.747403 2.5293 0.0129324 0.00296487
7 13 425 0.0458285 0.414246 0.788802 2.51028 0.0125922 0.00288485
7 14 393 0.0440718 0.424737 0.891454 2.58136 0.0110968 0.00249797
7 15 409 0.0459396 0.432265 0.96039 2.37883 0.0111754 0.00256311
7 16 449 0.0439335 0.502013 1.05577 2.64022 0.0115818 0.00260353
7 17 468 0.044951 0.48086 1.16157 2.522 0.011561 0.00262552
7 18 434 0.0452978 0.502738 1.24207 2.36782 0.0103005 0.00234739
7 19 447 0.0467511 0.532607 1.3808 2.17376 0.00993097 0.00229613
7 20 441 0.0452729 0.536478 1.4968 2.27019 0.00931667 0.00212265
7 21 413 0.0440223 0.572024 1.58846 2.30296 0.0083521 0.00187918
7 22 474 0.0451151 0.611099 1.78669 2.23105 0.00880286 0.00200242
7 23 427 0.0466575 0.622163 1.94118 1.89795 0.00746279 0.00172386
8 0 359 0.0449114 0.38274 0.042799 2.66615 0.0132942 0.00301793
8 1 355 0.0433988 0.438433 0.0611014 2.80945 0.0128816 0.00288015
8 2 371 0.0432771 0.45663 0.131964 2.85563 0.0132966 0.00296929
8 3 358 0.0430653 0.453292 0.214761 2.83496 0.0126984 0.00282965
8 4 364 0.0474327 0.455743 0.259111 2.35569 0.012793 0.00297786
8 5 350 0.0448066 0.448171 0.301301 2.59377 0.0122207 0.00277133
8 6 374 0.0438994 0.410706 0.334224 2.76859 0.013116 0.00294738
8 7 420 0.0446939 0.457417 0.425823 2.75196 0.0141337 0.00320151
8 8 404 0.0447601 0.462995 0.474135 2.68843 0.0133636 0.0030291
8 9 383 0.0448813 0.482272 0.564644 2.58383 0.0122021 0.00276918
8 10 367 0.0446297 0.465048 0.596075 2.56316 0.0116171 0.00262978
8 11 401 0.0451338 0.464101 0.665927 2.56795 0.0123549 0.00281095
8 12 399 0.0458011 0.441785 0.729472 2.46904 0.0120473 0.00275926
8 13 428 0.047097 0.51142 0.837717 2.33668 0.0121213 0.00281215
8 14 409 0.0481031 0.500797 0.89776 2.16449 0.011317 0.00265173
8 15 412 0.0446495 0.533922 1.00764 2.48606 0.0107794 0.00244062
8 16 457 0.0409854 0.561352 1.09977 2.98806 0.0114135 0.0024901
8 17 430 0.0466767 0.547087 1.13666 2.24685 0.0106001 0.00244902
8 18 438 0.0459661 0.587756 1.2682 2.27606 0.0101131 0.00232007
8 19 419 0.0453472 0.565827 1.34741 2.26975 0.00938963 0.00214086
8 20 440 0.0457397 0.645064 1.46207 2.21284 0.00926207 0.00212006
8 21 445 0.0421684 0.661527 1.62119 2.57295 0.00875753 0.00193382
8 22 433 0.0423169 0.714898 1.81841 2.44238 0.00782829 0.00173124
8 23 425 0.0427693 0.718764 1.98449 2.30623 0.00722101 0.00160427
9 0 366 0.043515 0.507739 0.032551 2.80056 0.0129447 0.00289765
9 1 329 0.0428094 0.496332 0.0815695 2.78081 0.0116633 0.00259225
9 2 352 0.0467831 0.454593 0.142925 2.40919 0.0126097 0.0029164
9 3 349 0.043061 0.542941 0.183312 2.78023 0.0120161 0.00267747
9 4 408 0.0435648 0.506756 0.22808 2.88386 0.014152 0.0031695
9 5 387 0.04221 0.512377 0.31031 2.97614 0.0131743 0.00291036
9 6 387 0.0422181 0.514357 0.382092 2.95645 0.0129305 0.00285673
9 7 359 0.0442477 0.527001 0.407663 2.62718 0.0118556 0.00267349
9 8 402 0.0430274 0.543491 0.523277 2.84236 0.0127346 0.00283662
9 9 427 0.0441173 0.532659 0.543146 2.77107 0.0134857 0.00303711
9 10 386 0.0472617 0.55375 0.630392 2.28703 0.011734 0.00272675
9 11 411 0.0464961 0.535585 0.703809 2.40801 0.012217 0.00281753
9 12 426 0.0443104 0.572171 0.767002 2.64974 0.0122137 0.00275599
9 13 445 0.0434555 0.571617 0.856019 2.75692 0.0123049 0.00275277
9 14 457 0.0448117 0.598168 0.920733 2.59242 0.0122112 0.0027693
9 15 391 0.0442169 0.57817 1.01122 2.47114 0.0101067 0.00227841
9 16 433 0.0468704 0.637699 1.1049 2.22639 0.0106003 0.00245378
9 17 448 0.0439886 0.671369 1.16991 2.54404 0.0105876 0.00238135
9 18 396 0.0476764 0.669587 1.31713 1.95731 0.00880772 0.00205513
9 19 443 0.0469703 0.677403 1.40204 2.10623 0.00949946 0.00220113
9 20 424 0.0448139 0.725615 1.57405 2.21904 0.00840834 0.00190692
9 21 449 0.0439825 0.727525 1.64469 2.34364 0.00865873 0.00194739
9 22 449 0.0438271 0.757903 1.81029 2.29372 0.00808918 0.00181645
9 23 363 0.0415196 0.799989 1.97052 2.29769 0.00612945 0.00134459
10 0 354 0.0447687 0.569888 0.0131521 2.59669 0.012204 0.0027665
10 1 345 0.0415188 0.572218 0.0699535 2.95792 0.0118608 0.00260182
10 2 389 0.0457421 0.553192 0.160575 2.58011 0.0133761 0.00306181
10 3 376 0.0436486 0.571595 0.171908 2.7745 0.0128119 0.00287179
10 4 382 0.0446818 0.527644 0.2493 2.6768 0.0130924 0.0029653
10 5 373 0.0444896 0.619404 0.297661 2.62797 0.0121988 0.00275757
10 6 396 0.0420701 0.599643 0.411913 2.95745 0.0127074 0.00280322
10 7 413 0.0455373 0.597204 0.478885 2.57513 0.0130137 0.00297278
10 8 377 0.0466708 0.570392 0.476334 2.37216 0.0120077 0.00277408
10 9 385 0.0441673 0.597457 0.573254 2.62901 0.0117676 0.0026515
10 10 409 0.044023 0.599358 0.603811 2.69497 0.0123617 0.00278133
10 11 417 0.0425965 0.625766 0.729743 2.82929 0.0119295 0.00264571
10 12 423 0.0457328 0.634887 0.768346 2.46327 0.0118888 0.00272112
10 13 401 0.0467775 0.655031 0.865252 2.25329 0.0107831 0.00249379
10 14 445 0.0455286 0.686116 0.948901 2.44963 0.0114678 0.00261941
10 15 478 0.0465716 0.658918 1.01206 2.39015 0.0120976 0.00279209
10 16 449 0.0467512 0.656666 1.08545 2.27871 0.01103 0.00255022
10 17 465 0.0424879 0.732917 1.22176 2.72452 0.0106009 0.00234846
10 18 427 0.0461454 0.711341 1.27225 2.20311 0.00958581 0.00220304
10 19 452 0.0446267 0.78448 1.38604 2.36629 0.00953783 0.00215903
10 20 466 0.045775 0.811612 1.58416 2.18664 0.00905746 0.00207395
10 21 429 0.0430571 0.819055 1.67582 2.37935 0.0080437 0.00179226
10 22 419 0.0425419 0.882381 1.86217 2.33924 0.0072592 0.00160905
10 23 419 0.040921 0.928892 2.03445 2.47663 0.00678691 0.00147974
11 0 376 0.045095 0.568896 0.0429609 2.62008 0.0129598 0.00294743
11 1 379 0.0442474 0.605004 0.109957 2.70475 0.0128114 0.00288902
11 2 364 0.045046 0.638264 0.125956 2.55754 0.0121077 0.00275228
11 3 378 0.044346 0.597855 0.19861 2.68402 0.0126915 0.00286482
11 4 414 0.0467682 0.603483 0.253178 2.49708 0.0137465 0.00317884
11 5 412 0.0442758 0.636828 0.318931 2.74018 0.0133169 0.00300387
11 6 400 0.0427914 0.619248 0.352503 2.88587 0.012927 0.00287261
11 7 378 0.0453649 0.695837 0.476866 2.46752 0.0114655 0.00261461
11 8 397 0.0455623 0.647842 0.470298 2.51586 0.0122985 0.00281011
11 9 423 0.0460392 0.669559 0.584716 2.48367 0.0125455 0.0028802
11 10 424 0.0460107 0.669979 0.633797 2.47254 0.0123684 0.00283872
11 11 447 0.0438534 0.687694 0.684869 2.74398 0.0127288 0.00285904
11 12 426 0.0472669 0.646053 0.742367 2.31296 0.0120488 0.00280003
11 13 443 0.0479037 0.697683 0.835822 2.23428 0.0118916 0.00278092
11 14 459 0.0468681 0.742635 0.955003 2.31716 0.0116047 0.00268621
11 15 422 0.0479088 0.741621 1.04739 2.08936 0.0102928 0.00240715
11 16 426 0.0444379 0.80643 1.17568 2.40544 0.00970743 0.00219326
11 17 431 0.0459247 0.756689 1.19341 2.25723 0.00987979 0.00226562
11 18 456 0.0452016 0.801771 1.33196 2.3276 0.00978916 0.0022287
11 19 439 0.0449574 0.859271 1.46865 2.25143 0.00882663 0.00200466
11 20 422 0.0436411 0.945789 1.68047 2.26742 0.0077092 0.00172789
11 21 435 0.0416618 0.877832 1.69809 2.54617 0.00800148 0.00175779
11 22 427 0.0433787 1.01942 1.91937 2.2137 0.00708284 0.0015833
11 23 417 0.0396985 0.997984 2.05056 2.61859 0.00664527 0.00143081
12 0 397 0.0450635 0.695294 0.00653585 2.62164 0.0129345 0.00294075
12 1 350 0.0440851 0.698643 0.093307 2.60259 0.0113523 0.00255583
12 2 416 0.0468599 0.645234 0.15582 2.48793 0.0137537 0.0031834
12 3 364 0.0440566 0.666807 0.19791 2.64948 0.011858 0.00266892
12 4 364 0.0444926 0.689895 0.279454 2.57618 0.0115869 0.00261934
12 5 390 0.0454723 0.697404 0.2961 2.52878 0.0123355 0.00281602
12 6 396 0.0428593 0.67478 0.362517 2.84205 0.012475 0.00277407
12 7 390 0.0444682 0.754504 0.408888 2.59246 0.0117444 0.00265429
12 8 388 0.0450045 0.676468 0.484434 2.53949 0.0118357 0.00268934
12 9 417 0.0439634 0.82107 0.61849 2.63299 0.0115386 0.00259458
12 10 440 0.0454134 0.759683 0.660658 2.53277 0.0123046 0.00280733
12 11 427 0.0475304 0.719865 0.69258 2.28061 0.0119879 0.00279314
12 12 455 0.0440731 0.769388 0.786374 2.67144 0.0121445 0.00273386
12 13 464 0.0439625 0.783453 0.889831 2.66154 0.0118715 0.00266942
12 14 427 0.0441813 0.81197 0.951253 2.52117 0.0105816 0.00238462
12 15 419 0.0463729 0.869019 1.11017 2.18214 0.00961939 0.00221576
12 16 417 0.0452712 0.889968 1.20671 2.25576 0.00918151 0.00209182
12 17 471 0.0453416 0.873044 1.18713 2.38167 0.0104952 0.00239279
12 18 453 0.0476988 0.91549 1.35329 2.01841 0.00938413 0.00219011
12 19 434 0.0440451 0.927591 1.48019 2.32448 0.00855632 0.00192557
12 20 414 0.0474348 0.985213 1.57047 1.86062 0.00779928 0.00181549
12 21 433 0.0466379 1.03612 1.81153 1.89497 0.00742508 0.00171481
12 22 425 0.0439002 1.03528 1.88427 2.15653 0.00711265 0.00159835
12 23 395 0.0399548 1.11375 2.085 2.49928 0.00610704 0.00131839
13 0 369 0.0470003 0.770117 0.0400596 2.30246 0.0115955 0.0026876
13 1 422 0.0421007 0.757302 0.0881485 3.0005 0.013317 0.00293862
13 2 391 0.047878 0.710608 0.139015 2.29215 0.0125673 0.00293819
13 3 397 0.0435409 0.750741 0.193579 2.75857 0.0124504 0.00278773
13 4 410 0.0436623 0.768369 0.228227 2.76373 0.012695 0.00284598
13 5 409 0.0423367 0.760763 0.329562 2.90748 0.0124945 0.00276372
13 6 465 0.0455674 0.778205 0.405586 2.63549 0.0138693 0.00316918
13 7 425 0.0474747 0.796214 0.444948 2.32502 0.0124604 0.00290165
13 8 401 0.0467995 0.785921 0.492886 2.32965 0.0116658 0.00269854
13 9 407 0.0463704 0.84516 0.626696 2.32796 0.0111265 0.00256284
13 10 459 0.0484673 0.829994 0.6559 2.22822 0.0125123 0.00294233
13 11 401 0.0461603 0.858387 0.742694 2.2944 0.010519 0.00241787
13 12 455 0.0474879 0.828956 0.805875 2.2702 0.0118119 0.00275097
13 13 420 0.0437684 0.861929 0.923756 2.54644 0.0103437 0.00232134
13 14 451 0.0456338 0.927768 0.980099 2.36453 0.0106549 0.00243629
13 15 456 0.0458701 0.998953 1.17419 2.25989 0.00984741 0.00225697
13 16 493 0.0426295 0.990038 1.19193 2.70791 0.0106084 0.00235352
13 17 436 0.0450797 0.908936 1.22201 2.31083 0.00949622 0.00215938
13 18 439 0.0415951 0.996542 1.42491 2.63658 0.0086849 0.00190663
13 19 439 0.0460926 1.02571 1.54019 2.06263 0.00828216 0.00190243
13 20 412 0.0441557 1.12416 1.68012 2.14588 0.00724912 0.0016332
13 21 438 0.0423115 1.1682 1.87001 2.35646 0.007179 0.00158756
13 22 423 0.0419275 1.19612 1.9676 2.33316 0.00668646 0.00147288
13 23 380 0.040453 1.27925 2.17768 2.33715 0.00555126 0.00120455
14 0 399 0.0462747 0.853243 0.0508631 2.41678 0.0120357 0.00276964
14 1 384 0.0469271 0.808519 0.100275 2.3288 0.0118137 0.00273619
14 2 430 0.0459403 0.786235 0.133354 2.55587 0.0133408 0.00305978
14 3 412 0.0452656 0.858037 0.197882 2.54637 0.0122702 0.00279534
14 4 445 0.0430949 0.84336 0.253627 2.87409 0.0132522 0.00295393
14 5 402 0.0456524 0.883831 0.342065 2.44564 0.0115787 0.00264801
14 6 469 0.0433745 0.862718 0.413864 2.85529 0.013447 0.00300581
14 7 416 0.0424922 0.826478 0.47676 2.84325 0.0119436 0.00264604
14 8 426 0.0474496 0.84999 0.559027 2.2774 0.0118503 0.00275887
14 9 475 0.0457186 0.864737 0.662907 2.53437 0.0127452 0.00291672
14 10 451 0.0443423 0.964898 0.703905 2.58491 0.0114891 0.00259331
14 11 441 0.0435329 0.957019 0.798619 2.6312 0.010951 0.00245181
14 12 439 0.0483462 0.878942 0.795136 2.13259 0.0112338 0.00263854
14 13 448 0.0442661 0.989447 0.922764 2.50999 0.0105669 0.00238332
14 14 431 0.0481785 1.00905 1.04834 2.00135 0.00968712 0.00227152
14 15 456 0.0438036 1.02261 1.09754 2.51221 0.0100369 0.00225329
14 16 440 0.0435217 1.11313 1.24654 2.43245 0.00896531 0.002007
14 17 435 0.0449818 1.13065 1.35014 2.21376 0.00852376 0.00193635
14 18 454 0.0433936 1.14963 1.46414 2.39735 0.00852567 0.00190612
14 19 472 0.0428912 1.16974 1.63801 2.43477 0.00833369 0.00185376
14 20 394 0.0431724 1.15697 1.68844 2.20683 0.00686335 0.00153104
14 21 426 0.0428255 1.24759 1.79977 2.27146 0.00702195 0.00156094
14 22 412 0.0416624 1.38673 2.10967 2.26169 0.00602079 0.00132267
14 23 374 0.0406801 1.35793 2.19426 2.27264 0.0053628 0.00116637
15 0 388 0.0432182 0.926292 0.0266416 2.69937 0.0112934 0.00252044
15 1 430 0.0444143 0.90369 0.101603 2.67086 0.0126241 0.00285157
15 2 427 0.0441545 0.923901 0.163656 2.67934 0.0123568 0.00278391
15 3 428 0.0465274 0.915663 0.211929 2.41761 0.0123759 0.00285508
15 4 435 0.0478751 0.935469 0.278204 2.2753 0.0123536 0.00288814
15 5 422 0.0473486 0.937912 0.375567 2.28194 0.0117803 0.00273986
15 6 439 0.0475729 0.967666 0.427655 2.27445 0.0119666 0.00278935
15 7 443 0.045304 0.942148 0.45696 2.53154 0.0121412 0.00276702
15 8 432 0.0481287 0.949129 0.564277 2.17859 0.0115075 0.00269705
15 9 474 0.0466112 0.987036 0.641739 2.39248 0.0121769 0.0028115
15 10 446 0.0476065 0.984314 0.660159 2.22364 0.0114131 0.00266122
15 11 449 0.0468799 1.00316 0.753131 2.27205 0.0111066 0.00257122
15 12 468 0.0446885 1.07173 0.904868 2.48179 0.010781 0.00244194
15 13 464 0.0448585 1.10321 0.94463 2.43061 0.0104419 0.00236917
15 14 486 0.0453486 1.10477 1.02539 2.39666 0.0106619 0.00243096
15 15 472 0.0490654 1.17592 1.14894 1.91778 0.0097336 0.00230235
15 16 475 0.0432728 1.17245 1.2233 2.52834 0.00958023 0.00213928
15 17 507 0.041442 1.21291 1.39372 2.7538 0.0095766 0.00209911
15 18 480 0.043031 1.18735 1.44783 2.49184 0.00897313 0.00199882
15 19 416 0.0453976 1.29673 1.67217 1.97806 0.00705335 0.00160899
15 20 403 0.0433647 1.39087 1.83477 2.10945 0.00637094 0.00142396
15 21 408 0.0406825 1.40142 1.94227 2.4235 0.00623801 0.00135675
15 22 380 0.0434223 1.31779 1.92513 2.03272 0.00594086 0.00132861
15 23 389 0.0407517 1.49465 2.25704 2.26067 0.00534901 0.00116422
16 0 439 0.046972 0.95177 0.0274861 2.38981 0.0126163 0.00292338
16 1 424 0.0444663 0.989443 0.0933633 2.60871 0.0119341 0.0026971
16 2 431 0.0456913 0.961576 0.13394 2.49947 0.0122712 0.00280749
16 3 464 0.0467575 1.02859 0.240993 2.41569 0.0126576 0.00292674
16 4 423 0.0442213 0.988784 0.272104 2.61861 0.0117187 0.00264193
16 5 448 0.0449632 0.969896 0.36225 2.5867 0.0123507 0.00280519
16 6 452 0.0458193 1.06819 0.443483 2.44046 0.0117312 0.00268736
16 7 448 0.0494276 1.05659 0.507089 2.05257 0.0115393 0.00273915
16 8 471 0.0463077 1.08239 0.560482 2.39809 0.0118548 0.00272891
16 9 431 0.0491522 1.08193 0.634923 2.00027 0.010661 0.00252386
16 10 472 0.0452581 1.10666 0.720722 2.46543 0.0113068 0.00257567
16 11 479 0.0475692 1.10277 0.759971 2.22389 0.0113723 0.00265072
16 12 482 0.0445433 1.14168 0.91674 2.49889 0.0107874 0.00243984
16 13 480 0.0459243 1.21774 1.0048 2.28841 0.0101923 0.00233727
16 14 498 0.0473037 1.16509 1.06434 2.17894 0.0105779 0.00245911
16 15 447 0.0454673 1.19618 1.13372 2.23622 0.00920152 0.00210048
16 16 466 0.0490038 1.21332 1.17902 1.88998 0.00940948 0.00222435
16 17 454 0.044473 1.26403 1.33851 2.28019 0.00859912 0.00194354
16 18 439 0.0440083 1.34018 1.51277 2.22662 0.00772569 0.001738
16 19 433 0.044909 1.48241 1.68477 2.02412 0.00699378 0.00158763
16 20 400 0.0427939 1.42073 1.72733 2.19482 0.00647899 0.00143978
16 21 392 0.0396764 1.62142 2.13399 2.4211 0.00543791 0.00117058
16 22 380 0.0399527 1.66534 2.25874 2.31182 0.00506166 0.00109269
16 23 333 0.0378818 1.70542 2.38555 2.43278 0.00426505 0.000901233
17 0 499 0.0477789 1.08984 0.0273136 2.36533 0.0133853 0.00312638
17 1 453 0.0456994 1.10731 0.142632 2.47569 0.0119935 0.00274417
17 2 475 0.0464949 1.08539 0.174071 2.44567 0.012684 0.00292522
17 3 473 0.0469669 1.09953 0.248777 2.37753 0.0124556 0.002886
17 4 453 0.0482396 1.08425 0.292947 2.20544 0.0119539 0.00280473
17 5 465 0.0454948 1.11411 0.38571 2.49336 0.0119358 0.00272541
17 6 473 0.0452181 1.13775 0.401227 2.52758 0.0119783 0.00272755
17 7 475 0.045637 1.09777 0.488743 2.48783 0.0120572 0.00275702
17 8 465 0.0445827 1.1722 0.574168 2.53391 0.0112221 0.00253915
17 9 484 0.046235 1.1341 0.611808 2.39915 0.0117751 0.00270859
17 10 504 0.0457942 1.20382 0.743823 2.42697 0.0115423 0.00264342
17 11 489 0.0449945 1.28124 0.793815 2.44235 0.010728 0.00243741
17 12 480 0.0441735 1.27565 0.93049 2.48449 0.0101914 0.00229651
17 13 482 0.0462449 1.26784 1.05733 2.22562 0.00990976 0.00227974
17 14 453 0.0473626 1.27815 1.07404 2.03729 0.00923713 0.00214866
17 15 428 0.0423202 1.31906 1.22819 2.49325 0.00824009 0.00182237
17 16 458 0.0437726 1.41053 1.32073 2.33222 0.00835323 0.00187472
17 17 487 0.0471148 1.375 1.35295 2.02526 0.00889421 0.00206383
17 18 437 0.0449254 1.41983 1.49793 2.1003 0.00756136 0.00171675
17 19 461 0.0425711 1.5154 1.68212 2.35368 0.00739117 0.00163879
17 20 412 0.0414429 1.63514 1.93695 2.28609 0.00599978 0.00131511
17 21 374 0.0386945 1.65299 2.03461 2.53042 0.00528966 0.00112719
17 22 361 0.0381666 1.74628 2.22026 2.50523 0.0047807 0.00101318
17 23 341 0.0358012 1.88157 2.42062 2.7371 0.00419608 0.000867616
18 0 480 0.0475445 1.13485 -0.00672873 2.32837 0.0125927 0.00293448
18 1 489 0.0469071 1.15969 0.113524 2.3983 0.0126374 0.00292639
18 2 469 0.044117 1.23709 0.184218 2.62239 0.0116221 0.00261741
18 3 459 0.0426239 1.18497 0.203924 2.80198 0.0116468 0.00258373
18 4 477 0.0463382 1.23496 0.335951 2.37775 0.0116542 0.00268353
18 5 494 0.0465838 1.20666 0.329056 2.4007 0.0122417 0.00282569
18 6 519 0.0461321 1.28807 0.461591 2.44178 0.0121524 0.00279252
18 7 456 0.0463566 1.18929 0.505401 2.32475 0.0110744 0.0025505
18 8 475 0.046589 1.29751 0.590467 2.27713 0.0108247 0.00249874
18 9 486 0.0466272 1.3088 0.665854 2.2759 0.0108554 0.00250677
18 10 493 0.0453509 1.32608 0.76313 2.40028 0.0107033 0.00244047
18 11 518 0.0470553 1.38734 0.88518 2.21394 0.0106744 0.00247546
18 12 495 0.0467014 1.36058 0.93077 2.20456 0.0101878 0.00235434
18 13 478 0.0460719 1.38162 1.03568 2.2027 0.00950613 0.00218313
18 14 446 0.0475674 1.47544 1.14632 1.91533 0.00835148 0.00194658
18 15 456 0.044043 1.44425 1.2209 2.31324 0.0084586 0.00190354
18 16 445 0.0427406 1.55757 1.40796 2.35998 0.00759323 0.00168648
18 17 446 0.0437078 1.56391 1.50518 2.21941 0.00740566 0.00166097
18 18 423 0.0413275 1.64607 1.68283 2.39057 0.006563 0.00143688
18 19 386 0.0415765 1.77345 1.86082 2.19177 0.00555338 0.00121892
18 20 382 0.0411936 1.86484 2.0165 2.1723 0.00518602 0.00113386
18 21 343 0.0393925 1.86712 2.15047 2.27291 0.0045094 0.000967874
18 22 300 0.035049 2.02645 2.40282 2.70987 0.00360915 0.000740383
18 23 301 0.0361011 2.05005 2.56519 2.50183 0.00347968 0.000721753
19 0 506 0.0478397 1.21413 0.0628143 2.31092 0.0127554 0.00298105
19 1 527 0.0467163 1.30879 0.0913709 2.4216 0.0126772 0.00293006
19 2 497 0.0482242 1.2788 0.144264 2.21925 0.0121012 0.00283888
19 3 451 0.0493041 1.30036 0.237208 1.99816 0.0107977 0.00256001
19 4 497 0.049762 1.28777 0.267985 2.05405 0.0119361 0.00284258
19 5 498 0.047999 1.30605 0.382674 2.20845 0.0117014 0.002739
19 6 438 0.0458357 1.36967 0.443537 2.27052 0.00991546 0.00227179
19 7 501 0.0470329 1.32695 0.53001 2.28199 0.0113993 0.00264299
19 8 504 0.0476591 1.42861 0.635787 2.16071 0.0107752 0.00251378
19 9 467 0.0482801 1.40657 0.701846 2.01757 0.00994689 0.00233476
19 10 513 0.0450688 1.42113 0.782742 2.42965 0.0106814 0.00242861
19 11 456 0.0463249 1.45442 0.845511 2.1477 0.00924595 0.00212872
19 12 524 0.0453834 1.46747 0.93096 2.36512 0.0103707 0.0023654
19 13 497 0.0447154 1.53706 1.05094 2.33434 0.0093314 0.00211418
19 14 471 0.0445878 1.5446 1.18405 2.26043 0.00854189 0.00193283
19 15 469 0.0451341 1.59951 1.21861 2.16857 0.00828724 0.00188549
19 16 443 0.0422041 1.73625 1.45062 2.35964 0.0071067 0.00156986
19 17 418 0.0447818 1.71479 1.52836 1.98368 0.00662096 0.00150108
19 18 391 0.043181 1.87409 1.75201 2.0086 0.00563496 0.00125713
19 19 374 0.0406716 1.90549 1.86907 2.24425 0.00520687 0.00113235
19 20 375 0.0415959 1.88309 1.90014 2.12556 0.00521047 0.00114388
19 21 301 0.0389729 1.99574 2.15928 2.1723 0.00384595 0.00082191
19 22 266 0.0362908 2.17556 2.47424 2.3451 0.00306571 0.000637151
19 23 235 0.0339234 2.33681 2.70457 2.54074 0.00251255 0.000509341
20 0 575 0.0466348 1.41348 0.0189829 2.46893 0.0131774 0.00304323
20 1 526 0.0467775 1.4982 0.123221 2.32294 0.0115609 0.00267367
20 2 517 0.04715 1.44168 0.164893 2.29078 0.0116417 0.0027023
20 3 516 0.0491584 1.47068 0.253824 2.0665 0.011398 0.00269849
20 4 466 0.0469961 1.40738 0.303746 2.2083 0.0105488 0.00244491
20 5 455 0.0483961 1.47135 0.427904 1.99793 0.00986781 0.00231884
20 6 460 0.0446147 1.41736 0.449428 2.43349 0.0101869 0.00230568
20 7 482 0.0449655 1.47048 0.551524 2.40227 0.0102731 0.00233337
20 8 506 0.0458999 1.48822 0.646466 2.32414 0.010535 0.00241527
20 9 495 0.0486061 1.46479 0.691246 2.02165 0.0103192 0.0024299
20 10 504 0.0497843 1.53428 0.817305 1.87218 0.00997263 0.0023755
20 11 508 0.0452483 1.53334 0.873952 2.33745 0.00993761 0.00226356
20 12 483 0.0450218 1.6442 0.990859 2.24739 0.00885489 0.00201238
20 13 458 0.0444164 1.67101 1.0627 2.23822 0.00819241 0.00185056
20 14 489 0.0435557 1.81437 1.24171 2.31876 0.00803403 0.00179914
20 15 451 0.0443129 1.78461 1.33438 2.13852 0.00732751 0.00165347
20 16 440 0.0450598 1.87619 1.49334 1.96731 0.00672042 0.00152788
20 17 383 0.0404516 1.99094 1.63043 2.32898 0.00550503 0.0011945
20 18 404 0.0407166 1.96327 1.75342 2.32767 0.00569343 0.00123874
20 19 344 0.0408793 2.09169 1.92274 2.07827 0.00453215 0.000987717
20 20 352 0.0371417 2.21187 2.18611 2.54605 0.00427593 0.000896604
20 21 288 0.0364583 2.17073 2.26286 2.44332 0.00347237 0.000722933
20 22 241 0.0330946 2.45525 2.61377 2.71189 0.00256882 0.000516193
20 23 241 0.03208 2.55654 2.83524 2.84457 0.00242331 0.000481723
21 0 538 0.0457107 1.54233 0.0499942 2.44197 0.0116102 0.00265677
21 1 513 0.0495053 1.57354 0.119597 1.9877 0.0108964 0.0025885
21 2 529 0.0484749 1.51853 0.16283 2.14304 0.0114994 0.00270433
21 3 541 0.0485884 1.53614 0.284706 2.13814 0.0115736 0.00272482
21 4 526 0.0464561 1.61038 0.322224 2.29413 0.0108555 0.00250256
21 5 521 0.0476436 1.531 0.408457 2.18604 0.011034 0.00257377
21 6 508 0.0470002 1.61067 0.49144 2.18331 0.0102929 0.00238568
21 7 486 0.0458243 1.56871 0.552209 2.27405 0.00993819 0.00227674
21 8 495 0.0447249 1.62869 0.644187 2.37606 0.00973946 0.00220684
21 9 455 0.0439787 1.7863 0.820334 2.28806 0.00818696 0.00184121
21 10 463 0.0470776 1.64773 0.804746 2.01809 0.00879642 0.00204039
21 11 461 0.0475577 1.71064 0.893688 1.92402 0.00841592 0.00196141
21 12 448 0.0441221 1.75971 0.992376 2.23404 0.00788653 0.00177621
21 13 470 0.0467895 1.82042 1.13228 1.93891 0.00788421 0.00182359
21 14 451 0.0426954 1.99812 1.26673 2.27953 0.00696788 0.00154688
21 15 441 0.041343 1.95109 1.41683 2.40983 0.00670398 0.00146797
21 16 440 0.0433978 2.09841 1.56743 2.08279 0.00622782 0.00139244
21 17 376 0.0401151 2.12303 1.68139 2.31078 0.00516834 0.00111758
21 18 391 0.038938 2.16969 1.83171 2.46998 0.00515403 0.00110106
21 19 318 0.0361295 2.34024 2.03221 2.60484 0.0038747 0.000803927
21 20 291 0.0373991 2.51356 2.28825 2.2356 0.00325912 0.000685227
21 21 276 0.0347529 2.57677 2.56432 2.54258 0.00290488 0.000594053
21 22 234 0.0314848 2.78525 2.76638 2.90572 0.00229221 0.000452774
21 23 180 0.0296989 2.7512 2.91814 2.99683 0.0017281 0.000334866
22 0 492 0.0475227 1.76188 0.0832541 2.06229 0.00962905 0.00224337
22 1 518 0.0436529 1.74956 0.110046 2.54455 0.0101851 0.0022831
22 2 518 0.0461965 1.73352 0.205143 2.26144 0.0102177 0.00234946
22 3 520 0.0479545 1.68503 0.280731 2.09744 0.0104247 0.00243909
22 4 503 0.049592 1.68771 0.342334 1.8958 0.0100234 0.00238313
22 5 575 0.0439802 1.81485 0.464561 2.55978 0.0107449 0.00241653
22 6 547 0.0479642 1.82697 0.539951 2.06368 0.0100885 0.00236065
22 7 517 0.0468016 1.8082 0.602969 2.12735 0.0095313 0.00220482
22 8 518 0.0466084 1.89516 0.724198 2.10017 0.00908783 0.00209821
22 9 519 0.0468425 1.87337 0.817813 2.07127 0.0090505 0.00209445
22 10 474 0.0435942 1.89536 0.900251 2.32143 0.00809222 0.00181288
22 11 471 0.0469487 1.80473 0.903279 1.97333 0.00829831 0.0019224
22 12 447 0.0430076 2.01094 1.12436 2.25522 0.0070625 0.00157285
22 13 467 0.0424216 1.91188 1.18909 2.38961 0.00752229 0.00166533
22 14 422 0.0409865 2.09495 1.33006 2.38717 0.00625922 0.0013656
22 15 408 0.0410919 2.09276 1.3919 2.32878 0.00598538 0.00130727
22 16 365 0.0427668 2.2123 1.56662 1.94155 0.00501287 0.00111367
22 17 357 0.0408604 2.15379 1.66306 2.15604 0.00488663 0.00106476
22 18 307 0.0405112 2.37018 1.93061 1.94717 0.00378768 0.000822366
22 19 293 0.0389305 2.35809 1.9434 2.11669 0.00361628 0.000772489
22 20 262 0.0343555 2.67145 2.37418 2.57425 0.00280144 0.000570502
22 21 209 0.0376278 2.67288 2.50457 1.8012 0.00218427 0.000460335
22 22 187 0.032581 2.9963 2.85754 2.419 0.00174214 0.000348168
22 23 129 0.0296562 3.32954 3.36129 2.51614 0.00105859 0.000205036
23 0 532 0.0479722 1.8411 0.0410361 2.06145 0.0100743 0.00235751
23 1 561 0.0459377 1.93455 0.108233 2.28868 0.0102099 0.00234163
23 2 537 0.048599 1.77937 0.207956 2.02885 0.0103864 0.00244556
23 3 475 0.0435789 1.83739 0.27465 2.4222 0.00893394 0.00200113
23 4 485 0.0499916 1.84967 0.348299 1.75303 0.00903005 0.00215533
23 5 507 0.0462312 1.92245 0.470085 2.13891 0.00907331 0.00208703
23 6 526 0.0478411 1.9752 0.531045 1.98055 0.00916806 0.00214268
23 7 507 0.0447409 1.94432 0.665251 2.27321 0.00880337 0.00199505
23 8 488 0.0473701 2.05257 0.792197 1.89434 0.00801291 0.00186403
23 9 448 0.0488813 2.04376 0.835826 1.65288 0.00733421 0.00173169
23 10 490 0.0460692 2.15468 0.92156 1.98335 0.00763149 0.00175256
23 11 486 0.0472031 2.15969 1.0391 1.83568 0.00742639 0.00172474
23 12 457 0.0433845 2.13346 1.0963 2.19816 0.00697833 0.00156003
23 13 414 0.0415759 2.18423 1.25129 2.28002 0.0060653 0.00133128
23 14 382 0.0441937 2.34429 1.37243 1.81631 0.00523673 0.00118027
23 15 419 0.0402038 2.46181 1.60466 2.33464 0.00535646 0.00115932
23 16 345 0.0412677 2.48055 1.69466 1.98096 0.00432391 0.00094608
23 17 299 0.0370437 2.52317 1.78821 2.40285 0.00365052 0.000764684
23 18 288 0.0371575 2.52336 1.99401 2.31245 0.00339328 0.000711642
23 19 253 0.034435 2.85978 2.3227 2.49737 0.00262991 0.000536022
23 20 197 0.0325702 2.92314 2.46463 2.54804 0.00197805 0.00039527
23 21 170 0.0321366 3.07915 2.80976 2.40194 0.00157371 0.000313022
23 22 126 0.0304053 3.24026 2.97596 2.4004 0.00110823 0.000216387
23 23 106 0.0236573 3.46745 3.38731 3.89591 0.000849862 0.000154193
