#  ix    iy     Npi     E/N       Tpi    Uxpi    Uypi     mupi     rho    epsilon
0 0 0 0 0 0 0 0 0
0 1 0 0 0 0 0 0 0
0 2 16 0.0784174 -0.318352 -0.764479 -1.79373 0.00181222 0.000557989
0 3 18 0.0903033 0.0492241 -0.414278 -2.03612 0.00244298 0.000826577
0 4 40 0.064271 -0.229333 -0.471664 0.0734722 0.00520938 0.00142071
0 5 43 0.074126 -0.169577 -0.364735 -0.395743 0.00586673 0.001743
0 6 68 0.05993 0.0422618 -0.318412 0.977784 0.00952091 0.00249638
0 7 120 0.0621225 -0.0429068 -0.297805 1.39558 0.0168987 0.00452036
0 8 1005 0.145001 0.0184117 0.509209 0.281914 0.131685 0.0639181
0 9 1028 0.128939 0.0933298 0.967915 0.484435 0.108383 0.047829
0 10 595 0.108223 0.0846457 1.35494 0.35909 0.051894 0.0200025
0 11 319 0.0910193 0.0715717 1.87424 0.135345 0.0220706 0.00750849
0 12 130 0.0650286 0.10278 2.27664 0.412257 0.00768177 0.00210921
0 13 36 0.0540314 0.0725211 3.10308 -0.326817 0.00162345 0.000402842
0 14 0 0 0 0 0 0 0
0 15 0 0 0 0 0 0 0
0 16 0 0 0 0 0 0 0
0 17 0 0 0 0 0 0 0
0 18 0 0 0 0 0 0 0
0 19 0 0 0 0 0 0 0
0 20 0 0 0 0 0 0 0
0 21 0 0 0 0 0 0 0
0 22 0 0 0 0 0 0 0
0 23 0 0 0 0 0 0 0
1 0 20 0.0644429 -0.995579 -0.256253 -0.870095 0.00205079 0.000560156
1 1 19 0.0632265 -0.768826 -0.642386 -0.82721 0.00197389 0.000533301
1 2 16 0.0629452 -0.43739 -0.593746 -0.849619 0.00189369 0.000510339
1 3 22 0.0589024 -0.364606 -0.527752 -0.197937 0.0027232 0.000707298
1 4 38 0.0646921 -0.0149306 -0.529702 -0.00774658 0.00493779 0.00135172
1 5 43 0.0744887 -0.0691834 -0.26449 -0.37635 0.00609969 0.00181775
1 6 67 0.061685 0.0121927 -0.266066 0.85232 0.00952102 0.00253675
1 7 152 0.0674607 0.0629562 -0.231196 1.2986 0.0217376 0.0060983
1 8 1128 0.144456 0.107762 0.548827 0.389302 0.144776 0.0700545
1 9 931 0.119685 0.198362 1.0196 0.609089 0.0949556 0.0395194
1 10 597 0.108398 0.220284 1.4686 0.296697 0.0490378 0.0189245
1 11 292 0.0873018 0.319406 1.95358 0.161306 0.0193623 0.00640104
1 12 109 0.0652859 0.253586 2.36958 0.181674 0.00620234 0.0017069
1 13 21 0.0358575 0.456851 3.03913 1.24841 0.000955556 0.000197695
1 14 0 0 0 0 0 0 0
1 15 0 0 0 0 0 0 0
1 16 0 0 0 0 0 0 0
1 17 0 0 0 0 0 0 0
1 18 0 0 0 0 0 0 0
1 19 0 0 0 0 0 0 0
1 20 0 0 0 0 0 0 0
1 21 0 0 0 0 0 0 0
1 22 0 0 0 0 0 0 0
1 23 0 0 0 0 0 0 0
2 0 15 0.0496131 -0.943551 -0.116916 0.0579975 0.00159865 0.000380168
2 1 21 0.0847502 -0.518424 -0.246154 -1.7039 0.00267849 0.000867923
2 2 21 0.0927659 -0.369444 -0.225398 -1.98798 0.00283421 0.000977068
2 3 26 0.0920817 -0.329864 -0.159696 -1.72404 0.00359003 0.00123124
2 4 31 0.0670825 -0.354633 -0.387502 -0.361813 0.0040359 0.00112848
2 5 43 0.0639039 -0.198826 -0.26727 0.239009 0.00599942 0.00163081
2 6 74 0.0618264 -0.18403 -0.310587 0.914824 0.0102358 0.00273069
2 7 284 0.113738 0.00695907 0.0757363 -0.0369084 0.0416444 0.0166656
2 8 1156 0.140794 0.213373 0.660224 0.439619 0.139672 0.0661739
2 9 873 0.122668 0.329568 1.15558 0.378494 0.0821214 0.0348406
2 10 539 0.101924 0.351572 1.52897 0.377075 0.0426046 0.0157103
2 11 235 0.0835881 0.385424 1.95115 0.106166 0.0155244 0.00498423
2 12 82 0.0607724 0.486836 2.43764 0.167623 0.0045006 0.0011892
2 13 20 0.042412 0.632718 2.95592 0.293594 0.000923738 0.000204483
2 14 0 0 0 0 0 0 0
2 15 0 0 0 0 0 0 0
2 16 0 0 0 0 0 0 0
2 17 0 0 0 0 0 0 0
2 18 0 0 0 0 0 0 0
2 19 0 0 0 0 0 0 0
2 20 0 0 0 0 0 0 0
2 21 0 0 0 0 0 0 0
2 22 0 0 0 0 0 0 0
2 23 0 0 0 0 0 0 0
3 0 21 0.0580637 -0.687663 -0.00694256 -0.20232 0.0025446 0.000655797
3 1 26 0.0577676 -0.60029 -0.182667 0.0616083 0.00323875 0.000832401
3 2 28 0.0651021 -0.294114 -0.232387 -0.281817 0.00385567 0.00105936
3 3 34 0.0524031 -0.386082 -0.497156 0.772769 0.00423148 0.0010338
3 4 43 0.051674 -0.355819 -0.258799 1.15157 0.00578806 0.00140421
3 5 77 0.0767695 -0.0627013 -0.276466 0.0836562 0.0108942 0.00330903
3 6 112 0.0672838 -0.0890034 -0.188694 1.01075 0.0161234 0.00451627
3 7 783 0.130681 0.204372 0.350584 0.422896 0.106696 0.0475917
3 8 1068 0.138478 0.376903 0.815684 0.316891 0.116825 0.054605
3 9 713 0.118187 0.481513 1.15979 0.278798 0.0653169 0.0269202
3 10 463 0.0976012 0.550131 1.58804 0.332933 0.0348164 0.0124425
3 11 188 0.0758512 0.65713 1.89921 0.254075 0.0123164 0.00371253
3 12 59 0.0490144 0.800888 2.89032 0.656765 0.00274438 0.000648822
3 13 16 0.0439529 0.599306 2.77955 -0.0591263 0.000780633 0.000175516
3 14 0 0 0 0 0 0 0
3 15 0 0 0 0 0 0 0
3 16 0 0 0 0 0 0 0
3 17 0 0 0 0 0 0 0
3 18 0 0 0 0 0 0 0
3 19 0 0 0 0 0 0 0
3 20 0 0 0 0 0 0 0
3 21 0 0 0 0 0 0 0
3 22 0 0 0 0 0 0 0
3 23 0 0 0 0 0 0 0
4 0 35 0.0776976 -0.478191 -0.119767 -0.822363 0.00461659 0.00141306
4 1 44 0.0654743 -0.499982 -0.186703 0.0865557 0.00570846 0.00157362
4 2 41 0.0627902 -0.386286 -0.098805 0.245293 0.00560063 0.00150723
4 3 54 0.051875 -0.449063 -0.339087 1.31208 0.00692073 0.00168225
4 4 61 0.0557379 -0.316499 -0.144252 1.18375 0.0084727 0.00213663
4 5 95 0.0664909 -0.168025 -0.156409 0.891222 0.0136164 0.0037875
4 6 295 0.0979486 0.0491465 -0.00986961 0.538637 0.043328 0.0155237
4 7 1235 0.144549 0.367605 0.532189 0.439096 0.152498 0.0738306
4 8 880 0.118108 0.565942 0.927219 0.575194 0.0876482 0.0361054
4 9 533 0.114752 0.660954 1.24623 0.016721 0.04533 0.0182638
4 10 308 0.0851378 0.866927 1.70815 0.336083 0.0209611 0.00681296
4 11 135 0.0677831 1.04184 2.34976 0.173575 0.00719821 0.00202511
4 12 45 0.0488327 1.03077 2.54764 0.481741 0.0022628 0.000534018
4 13 0 0 0 0 0 0 0
4 14 0 0 0 0 0 0 0
4 15 0 0 0 0 0 0 0
4 16 0 0 0 0 0 0 0
4 17 0 0 0 0 0 0 0
4 18 0 0 0 0 0 0 0
4 19 0 0 0 0 0 0 0
4 20 0 0 0 0 0 0 0
4 21 0 0 0 0 0 0 0
4 22 0 0 0 0 0 0 0
4 23 0 0 0 0 0 0 0
5 0 48 0.0605541 -0.421885 0.0469851 0.550512 0.00649764 0.00171346
5 1 42 0.0672842 -0.349004 -0.145049 -0.0155609 0.0057776 0.00161834
5 2 56 0.065772 -0.395461 -0.102644 0.356768 0.00762356 0.0021071
5 3 85 0.0719695 -0.320904 -0.0466515 0.429694 0.0118904 0.00346857
5 4 87 0.0786228 -0.222716 -0.107494 0.120753 0.01242 0.0038306
5 5 205 0.101759 -0.00279581 0.0377689 0.0363395 0.0301255 0.0110956
5 6 1028 0.140747 0.388851 0.415557 0.379587 0.131389 0.0622327
5 7 967 0.130862 0.608321 0.723044 0.386414 0.103362 0.0461554
5 8 653 0.115072 0.748164 1.0559 0.265697 0.0587176 0.0237083
5 9 406 0.0990583 0.882538 1.40731 0.155997 0.0307935 0.0111226
5 10 200 0.0766499 1.02168 1.86937 0.227141 0.0124977 0.00379231
5 11 100 0.0527579 1.18745 2.32726 0.958324 0.00525673 0.00128865
5 12 21 0.0422693 1.21624 3.03651 0.288348 0.000902869 0.000199574
5 13 0 0 0 0 0 0 0
5 14 0 0 0 0 0 0 0
5 15 0 0 0 0 0 0 0
5 16 0 0 0 0 0 0 0
5 17 0 0 0 0 0 0 0
5 18 0 0 0 0 0 0 0
5 19 0 0 0 0 0 0 0
5 20 0 0 0 0 0 0 0
5 21 0 0 0 0 0 0 0
5 22 0 0 0 0 0 0 0
5 23 0 0 0 0 0 0 0
6 0 94 0.0752137 -0.294925 0.0315915 0.360943 0.0132528 0.00397356
6 1 105 0.0692124 -0.262918 -0.0698815 0.814834 0.0148997 0.00424439
6 2 99 0.0649566 -0.24502 -0.120978 1.02027 0.0140439 0.00385362
6 3 146 0.069665 -0.182445 -0.0843314 1.13359 0.0210496 0.00601988
6 4 378 0.117709 0.13377 0.104999 0.117395 0.0548015 0.0225157
6 5 1030 0.141212 0.500304 0.36933 0.34726 0.128628 0.0610898
6 6 1007 0.128628 0.731353 0.642365 0.471561 0.106116 0.0467387
6 7 719 0.11357 0.88838 0.946151 0.406348 0.0645349 0.0257969
6 8 518 0.100558 1.04057 1.2145 0.372515 0.0403859 0.0147467
6 9 252 0.0856979 1.14867 1.61544 0.0833325 0.016692 0.00544937
6 10 94 0.0707546 1.24024 1.7538 -0.213068 0.00583421 0.00168427
6 11 44 0.0430035 1.29266 2.42276 1.09576 0.0022141 0.000493068
6 12 0 0 0 0 0 0 0
6 13 0 0 0 0 0 0 0
6 14 0 0 0 0 0 0 0
6 15 0 0 0 0 0 0 0
6 16 0 0 0 0 0 0 0
6 17 0 0 0 0 0 0 0
6 18 0 0 0 0 0 0 0
6 19 0 0 0 0 0 0 0
6 20 0 0 0 0 0 0 0
6 21 0 0 0 0 0 0 0
6 22 0 0 0 0 0 0 0
6 23 0 0 0 0 0 0 0
7 0 209 0.0702316 -0.20751 -0.0591852 1.45616 0.0300438 0.00863427
7 1 186 0.0702936 -0.185506 -0.0123864 1.34173 0.0268921 0.00773266
7 2 479 0.122946 0.250054 0.0421233 0.186083 0.0682801 0.0290197
7 3 829 0.135504 0.454652 0.18917 0.324378 0.10937 0.0502276
7 4 1149 0.140622 0.613465 0.328039 0.436803 0.138708 0.0656516
7 5 1007 0.125953 0.840651 0.560048 0.525326 0.104186 0.04513
7 6 712 0.112341 1.02511 0.8076 0.431433 0.0636859 0.025248
7 7 452 0.102867 1.14115 1.05363 0.1749 0.0359834 0.0133584
7 8 281 0.0878 1.37877 1.34742 0.122346 0.0190276 0.00631483
7 9 131 0.074738 1.38464 1.60785 -0.0922613 0.00821271 0.00245258
7 10 65 0.0529007 1.55506 2.13755 0.504796 0.00338223 0.000830265
7 11 17 0.0316455 1.90356 2.8576 1.68629 0.000699061 0.000138321
7 12 0 0 0 0 0 0 0
7 13 0 0 0 0 0 0 0
7 14 0 0 0 0 0 0 0
7 15 0 0 0 0 0 0 0
7 16 0 0 0 0 0 0 0
7 17 0 0 0 0 0 0 0
7 18 0 0 0 0 0 0 0
7 19 0 0 0 0 0 0 0
7 20 0 0 0 0 0 0 0
7 21 0 0 0 0 0 0 0
7 22 0 0 0 0 0 0 0
7 23 0 0 0 0 0 0 0
8 0 1060 0.138762 0.646895 0.0293226 0.423316 0.130844 0.0612599
8 1 1204 0.139355 0.680496 0.123649 0.515929 0.145622 0.0684163
8 2 1041 0.135543 0.86289 0.22 0.367733 0.114328 0.052517
8 3 977 0.128884 0.941666 0.329231 0.422439 0.101719 0.0448727
8 4 798 0.113996 1.02678 0.505678 0.572542 0.0772128 0.0309529
8 5 581 0.11461 1.1628 0.678236 0.13794 0.0509509 0.0205091
8 6 431 0.103761 1.31687 0.921364 0.0717119 0.0334843 0.0125099
8 7 266 0.0857861 1.4256 1.15227 0.194819 0.0187338 0.00612021
8 8 158 0.0762905 1.69517 1.606 -0.0663686 0.0091469 0.00276725
8 9 57 0.062504 1.71431 1.84871 -0.329657 0.00309049 0.000829557
8 10 26 0.0476629 1.90629 2.14372 0.0130395 0.00125857 0.000293625
8 11 0 0 0 0 0 0 0
8 12 0 0 0 0 0 0 0
8 13 0 0 0 0 0 0 0
8 14 0 0 0 0 0 0 0
8 15 0 0 0 0 0 0 0
8 16 0 0 0 0 0 0 0
8 17 0 0 0 0 0 0 0
8 18 0 0 0 0 0 0 0
8 19 0 0 0 0 0 0 0
8 20 0 0 0 0 0 0 0
8 21 0 0 0 0 0 0 0
8 22 0 0 0 0 0 0 0
8 23 0 0 0 0 0 0 0
9 0 761 0.120034 1.11639 0.0672862 0.357602 0.0745938 0.0311155
9 1 705 0.116716 1.22329 0.174114 0.321087 0.0652227 0.026623
9 2 610 0.115194 1.18844 0.314557 0.22539 0.0566069 0.0228745
9 3 540 0.106908 1.3487 0.452511 0.274868 0.0456679 0.0174429
9 4 493 0.0974799 1.37896 0.581779 0.483199 0.0402779 0.0143814
9 5 359 0.0889215 1.50086 0.797946 0.415857 0.0267701 0.00896189
9 6 235 0.0786785 1.73112 1.11907 0.31231 0.015084 0.00465439
9 7 134 0.0735945 1.86109 1.4616 -0.098772 0.00767054 0.0022687
9 8 60 0.0613529 2.12764 1.87933 -0.302272 0.00293163 0.000778739
9 9 25 0.0436232 2.3778 1.9874 0.348469 0.00112902 0.000253006
9 10 10 0.0214033 2.00857 2.27851 4.07918 0.000459874 8.1386e-05
9 11 0 0 0 0 0 0 0
9 12 0 0 0 0 0 0 0
9 13 0 0 0 0 0 0 0
9 14 0 0 0 0 0 0 0
9 15 0 0 0 0 0 0 0
9 16 0 0 0 0 0 0 0
9 17 0 0 0 0 0 0 0
9 18 0 0 0 0 0 0 0
9 19 0 0 0 0 0 0 0
9 20 0 0 0 0 0 0 0
9 21 0 0 0 0 0 0 0
9 22 0 0 0 0 0 0 0
9 23 0 0 0 0 0 0 0
10 0 448 0.0948427 1.64662 0.0689457 0.419784 0.0341763 0.011967
10 1 441 0.0958441 1.54005 0.24393 0.405195 0.0350109 0.0123509
10 2 344 0.0940221 1.64752 0.325086 0.173972 0.0258832 0.0090077
10 3 302 0.0881427 1.75637 0.517482 0.219848 0.0212874 0.00708361
10 4 215 0.08625 1.82066 0.701992 -0.0874133 0.01442 0.00472812
10 5 146 0.0785006 1.87549 0.888692 -0.160301 0.00931986 0.00287158
10 6 97 0.0704931 1.88521 1.04537 -0.16945 0.0060029 0.00172907
10 7 46 0.0534858 2.2984 1.30385 0.108439 0.00239428 0.00059104
10 8 17 0.0547684 2.34486 1.83978 -1.10251 0.000795228 0.000198712
10 9 0 0 0 0 0 0 0
10 10 0 0 0 0 0 0 0
10 11 0 0 0 0 0 0 0
10 12 0 0 0 0 0 0 0
10 13 0 0 0 0 0 0 0
10 14 0 0 0 0 0 0 0
10 15 0 0 0 0 0 0 0
10 16 0 0 0 0 0 0 0
10 17 0 0 0 0 0 0 0
10 18 0 0 0 0 0 0 0
10 19 0 0 0 0 0 0 0
10 20 0 0 0 0 0 0 0
10 21 0 0 0 0 0 0 0
10 22 0 0 0 0 0 0 0
10 23 0 0 0 0 0 0 0
11 0 208 0.0810304 1.99555 0.0789905 0.100803 0.0136953 0.00430762
11 1 180 0.0779578 1.99934 0.240426 0.100646 0.0117732 0.00361134
11 2 167 0.0747373 2.00139 0.405651 0.181718 0.0108009 0.00322547
11 3 137 0.0702693 2.07387 0.561743 0.191516 0.00850118 0.00244395
11 4 86 0.0582294 2.08053 0.848079 0.488642 0.00514269 0.00132742
11 5 55 0.0601959 2.48174 1.06013 -0.261741 0.00281036 0.000738678
11 6 20 0.041692 2.4058 1.39529 0.457887 0.000995171 0.000218689
11 7 19 0.030797 2.68911 1.61544 2.05165 0.000848616 0.000166395
11 8 0 0 0 0 0 0 0
11 9 0 0 0 0 0 0 0
11 10 0 0 0 0 0 0 0
11 11 0 0 0 0 0 0 0
11 12 0 0 0 0 0 0 0
11 13 0 0 0 0 0 0 0
11 14 0 0 0 0 0 0 0
11 15 0 0 0 0 0 0 0
11 16 0 0 0 0 0 0 0
11 17 0 0 0 0 0 0 0
11 18 0 0 0 0 0 0 0
11 19 0 0 0 0 0 0 0
11 20 0 0 0 0 0 0 0
11 21 0 0 0 0 0 0 0
11 22 0 0 0 0 0 0 0
11 23 0 0 0 0 0 0 0
12 0 60 0.0595826 2.69255 0.0355931 -0.127986 0.00307176 0.000802848
12 1 64 0.0630851 2.27996 0.232708 -0.172167 0.003764 0.00101566
12 2 45 0.0556741 2.36296 0.335657 -0.00895906 0.00255733 0.000644517
12 3 35 0.0557276 2.33232 0.672667 -0.279044 0.00196056 0.000494363
12 4 18 0.0530117 2.61479 1.06807 -0.847395 0.000883438 0.000217096
12 5 10 0.0233699 2.87238 1.49361 3.31806 0.000434003 7.84939e-05
12 6 0 0 0 0 0 0 0
12 7 0 0 0 0 0 0 0
12 8 0 0 0 0 0 0 0
12 9 0 0 0 0 0 0 0
12 10 0 0 0 0 0 0 0
12 11 0 0 0 0 0 0 0
12 12 0 0 0 0 0 0 0
12 13 0 0 0 0 0 0 0
12 14 0 0 0 0 0 0 0
12 15 0 0 0 0 0 0 0
12 16 0 0 0 0 0 0 0
12 17 0 0 0 0 0 0 0
12 18 0 0 0 0 0 0 0
12 19 0 0 0 0 0 0 0
12 20 0 0 0 0 0 0 0
12 21 0 0 0 0 0 0 0
12 22 0 0 0 0 0 0 0
12 23 0 0 0 0 0 0 0
13 0 23 0.040464 2.62524 0.0648841 0.807065 0.00120368 0.000261213
13 1 13 0.0479955 3.22176 0.521896 -0.830623 0.000560056 0.000131091
13 2 0 0 0 0 0 0 0
13 3 0 0 0 0 0 0 0
13 4 0 0 0 0 0 0 0
13 5 0 0 0 0 0 0 0
13 6 0 0 0 0 0 0 0
13 7 0 0 0 0 0 0 0
13 8 0 0 0 0 0 0 0
13 9 0 0 0 0 0 0 0
13 10 0 0 0 0 0 0 0
13 11 0 0 0 0 0 0 0
13 12 0 0 0 0 0 0 0
13 13 0 0 0 0 0 0 0
13 14 0 0 0 0 0 0 0
13 15 0 0 0 0 0 0 0
13 16 0 0 0 0 0 0 0
13 17 0 0 0 0 0 0 0
13 18 0 0 0 0 0 0 0
13 19 0 0 0 0 0 0 0
13 20 0 0 0 0 0 0 0
13 21 0 0 0 0 0 0 0
13 22 0 0 0 0 0 0 0
13 23 0 0 0 0 0 0 0
14 0 0 0 0 0 0 0 0
14 1 0 0 0 0 0 0 0
14 2 0 0 0 0 0 0 0
14 3 0 0 0 0 0 0 0
14 4 0 0 0 0 0 0 0
14 5 0 0 0 0 0 0 0
14 6 0 0 0 0 0 0 0
14 7 0 0 0 0 0 0 0
14 8 0 0 0 0 0 0 0
14 9 0 0 0 0 0 0 0
14 10 0 0 0 0 0 0 0
14 11 0 0 0 0 0 0 0
14 12 0 0 0 0 0 0 0
14 13 0 0 0 0 0 0 0
14 14 0 0 0 0 0 0 0
14 15 0 0 0 0 0 0 0
14 16 0 0 0 0 0 0 0
14 17 0 0 0 0 0 0 0
14 18 0 0 0 0 0 0 0
14 19 0 0 0 0 0 0 0
14 20 0 0 0 0 0 0 0
14 21 0 0 0 0 0 0 0
14 22 0 0 0 0 0 0 0
14 23 0 0 0 0 0 0 0
15 0 0 0 0 0 0 0 0
15 1 0 0 0 0 0 0 0
15 2 0 0 0 0 0 0 0
15 3 0 0 0 0 0 0 0
15 4 0 0 0 0 0 0 0
15 5 0 0 0 0 0 0 0
15 6 0 0 0 0 0 0 0
15 7 0 0 0 0 0 0 0
15 8 0 0 0 0 0 0 0
15 9 0 0 0 0 0 0 0
15 10 0 0 0 0 0 0 0
15 11 0 0 0 0 0 0 0
15 12 0 0 0 0 0 0 0
15 13 0 0 0 0 0 0 0
15 14 0 0 0 0 0 0 0
15 15 0 0 0 0 0 0 0
15 16 0 0 0 0 0 0 0
15 17 0 0 0 0 0 0 0
15 18 0 0 0 0 0 0 0
15 19 0 0 0 0 0 0 0
15 20 0 0 0 0 0 0 0
15 21 0 0 0 0 0 0 0
15 22 0 0 0 0 0 0 0
15 23 0 0 0 0 0 0 0
16 0 0 0 0 0 0 0 0
16 1 0 0 0 0 0 0 0
16 2 0 0 0 0 0 0 0
16 3 0 0 0 0 0 0 0
16 4 0 0 0 0 0 0 0
16 5 0 0 0 0 0 0 0
16 6 0 0 0 0 0 0 0
16 7 0 0 0 0 0 0 0
16 8 0 0 0 0 0 0 0
16 9 0 0 0 0 0 0 0
16 10 0 0 0 0 0 0 0
16 11 0 0 0 0 0 0 0
16 12 0 0 0 0 0 0 0
16 13 0 0 0 0 0 0 0
16 14 0 0 0 0 0 0 0
16 15 0 0 0 0 0 0 0
16 16 0 0 0 0 0 0 0
16 17 0 0 0 0 0 0 0
16 18 0 0 0 0 0 0 0
16 19 0 0 0 0 0 0 0
16 20 0 0 0 0 0 0 0
16 21 0 0 0 0 0 0 0
16 22 0 0 0 0 0 0 0
16 23 0 0 0 0 0 0 0
17 0 0 0 0 0 0 0 0
17 1 0 0 0 0 0 0 0
17 2 0 0 0 0 0 0 0
17 3 0 0 0 0 0 0 0
17 4 0 0 0 0 0 0 0
17 5 0 0 0 0 0 0 0
17 6 0 0 0 0 0 0 0
17 7 0 0 0 0 0 0 0
17 8 0 0 0 0 0 0 0
17 9 0 0 0 0 0 0 0
17 10 0 0 0 0 0 0 0
17 11 0 0 0 0 0 0 0
17 12 0 0 0 0 0 0 0
17 13 0 0 0 0 0 0 0
17 14 0 0 0 0 0 0 0
17 15 0 0 0 0 0 0 0
17 16 0 0 0 0 0 0 0
17 17 0 0 0 0 0 0 0
17 18 0 0 0 0 0 0 0
17 19 0 0 0 0 0 0 0
17 20 0 0 0 0 0 0 0
17 21 0 0 0 0 0 0 0
17 22 0 0 0 0 0 0 0
17 23 0 0 0 0 0 0 0
18 0 0 0 0 0 0 0 0
18 1 0 0 0 0 0 0 0
18 2 0 0 0 0 0 0 0
18 3 0 0 0 0 0 0 0
18 4 0 0 0 0 0 0 0
18 5 0 0 0 0 0 0 0
18 6 0 0 0 0 0 0 0
18 7 0 0 0 0 0 0 0
18 8 0 0 0 0 0 0 0
18 9 0 0 0 0 0 0 0
18 10 0 0 0 0 0 0 0
18 11 0 0 0 0 0 0 0
18 12 0 0 0 0 0 0 0
18 13 0 0 0 0 0 0 0
18 14 0 0 0 0 0 0 0
18 15 0 0 0 0 0 0 0
18 16 0 0 0 0 0 0 0
18 17 0 0 0 0 0 0 0
18 18 0 0 0 0 0 0 0
18 19 0 0 0 0 0 0 0
18 20 0 0 0 0 0 0 0
18 21 0 0 0 0 0 0 0
18 22 0 0 0 0 0 0 0
18 23 0 0 0 0 0 0 0
19 0 0 0 0 0 0 0 0
19 1 0 0 0 0 0 0 0
19 2 0 0 0 0 0 0 0
19 3 0 0 0 0 0 0 0
19 4 0 0 0 0 0 0 0
19 5 0 0 0 0 0 0 0
19 6 0 0 0 0 0 0 0
19 7 0 0 0 0 0 0 0
19 8 0 0 0 0 0 0 0
19 9 0 0 0 0 0 0 0
19 10 0 0 0 0 0 0 0
19 11 0 0 0 0 0 0 0
19 12 0 0 0 0 0 0 0
19 13 0 0 0 0 0 0 0
19 14 0 0 0 0 0 0 0
19 15 0 0 0 0 0 0 0
19 16 0 0 0 0 0 0 0
19 17 0 0 0 0 0 0 0
19 18 0 0 0 0 0 0 0
19 19 0 0 0 0 0 0 0
19 20 0 0 0 0 0 0 0
19 21 0 0 0 0 0 0 0
19 22 0 0 0 0 0 0 0
19 23 0 0 0 0 0 0 0
20 0 0 0 0 0 0 0 0
20 1 0 0 0 0 0 0 0
20 2 0 0 0 0 0 0 0
20 3 0 0 0 0 0 0 0
20 4 0 0 0 0 0 0 0
20 5 0 0 0 0 0 0 0
20 6 0 0 0 0 0 0 0
20 7 0 0 0 0 0 0 0
20 8 0 0 0 0 0 0 0
20 9 0 0 0 0 0 0 0
20 10 0 0 0 0 0 0 0
20 11 0 0 0 0 0 0 0
20 12 0 0 0 0 0 0 0
20 13 0 0 0 0 0 0 0
20 14 0 0 0 0 0 0 0
20 15 0 0 0 0 0 0 0
20 16 0 0 0 0 0 0 0
20 17 0 0 0 0 0 0 0
20 18 0 0 0 0 0 0 0
20 19 0 0 0 0 0 0 0
20 20 0 0 0 0 0 0 0
20 21 0 0 0 0 0 0 0
20 22 0 0 0 0 0 0 0
20 23 0 0 0 0 0 0 0
21 0 0 0 0 0 0 0 0
21 1 0 0 0 0 0 0 0
21 2 0 0 0 0 0 0 0
21 3 0 0 0 0 0 0 0
21 4 0 0 0 0 0 0 0
21 5 0 0 0 0 0 0 0
21 6 0 0 0 0 0 0 0
21 7 0 0 0 0 0 0 0
21 8 0 0 0 0 0 0 0
21 9 0 0 0 0 0 0 0
21 10 0 0 0 0 0 0 0
21 11 0 0 0 0 0 0 0
21 12 0 0 0 0 0 0 0
21 13 0 0 0 0 0 0 0
21 14 0 0 0 0 0 0 0
21 15 0 0 0 0 0 0 0
21 16 0 0 0 0 0 0 0
21 17 0 0 0 0 0 0 0
21 18 0 0 0 0 0 0 0
21 19 0 0 0 0 0 0 0
21 20 0 0 0 0 0 0 0
21 21 0 0 0 0 0 0 0
21 22 0 0 0 0 0 0 0
21 23 0 0 0 0 0 0 0
22 0 0 0 0 0 0 0 0
22 1 0 0 0 0 0 0 0
22 2 0 0 0 0 0 0 0
22 3 0 0 0 0 0 0 0
22 4 0 0 0 0 0 0 0
22 5 0 0 0 0 0 0 0
22 6 0 0 0 0 0 0 0
22 7 0 0 0 0 0 0 0
22 8 0 0 0 0 0 0 0
22 9 0 0 0 0 0 0 0
22 10 0 0 0 0 0 0 0
22 11 0 0 0 0 0 0 0
22 12 0 0 0 0 0 0 0
22 13 0 0 0 0 0 0 0
22 14 0 0 0 0 0 0 0
22 15 0 0 0 0 0 0 0
22 16 0 0 0 0 0 0 0
22 17 0 0 0 0 0 0 0
22 18 0 0 0 0 0 0 0
22 19 0 0 0 0 0 0 0
22 20 0 0 0 0 0 0 0
22 21 0 0 0 0 0 0 0
22 22 0 0 0 0 0 0 0
22 23 0 0 0 0 0 0 0
23 0 0 0 0 0 0 0 0
23 1 0 0 0 0 0 0 0
23 2 0 0 0 0 0 0 0
23 3 0 0 0 0 0 0 0
23 4 0 0 0 0 0 0 0
23 5 0 0 0 0 0 0 0
23 6 0 0 0 0 0 0 0
23 7 0 0 0 0 0 0 0
23 8 0 0 0 0 0 0 0
23 9 0 0 0 0 0 0 0
23 10 0 0 0 0 0 0 0
23 11 0 0 0 0 0 0 0
23 12 0 0 0 0 0 0 0
23 13 0 0 0 0 0 0 0
23 14 0 0 0 0 0 0 0
23 15 0 0 0 0 0 0 0
23 16 0 0 0 0 0 0 0
23 17 0 0 0 0 0 0 0
23 18 0 0 0 0 0 0 0
23 19 0 0 0 0 0 0 0
23 20 0 0 0 0 0 0 0
23 21 0 0 0 0 0 0 0
23 22 0 0 0 0 0 0 0
23 23 0 0 0 0 0 0 0
