#  ix    iy     NB       E/N    TB    UxB       UyB       muB       rhoB     epsilonB
0 0 11 0.725394 -0.050841 -0.0505638 -11.0775 0.00074134 0.000993787
0 1 12 0.0788382 0.128708 -0.00318654 6.99812 0.000804173 0.00109298
0 2 17 0.0887307 0.0163388 0.0733705 5.41822 0.00114542 0.00157638
0 3 10 0.730682 0.0128681 0.208772 -11.2196 0.000661363 0.000893039
0 4 18 0.719876 0.0659975 0.1818 -10.5712 0.00119409 0.00158853
0 5 13 0.725159 0.208496 0.481278 -11.0281 0.000777875 0.00104243
0 6 12 0.087639 0.0162096 0.413125 5.1869 0.000749296 0.0010298
0 7 14 0.0978806 0.112024 0.346664 3.70649 0.0008888 0.00123748
0 8 15 0.725041 0.0634774 0.567576 -10.904 0.000880095 0.00117922
0 9 0 0 0 0 0 0 0
0 10 17 0.717573 0.0851381 0.694893 -10.7971 0.00094097 0.0012478
0 11 12 0.711876 -0.0102435 0.727271 -11.1273 0.00065571 0.000862617
0 12 11 0.699605 0.222597 0.837773 -11.2144 0.000561612 0.000726092
0 13 0 0 0 0 0 0 0
0 14 0 0 0 0 0 0 0
0 15 0 0 0 0 0 0 0
0 16 0 0 0 0 0 0 0
0 17 0 0 0 0 0 0 0
0 18 0 0 0 0 0 0 0
0 19 0 0 0 0 0 0 0
0 20 0 0 0 0 0 0 0
0 21 0 0 0 0 0 0 0
0 22 0 0 0 0 0 0 0
0 23 0 0 0 0 0 0 0
1 0 18 0.08332 0.0581946 0.00889733 6.48018 0.00121411 0.00165952
1 1 17 0.0796178 0.160742 0.111119 7.16702 0.00112733 0.0015337
1 2 14 0.0814018 0.101853 0.19 6.59398 0.000924703 0.00126088
1 3 25 0.0885924 -0.016764 0.199384 5.81129 0.00165636 0.00227917
1 4 0 0 0 0 0 0 0
1 5 17 0.70752 0.0740056 0.266112 -10.5796 0.00110719 0.00144765
1 6 0 0 0 0 0 0 0
1 7 16 0.0835508 0.0302766 0.354528 6.2592 0.00101853 0.00139259
1 8 16 0.108647 0.166288 0.540525 2.34465 0.000941025 0.0013282
1 9 16 0.711369 0.096996 0.590484 -10.7776 0.000927674 0.00121953
1 10 16 0.0819853 0.150739 0.789941 6.38158 0.000842456 0.00114958
1 11 0 0 0 0 0 0 0
1 12 0 0 0 0 0 0 0
1 13 0 0 0 0 0 0 0
1 14 0 0 0 0 0 0 0
1 15 0 0 0 0 0 0 0
1 16 0 0 0 0 0 0 0
1 17 0 0 0 0 0 0 0
1 18 0 0 0 0 0 0 0
1 19 0 0 0 0 0 0 0
1 20 0 0 0 0 0 0 0
1 21 0 0 0 0 0 0 0
1 22 0 0 0 0 0 0 0
1 23 0 0 0 0 0 0 0
2 0 16 0.0797633 0.177185 -0.0253849 7.07821 0.00106417 0.00144804
2 1 21 0.0905495 0.131265 0.103224 5.30669 0.00139954 0.00193056
2 2 20 0.720916 0.0859282 0.0648641 -10.4589 0.00134359 0.00179
2 3 11 0.712142 0.185415 -0.00699577 -11.0204 0.00073077 0.000961722
2 4 0 0 0 0 0 0 0
2 5 17 0.0817645 0.200559 0.409206 6.64218 0.00104523 0.00142588
2 6 10 0.708464 0.209858 0.455969 -11.191 0.000603872 0.000790615
2 7 12 0.0882139 0.0963811 0.458618 5.0643 0.000734188 0.00100977
2 8 17 0.110598 0.13369 0.659428 2.12786 0.000953008 0.00134844
2 9 11 0.711769 0.140752 0.498402 -11.1202 0.000659986 0.000868111
2 10 13 0.0784171 0.240737 0.722756 6.95012 0.000698727 0.000949159
2 11 0 0 0 0 0 0 0
2 12 12 0.0878712 0.172839 0.815767 4.96042 0.000622716 0.000856082
2 13 15 0.0788921 0.267354 0.987789 6.85948 0.000708352 0.000962811
2 14 11 0.085315 0.273943 1.14912 5.16854 0.000480211 0.00065804
2 15 0 0 0 0 0 0 0
2 16 0 0 0 0 0 0 0
2 17 0 0 0 0 0 0 0
2 18 0 0 0 0 0 0 0
2 19 0 0 0 0 0 0 0
2 20 0 0 0 0 0 0 0
2 21 0 0 0 0 0 0 0
2 22 0 0 0 0 0 0 0
2 23 0 0 0 0 0 0 0
3 0 11 0.724605 0.136128 -0.0748905 -11.0826 0.000734432 0.000983455
3 1 19 0.707505 0.205356 0.1155 -10.4585 0.00124957 0.00163377
3 2 0 0 0 0 0 0 0
3 3 13 0.104632 0.131327 0.120871 2.75729 0.000864713 0.00121429
3 4 18 0.082043 0.199145 0.353569 6.66083 0.00112696 0.00153791
3 5 10 0.0864391 0.263373 0.363256 5.20929 0.000616466 0.000845955
3 6 14 0.100036 0.331632 0.449255 3.32613 0.000825906 0.00115306
3 7 10 0.119731 0.158672 0.557285 0.657806 0.000584624 0.000836842
3 8 14 0.0829625 0.309496 0.642848 6.09553 0.000770044 0.00105207
3 9 12 0.0887467 0.194421 0.475637 4.95278 0.000721175 0.000992539
3 10 0 0 0 0 0 0 0
3 11 16 0.0909142 0.331525 0.855618 4.68196 0.000796553 0.00109929
3 12 0 0 0 0 0 0 0
3 13 0 0 0 0 0 0 0
3 14 0 0 0 0 0 0 0
3 15 0 0 0 0 0 0 0
3 16 0 0 0 0 0 0 0
3 17 0 0 0 0 0 0 0
3 18 0 0 0 0 0 0 0
3 19 0 0 0 0 0 0 0
3 20 0 0 0 0 0 0 0
3 21 0 0 0 0 0 0 0
3 22 0 0 0 0 0 0 0
3 23 0 0 0 0 0 0 0
4 0 17 0.70074 0.142454 0.0159608 -10.5154 0.00113703 0.00147241
4 1 15 0.731743 0.255929 0.160932 -10.8421 0.000970148 0.00131189
4 2 12 0.0927359 0.273239 0.216734 4.34378 0.000765586 0.001059
4 3 21 0.729745 0.300217 0.176716 -10.5086 0.00133994 0.001807
4 4 13 0.720549 0.199489 0.198982 -10.9201 0.000845459 0.00112579
4 5 18 0.0950888 0.250979 0.427298 4.32721 0.00108975 0.0015119
4 6 14 0.724544 0.369204 0.469388 -10.9817 0.000812147 0.00108743
4 7 10 0.729139 0.357566 0.575154 -11.3788 0.000559451 0.000753831
4 8 12 0.721429 0.184362 0.433335 -11.0668 0.000733542 0.000977958
4 9 14 0.727924 0.328019 0.716494 -11.0887 0.000742985 0.000999466
4 10 0 0 0 0 0 0 0
4 11 0 0 0 0 0 0 0
4 12 10 0.712834 0.30501 0.868064 -11.4092 0.000497228 0.000655008
4 13 0 0 0 0 0 0 0
4 14 0 0 0 0 0 0 0
4 15 0 0 0 0 0 0 0
4 16 0 0 0 0 0 0 0
4 17 0 0 0 0 0 0 0
4 18 0 0 0 0 0 0 0
4 19 0 0 0 0 0 0 0
4 20 0 0 0 0 0 0 0
4 21 0 0 0 0 0 0 0
4 22 0 0 0 0 0 0 0
4 23 0 0 0 0 0 0 0
5 0 19 0.0987393 0.349913 0.0344898 3.89214 0.0012111 0.00168805
5 1 17 0.733011 0.34474 0.0283219 -10.7364 0.00108554 0.00147048
5 2 22 0.716562 0.329316 0.161185 -10.3974 0.00139564 0.00184811
5 3 12 0.709273 0.407829 0.204177 -10.9952 0.000737707 0.000966939
5 4 17 0.0907081 0.296531 0.266341 5.00878 0.00106701 0.00147216
5 5 16 0.119412 0.323613 0.263569 1.22423 0.000997673 0.00142751
5 6 13 0.0891392 0.25777 0.412326 4.97556 0.000789936 0.00108771
5 7 10 0.728655 0.421648 0.495845 -11.3641 0.000566287 0.000762536
5 8 18 0.72447 0.268647 0.57654 -10.7474 0.00102622 0.00137392
5 9 0 0 0 0 0 0 0
5 10 0 0 0 0 0 0 0
5 11 12 0.0814434 0.402829 0.76569 6.17459 0.000613169 0.000836129
5 12 13 0.700297 0.442182 1.05315 -11.1885 0.000578602 0.000748798
5 13 0 0 0 0 0 0 0
5 14 0 0 0 0 0 0 0
5 15 0 0 0 0 0 0 0
5 16 0 0 0 0 0 0 0
5 17 0 0 0 0 0 0 0
5 18 0 0 0 0 0 0 0
5 19 0 0 0 0 0 0 0
5 20 0 0 0 0 0 0 0
5 21 0 0 0 0 0 0 0
5 22 0 0 0 0 0 0 0
5 23 0 0 0 0 0 0 0
6 0 24 0.0872008 0.496339 0.0228133 5.92742 0.00145224 0.00199478
6 1 16 0.0834479 0.480602 0.105006 6.23061 0.000970056 0.00132614
6 2 16 0.120031 0.456589 0.142661 1.13963 0.000975244 0.00139651
6 3 24 0.718521 0.39819 0.307014 -10.3706 0.00144879 0.00192375
6 4 13 0.0939599 0.380979 0.331449 4.17319 0.000784078 0.00108626
6 5 12 0.0846624 0.351709 0.311585 5.71636 0.000733838 0.00100476
6 6 0 0 0 0 0 0 0
6 7 12 0.100722 0.455255 0.448441 3.04142 0.000683224 0.000954685
6 8 13 0.728708 0.51848 0.552046 -11.1521 0.000700225 0.00094296
6 9 15 0.0845423 0.481126 0.750177 5.76993 0.000756638 0.00103582
6 10 0 0 0 0 0 0 0
6 11 18 0.710942 0.519861 0.908097 -10.8742 0.000840291 0.00110399
6 12 0 0 0 0 0 0 0
6 13 11 0.0879382 0.608107 1.06047 4.66841 0.000470596 0.000647009
6 14 0 0 0 0 0 0 0
6 15 0 0 0 0 0 0 0
6 16 0 0 0 0 0 0 0
6 17 0 0 0 0 0 0 0
6 18 0 0 0 0 0 0 0
6 19 0 0 0 0 0 0 0
6 20 0 0 0 0 0 0 0
6 21 0 0 0 0 0 0 0
6 22 0 0 0 0 0 0 0
6 23 0 0 0 0 0 0 0
7 0 14 0.714968 0.491515 0.0310826 -10.8863 0.000848611 0.00112124
7 1 13 0.722905 0.562545 0.0132739 -11.0321 0.000765507 0.00102266
7 2 14 0.707237 0.502432 0.0598437 -10.8494 0.00084405 0.00110315
7 3 12 0.0942332 0.412702 0.190956 4.06996 0.000738081 0.00102289
7 4 14 0.0828391 0.467877 0.325064 6.18525 0.000821917 0.00112276
7 5 16 0.708041 0.53622 0.32783 -10.7727 0.000915315 0.00119765
7 6 12 0.722696 0.447323 0.460543 -11.1461 0.000682294 0.000911232
7 7 12 0.686808 0.433674 0.494051 -10.9543 0.000677523 0.000859926
7 8 11 0.710325 0.623668 0.541688 -11.2536 0.000573018 0.000752189
7 9 0 0 0 0 0 0 0
7 10 0 0 0 0 0 0 0
7 11 0 0 0 0 0 0 0
7 12 0 0 0 0 0 0 0
7 13 0 0 0 0 0 0 0
7 14 0 0 0 0 0 0 0
7 15 0 0 0 0 0 0 0
7 16 0 0 0 0 0 0 0
7 17 0 0 0 0 0 0 0
7 18 0 0 0 0 0 0 0
7 19 0 0 0 0 0 0 0
7 20 0 0 0 0 0 0 0
7 21 0 0 0 0 0 0 0
7 22 0 0 0 0 0 0 0
7 23 0 0 0 0 0 0 0
8 0 20 0.0868747 0.611851 0.0187096 5.75541 0.00115256 0.00158249
8 1 21 0.729108 0.684546 0.0499273 -10.641 0.00116987 0.00157627
8 2 14 0.10347 0.564716 0.12969 2.85305 0.00081848 0.00114767
8 3 11 0.700572 0.424761 0.0384695 -11.0232 0.00068366 0.000885106
8 4 14 0.115337 0.468999 0.255212 1.46784 0.000834447 0.0011878
8 5 17 0.0846896 0.501662 0.329153 6.00548 0.000984956 0.00134863
8 6 19 0.733129 0.510064 0.410504 -10.7476 0.00107405 0.00145515
8 7 10 0.712138 0.593978 0.425288 -11.3126 0.000545596 0.000718021
8 8 13 0.722069 0.665453 0.699173 -11.2193 0.000631997 0.000843326
8 9 15 0.710275 0.510282 0.687947 -10.9582 0.000769746 0.00101036
8 10 14 0.716232 0.716464 0.800213 -11.1681 0.000644581 0.000853166
8 11 0 0 0 0 0 0 0
8 12 0 0 0 0 0 0 0
8 13 0 0 0 0 0 0 0
8 14 0 0 0 0 0 0 0
8 15 0 0 0 0 0 0 0
8 16 0 0 0 0 0 0 0
8 17 0 0 0 0 0 0 0
8 18 0 0 0 0 0 0 0
8 19 0 0 0 0 0 0 0
8 20 0 0 0 0 0 0 0
8 21 0 0 0 0 0 0 0
8 22 0 0 0 0 0 0 0
8 23 0 0 0 0 0 0 0
9 0 11 0.0814647 0.568843 0.0366096 6.22193 0.000645707 0.000880523
9 1 12 0.109646 0.716571 0.198444 1.85729 0.00065066 0.000919529
9 2 17 0.708794 0.560108 0.225918 -10.7053 0.000983239 0.0012879
9 3 14 0.728823 0.734889 0.242392 -11.0866 0.000748113 0.00100761
9 4 11 0.726526 0.651389 0.451922 -11.3248 0.000582414 0.00078196
9 5 12 0.72547 0.621113 0.357243 -11.1955 0.000659086 0.000883616
9 6 10 0.0931621 0.806246 0.624741 3.79404 0.000473029 0.000654671
9 7 13 0.717312 0.680623 0.595023 -11.1632 0.000651581 0.000863731
9 8 11 0.698047 0.702792 0.557363 -11.2206 0.000553279 0.000713725
9 9 0 0 0 0 0 0 0
9 10 0 0 0 0 0 0 0
9 11 0 0 0 0 0 0 0
9 12 0 0 0 0 0 0 0
9 13 0 0 0 0 0 0 0
9 14 0 0 0 0 0 0 0
9 15 0 0 0 0 0 0 0
9 16 0 0 0 0 0 0 0
9 17 0 0 0 0 0 0 0
9 18 0 0 0 0 0 0 0
9 19 0 0 0 0 0 0 0
9 20 0 0 0 0 0 0 0
9 21 0 0 0 0 0 0 0
9 22 0 0 0 0 0 0 0
9 23 0 0 0 0 0 0 0
10 0 24 0.085622 0.6934 0.0437419 6.13096 0.00133174 0.00182562
10 1 12 0.079688 0.795116 0.181485 6.56746 0.000628338 0.000854914
10 2 16 0.0819076 0.749109 0.284836 6.39871 0.000843592 0.00115101
10 3 15 0.728481 0.794005 0.251723 -11.0446 0.000778749 0.00104838
10 4 10 0.135029 0.663687 0.477979 -0.820652 0.000523019 0.000763322
10 5 14 0.71874 0.814208 0.304643 -11.0795 0.000713898 0.000948222
10 6 12 0.73158 0.874628 0.473558 -11.3645 0.00057488 0.000777214
10 7 0 0 0 0 0 0 0
10 8 0 0 0 0 0 0 0
10 9 0 0 0 0 0 0 0
10 10 0 0 0 0 0 0 0
10 11 0 0 0 0 0 0 0
10 12 0 0 0 0 0 0 0
10 13 0 0 0 0 0 0 0
10 14 0 0 0 0 0 0 0
10 15 0 0 0 0 0 0 0
10 16 0 0 0 0 0 0 0
10 17 0 0 0 0 0 0 0
10 18 0 0 0 0 0 0 0
10 19 0 0 0 0 0 0 0
10 20 0 0 0 0 0 0 0
10 21 0 0 0 0 0 0 0
10 22 0 0 0 0 0 0 0
10 23 0 0 0 0 0 0 0
11 0 22 0.718508 0.86625 -0.0336635 -10.6251 0.00112319 0.00149137
11 1 16 0.729277 0.814034 0.0779002 -10.9768 0.000836887 0.00112788
11 2 12 0.0908813 0.884697 0.250881 4.39878 0.000596825 0.000823622
11 3 12 0.0788184 0.757538 0.150872 6.77673 0.000641679 0.000872106
11 4 23 0.724346 0.828547 0.281957 -10.6161 0.00116942 0.00156538
11 5 11 0.729849 0.872745 0.545347 -11.4597 0.000517957 0.0006986
11 6 12 0.0915881 1.00568 0.548378 4.16888 0.000533231 0.000736521
11 7 12 0.718734 0.83159 0.4784 -11.2785 0.00058509 0.000777129
11 8 16 0.728809 1.0833 0.806601 -11.2374 0.000643301 0.000866423
11 9 10 0.719451 1.2088 0.998612 -11.7588 0.000363328 0.000483061
11 10 0 0 0 0 0 0 0
11 11 0 0 0 0 0 0 0
11 12 0 0 0 0 0 0 0
11 13 0 0 0 0 0 0 0
11 14 0 0 0 0 0 0 0
11 15 0 0 0 0 0 0 0
11 16 0 0 0 0 0 0 0
11 17 0 0 0 0 0 0 0
11 18 0 0 0 0 0 0 0
11 19 0 0 0 0 0 0 0
11 20 0 0 0 0 0 0 0
11 21 0 0 0 0 0 0 0
11 22 0 0 0 0 0 0 0
11 23 0 0 0 0 0 0 0
12 0 15 0.728017 0.87072 0.0669218 -11.0621 0.000763394 0.00102705
12 1 15 0.0767787 0.949473 0.0965738 7.36756 0.000733194 0.000993919
12 2 12 0.706226 0.949957 0.240766 -11.2205 0.000579094 0.000755778
12 3 19 0.108736 1.04589 0.400496 2.23826 0.000855043 0.00120697
12 4 0 0 0 0 0 0 0
12 5 16 0.714094 0.895973 0.285711 -10.9562 0.000787539 0.00103927
12 6 0 0 0 0 0 0 0
12 7 10 0.702476 1.01422 0.519593 -11.4617 0.00044566 0.000578546
12 8 0 0 0 0 0 0 0
12 9 0 0 0 0 0 0 0
12 10 10 0.0923604 1.18124 0.900977 3.69679 0.000377296 0.000521647
12 11 0 0 0 0 0 0 0
12 12 0 0 0 0 0 0 0
12 13 0 0 0 0 0 0 0
12 14 0 0 0 0 0 0 0
12 15 0 0 0 0 0 0 0
12 16 0 0 0 0 0 0 0
12 17 0 0 0 0 0 0 0
12 18 0 0 0 0 0 0 0
12 19 0 0 0 0 0 0 0
12 20 0 0 0 0 0 0 0
12 21 0 0 0 0 0 0 0
12 22 0 0 0 0 0 0 0
12 23 0 0 0 0 0 0 0
13 0 11 0.0784628 0.920902 0.0760996 6.69317 0.000545875 0.000741566
13 1 11 0.691463 1.00432 0.0700991 -11.2383 0.000523777 0.000669294
13 2 13 0.718253 1.13595 0.310566 -11.3045 0.000568552 0.000754657
13 3 14 0.719345 1.01742 0.274696 -11.1748 0.000651122 0.000865568
13 4 12 0.718283 0.957989 0.396434 -11.3147 0.000562886 0.000747168
13 5 0 0 0 0 0 0 0
13 6 0 0 0 0 0 0 0
13 7 0 0 0 0 0 0 0
13 8 0 0 0 0 0 0 0
13 9 0 0 0 0 0 0 0
13 10 0 0 0 0 0 0 0
13 11 0 0 0 0 0 0 0
13 12 0 0 0 0 0 0 0
13 13 0 0 0 0 0 0 0
13 14 0 0 0 0 0 0 0
13 15 0 0 0 0 0 0 0
13 16 0 0 0 0 0 0 0
13 17 0 0 0 0 0 0 0
13 18 0 0 0 0 0 0 0
13 19 0 0 0 0 0 0 0
13 20 0 0 0 0 0 0 0
13 21 0 0 0 0 0 0 0
13 22 0 0 0 0 0 0 0
13 23 0 0 0 0 0 0 0
14 0 0 0 0 0 0 0 0
14 1 11 0.720012 1.03593 0.120104 -11.4141 0.00051441 0.000684465
14 2 0 0 0 0 0 0 0
14 3 0 0 0 0 0 0 0
14 4 10 0.715555 1.31355 0.347817 -11.6404 0.000400489 0.000529585
14 5 0 0 0 0 0 0 0
14 6 0 0 0 0 0 0 0
14 7 10 0.0790209 1.3574 0.617251 6.19891 0.000376333 0.000511605
14 8 0 0 0 0 0 0 0
14 9 0 0 0 0 0 0 0
14 10 0 0 0 0 0 0 0
14 11 0 0 0 0 0 0 0
14 12 0 0 0 0 0 0 0
14 13 0 0 0 0 0 0 0
14 14 0 0 0 0 0 0 0
14 15 0 0 0 0 0 0 0
14 16 0 0 0 0 0 0 0
14 17 0 0 0 0 0 0 0
14 18 0 0 0 0 0 0 0
14 19 0 0 0 0 0 0 0
14 20 0 0 0 0 0 0 0
14 21 0 0 0 0 0 0 0
14 22 0 0 0 0 0 0 0
14 23 0 0 0 0 0 0 0
15 0 0 0 0 0 0 0 0
15 1 13 0.712916 1.29578 0.181756 -11.3395 0.000533371 0.0007027
15 2 10 0.706461 1.30603 0.388137 -11.5924 0.000399789 0.00052194
15 3 10 0.713102 1.33468 0.238753 -11.6256 0.000401055 0.000528516
15 4 0 0 0 0 0 0 0
15 5 0 0 0 0 0 0 0
15 6 0 0 0 0 0 0 0
15 7 0 0 0 0 0 0 0
15 8 0 0 0 0 0 0 0
15 9 0 0 0 0 0 0 0
15 10 0 0 0 0 0 0 0
15 11 0 0 0 0 0 0 0
15 12 0 0 0 0 0 0 0
15 13 0 0 0 0 0 0 0
15 14 0 0 0 0 0 0 0
15 15 0 0 0 0 0 0 0
15 16 0 0 0 0 0 0 0
15 17 0 0 0 0 0 0 0
15 18 0 0 0 0 0 0 0
15 19 0 0 0 0 0 0 0
15 20 0 0 0 0 0 0 0
15 21 0 0 0 0 0 0 0
15 22 0 0 0 0 0 0 0
15 23 0 0 0 0 0 0 0
16 0 0 0 0 0 0 0 0
16 1 0 0 0 0 0 0 0
16 2 0 0 0 0 0 0 0
16 3 0 0 0 0 0 0 0
16 4 0 0 0 0 0 0 0
16 5 0 0 0 0 0 0 0
16 6 0 0 0 0 0 0 0
16 7 0 0 0 0 0 0 0
16 8 0 0 0 0 0 0 0
16 9 0 0 0 0 0 0 0
16 10 0 0 0 0 0 0 0
16 11 0 0 0 0 0 0 0
16 12 0 0 0 0 0 0 0
16 13 0 0 0 0 0 0 0
16 14 0 0 0 0 0 0 0
16 15 0 0 0 0 0 0 0
16 16 0 0 0 0 0 0 0
16 17 0 0 0 0 0 0 0
16 18 0 0 0 0 0 0 0
16 19 0 0 0 0 0 0 0
16 20 0 0 0 0 0 0 0
16 21 0 0 0 0 0 0 0
16 22 0 0 0 0 0 0 0
16 23 0 0 0 0 0 0 0
17 0 0 0 0 0 0 0 0
17 1 0 0 0 0 0 0 0
17 2 0 0 0 0 0 0 0
17 3 0 0 0 0 0 0 0
17 4 0 0 0 0 0 0 0
17 5 0 0 0 0 0 0 0
17 6 0 0 0 0 0 0 0
17 7 0 0 0 0 0 0 0
17 8 0 0 0 0 0 0 0
17 9 0 0 0 0 0 0 0
17 10 0 0 0 0 0 0 0
17 11 0 0 0 0 0 0 0
17 12 0 0 0 0 0 0 0
17 13 0 0 0 0 0 0 0
17 14 0 0 0 0 0 0 0
17 15 0 0 0 0 0 0 0
17 16 0 0 0 0 0 0 0
17 17 0 0 0 0 0 0 0
17 18 0 0 0 0 0 0 0
17 19 0 0 0 0 0 0 0
17 20 0 0 0 0 0 0 0
17 21 0 0 0 0 0 0 0
17 22 0 0 0 0 0 0 0
17 23 0 0 0 0 0 0 0
18 0 0 0 0 0 0 0 0
18 1 0 0 0 0 0 0 0
18 2 0 0 0 0 0 0 0
18 3 0 0 0 0 0 0 0
18 4 0 0 0 0 0 0 0
18 5 0 0 0 0 0 0 0
18 6 0 0 0 0 0 0 0
18 7 0 0 0 0 0 0 0
18 8 0 0 0 0 0 0 0
18 9 0 0 0 0 0 0 0
18 10 0 0 0 0 0 0 0
18 11 0 0 0 0 0 0 0
18 12 0 0 0 0 0 0 0
18 13 0 0 0 0 0 0 0
18 14 0 0 0 0 0 0 0
18 15 0 0 0 0 0 0 0
18 16 0 0 0 0 0 0 0
18 17 0 0 0 0 0 0 0
18 18 0 0 0 0 0 0 0
18 19 0 0 0 0 0 0 0
18 20 0 0 0 0 0 0 0
18 21 0 0 0 0 0 0 0
18 22 0 0 0 0 0 0 0
18 23 0 0 0 0 0 0 0
19 0 0 0 0 0 0 0 0
19 1 0 0 0 0 0 0 0
19 2 0 0 0 0 0 0 0
19 3 0 0 0 0 0 0 0
19 4 0 0 0 0 0 0 0
19 5 0 0 0 0 0 0 0
19 6 0 0 0 0 0 0 0
19 7 0 0 0 0 0 0 0
19 8 0 0 0 0 0 0 0
19 9 0 0 0 0 0 0 0
19 10 0 0 0 0 0 0 0
19 11 0 0 0 0 0 0 0
19 12 0 0 0 0 0 0 0
19 13 0 0 0 0 0 0 0
19 14 0 0 0 0 0 0 0
19 15 0 0 0 0 0 0 0
19 16 0 0 0 0 0 0 0
19 17 0 0 0 0 0 0 0
19 18 0 0 0 0 0 0 0
19 19 0 0 0 0 0 0 0
19 20 0 0 0 0 0 0 0
19 21 0 0 0 0 0 0 0
19 22 0 0 0 0 0 0 0
19 23 0 0 0 0 0 0 0
20 0 0 0 0 0 0 0 0
20 1 0 0 0 0 0 0 0
20 2 0 0 0 0 0 0 0
20 3 0 0 0 0 0 0 0
20 4 0 0 0 0 0 0 0
20 5 0 0 0 0 0 0 0
20 6 0 0 0 0 0 0 0
20 7 0 0 0 0 0 0 0
20 8 0 0 0 0 0 0 0
20 9 0 0 0 0 0 0 0
20 10 0 0 0 0 0 0 0
20 11 0 0 0 0 0 0 0
20 12 0 0 0 0 0 0 0
20 13 0 0 0 0 0 0 0
20 14 0 0 0 0 0 0 0
20 15 0 0 0 0 0 0 0
20 16 0 0 0 0 0 0 0
20 17 0 0 0 0 0 0 0
20 18 0 0 0 0 0 0 0
20 19 0 0 0 0 0 0 0
20 20 0 0 0 0 0 0 0
20 21 0 0 0 0 0 0 0
20 22 0 0 0 0 0 0 0
20 23 0 0 0 0 0 0 0
21 0 0 0 0 0 0 0 0
21 1 0 0 0 0 0 0 0
21 2 0 0 0 0 0 0 0
21 3 0 0 0 0 0 0 0
21 4 0 0 0 0 0 0 0
21 5 0 0 0 0 0 0 0
21 6 0 0 0 0 0 0 0
21 7 0 0 0 0 0 0 0
21 8 0 0 0 0 0 0 0
21 9 0 0 0 0 0 0 0
21 10 0 0 0 0 0 0 0
21 11 0 0 0 0 0 0 0
21 12 0 0 0 0 0 0 0
21 13 0 0 0 0 0 0 0
21 14 0 0 0 0 0 0 0
21 15 0 0 0 0 0 0 0
21 16 0 0 0 0 0 0 0
21 17 0 0 0 0 0 0 0
21 18 0 0 0 0 0 0 0
21 19 0 0 0 0 0 0 0
21 20 0 0 0 0 0 0 0
21 21 0 0 0 0 0 0 0
21 22 0 0 0 0 0 0 0
21 23 0 0 0 0 0 0 0
22 0 0 0 0 0 0 0 0
22 1 0 0 0 0 0 0 0
22 2 0 0 0 0 0 0 0
22 3 0 0 0 0 0 0 0
22 4 0 0 0 0 0 0 0
22 5 0 0 0 0 0 0 0
22 6 0 0 0 0 0 0 0
22 7 0 0 0 0 0 0 0
22 8 0 0 0 0 0 0 0
22 9 0 0 0 0 0 0 0
22 10 0 0 0 0 0 0 0
22 11 0 0 0 0 0 0 0
22 12 0 0 0 0 0 0 0
22 13 0 0 0 0 0 0 0
22 14 0 0 0 0 0 0 0
22 15 0 0 0 0 0 0 0
22 16 0 0 0 0 0 0 0
22 17 0 0 0 0 0 0 0
22 18 0 0 0 0 0 0 0
22 19 0 0 0 0 0 0 0
22 20 0 0 0 0 0 0 0
22 21 0 0 0 0 0 0 0
22 22 0 0 0 0 0 0 0
22 23 0 0 0 0 0 0 0
23 0 0 0 0 0 0 0 0
23 1 0 0 0 0 0 0 0
23 2 0 0 0 0 0 0 0
23 3 0 0 0 0 0 0 0
23 4 0 0 0 0 0 0 0
23 5 0 0 0 0 0 0 0
23 6 0 0 0 0 0 0 0
23 7 0 0 0 0 0 0 0
23 8 0 0 0 0 0 0 0
23 9 0 0 0 0 0 0 0
23 10 0 0 0 0 0 0 0
23 11 0 0 0 0 0 0 0
23 12 0 0 0 0 0 0 0
23 13 0 0 0 0 0 0 0
23 14 0 0 0 0 0 0 0
23 15 0 0 0 0 0 0 0
23 16 0 0 0 0 0 0 0
23 17 0 0 0 0 0 0 0
23 18 0 0 0 0 0 0 0
23 19 0 0 0 0 0 0 0
23 20 0 0 0 0 0 0 0
23 21 0 0 0 0 0 0 0
23 22 0 0 0 0 0 0 0
23 23 0 0 0 0 0 0 0
