#  ix    iy     NB       E/N    TB    UxB       UyB       muB       rhoB     epsilonB
0 0 16 0.0902952 0.0779523 -0.0391799 5.00699 0.00113853 0.00152192
0 1 10 0.106341 -0.0444968 0.12964 2.27533 0.000707669 0.000966111
0 2 15 0.71887 -0.0887676 0.192807 -10.4386 0.00104808 0.00134416
0 3 12 0.728131 0.108096 0.29637 -10.736 0.000817432 0.00106187
0 4 0 0 0 0 0 0 0
0 5 10 0.0929337 0.130819 0.292142 4.07099 0.000680284 0.000912514
0 6 0 0 0 0 0 0 0
0 7 12 0.0805945 0.0861237 0.56941 6.35007 0.000742778 0.000980345
0 8 14 0.708135 -0.0385273 0.661615 -10.6098 0.00083356 0.00105308
0 9 0 0 0 0 0 0 0
0 10 16 0.0822659 0.0586183 0.700798 6.24695 0.000934837 0.00123654
0 11 17 0.718468 0.00827099 0.717337 -10.4968 0.000986657 0.00126468
0 12 0 0 0 0 0 0 0
0 13 0 0 0 0 0 0 0
0 14 10 0.7076 0.0253936 1.05115 -11.1336 0.000492252 0.000621417
0 15 11 0.717687 0.115375 1.19366 -11.166 0.000503194 0.000644286
0 16 0 0 0 0 0 0 0
0 17 0 0 0 0 0 0 0
0 18 0 0 0 0 0 0 0
0 19 0 0 0 0 0 0 0
0 20 0 0 0 0 0 0 0
0 21 0 0 0 0 0 0 0
0 22 0 0 0 0 0 0 0
0 23 0 0 0 0 0 0 0
1 0 11 0.0844063 -0.010067 0.0700418 5.66239 0.000783755 0.00103961
1 1 10 0.100544 0.066972 0.128131 3.01159 0.000706935 0.000957787
1 2 0 0 0 0 0 0 0
1 3 0 0 0 0 0 0 0
1 4 12 0.0936724 0.0480516 0.171246 4.17262 0.000843899 0.00113308
1 5 12 0.730462 0.247073 0.30937 -10.7736 0.000796953 0.00103858
1 6 0 0 0 0 0 0 0
1 7 28 0.0833104 0.0499124 0.475658 6.70277 0.00180426 0.00238982
1 8 16 0.732819 0.12853 0.462689 -10.5291 0.00103023 0.00134691
1 9 14 0.0827803 0.173349 0.602918 6.04846 0.000847105 0.00112125
1 10 11 0.0775056 0.106633 0.680526 6.86342 0.00064706 0.000850563
1 11 0 0 0 0 0 0 0
1 12 11 0.726203 0.103424 0.861959 -11.0463 0.000593322 0.0007687
1 13 17 0.728899 0.0925463 0.945384 -10.6658 0.000880399 0.00114487
1 14 12 0.732526 0.0758835 1.20713 -11.1622 0.000546171 0.000713773
1 15 0 0 0 0 0 0 0
1 16 0 0 0 0 0 0 0
1 17 0 0 0 0 0 0 0
1 18 0 0 0 0 0 0 0
1 19 0 0 0 0 0 0 0
1 20 0 0 0 0 0 0 0
1 21 0 0 0 0 0 0 0
1 22 0 0 0 0 0 0 0
1 23 0 0 0 0 0 0 0
2 0 14 0.0770137 0.165307 0.00489788 7.39353 0.000986599 0.00129605
2 1 16 0.0867755 0.164512 0.0966138 5.59197 0.00112261 0.00149372
2 2 11 0.721346 0.145056 0.378656 -10.816 0.000728131 0.000937047
2 3 14 0.724765 0.210007 0.145269 -10.5483 0.00096891 0.00125282
2 4 10 0.0952035 0.053566 0.302236 3.7301 0.000682842 0.000918679
2 5 10 0.0882481 0.101221 0.355517 4.81969 0.000669978 0.000893181
2 6 13 0.713729 0.170625 0.491444 -10.6519 0.00082377 0.00104893
2 7 18 0.0859033 0.127833 0.635295 5.70793 0.00107897 0.00143401
2 8 15 0.725826 0.184614 0.671465 -10.651 0.000879241 0.00113854
2 9 11 0.715033 0.0920846 0.725417 -10.9204 0.000634237 0.00080907
2 10 12 0.127177 0.235372 1.02728 -0.0372245 0.000589983 0.000827796
2 11 10 0.0875677 0.275467 0.69296 4.77997 0.000572607 0.000762689
2 12 13 0.0799313 0.221129 0.883479 6.40712 0.000686526 0.000905315
2 13 0 0 0 0 0 0 0
2 14 15 0.707631 0.135643 1.16562 -10.789 0.000694932 0.000877319
2 15 0 0 0 0 0 0 0
2 16 0 0 0 0 0 0 0
2 17 0 0 0 0 0 0 0
2 18 0 0 0 0 0 0 0
2 19 0 0 0 0 0 0 0
2 20 0 0 0 0 0 0 0
2 21 0 0 0 0 0 0 0
2 22 0 0 0 0 0 0 0
2 23 0 0 0 0 0 0 0
3 0 18 0.0908235 0.294223 -0.0414481 5.00012 0.00123246 0.00164862
3 1 20 0.0908273 0.207744 0.0539598 5.12465 0.00139676 0.0018684
3 2 13 0.107679 0.203207 0.128113 2.3593 0.000902886 0.00123479
3 3 17 0.0788912 0.343288 0.181071 7.12458 0.00113202 0.00149074
3 4 14 0.0908511 0.233785 0.328586 4.7113 0.000927428 0.00124063
3 5 12 0.074721 0.162639 0.244356 7.73414 0.000822444 0.00107717
3 6 0 0 0 0 0 0 0
3 7 12 0.128963 0.354568 0.559371 0.00150513 0.00071463 0.00100504
3 8 0 0 0 0 0 0 0
3 9 0 0 0 0 0 0 0
3 10 0 0 0 0 0 0 0
3 11 10 0.718479 0.14311 0.741361 -11.0455 0.000570045 0.000730687
3 12 10 0.706985 0.160871 0.888663 -11.0562 0.000530105 0.000668621
3 13 0 0 0 0 0 0 0
3 14 0 0 0 0 0 0 0
3 15 0 0 0 0 0 0 0
3 16 0 0 0 0 0 0 0
3 17 0 0 0 0 0 0 0
3 18 0 0 0 0 0 0 0
3 19 0 0 0 0 0 0 0
3 20 0 0 0 0 0 0 0
3 21 0 0 0 0 0 0 0
3 22 0 0 0 0 0 0 0
3 23 0 0 0 0 0 0 0
4 0 12 0.0742129 0.30791 -0.034259 7.84961 0.00081875 0.00107162
4 1 0 0 0 0 0 0 0
4 2 15 0.0895137 0.261293 0.179047 5.02763 0.00102141 0.00136396
4 3 12 0.0923247 0.153188 0.177617 4.37047 0.000834496 0.00111847
4 4 11 0.729136 0.340108 0.334722 -10.8834 0.000709114 0.000922429
4 5 12 0.0801109 0.200326 0.347167 6.51761 0.000795612 0.00104941
4 6 13 0.113013 0.32561 0.44556 1.65284 0.000812991 0.00111967
4 7 13 0.72842 0.173994 0.488728 -10.7292 0.000824257 0.00107116
4 8 11 0.719533 0.270422 0.679743 -10.9445 0.00063414 0.000814037
4 9 16 0.71139 0.237631 0.639608 -10.503 0.000944037 0.00119813
4 10 10 0.730076 0.331633 0.76687 -11.1458 0.000548143 0.000713954
4 11 14 0.727464 0.359706 0.724774 -10.7828 0.000777396 0.00100893
4 12 0 0 0 0 0 0 0
4 13 0 0 0 0 0 0 0
4 14 0 0 0 0 0 0 0
4 15 0 0 0 0 0 0 0
4 16 0 0 0 0 0 0 0
4 17 0 0 0 0 0 0 0
4 18 0 0 0 0 0 0 0
4 19 0 0 0 0 0 0 0
4 20 0 0 0 0 0 0 0
4 21 0 0 0 0 0 0 0
4 22 0 0 0 0 0 0 0
4 23 0 0 0 0 0 0 0
5 0 13 0.102645 0.398647 0.0958916 2.93034 0.000859157 0.00116724
5 1 13 0.725575 0.291387 -0.0545612 -10.6373 0.000890275 0.00115243
5 2 15 0.113747 0.41397 0.189604 1.75598 0.000975106 0.00134423
5 3 16 0.108844 0.36479 0.179624 2.38241 0.00105868 0.00145008
5 4 11 0.0842415 0.402708 0.277971 5.5883 0.000705751 0.00093594
5 5 13 0.0744106 0.308376 0.387887 7.81882 0.000832021 0.00108927
5 6 17 0.731295 0.369715 0.419469 -10.4928 0.00105986 0.00138276
5 7 0 0 0 0 0 0 0
5 8 12 0.0759526 0.369222 0.478743 7.33525 0.000733507 0.00096224
5 9 12 0.0795836 0.334991 0.69775 6.46644 0.000677827 0.000893436
5 10 0 0 0 0 0 0 0
5 11 11 0.0848741 0.377186 0.767132 5.30396 0.000597236 0.000792689
5 12 0 0 0 0 0 0 0
5 13 0 0 0 0 0 0 0
5 14 0 0 0 0 0 0 0
5 15 0 0 0 0 0 0 0
5 16 0 0 0 0 0 0 0
5 17 0 0 0 0 0 0 0
5 18 0 0 0 0 0 0 0
5 19 0 0 0 0 0 0 0
5 20 0 0 0 0 0 0 0
5 21 0 0 0 0 0 0 0
5 22 0 0 0 0 0 0 0
5 23 0 0 0 0 0 0 0
6 0 10 0.725689 0.309529 -0.0169059 -10.904 0.000682257 0.000883297
6 1 10 0.720192 0.672122 0.184192 -11.027 0.000586017 0.000752951
6 2 14 0.111979 0.576891 0.0892335 1.82575 0.000863622 0.00118778
6 3 0 0 0 0 0 0 0
6 4 11 0.114207 0.490253 0.443432 1.30998 0.00065545 0.000904116
6 5 14 0.0878093 0.623798 0.323534 5.09501 0.00081819 0.00109014
6 6 11 0.0815046 0.601185 0.46948 5.99399 0.000624718 0.000825509
6 7 10 0.12664 0.458065 0.604332 -0.0264108 0.000569149 0.000798002
6 8 11 0.0979897 0.412796 0.514554 3.28725 0.000655864 0.000885617
6 9 11 0.713034 0.467177 0.67497 -10.953 0.000607306 0.000772549
6 10 15 0.71437 0.461999 0.70195 -10.6596 0.000820259 0.0010454
6 11 0 0 0 0 0 0 0
6 12 0 0 0 0 0 0 0
6 13 0 0 0 0 0 0 0
6 14 0 0 0 0 0 0 0
6 15 0 0 0 0 0 0 0
6 16 0 0 0 0 0 0 0
6 17 0 0 0 0 0 0 0
6 18 0 0 0 0 0 0 0
6 19 0 0 0 0 0 0 0
6 20 0 0 0 0 0 0 0
6 21 0 0 0 0 0 0 0
6 22 0 0 0 0 0 0 0
6 23 0 0 0 0 0 0 0
7 0 25 0.098098 0.446442 -0.000511626 4.18278 0.00163059 0.00220212
7 1 12 0.100104 0.418555 0.069886 3.18071 0.00078904 0.00106841
7 2 26 0.732281 0.49414 0.154642 -10.0558 0.00164919 0.00215455
7 3 18 0.720084 0.52487 0.133485 -10.3693 0.00113056 0.0014524
7 4 11 0.10076 0.642932 0.264676 2.89114 0.000645109 0.000874271
7 5 13 0.0749347 0.57104 0.387137 7.61086 0.000764324 0.00100133
7 6 13 0.0901484 0.619253 0.545219 4.56764 0.000716251 0.000957254
7 7 18 0.0797475 0.574382 0.554994 6.82585 0.00100461 0.00132445
7 8 14 0.7299 0.624456 0.631467 -10.8344 0.000747707 0.000973651
7 9 13 0.725929 0.543049 0.625462 -10.8582 0.00071511 0.000926138
7 10 0 0 0 0 0 0 0
7 11 13 0.705041 0.677487 0.898195 -10.894 0.000616893 0.000775947
7 12 0 0 0 0 0 0 0
7 13 11 0.719678 0.671131 0.940558 -11.155 0.00051418 0.000660179
7 14 0 0 0 0 0 0 0
7 15 0 0 0 0 0 0 0
7 16 0 0 0 0 0 0 0
7 17 0 0 0 0 0 0 0
7 18 0 0 0 0 0 0 0
7 19 0 0 0 0 0 0 0
7 20 0 0 0 0 0 0 0
7 21 0 0 0 0 0 0 0
7 22 0 0 0 0 0 0 0
7 23 0 0 0 0 0 0 0
8 0 13 0.101855 0.681777 -0.0782424 2.91772 0.000765628 0.00103909
8 1 11 0.723335 0.608888 0.161668 -10.9175 0.000664791 0.000857892
8 2 15 0.723295 0.686055 0.148663 -10.6403 0.000876933 0.00113159
8 3 12 0.168637 0.816837 0.312209 -2.72805 0.000645235 0.000955823
8 4 0 0 0 0 0 0 0
8 5 20 0.73061 0.624766 0.34197 -10.3959 0.00116361 0.0015167
8 6 16 0.0795077 0.551334 0.492338 6.78669 0.000919043 0.00121126
8 7 10 0.0874249 0.574237 0.586699 4.76831 0.000552076 0.000735205
8 8 14 0.719464 0.519761 0.473762 -10.6896 0.000817969 0.00104992
8 9 13 0.0750022 0.647194 0.70913 7.46317 0.000669838 0.000877624
8 10 0 0 0 0 0 0 0
8 11 0 0 0 0 0 0 0
8 12 15 0.0741801 0.75229 0.914654 7.68812 0.000691239 0.00090469
8 13 0 0 0 0 0 0 0
8 14 0 0 0 0 0 0 0
8 15 0 0 0 0 0 0 0
8 16 0 0 0 0 0 0 0
8 17 0 0 0 0 0 0 0
8 18 0 0 0 0 0 0 0
8 19 0 0 0 0 0 0 0
8 20 0 0 0 0 0 0 0
8 21 0 0 0 0 0 0 0
8 22 0 0 0 0 0 0 0
8 23 0 0 0 0 0 0 0
9 0 20 0.0864764 0.833921 -0.0649603 5.6208 0.00109578 0.00145745
9 1 10 0.080822 0.533247 0.151145 6.13091 0.000624743 0.000824804
9 2 13 0.0870723 0.690306 0.182905 5.14388 0.000755666 0.00100586
9 3 14 0.0948332 0.720295 0.276219 3.93329 0.000791777 0.00106472
9 4 17 0.727904 0.706079 0.277581 -10.5664 0.000967382 0.00125626
9 5 13 0.732394 0.775206 0.363228 -10.9057 0.000705393 0.000921688
9 6 13 0.717901 0.596068 0.288156 -10.7362 0.000774259 0.00099165
9 7 14 0.726221 0.664768 0.567525 -10.8082 0.000752923 0.0009755
9 8 0 0 0 0 0 0 0
9 9 12 0.0826623 0.843802 0.722265 5.68123 0.000573514 0.000758999
9 10 11 0.704573 0.762386 0.762708 -11.0353 0.000534245 0.000671545
9 11 0 0 0 0 0 0 0
9 12 0 0 0 0 0 0 0
9 13 0 0 0 0 0 0 0
9 14 0 0 0 0 0 0 0
9 15 0 0 0 0 0 0 0
9 16 0 0 0 0 0 0 0
9 17 0 0 0 0 0 0 0
9 18 0 0 0 0 0 0 0
9 19 0 0 0 0 0 0 0
9 20 0 0 0 0 0 0 0
9 21 0 0 0 0 0 0 0
9 22 0 0 0 0 0 0 0
9 23 0 0 0 0 0 0 0
10 0 12 0.714407 0.700717 -0.00948089 -10.8156 0.000701941 0.000894653
10 1 18 0.0921762 0.838891 0.0756697 4.55801 0.000983364 0.00131775
10 2 14 0.0768749 0.715273 0.20121 7.21802 0.000802676 0.00105425
10 3 17 0.0942086 0.886544 0.357247 4.13041 0.000877803 0.00117943
10 4 11 0.101776 0.72412 0.393475 2.69484 0.000606341 0.000822828
10 5 19 0.724659 0.745517 0.475727 -10.4997 0.00101662 0.00131432
10 6 13 0.726397 0.861707 0.515003 -10.948 0.000655328 0.000849261
10 7 17 0.728736 0.858574 0.600507 -10.7139 0.000838384 0.00108999
10 8 0 0 0 0 0 0 0
10 9 0 0 0 0 0 0 0
10 10 11 0.705264 0.704974 0.711718 -11.0007 0.000555094 0.000698436
10 11 10 0.0865342 0.838518 0.877668 4.7298 0.000454176 0.000604124
10 12 0 0 0 0 0 0 0
10 13 0 0 0 0 0 0 0
10 14 0 0 0 0 0 0 0
10 15 0 0 0 0 0 0 0
10 16 0 0 0 0 0 0 0
10 17 0 0 0 0 0 0 0
10 18 0 0 0 0 0 0 0
10 19 0 0 0 0 0 0 0
10 20 0 0 0 0 0 0 0
10 21 0 0 0 0 0 0 0
10 22 0 0 0 0 0 0 0
10 23 0 0 0 0 0 0 0
11 0 19 0.0908753 0.861889 0.075813 4.8087 0.00102631 0.00137295
11 1 16 0.0972046 0.935831 0.188216 3.62997 0.000826682 0.00111512
11 2 19 0.729791 0.754373 0.218633 -10.478 0.0010673 0.00138961
11 3 18 0.703235 0.738505 0.0941059 -10.3702 0.0010313 0.00129388
11 4 14 0.705881 0.832122 0.214472 -10.692 0.000758442 0.000955129
11 5 16 0.0844557 0.924211 0.450314 5.66978 0.000796857 0.00105706
11 6 14 0.730087 0.99422 0.502549 -10.9481 0.000668 0.00087008
11 7 16 0.718866 0.908271 0.589402 -10.7399 0.000775402 0.000994451
11 8 10 0.110586 0.938217 0.453261 1.42291 0.000494591 0.000678993
11 9 0 0 0 0 0 0 0
11 10 0 0 0 0 0 0 0
11 11 0 0 0 0 0 0 0
11 12 0 0 0 0 0 0 0
11 13 0 0 0 0 0 0 0
11 14 0 0 0 0 0 0 0
11 15 0 0 0 0 0 0 0
11 16 0 0 0 0 0 0 0
11 17 0 0 0 0 0 0 0
11 18 0 0 0 0 0 0 0
11 19 0 0 0 0 0 0 0
11 20 0 0 0 0 0 0 0
11 21 0 0 0 0 0 0 0
11 22 0 0 0 0 0 0 0
11 23 0 0 0 0 0 0 0
12 0 13 0.0820937 0.897605 0.152522 5.97209 0.000686615 0.000908002
12 1 16 0.0829455 0.947198 0.131792 5.99134 0.000825958 0.00109349
12 2 19 0.731491 1.01886 0.346083 -10.6312 0.000923877 0.00120568
12 3 12 0.10396 0.972831 0.310641 2.4033 0.000599694 0.000816146
12 4 10 0.719124 0.857489 0.384518 -11.1398 0.000520512 0.000667794
12 5 15 0.719337 0.946982 0.357301 -10.7717 0.000753028 0.000966388
12 6 12 0.712812 1.08383 0.440906 -11.0385 0.000556883 0.000708186
12 7 0 0 0 0 0 0 0
12 8 10 0.714501 1.14423 0.825488 -11.3464 0.000413034 0.000526498
12 9 0 0 0 0 0 0 0
12 10 0 0 0 0 0 0 0
12 11 0 0 0 0 0 0 0
12 12 0 0 0 0 0 0 0
12 13 0 0 0 0 0 0 0
12 14 0 0 0 0 0 0 0
12 15 0 0 0 0 0 0 0
12 16 0 0 0 0 0 0 0
12 17 0 0 0 0 0 0 0
12 18 0 0 0 0 0 0 0
12 19 0 0 0 0 0 0 0
12 20 0 0 0 0 0 0 0
12 21 0 0 0 0 0 0 0
12 22 0 0 0 0 0 0 0
12 23 0 0 0 0 0 0 0
13 0 12 0.714103 1.03556 0.0911775 -10.9805 0.000594223 0.00075704
13 1 13 0.720547 1.18097 0.096699 -11.0071 0.000598886 0.000769865
13 2 11 0.730238 1.0578 0.240829 -11.1756 0.000532527 0.000693768
13 3 10 0.0761884 1.05913 0.234866 6.86629 0.000484118 0.000635279
13 4 11 0.719992 1.16717 0.382343 -11.1925 0.000496089 0.000637229
13 5 0 0 0 0 0 0 0
13 6 0 0 0 0 0 0 0
13 7 0 0 0 0 0 0 0
13 8 11 0.715247 1.01788 0.65988 -11.1597 0.000499784 0.000637745
13 9 0 0 0 0 0 0 0
13 10 0 0 0 0 0 0 0
13 11 0 0 0 0 0 0 0
13 12 0 0 0 0 0 0 0
13 13 0 0 0 0 0 0 0
13 14 0 0 0 0 0 0 0
13 15 0 0 0 0 0 0 0
13 16 0 0 0 0 0 0 0
13 17 0 0 0 0 0 0 0
13 18 0 0 0 0 0 0 0
13 19 0 0 0 0 0 0 0
13 20 0 0 0 0 0 0 0
13 21 0 0 0 0 0 0 0
13 22 0 0 0 0 0 0 0
13 23 0 0 0 0 0 0 0
14 0 10 0.725367 1.05757 0.066194 -11.2328 0.000490245 0.000634424
14 1 0 0 0 0 0 0 0
14 2 0 0 0 0 0 0 0
14 3 12 0.724474 1.14273 0.217683 -11.0973 0.000558755 0.000722192
14 4 10 0.085283 1.09843 0.335419 4.98736 0.000469047 0.000622882
14 5 0 0 0 0 0 0 0
14 6 10 0.705379 1.15627 0.544345 -11.2333 0.000440174 0.00055393
14 7 11 0.705017 1.19931 0.545456 -11.1552 0.000475025 0.000597481
14 8 17 0.731529 1.12188 0.6464 -10.8503 0.000742234 0.00096868
14 9 0 0 0 0 0 0 0
14 10 0 0 0 0 0 0 0
14 11 0 0 0 0 0 0 0
14 12 0 0 0 0 0 0 0
14 13 0 0 0 0 0 0 0
14 14 0 0 0 0 0 0 0
14 15 0 0 0 0 0 0 0
14 16 0 0 0 0 0 0 0
14 17 0 0 0 0 0 0 0
14 18 0 0 0 0 0 0 0
14 19 0 0 0 0 0 0 0
14 20 0 0 0 0 0 0 0
14 21 0 0 0 0 0 0 0
14 22 0 0 0 0 0 0 0
14 23 0 0 0 0 0 0 0
15 0 0 0 0 0 0 0 0
15 1 0 0 0 0 0 0 0
15 2 0 0 0 0 0 0 0
15 3 10 0.0835279 1.27488 0.42074 5.21952 0.000426689 0.000565329
15 4 0 0 0 0 0 0 0
15 5 0 0 0 0 0 0 0
15 6 0 0 0 0 0 0 0
15 7 0 0 0 0 0 0 0
15 8 0 0 0 0 0 0 0
15 9 0 0 0 0 0 0 0
15 10 0 0 0 0 0 0 0
15 11 0 0 0 0 0 0 0
15 12 0 0 0 0 0 0 0
15 13 0 0 0 0 0 0 0
15 14 0 0 0 0 0 0 0
15 15 0 0 0 0 0 0 0
15 16 0 0 0 0 0 0 0
15 17 0 0 0 0 0 0 0
15 18 0 0 0 0 0 0 0
15 19 0 0 0 0 0 0 0
15 20 0 0 0 0 0 0 0
15 21 0 0 0 0 0 0 0
15 22 0 0 0 0 0 0 0
15 23 0 0 0 0 0 0 0
16 0 0 0 0 0 0 0 0
16 1 0 0 0 0 0 0 0
16 2 0 0 0 0 0 0 0
16 3 0 0 0 0 0 0 0
16 4 0 0 0 0 0 0 0
16 5 0 0 0 0 0 0 0
16 6 0 0 0 0 0 0 0
16 7 0 0 0 0 0 0 0
16 8 0 0 0 0 0 0 0
16 9 0 0 0 0 0 0 0
16 10 0 0 0 0 0 0 0
16 11 0 0 0 0 0 0 0
16 12 0 0 0 0 0 0 0
16 13 0 0 0 0 0 0 0
16 14 0 0 0 0 0 0 0
16 15 0 0 0 0 0 0 0
16 16 0 0 0 0 0 0 0
16 17 0 0 0 0 0 0 0
16 18 0 0 0 0 0 0 0
16 19 0 0 0 0 0 0 0
16 20 0 0 0 0 0 0 0
16 21 0 0 0 0 0 0 0
16 22 0 0 0 0 0 0 0
16 23 0 0 0 0 0 0 0
17 0 0 0 0 0 0 0 0
17 1 0 0 0 0 0 0 0
17 2 0 0 0 0 0 0 0
17 3 0 0 0 0 0 0 0
17 4 0 0 0 0 0 0 0
17 5 0 0 0 0 0 0 0
17 6 0 0 0 0 0 0 0
17 7 0 0 0 0 0 0 0
17 8 0 0 0 0 0 0 0
17 9 0 0 0 0 0 0 0
17 10 0 0 0 0 0 0 0
17 11 0 0 0 0 0 0 0
17 12 0 0 0 0 0 0 0
17 13 0 0 0 0 0 0 0
17 14 0 0 0 0 0 0 0
17 15 0 0 0 0 0 0 0
17 16 0 0 0 0 0 0 0
17 17 0 0 0 0 0 0 0
17 18 0 0 0 0 0 0 0
17 19 0 0 0 0 0 0 0
17 20 0 0 0 0 0 0 0
17 21 0 0 0 0 0 0 0
17 22 0 0 0 0 0 0 0
17 23 0 0 0 0 0 0 0
18 0 0 0 0 0 0 0 0
18 1 0 0 0 0 0 0 0
18 2 0 0 0 0 0 0 0
18 3 0 0 0 0 0 0 0
18 4 0 0 0 0 0 0 0
18 5 0 0 0 0 0 0 0
18 6 0 0 0 0 0 0 0
18 7 0 0 0 0 0 0 0
18 8 0 0 0 0 0 0 0
18 9 0 0 0 0 0 0 0
18 10 0 0 0 0 0 0 0
18 11 0 0 0 0 0 0 0
18 12 0 0 0 0 0 0 0
18 13 0 0 0 0 0 0 0
18 14 0 0 0 0 0 0 0
18 15 0 0 0 0 0 0 0
18 16 0 0 0 0 0 0 0
18 17 0 0 0 0 0 0 0
18 18 0 0 0 0 0 0 0
18 19 0 0 0 0 0 0 0
18 20 0 0 0 0 0 0 0
18 21 0 0 0 0 0 0 0
18 22 0 0 0 0 0 0 0
18 23 0 0 0 0 0 0 0
19 0 0 0 0 0 0 0 0
19 1 0 0 0 0 0 0 0
19 2 0 0 0 0 0 0 0
19 3 0 0 0 0 0 0 0
19 4 0 0 0 0 0 0 0
19 5 0 0 0 0 0 0 0
19 6 0 0 0 0 0 0 0
19 7 0 0 0 0 0 0 0
19 8 0 0 0 0 0 0 0
19 9 0 0 0 0 0 0 0
19 10 0 0 0 0 0 0 0
19 11 0 0 0 0 0 0 0
19 12 0 0 0 0 0 0 0
19 13 0 0 0 0 0 0 0
19 14 0 0 0 0 0 0 0
19 15 0 0 0 0 0 0 0
19 16 0 0 0 0 0 0 0
19 17 0 0 0 0 0 0 0
19 18 0 0 0 0 0 0 0
19 19 0 0 0 0 0 0 0
19 20 0 0 0 0 0 0 0
19 21 0 0 0 0 0 0 0
19 22 0 0 0 0 0 0 0
19 23 0 0 0 0 0 0 0
20 0 0 0 0 0 0 0 0
20 1 0 0 0 0 0 0 0
20 2 0 0 0 0 0 0 0
20 3 0 0 0 0 0 0 0
20 4 0 0 0 0 0 0 0
20 5 0 0 0 0 0 0 0
20 6 0 0 0 0 0 0 0
20 7 0 0 0 0 0 0 0
20 8 0 0 0 0 0 0 0
20 9 0 0 0 0 0 0 0
20 10 0 0 0 0 0 0 0
20 11 0 0 0 0 0 0 0
20 12 0 0 0 0 0 0 0
20 13 0 0 0 0 0 0 0
20 14 0 0 0 0 0 0 0
20 15 0 0 0 0 0 0 0
20 16 0 0 0 0 0 0 0
20 17 0 0 0 0 0 0 0
20 18 0 0 0 0 0 0 0
20 19 0 0 0 0 0 0 0
20 20 0 0 0 0 0 0 0
20 21 0 0 0 0 0 0 0
20 22 0 0 0 0 0 0 0
20 23 0 0 0 0 0 0 0
21 0 0 0 0 0 0 0 0
21 1 0 0 0 0 0 0 0
21 2 0 0 0 0 0 0 0
21 3 0 0 0 0 0 0 0
21 4 0 0 0 0 0 0 0
21 5 0 0 0 0 0 0 0
21 6 0 0 0 0 0 0 0
21 7 0 0 0 0 0 0 0
21 8 0 0 0 0 0 0 0
21 9 0 0 0 0 0 0 0
21 10 0 0 0 0 0 0 0
21 11 0 0 0 0 0 0 0
21 12 0 0 0 0 0 0 0
21 13 0 0 0 0 0 0 0
21 14 0 0 0 0 0 0 0
21 15 0 0 0 0 0 0 0
21 16 0 0 0 0 0 0 0
21 17 0 0 0 0 0 0 0
21 18 0 0 0 0 0 0 0
21 19 0 0 0 0 0 0 0
21 20 0 0 0 0 0 0 0
21 21 0 0 0 0 0 0 0
21 22 0 0 0 0 0 0 0
21 23 0 0 0 0 0 0 0
22 0 0 0 0 0 0 0 0
22 1 0 0 0 0 0 0 0
22 2 0 0 0 0 0 0 0
22 3 0 0 0 0 0 0 0
22 4 0 0 0 0 0 0 0
22 5 0 0 0 0 0 0 0
22 6 0 0 0 0 0 0 0
22 7 0 0 0 0 0 0 0
22 8 0 0 0 0 0 0 0
22 9 0 0 0 0 0 0 0
22 10 0 0 0 0 0 0 0
22 11 0 0 0 0 0 0 0
22 12 0 0 0 0 0 0 0
22 13 0 0 0 0 0 0 0
22 14 0 0 0 0 0 0 0
22 15 0 0 0 0 0 0 0
22 16 0 0 0 0 0 0 0
22 17 0 0 0 0 0 0 0
22 18 0 0 0 0 0 0 0
22 19 0 0 0 0 0 0 0
22 20 0 0 0 0 0 0 0
22 21 0 0 0 0 0 0 0
22 22 0 0 0 0 0 0 0
22 23 0 0 0 0 0 0 0
23 0 0 0 0 0 0 0 0
23 1 0 0 0 0 0 0 0
23 2 0 0 0 0 0 0 0
23 3 0 0 0 0 0 0 0
23 4 0 0 0 0 0 0 0
23 5 0 0 0 0 0 0 0
23 6 0 0 0 0 0 0 0
23 7 0 0 0 0 0 0 0
23 8 0 0 0 0 0 0 0
23 9 0 0 0 0 0 0 0
23 10 0 0 0 0 0 0 0
23 11 0 0 0 0 0 0 0
23 12 0 0 0 0 0 0 0
23 13 0 0 0 0 0 0 0
23 14 0 0 0 0 0 0 0
23 15 0 0 0 0 0 0 0
23 16 0 0 0 0 0 0 0
23 17 0 0 0 0 0 0 0
23 18 0 0 0 0 0 0 0
23 19 0 0 0 0 0 0 0
23 20 0 0 0 0 0 0 0
23 21 0 0 0 0 0 0 0
23 22 0 0 0 0 0 0 0
23 23 0 0 0 0 0 0 0
