#  ix    iy     NB       E/N    TB    UxB       UyB       muB       rhoB     epsilonB
0 0 13 0.005 -0.0465294 0.0498889 197.793 0.00048395 0.00047861
0 1 14 0.005 0.0551115 0.131935 198.197 0.000517129 0.000512466
0 2 14 0.005 0.022826 0.0431924 194.25 0.000521766 0.000506765
0 3 11 0.005 -0.0526106 0.0703202 195.731 0.000408874 0.000400146
0 4 10 0.005 0.101485 0.209566 199.05 0.000363413 0.000361687
0 5 15 0.005 -0.0146345 0.207783 196.188 0.000547941 0.000537497
0 6 11 0.005 -0.00150781 0.213621 198.121 0.000401391 0.000397621
0 7 14 0.005 0.0135474 0.297931 199.969 0.000500599 0.000500521
0 8 14 0.005 -0.0413736 0.455469 196.168 0.000475062 0.00046596
0 9 10 0.005 -0.0109744 0.339335 199.542 0.000353326 0.000352517
0 10 13 0.005 -0.0436498 0.387965 198.891 0.000451859 0.000449353
0 11 15 0.005 -0.0164846 0.464127 199.153 0.000507628 0.000505477
0 12 13 0.005 0.0371627 0.508281 194.088 0.000432185 0.00041941
0 13 21 0.005 0.0519027 0.532354 196.241 0.000690952 0.000677966
0 14 20 0.005 0.0252539 0.603129 197.496 0.000638887 0.000630887
0 15 20 0.005 0.040272 0.661566 197.176 0.000622044 0.000613262
0 16 21 0.005 0.0445271 0.782656 197.576 0.000616682 0.000609209
0 17 14 0.005 0.015964 0.646084 195.193 0.000438737 0.000428192
0 18 16 0.005 -0.0101896 0.796977 198.167 0.000466863 0.000462584
0 19 14 0.005 -0.0301558 0.930216 195.103 0.000382396 0.000373032
0 20 14 0.005 0.10754 1.0901 198.33 0.000352204 0.000349263
0 21 26 0.005 0.0268954 0.897449 197.504 0.000721877 0.000712867
0 22 18 0.005 0.0573334 1.06017 199.092 0.000460499 0.000458408
0 23 11 0.005 0.0646573 1.12249 194.457 0.000272775 0.000265214
1 0 14 0.005 0.0299835 0.0290772 197.346 0.000521933 0.000515008
1 1 18 0.005 0.111601 0.0221144 199.424 0.000667337 0.000665414
1 2 15 0.005 0.0454503 0.159812 196.102 0.000552132 0.000541371
1 3 13 0.005 0.00929255 0.100257 197.801 0.000482634 0.000477329
1 4 11 0.005 -0.0485715 0.222608 197.671 0.000400191 0.000395532
1 5 10 0.005 0.0394048 0.242854 200.598 0.000362329 0.000363412
1 6 17 0.005 0.0415747 0.206301 194.768 0.000620732 0.000604492
1 7 17 0.005 0.0414478 0.245655 198.021 0.000615515 0.000609423
1 8 13 0.005 0.0146521 0.364841 200.551 0.00045565 0.000456906
1 9 15 0.005 0.0776084 0.324265 195.843 0.000530965 0.000519928
1 10 15 0.005 0.0907354 0.439221 196.412 0.000510691 0.000501528
1 11 0 0 0 0 0 0 0
1 12 10 0.005 0.0244054 0.373063 195.013 0.000349507 0.000340792
1 13 18 0.005 0.0564055 0.597812 198.034 0.000575809 0.00057015
1 14 17 0.005 0.144595 0.600068 197.273 0.000539783 0.000532423
1 15 18 0.005 0.137843 0.681305 194.348 0.000551494 0.000535908
1 16 16 0.005 0.103648 0.595069 197.677 0.000511026 0.00050509
1 17 17 0.005 0.0654967 0.762997 196.382 0.000503617 0.000494506
1 18 22 0.005 0.0490706 0.84103 194.563 0.000627802 0.000610737
1 19 17 0.005 0.06653 0.877718 195.913 0.000476143 0.000466413
1 20 23 0.005 0.15577 0.983623 198.812 0.000608097 0.000604483
1 21 18 0.005 0.109169 1.01103 197.621 0.000470925 0.000465323
1 22 13 0.005 0.0688384 1.06681 193.395 0.000331372 0.000320428
1 23 16 0.005 0.0337278 1.11736 193.938 0.000398042 0.000385978
2 0 13 0.005 0.143532 0.045441 199.039 0.000479669 0.000477364
2 1 15 0.005 0.111625 0.0463687 197.977 0.000555657 0.000550036
2 2 0 0 0 0 0 0 0
2 3 14 0.005 0.0753561 0.18002 198.351 0.000512716 0.000508487
2 4 13 0.005 0.150914 0.101798 195.611 0.000477232 0.00046676
2 5 17 0.005 0.118608 0.195183 198.125 0.000618404 0.000612605
2 6 19 0.005 0.149237 0.261549 196.464 0.000678844 0.000666843
2 7 20 0.005 0.0445776 0.316985 200.532 0.000710743 0.000712634
2 8 12 0.005 0.218989 0.329019 195.997 0.000416417 0.000408081
2 9 13 0.005 0.105488 0.429435 197.096 0.000443635 0.000437193
2 10 10 0.005 0.121699 0.452543 202.344 0.000337875 0.000341835
2 11 20 0.005 0.101447 0.398912 197.756 0.000690096 0.000682354
2 12 0 0 0 0 0 0 0
2 13 0 0 0 0 0 0 0
2 14 13 0.005 0.136789 0.688377 195.317 0.000397046 0.000387748
2 15 12 0.005 0.0757329 0.554072 193.473 0.000390804 0.000378049
2 16 20 0.005 0.0977547 0.660038 197.271 0.000620769 0.0006123
2 17 17 0.005 0.10917 0.767439 195.16 0.000501343 0.000489211
2 18 11 0.005 0.0960686 1.03082 199.758 0.000285155 0.00028481
2 19 13 0.005 0.127991 0.933661 195.517 0.000353017 0.000345104
2 20 22 0.005 0.162541 0.884152 195.335 0.00061048 0.000596241
2 21 15 0.005 0.217824 1.04655 197.234 0.000382362 0.000377074
2 22 19 0.005 0.100857 1.08143 198.471 0.000480202 0.000476532
2 23 21 0.005 0.0888519 1.15262 194.791 0.000512634 0.000499282
3 0 12 0.005 0.0495734 -0.0345672 198.705 0.000446946 0.000444051
3 1 18 0.005 0.127062 0.00754823 197.131 0.000666266 0.000656708
3 2 13 0.005 0.159808 0.014582 200.386 0.000478947 0.000479871
3 3 18 0.005 0.102297 0.129613 196.445 0.000662669 0.00065089
3 4 20 0.005 0.0938847 0.194975 198.796 0.000729386 0.000724996
3 5 16 0.005 0.0929281 0.227418 198.016 0.000579775 0.000574024
3 6 17 0.005 0.0623943 0.251965 194.699 0.000613981 0.000597707
3 7 11 0.005 0.145749 0.350161 200.196 0.000383771 0.000384148
3 8 14 0.005 0.181531 0.308615 202.084 0.000491814 0.000496937
3 9 12 0.005 0.101558 0.410724 194.013 0.000412371 0.000400026
3 10 13 0.005 0.0920625 0.341784 198.718 0.000457273 0.000454343
3 11 0 0 0 0 0 0 0
3 12 13 0.005 0.185378 0.578649 196.365 0.000414548 0.000407015
3 13 14 0.005 0.131654 0.464947 199.335 0.000470351 0.000468786
3 14 13 0.005 0.126855 0.599356 198.55 0.000413625 0.000410625
3 15 13 0.005 0.154012 0.668146 198.195 0.000400064 0.000396453
3 16 12 0.005 0.124732 0.578725 198.107 0.000385303 0.000381655
3 17 11 0.005 0.145205 0.708448 196.453 0.000332591 0.000326693
3 18 21 0.005 0.164363 0.912639 196.85 0.000574562 0.000565513
3 19 15 0.005 0.0997076 0.81211 194.36 0.000433179 0.000420964
3 20 25 0.005 0.20414 0.890147 196.876 0.000688813 0.000678055
3 21 12 0.005 0.0946344 1.01056 195.942 0.000314252 0.000307876
3 22 19 0.005 0.116269 1.0922 197.756 0.000477281 0.000471926
3 23 10 0.005 0.139349 1.21482 203.398 0.000236218 0.000240231
4 0 19 0.005 0.233701 -0.0244005 197.078 0.000690159 0.000680075
4 1 0 0 0 0 0 0 0
4 2 0 0 0 0 0 0 0
4 3 14 0.005 0.23296 0.0965096 199.735 0.000506532 0.000505861
4 4 16 0.005 0.187474 0.233753 199.299 0.000571892 0.000569887
4 5 12 0.005 0.189866 0.209034 195.919 0.000430909 0.000422116
4 6 11 0.005 0.154311 0.295946 196.895 0.000389335 0.00038329
4 7 11 0.005 0.233083 0.28607 198.83 0.000385068 0.000382815
4 8 12 0.005 0.173611 0.296346 194.3 0.00042348 0.000411411
4 9 16 0.005 0.150436 0.415361 195.318 0.000546101 0.000533316
4 10 15 0.005 0.167396 0.357947 198.876 0.000520535 0.00051761
4 11 11 0.005 0.134815 0.432898 199.925 0.000373818 0.000373678
4 12 11 0.005 0.27728 0.557845 194.491 0.000348378 0.000338782
4 13 16 0.005 0.141814 0.589304 197.118 0.000510551 0.000503194
4 14 15 0.005 0.211073 0.554443 199.092 0.000481365 0.000479179
4 15 21 0.005 0.112176 0.651753 195.16 0.000653583 0.000637767
4 16 15 0.005 0.127256 0.779089 195.708 0.000439313 0.000429885
4 17 20 0.005 0.069983 0.768095 197.733 0.000590926 0.000584226
4 18 17 0.005 0.136096 0.736097 195.565 0.00050781 0.00049655
4 19 18 0.005 0.221394 0.833872 195.513 0.000508534 0.000497125
4 20 24 0.005 0.19066 0.946788 197.08 0.000644151 0.000634746
4 21 10 0.005 0.183562 0.970103 197.982 0.000265524 0.000262845
4 22 20 0.005 0.244108 1.03563 199.781 0.000511082 0.000510521
4 23 19 0.005 0.190062 1.06073 193.929 0.00048224 0.000467602
5 0 14 0.005 0.191145 -0.0667174 200.729 0.000512001 0.000513866
5 1 16 0.005 0.303211 -0.0113282 196.839 0.000571296 0.000562266
5 2 17 0.005 0.180493 0.161207 195.475 0.000616531 0.000602582
5 3 15 0.005 0.223827 0.137726 199.368 0.00054132 0.000539608
5 4 15 0.005 0.230807 0.149021 199.493 0.000539704 0.000538336
5 5 10 0.005 0.241197 0.2594 195.799 0.000351722 0.000344334
5 6 13 0.005 0.146147 0.301761 195.752 0.000459912 0.000450142
5 7 0 0 0 0 0 0 0
5 8 20 0.005 0.25618 0.347177 195.574 0.00068521 0.000670047
5 9 19 0.005 0.23813 0.410855 198.622 0.000640414 0.000636002
5 10 10 0.005 0.255258 0.406593 197.341 0.000336379 0.000331906
5 11 12 0.005 0.213294 0.476774 198.403 0.000396885 0.000393716
5 12 15 0.005 0.255059 0.577569 198.31 0.000473264 0.000469264
5 13 16 0.005 0.257976 0.507627 198.316 0.000518803 0.000514435
5 14 13 0.005 0.187678 0.597813 196.555 0.00041105 0.00040397
5 15 14 0.005 0.177157 0.588621 195.619 0.000445032 0.000435283
5 16 17 0.005 0.332065 0.657335 195.572 0.000510766 0.000499457
5 17 15 0.005 0.325488 0.686366 194.701 0.000445692 0.000433884
5 18 21 0.005 0.296497 0.938131 199.627 0.000558563 0.00055752
5 19 12 0.005 0.2329 0.849917 197.777 0.000335932 0.000332199
5 20 17 0.005 0.331088 1.00743 200.254 0.000435193 0.000435745
5 21 20 0.005 0.248419 0.98421 201.037 0.000523729 0.000526445
5 22 15 0.005 0.182014 1.06969 198.46 0.000379307 0.000376386
5 23 21 0.005 0.284463 1.14871 194.861 0.000505752 0.000492757
6 0 20 0.005 0.224845 0.0199104 194.331 0.000727954 0.000707318
6 1 11 0.005 0.226574 0.0764533 203.145 0.000399193 0.000405471
6 2 14 0.005 0.209681 0.108604 195.303 0.000508406 0.000496467
6 3 0 0 0 0 0 0 0
6 4 15 0.005 0.304018 0.227393 195.711 0.00052326 0.000512039
6 5 15 0.005 0.159657 0.184155 193.093 0.000543783 0.000525004
6 6 13 0.005 0.178044 0.273091 195.538 0.000461186 0.000450897
6 7 10 0.005 0.213037 0.267927 196.506 0.000353025 0.000346858
6 8 15 0.005 0.256088 0.317403 196.28 0.000518259 0.000508619
6 9 21 0.005 0.252626 0.402495 200.538 0.000707735 0.000709638
6 10 10 0.005 0.174061 0.346326 199.468 0.000347913 0.000346989
6 11 10 0.005 0.205792 0.525896 195.621 0.000324905 0.000317792
6 12 16 0.005 0.254454 0.447389 201.085 0.000530831 0.000533712
6 13 17 0.005 0.289869 0.512775 195.421 0.000546558 0.000534045
6 14 0 0 0 0 0 0 0
6 15 22 0.005 0.239037 0.606715 196.04 0.000687612 0.000673998
6 16 15 0.005 0.284396 0.795138 194.846 0.000427624 0.000416605
6 17 24 0.005 0.301214 0.806234 193.2 0.000678749 0.000655672
6 18 14 0.005 0.300046 0.859529 199.118 0.000386285 0.000384581
6 19 11 0.005 0.230604 0.831386 193.081 0.000310769 0.000300017
6 20 21 0.005 0.235683 0.918382 196.473 0.000568624 0.000558595
6 21 15 0.005 0.234693 0.914764 196.961 0.000406921 0.000400737
6 22 12 0.005 0.316418 1.01438 199.791 0.000306866 0.000306546
6 23 17 0.005 0.272743 1.07156 198.682 0.000425482 0.000422678
7 0 12 0.005 0.381169 0.0508166 196.459 0.000417926 0.000410526
7 1 12 0.005 0.231938 0.133485 196.3 0.000432541 0.000424538
7 2 13 0.005 0.250813 0.13657 191.426 0.000466427 0.000446432
7 3 0 0 0 0 0 0 0
7 4 10 0.005 0.215674 0.186564 200.611 0.000358829 0.000359925
7 5 17 0.005 0.306732 0.183672 198.118 0.000597302 0.000591682
7 6 12 0.005 0.298974 0.324566 195.272 0.000409649 0.000399965
7 7 16 0.005 0.354647 0.282488 195.947 0.000543736 0.000532717
7 8 10 0.005 0.288056 0.531668 195.823 0.000319298 0.000312629
7 9 16 0.005 0.244241 0.365967 200.401 0.00054646 0.000547556
7 10 13 0.005 0.249982 0.424267 195.935 0.000435173 0.000426328
7 11 10 0.005 0.247558 0.508409 195.824 0.000324801 0.000318019
7 12 24 0.005 0.346038 0.575338 197.616 0.000743497 0.000734634
7 13 22 0.005 0.335636 0.611178 197.213 0.000673365 0.000663983
7 14 19 0.005 0.340102 0.593937 198.329 0.000585049 0.000580161
7 15 26 0.005 0.35752 0.683658 195.276 0.000768121 0.00074998
7 16 14 0.005 0.311243 0.678206 198.876 0.00041867 0.000416317
7 17 19 0.005 0.282945 0.783616 197.112 0.000544688 0.000536822
7 18 22 0.005 0.316532 0.794552 197.396 0.000623844 0.000615721
7 19 18 0.005 0.354949 0.842551 196.047 0.000495696 0.000485898
7 20 16 0.005 0.349284 1.05987 200.548 0.000398423 0.000399515
7 21 14 0.005 0.389284 1.10681 195.937 0.000338859 0.000331975
7 22 25 0.005 0.336194 0.999084 194.726 0.000642009 0.000625079
7 23 16 0.005 0.356239 1.12612 194.039 0.000385769 0.00037427
8 0 19 0.005 0.400964 -0.019631 198.707 0.00065792 0.000653666
8 1 16 0.005 0.360744 0.132178 198.801 0.000557299 0.000553957
8 2 21 0.005 0.275764 0.117241 198.411 0.000750607 0.000744644
8 3 16 0.005 0.331275 0.166543 197.619 0.000559775 0.000553111
8 4 16 0.005 0.336642 0.192043 195.841 0.000556669 0.000545094
8 5 14 0.005 0.25164 0.197106 194.782 0.000497586 0.000484604
8 6 17 0.005 0.33129 0.304573 197.661 0.000578453 0.000571689
8 7 20 0.005 0.25766 0.311497 196.896 0.000691874 0.000681135
8 8 18 0.005 0.358704 0.421865 195.879 0.00058757 0.000575463
8 9 10 0.005 0.327588 0.350334 193.995 0.000336437 0.000326337
8 10 13 0.005 0.327317 0.439095 197.717 0.000425448 0.000420592
8 11 20 0.005 0.353077 0.416364 198.247 0.000655019 0.000649277
8 12 14 0.005 0.314386 0.467367 194.779 0.000455151 0.000443268
8 13 15 0.005 0.306375 0.564095 197.243 0.000471008 0.000464516
8 14 22 0.005 0.405423 0.603501 196.265 0.000663963 0.000651564
8 15 20 0.005 0.387943 0.599012 194.352 0.000607443 0.00059029
8 16 19 0.005 0.345039 0.699591 197.239 0.000558999 0.000551281
8 17 20 0.005 0.423593 0.872859 200.256 0.000535608 0.000536295
8 18 19 0.005 0.349493 0.765853 196.188 0.000542362 0.000532024
8 19 23 0.005 0.415774 0.872045 198.283 0.00061722 0.00061192
8 20 16 0.005 0.380662 0.921361 199.477 0.000422808 0.000421702
8 21 22 0.005 0.342958 0.971914 194.3 0.000571635 0.000555343
8 22 16 0.005 0.401035 1.00556 196.55 0.000405096 0.000398107
8 23 20 0.005 0.406351 1.14401 198.317 0.000474466 0.000470474
9 0 13 0.005 0.259153 -0.00477942 201.577 0.000469558 0.000473261
9 1 10 0.005 0.396492 0.130606 200.483 0.000344336 0.000345167
9 2 17 0.005 0.363519 0.192082 196.085 0.000586677 0.000575192
9 3 25 0.005 0.361234 0.154938 197.681 0.000868178 0.000858113
9 4 18 0.005 0.377147 0.149626 196.91 0.000622363 0.000612749
9 5 18 0.005 0.357079 0.212747 197.918 0.0006202 0.000613742
9 6 18 0.005 0.436617 0.23823 195.339 0.000601363 0.000587349
9 7 13 0.005 0.387602 0.206197 192.69 0.000444154 0.00042792
9 8 20 0.005 0.404603 0.355488 197.135 0.000657034 0.000647623
9 9 22 0.005 0.368159 0.399705 197.134 0.000721277 0.000710939
9 10 14 0.005 0.309559 0.404055 196.645 0.000465549 0.000457738
9 11 11 0.005 0.439127 0.419442 195.903 0.000350827 0.000343641
9 12 21 0.005 0.328825 0.454198 197.642 0.000683466 0.000675409
9 13 18 0.005 0.354594 0.590614 196.739 0.000553103 0.000544086
9 14 16 0.005 0.373763 0.637604 203.864 0.000480117 0.000489392
9 15 20 0.005 0.314957 0.623586 195.833 0.000611766 0.00059902
9 16 19 0.005 0.408976 0.748838 200.83 0.000539318 0.000541555
9 17 19 0.005 0.439362 0.798446 194.967 0.000523995 0.00051081
9 18 19 0.005 0.412145 0.816345 195.338 0.000523178 0.000510983
9 19 17 0.005 0.401076 0.963465 196.315 0.000438866 0.000430781
9 20 15 0.005 0.491902 1.02113 194.058 0.000370292 0.00035929
9 21 17 0.005 0.386912 0.9425 196.429 0.000444336 0.000436402
9 22 17 0.005 0.45153 1.0851 195.587 0.000411059 0.000401989
9 23 12 0.005 0.369998 1.02493 197.351 0.00030275 0.000298741
10 0 22 0.005 0.463577 -0.0473886 196.869 0.000744074 0.000732426
10 1 15 0.005 0.446941 -0.00519055 199.998 0.000510981 0.000510976
10 2 22 0.005 0.343645 0.0643963 198.962 0.000774899 0.000770878
10 3 14 0.005 0.370025 0.207508 192.954 0.000480902 0.00046396
10 4 15 0.005 0.4909 0.182819 200.722 0.000495796 0.000497586
10 5 16 0.005 0.442801 0.221527 196.792 0.000535026 0.000526443
10 6 15 0.005 0.403533 0.236861 197.373 0.00050695 0.000500292
10 7 17 0.005 0.479275 0.286549 202.969 0.000553832 0.000562054
10 8 16 0.005 0.436137 0.371401 195.865 0.000518037 0.000507326
10 9 22 0.005 0.451513 0.3557 197.464 0.000711703 0.000702678
10 10 18 0.005 0.453662 0.455275 196.259 0.000565007 0.000554438
10 11 13 0.005 0.363326 0.424058 198.047 0.000423516 0.00041938
10 12 16 0.005 0.450941 0.49471 195.128 0.000496121 0.000484035
10 13 18 0.005 0.486647 0.597111 193.329 0.000532083 0.000514337
10 14 18 0.005 0.466564 0.690212 197.73 0.000516026 0.000510169
10 15 16 0.005 0.509873 0.694258 196.835 0.00045234 0.000445181
10 16 26 0.005 0.454459 0.736178 197.453 0.00073368 0.000724337
10 17 18 0.005 0.468135 0.787673 197.858 0.000495198 0.000489893
10 18 24 0.005 0.423739 0.719407 197.34 0.000687421 0.000678277
10 19 0 0 0 0 0 0 0
10 20 23 0.005 0.451497 0.971172 195.679 0.000585699 0.000573046
10 21 23 0.005 0.455486 1.01412 200.433 0.000573939 0.000575183
10 22 13 0.005 0.453008 1.05537 195.581 0.000318534 0.000311496
10 23 21 0.005 0.583966 1.29362 195.523 0.000451315 0.000441212
11 0 0 0 0 0 0 0 0
11 1 13 0.005 0.481125 0.0495764 197.515 0.000436678 0.000431252
11 2 12 0.005 0.399438 0.140193 199.396 0.000412337 0.000411091
11 3 16 0.005 0.54798 0.119235 199.036 0.000520721 0.000518212
11 4 19 0.005 0.429549 0.160387 196.065 0.000644442 0.000631761
11 5 16 0.005 0.417352 0.238867 195.166 0.000538039 0.000525035
11 6 17 0.005 0.554292 0.239656 200.81 0.000543 0.000545199
11 7 17 0.005 0.423081 0.353571 194.047 0.000555487 0.000538954
11 8 17 0.005 0.450511 0.339958 197.646 0.000552419 0.000545918
11 9 0 0 0 0 0 0 0
11 10 32 0.005 0.430477 0.401303 197.999 0.00102905 0.00101875
11 11 13 0.005 0.533575 0.488772 196.615 0.000392982 0.000386331
11 12 20 0.005 0.464858 0.556147 198.007 0.000604233 0.000598211
11 13 23 0.005 0.529353 0.541277 199.571 0.000684229 0.00068276
11 14 20 0.005 0.441705 0.632575 197.039 0.000590854 0.000582106
11 15 20 0.005 0.519855 0.659994 199.023 0.000571381 0.000568591
11 16 19 0.005 0.502026 0.749119 196.596 0.000526496 0.000517534
11 17 22 0.005 0.544297 0.778797 197.81 0.000595104 0.000588588
11 18 17 0.005 0.564615 0.762836 196.972 0.000460104 0.000453138
11 19 12 0.005 0.588429 0.828098 200.093 0.000314112 0.000314259
11 20 23 0.005 0.542933 1.04167 195.147 0.000556312 0.000542814
11 21 12 0.005 0.540296 0.924666 195.023 0.000305589 0.000297985
11 22 19 0.005 0.59882 1.10657 193.83 0.000441112 0.000427505
11 23 16 0.005 0.586955 1.21936 195.852 0.000354803 0.000347444
12 0 16 0.005 0.534724 0.0755534 198.175 0.000525309 0.000520517
12 1 21 0.005 0.49101 0.175556 195.484 0.000694794 0.000679106
12 2 18 0.005 0.455456 0.0685424 201.562 0.000610045 0.000614809
12 3 16 0.005 0.481178 0.137083 197.03 0.000533917 0.00052599
12 4 17 0.005 0.461642 0.186582 197.638 0.000567832 0.000561125
12 5 16 0.005 0.500992 0.297234 204.239 0.000515869 0.000526804
12 6 12 0.005 0.595153 0.287719 196.673 0.000373525 0.000367312
12 7 15 0.005 0.463891 0.300441 195.966 0.000489863 0.000479982
12 8 17 0.005 0.487594 0.30194 197.79 0.000550257 0.000544175
12 9 11 0.005 0.490168 0.431287 196.245 0.000343682 0.000337229
12 10 21 0.005 0.45885 0.414163 198.648 0.000666529 0.000662021
12 11 13 0.005 0.516127 0.535318 197.765 0.000389251 0.000384902
12 12 17 0.005 0.500124 0.485243 196.5 0.000520434 0.000511327
12 13 18 0.005 0.586094 0.599931 199.182 0.000514608 0.000512503
12 14 18 0.005 0.523371 0.648264 194.655 0.000516012 0.000502222
12 15 23 0.005 0.519219 0.655842 196.39 0.000658271 0.00064639
12 16 24 0.005 0.572714 0.805931 201.031 0.000636818 0.000640101
12 17 14 0.005 0.493869 0.802741 197.545 0.000380152 0.000375485
12 18 23 0.005 0.610917 0.88208 197.389 0.000585119 0.000577481
12 19 25 0.005 0.617851 0.873025 194.964 0.000637091 0.000621048
12 20 17 0.005 0.549839 0.989619 197.65 0.000419941 0.000415007
12 21 19 0.005 0.636797 1.02622 193.99 0.000452138 0.000438552
12 22 13 0.005 0.692171 1.12158 194.61 0.000293202 0.0002853
12 23 21 0.005 0.778007 1.36409 196.718 0.000420889 0.000413983
13 0 16 0.005 0.515968 0.00159933 197.089 0.000530554 0.000522833
13 1 13 0.005 0.598681 0.0510768 195.946 0.000415791 0.000407363
13 2 19 0.005 0.551809 0.183601 197.616 0.000612855 0.000605551
13 3 18 0.005 0.537182 0.129575 194.312 0.000587859 0.000571142
13 4 27 0.005 0.65212 0.159315 201.041 0.000836467 0.000840821
13 5 15 0.005 0.588703 0.222739 195.876 0.00047368 0.000463914
13 6 26 0.005 0.648838 0.27667 197.437 0.000792775 0.000782615
13 7 15 0.005 0.572813 0.270839 197.148 0.000472786 0.000466045
13 8 12 0.005 0.579684 0.358671 202.5 0.000369977 0.000374603
13 9 21 0.005 0.558238 0.372259 194.815 0.000650683 0.000633813
13 10 20 0.005 0.59114 0.462112 197.904 0.000596921 0.000590666
13 11 19 0.005 0.538806 0.553076 195.05 0.000561144 0.000547256
13 12 14 0.005 0.495145 0.491135 196.156 0.000428477 0.000420242
13 13 20 0.005 0.638897 0.684187 198.026 0.000544809 0.000539431
13 14 15 0.005 0.594162 0.653221 195.992 0.000419546 0.00041114
13 15 16 0.005 0.667458 0.749103 199.052 0.000421453 0.000419455
13 16 0 0 0 0 0 0 0
13 17 25 0.005 0.617984 0.801135 194.926 0.000655737 0.000639102
13 18 23 0.005 0.636219 0.861257 200.5 0.000585765 0.00058723
13 19 16 0.005 0.681705 0.975082 199.025 0.000384132 0.000382259
13 20 21 0.005 0.689939 1.01187 195.685 0.00049559 0.000484897
13 21 21 0.005 0.695983 1.04701 197.744 0.000487777 0.000482275
13 22 18 0.005 0.605597 1.01062 196.154 0.000434621 0.000426264
13 23 22 0.005 0.755232 1.2367 198.524 0.000466252 0.000462812
14 0 23 0.005 0.560752 0.0274685 197.262 0.000748338 0.000738092
14 1 15 0.005 0.572882 0.112519 195.439 0.000483354 0.000472331
14 2 13 0.005 0.569753 0.1274 199.7 0.000418908 0.00041828
14 3 15 0.005 0.642735 0.124059 194.55 0.000468292 0.000455531
14 4 26 0.005 0.557799 0.154781 197.147 0.000839619 0.00082764
14 5 10 0.005 0.564092 0.248368 197.567 0.000317646 0.000313782
14 6 11 0.005 0.563671 0.358527 196.517 0.000341298 0.000335355
14 7 14 0.005 0.630133 0.287225 194.635 0.000429463 0.000417944
14 8 13 0.005 0.548953 0.307774 194.74 0.000410539 0.000399741
14 9 20 0.005 0.658844 0.429376 198.155 0.000586607 0.000581194
14 10 14 0.005 0.5357 0.422691 199.067 0.000431498 0.000429486
14 11 22 0.005 0.596506 0.46184 194.35 0.000655331 0.000636819
14 12 14 0.005 0.584076 0.502042 197.281 0.000413866 0.000408239
14 13 18 0.005 0.61244 0.543513 193.766 0.000519656 0.000503459
14 14 21 0.005 0.643524 0.573809 197.469 0.000593456 0.000585947
14 15 11 0.005 0.666042 0.774662 197.536 0.00028711 0.000283572
14 16 18 0.005 0.657565 0.721494 198.427 0.00048061 0.000476831
14 17 20 0.005 0.58769 0.76504 192.822 0.000537083 0.000517806
14 18 14 0.005 0.79167 0.893284 200.605 0.000335478 0.000336493
14 19 21 0.005 0.698173 0.918008 195.973 0.000513321 0.000502986
14 20 17 0.005 0.65348 0.969478 195.621 0.000412308 0.000403281
14 21 15 0.005 0.849602 1.16994 198.705 0.000318373 0.000316312
14 22 19 0.005 0.794422 1.19776 193.84 0.000404904 0.000392432
14 23 0 0 0 0 0 0 0
15 0 21 0.005 0.625457 -0.00553686 200.73 0.000664332 0.000666759
15 1 18 0.005 0.564149 0.0697771 194.978 0.000583897 0.000569236
15 2 19 0.005 0.6172 0.124003 195.608 0.000599967 0.000586791
15 3 17 0.005 0.64176 0.166262 199.156 0.000528699 0.000526467
15 4 23 0.005 0.669187 0.225461 193.543 0.000701042 0.000678409
15 5 16 0.005 0.58457 0.15689 195.437 0.000510748 0.000499095
15 6 17 0.005 0.630838 0.334861 199.948 0.000516194 0.000516061
15 7 20 0.005 0.689122 0.319261 197.026 0.000594299 0.000585463
15 8 19 0.005 0.619983 0.471661 197.452 0.000559284 0.000552159
15 9 0 0 0 0 0 0 0
15 10 23 0.005 0.654662 0.394708 199.69 0.000681811 0.000680755
15 11 21 0.005 0.703126 0.477634 196.987 0.000597038 0.000588043
15 12 22 0.005 0.69563 0.508068 196.874 0.000621956 0.000612236
15 13 17 0.005 0.681524 0.598074 199.385 0.000469916 0.000468472
15 14 17 0.005 0.64239 0.641147 196.392 0.000469714 0.00046124
15 15 17 0.005 0.775363 0.759571 196.882 0.000429805 0.000423104
15 16 18 0.005 0.714794 0.763792 200.334 0.000464106 0.000464881
15 17 22 0.005 0.745821 0.830207 195.578 0.000547813 0.0005357
15 18 16 0.005 0.793205 0.891874 199.395 0.00038341 0.00038225
15 19 26 0.005 0.735991 0.970493 197.702 0.000615606 0.000608532
15 20 17 0.005 0.814276 1.08787 199.506 0.000375974 0.000375046
15 21 19 0.005 0.771528 1.13675 195.49 0.000417217 0.000407808
15 22 14 0.005 0.785981 1.13744 197.067 0.000306149 0.000301659
15 23 16 0.005 0.922379 1.24177 192.788 0.000324121 0.000312432
16 0 15 0.005 0.697575 0.0284612 201.133 0.000458923 0.000461523
16 1 21 0.005 0.677053 0.0919131 197.078 0.000646982 0.000637531
16 2 13 0.005 0.680445 0.152763 194.685 0.000397877 0.000387303
16 3 14 0.005 0.682698 0.158075 197.082 0.000427804 0.000421563
16 4 19 0.005 0.79451 0.223405 195.974 0.000546783 0.000535776
16 5 22 0.005 0.68516 0.207721 197.423 0.000667462 0.000658862
16 6 0 0 0 0 0 0 0
16 7 19 0.005 0.76393 0.384534 196.397 0.000538782 0.000529076
16 8 19 0.005 0.692044 0.403925 196.433 0.00055325 0.000543384
16 9 18 0.005 0.697992 0.413991 196.221 0.000521518 0.000511664
16 10 20 0.005 0.81211 0.456989 197.56 0.000545965 0.000539304
16 11 32 0.005 0.735356 0.53698 196.201 0.00088287 0.0008661
16 12 16 0.005 0.713799 0.531524 199.884 0.000445977 0.000445719
16 13 16 0.005 0.796994 0.629886 196.872 0.000418821 0.00041227
16 14 19 0.005 0.75089 0.656868 196.275 0.000501896 0.000492549
16 15 13 0.005 0.721706 0.621653 199.003 0.000351235 0.000349485
16 16 24 0.005 0.79913 0.847157 202.272 0.000583395 0.000590021
16 17 19 0.005 0.810711 0.915988 194.399 0.000448716 0.000436149
16 18 15 0.005 0.849508 0.890681 197.078 0.000352931 0.000347775
16 19 13 0.005 0.819484 1.01214 197.666 0.000295426 0.000291979
16 20 24 0.005 0.866562 0.993744 196.73 0.000541157 0.00053231
16 21 0 0 0 0 0 0 0
16 22 15 0.005 0.796341 1.17416 193.194 0.000322455 0.000311482
16 23 13 0.005 0.771592 1.16612 196.962 0.000282173 0.000277887
17 0 16 0.005 0.831552 -0.0259616 199.945 0.00045895 0.000458825
17 1 21 0.005 0.752361 0.0599393 196.404 0.000625438 0.000614194
17 2 21 0.005 0.818674 0.112572 201.17 0.000604026 0.000607561
17 3 19 0.005 0.664394 0.114648 196.278 0.000587831 0.000576892
17 4 21 0.005 0.782325 0.216319 195.784 0.000608393 0.000595567
17 5 14 0.005 0.716231 0.128934 197.912 0.000422379 0.000417969
17 6 16 0.005 0.733326 0.307529 194.939 0.000467283 0.000455459
17 7 22 0.005 0.790178 0.327609 196.301 0.000623807 0.000612269
17 8 23 0.005 0.785162 0.386024 196.008 0.000645892 0.000632999
17 9 24 0.005 0.727871 0.38542 198.461 0.000691251 0.000685933
17 10 17 0.005 0.700293 0.434278 193.681 0.00048954 0.000474072
17 11 19 0.005 0.840517 0.624365 202.593 0.000489657 0.000496004
17 12 23 0.005 0.882301 0.601056 195.675 0.000586697 0.000574011
17 13 18 0.005 0.84332 0.64427 198.821 0.000460605 0.00045789
17 14 18 0.005 0.842428 0.740448 196.68 0.000446972 0.000439553
17 15 22 0.005 0.864706 0.745962 196.042 0.000540792 0.00053009
17 16 25 0.005 0.864947 0.78121 197.739 0.000607427 0.000600559
17 17 20 0.005 0.869445 0.857335 196.649 0.000472838 0.000464916
17 18 20 0.005 0.820714 0.888808 194.686 0.000475461 0.000462828
17 19 16 0.005 0.973766 1.1629 196.201 0.000328618 0.000322377
17 20 13 0.005 0.932805 1.07206 197.765 0.000279155 0.000276035
17 21 18 0.005 0.933853 1.15058 195.912 0.0003757 0.000368021
17 22 0 0 0 0 0 0 0
17 23 12 0.005 0.944453 1.232 195.225 0.000242483 0.000236694
18 0 15 0.005 0.851062 0.00558579 197.112 0.000426231 0.000420077
18 1 16 0.005 0.777479 0.0995825 196.198 0.000469873 0.00046094
18 2 14 0.005 0.730529 0.134559 196.478 0.000419352 0.000411967
18 3 26 0.005 0.834775 0.123952 196.482 0.000741412 0.000728369
18 4 20 0.005 0.804733 0.213372 198.781 0.000573523 0.000570029
18 5 22 0.005 0.916889 0.27065 196.692 0.000593368 0.000583555
18 6 21 0.005 0.930576 0.363315 197.503 0.000554358 0.000547437
18 7 27 0.005 0.878716 0.387979 197.798 0.000726569 0.000718568
18 8 15 0.005 0.798352 0.435071 196.588 0.000414122 0.000407058
18 9 25 0.005 0.936694 0.470352 200.234 0.000643928 0.000644682
18 10 16 0.005 0.795072 0.467091 194.351 0.000438897 0.0004265
18 11 0 0 0 0 0 0 0
18 12 18 0.005 0.864456 0.585675 198.348 0.000464551 0.000460713
18 13 19 0.005 0.908194 0.632295 196.44 0.000475326 0.000466865
18 14 24 0.005 0.837246 0.712063 195.468 0.000602664 0.000589009
18 15 20 0.005 0.862508 0.70882 193.295 0.000497917 0.000481225
18 16 11 0.005 0.786903 0.777864 195.008 0.000275209 0.00026834
18 17 18 0.005 0.990364 0.835476 195.082 0.000410359 0.000400268
18 18 16 0.005 0.956073 0.903787 197.638 0.00036127 0.000357004
18 19 19 0.005 1.02049 1.06152 198.58 0.0003983 0.000395473
18 20 17 0.005 1.03707 1.09489 195.968 0.000350554 0.000343487
18 21 13 0.005 1.02755 1.12946 198.612 0.000265758 0.000263913
18 22 14 0.005 0.981045 1.23829 197.018 0.000279396 0.00027523
18 23 10 0.005 1.10129 1.17371 194.593 0.000196921 0.000191598
19 0 21 0.005 0.904627 0.0438796 198.786 0.000580786 0.000577259
19 1 23 0.005 0.827294 0.0577999 194.918 0.000660599 0.000643814
19 2 20 0.005 0.88071 0.138735 197.746 0.000557026 0.000550747
19 3 17 0.005 0.805742 0.16032 198.533 0.000490136 0.000486541
19 4 18 0.005 0.912718 0.276514 199.028 0.000486045 0.000483683
19 5 24 0.005 0.800929 0.21538 197.58 0.000689297 0.000680957
19 6 17 0.005 0.953247 0.341044 196.961 0.000445762 0.000438988
19 7 16 0.005 0.98171 0.337734 197.229 0.000414173 0.000408435
19 8 22 0.005 0.856669 0.401726 198.072 0.000596284 0.000590535
19 9 18 0.005 0.921999 0.526663 192.825 0.000460477 0.000443956
19 10 25 0.005 0.948778 0.54508 199.616 0.000629305 0.000628097
19 11 19 0.005 0.95649 0.608127 197.656 0.000469035 0.000463538
19 12 19 0.005 0.910432 0.580345 195.189 0.000481749 0.000470161
19 13 26 0.005 0.908221 0.66326 199.953 0.000644652 0.000644501
19 14 21 0.005 0.974258 0.734251 197.419 0.000496744 0.000490333
19 15 21 0.005 0.938882 0.749384 199.918 0.000501321 0.000501117
19 16 13 0.005 0.972253 0.768653 193.365 0.000304597 0.000294492
19 17 13 0.005 0.975842 0.780097 194.427 0.000303123 0.000294677
19 18 20 0.005 0.981567 0.948853 196.934 0.000440985 0.000434226
19 19 19 0.005 1.03991 1.08053 196.115 0.000393322 0.000385681
19 20 12 0.005 1.04246 1.1059 198.676 0.000246121 0.000244492
19 21 11 0.005 1.12342 1.26351 194.322 0.000208952 0.00020302
19 22 12 0.005 1.13794 1.16319 195.258 0.000234436 0.000228877
19 23 0 0 0 0 0 0 0
20 0 25 0.005 0.964412 0.021443 197.206 0.000671374 0.000661994
20 1 22 0.005 0.962375 0.0882272 196.815 0.00059029 0.000580889
20 2 24 0.005 0.913852 0.113713 196.778 0.000658747 0.000648134
20 3 16 0.005 0.866344 0.0899689 197.492 0.00045019 0.000444545
20 4 14 0.005 0.986003 0.183295 193.689 0.00036885 0.000357211
20 5 20 0.005 0.896798 0.301198 197.362 0.000542119 0.000534967
20 6 37 0.005 0.912791 0.293554 196.615 0.000996526 0.000979661
20 7 25 0.005 0.967053 0.341694 198.248 0.000651212 0.000645506
20 8 15 0.005 0.93545 0.422363 195.361 0.000390583 0.000381524
20 9 19 0.005 1.04704 0.540348 198.797 0.000458751 0.000455991
20 10 16 0.005 1.00323 0.550094 196.435 0.000392886 0.000385883
20 11 25 0.005 1.03071 0.523049 196.857 0.000610344 0.000600753
20 12 19 0.005 0.934048 0.622745 194.87 0.000471563 0.000459469
20 13 17 0.005 1.07178 0.668253 199.693 0.000393752 0.000393147
20 14 22 0.005 0.963014 0.703701 198.256 0.000527409 0.000522809
20 15 18 0.005 0.92513 0.68654 195.943 0.000440272 0.000431341
20 16 23 0.005 1.1569 0.843848 197.813 0.000491369 0.000485996
20 17 19 0.005 1.04197 0.915334 196.484 0.000414633 0.000407344
20 18 19 0.005 1.15459 0.938511 196.682 0.000395461 0.000388901
20 19 18 0.005 1.16121 1.09703 200.968 0.000356376 0.000358101
20 20 20 0.005 1.12992 1.17673 196.066 0.000390007 0.000382336
20 21 16 0.005 1.20953 1.22142 195.694 0.000300207 0.000293744
20 22 0 0 0 0 0 0 0
20 23 0 0 0 0 0 0 0
21 0 18 0.005 1.04405 0.0291645 195.241 0.000464484 0.000453431
21 1 24 0.005 1.05786 0.0102052 197.551 0.000615168 0.000607636
21 2 28 0.005 0.958796 0.154897 198.099 0.000749472 0.000742347
21 3 23 0.005 1.0132 0.186128 197.486 0.000597766 0.000590253
21 4 23 0.005 0.959832 0.171205 200.994 0.000614484 0.000617539
21 5 28 0.005 1.11864 0.256811 200.622 0.000686328 0.000688461
21 6 27 0.005 1.07808 0.378899 197.803 0.000663462 0.000656173
21 7 21 0.005 0.965367 0.399565 195.501 0.00054181 0.000529621
21 8 25 0.005 1.04557 0.453951 195.153 0.000615188 0.000600278
21 9 20 0.005 0.99006 0.468371 195.062 0.000503181 0.000490757
21 10 22 0.005 1.0734 0.461148 199.194 0.000533809 0.000531657
21 11 18 0.005 1.0435 0.570431 194.754 0.000432259 0.000420922
21 12 17 0.005 1.08737 0.583107 199.107 0.0003994 0.000397616
21 13 19 0.005 1.20387 0.738951 199.463 0.000409633 0.000408533
21 14 18 0.005 1.16984 0.822036 194.897 0.000384943 0.000375121
21 15 18 0.005 1.0767 0.820303 195.237 0.000399096 0.000389591
21 16 24 0.005 1.16212 0.860641 197.487 0.000509343 0.000502944
21 17 16 0.005 1.21633 0.967467 195.491 0.000323043 0.00031576
21 18 15 0.005 1.26219 0.98314 195.805 0.000296655 0.000290432
21 19 15 0.005 1.29687 1.06992 197.472 0.000286121 0.000282504
21 20 13 0.005 1.17646 1.11372 196.222 0.000254793 0.00024998
21 21 12 0.005 1.45161 1.36873 193.677 0.000200634 0.000194292
21 22 0 0 0 0 0 0 0
21 23 0 0 0 0 0 0 0
22 0 25 0.005 1.12084 0.0165542 199.51 0.000620987 0.000619467
22 1 27 0.005 1.12374 0.0868728 196.802 0.000668628 0.000657938
22 2 22 0.005 1.07681 0.165746 198.565 0.000555092 0.00055111
22 3 31 0.005 1.10722 0.193629 197.906 0.000768854 0.000760805
22 4 29 0.005 1.07323 0.225179 196.449 0.000729125 0.000716179
22 5 21 0.005 1.05797 0.309861 195.773 0.000526462 0.000515334
22 6 25 0.005 1.08013 0.267893 200.885 0.000623493 0.000626254
22 7 15 0.005 1.28948 0.401367 197.394 0.00033307 0.000328731
22 8 0 0 0 0 0 0 0
22 9 19 0.005 1.20929 0.478503 195.602 0.000432149 0.000422645
22 10 22 0.005 1.11342 0.501232 197.617 0.000520123 0.000513926
22 11 16 0.005 1.14153 0.61532 201.213 0.000364568 0.00036678
22 12 15 0.005 1.26415 0.646031 199.248 0.000322316 0.000321104
22 13 12 0.005 1.24605 0.756902 194.165 0.000253271 0.000245881
22 14 15 0.005 1.10351 0.729193 193.986 0.000337547 0.000327397
22 15 24 0.005 1.17334 0.853969 196.56 0.000508131 0.000499391
22 16 21 0.005 1.21623 0.932141 196.665 0.000428239 0.000421099
22 17 16 0.005 1.29603 1.01254 199.195 0.000310167 0.000308918
22 18 16 0.005 1.24072 1.00435 197.822 0.000316947 0.000313496
22 19 15 0.005 1.22236 1.09166 196.42 0.000291532 0.000286313
22 20 11 0.005 1.10153 1.01218 192.945 0.000228101 0.000220054
22 21 11 0.005 1.52612 1.31925 193.814 0.000182296 0.000176658
22 22 0 0 0 0 0 0 0
22 23 0 0 0 0 0 0 0
23 0 31 0.005 1.20453 0.0521254 195.049 0.000738454 0.000720172
23 1 24 0.005 1.12251 0.0216287 198.573 0.000595627 0.000591379
23 2 26 0.005 1.10772 0.0890271 195.411 0.000648939 0.000634048
23 3 25 0.005 1.19338 0.204253 197.492 0.000594044 0.000586596
23 4 22 0.005 1.12545 0.227238 194.778 0.000539144 0.000525068
23 5 16 0.005 1.19683 0.273267 198.911 0.000377052 0.000374998
23 6 10 0.005 1.21506 0.393531 196.909 0.00023003 0.000226475
23 7 18 0.005 1.23922 0.351092 197.334 0.000411893 0.000406401
23 8 21 0.005 1.16183 0.397249 196.019 0.000494825 0.000484974
23 9 23 0.005 1.24274 0.432618 198.973 0.000519263 0.000516597
23 10 24 0.005 1.14541 0.542631 196.07 0.000554696 0.000543796
23 11 19 0.005 1.25723 0.589613 198.474 0.000414298 0.000411138
23 12 18 0.005 1.378 0.704744 198.205 0.000364488 0.000361217
23 13 22 0.005 1.23898 0.709986 195.3 0.000470881 0.000459815
23 14 16 0.005 1.2546 0.736088 194.53 0.000338218 0.000328968
23 15 12 0.005 1.34657 0.824919 195.217 0.000239553 0.000233823
23 16 13 0.005 1.30233 0.877672 193.711 0.000260538 0.000252345
23 17 14 0.005 1.36234 0.95771 193.525 0.00026893 0.000260224
23 18 20 0.005 1.33433 0.999218 195.764 0.000383896 0.000375765
23 19 12 0.005 1.50368 1.19383 195.018 0.000206839 0.000201687
23 20 0 0 0 0 0 0 0
23 21 0 0 0 0 0 0 0
23 22 10 0.005 1.64351 1.44944 195.105 0.000154909 0.000151118
23 23 0 0 0 0 0 0 0
