#  ix    iy     NK     E/N         TK    Uxpi    UyK      muK      rho      epsilon
0 0 66 0.720283 0.0587528 -0.0369295 -8.91499 0.00238557 0.00127242
0 1 78 0.728144 0.0468311 0.0630036 -8.78324 0.00281742 0.00151916
0 2 59 0.727531 0.0600207 0.0713291 -9.06099 0.00212845 0.0011467
0 3 95 0.0317343 -0.0145453 0.151738 12.4928 0.00340272 0.00185403
0 4 77 0.716553 0.020772 0.138377 -8.75154 0.00276294 0.00146607
0 5 76 0.725109 0.0171399 0.200843 -8.81274 0.00269933 0.00144942
0 6 66 0.0342624 -0.0118541 0.233878 10.8416 0.00232831 0.00127879
0 7 84 0.723188 0.0142773 0.259092 -8.71685 0.00294592 0.00157763
0 8 71 0.726605 -0.00571056 0.385496 -8.93674 0.00240025 0.00129149
0 9 76 0.728395 0.0368793 0.38544 -8.8771 0.00256785 0.00138507
0 10 77 0.034578 0.0134967 0.441879 10.7868 0.00255163 0.00140284
0 11 85 0.0326607 0.0524013 0.501223 11.7922 0.00275021 0.00150289
0 12 73 0.732945 0.00646278 0.500565 -8.97919 0.00236512 0.00128369
0 13 80 0.73138 0.0488761 0.507897 -8.88469 0.00258188 0.00139834
0 14 95 0.0316491 0.00467622 0.592658 12.4 0.00296104 0.00161294
0 15 87 0.719715 -0.00503409 0.644676 -8.8076 0.00264932 0.00141198
0 16 90 0.730497 0.0384701 0.74192 -8.86711 0.00261757 0.00141596
0 17 79 0.0318796 0.0200177 0.806133 11.9911 0.00222814 0.0012146
0 18 81 0.0356579 0.0171124 0.884142 10.1555 0.00219848 0.00121281
0 19 83 0.031957 0.00631269 0.834702 11.9852 0.00230865 0.00125879
0 20 103 0.730357 -0.00837024 0.988647 -8.85275 0.00265381 0.00143529
0 21 97 0.732152 0.0451306 1.00862 -8.93106 0.00247319 0.00134089
0 22 106 0.7293 0.000732945 1.04642 -8.84827 0.00265342 0.001433
0 23 103 0.731006 0.00273819 1.20014 -8.96073 0.00238893 0.00129318
1 0 89 0.728446 0.00930259 0.0349673 -8.65022 0.00322253 0.00173832
1 1 84 0.725057 0.0704912 0.0589942 -8.69672 0.0030307 0.00162723
1 2 75 0.729548 0.0498985 0.101626 -8.83191 0.00270014 0.00145873
1 3 65 0.725271 0.0214655 0.124441 -8.95779 0.00233652 0.00125488
1 4 82 0.722067 0.0615256 0.190052 -8.72298 0.00291345 0.00155783
1 5 75 0.733003 0.0613614 0.215338 -8.86506 0.00265173 0.00143936
1 6 81 0.0351569 0.0626163 0.298325 10.6202 0.00280726 0.0015462
1 7 65 0.0309589 0.0309602 0.304966 12.5094 0.00225166 0.00122386
1 8 82 0.730634 0.0654921 0.35055 -8.80091 0.0027984 0.00151406
1 9 106 0.726608 0.0495054 0.387646 -8.53777 0.00357713 0.00192473
1 10 89 0.733206 0.0538449 0.462954 -8.76862 0.00292277 0.00158692
1 11 81 0.0311276 0.0633773 0.487033 12.5712 0.00263422 0.00143255
1 12 82 0.732037 0.0573443 0.517061 -8.86693 0.00263568 0.00142876
1 13 68 0.728376 0.062103 0.542444 -9.04884 0.00216245 0.00116637
1 14 86 0.72099 0.0424104 0.584453 -8.79862 0.00268837 0.00143533
1 15 101 0.0306724 0.034396 0.651393 12.9817 0.00306499 0.00166443
1 16 95 0.727404 0.0425729 0.738412 -8.79794 0.00276733 0.00149063
1 17 83 0.0329871 0.0828755 0.782181 11.4751 0.00236368 0.00129299
1 18 80 0.0312773 0.0687634 0.785866 12.3412 0.00227569 0.00123816
1 19 95 0.72749 0.0821812 0.889852 -8.87364 0.00256654 0.00138264
1 20 100 0.0323065 0.0508402 0.964494 11.9217 0.00260612 0.00142255
1 21 99 0.0308757 0.0785377 1.00858 12.67 0.00252165 0.00137025
1 22 88 0.0322653 0.0856069 1.11039 11.7417 0.00213021 0.00116263
1 23 100 0.0347276 0.0885354 1.13152 10.655 0.00239523 0.00131747
2 0 98 0.0317702 0.0693214 0.0205837 12.5134 0.00354148 0.00192985
2 1 77 0.0321232 0.0581267 0.0556778 12.083 0.00278086 0.00151706
2 2 80 0.725385 0.0895925 0.0950152 -8.7512 0.00287415 0.00154387
2 3 80 0.725156 0.130171 0.161214 -8.76276 0.00283826 0.00152412
2 4 79 0.733091 0.0443052 0.156805 -8.80213 0.00282506 0.00153363
2 5 93 0.726835 0.108371 0.262245 -8.63726 0.00324159 0.00174473
2 6 78 0.729692 0.100081 0.287412 -8.83124 0.00270365 0.00146091
2 7 75 0.72521 0.0781368 0.325457 -8.85961 0.00257688 0.00138386
2 8 85 0.732258 0.101366 0.369307 -8.78062 0.00287602 0.00155952
2 9 75 0.726037 0.0948048 0.32613 -8.86473 0.00257304 0.00138337
2 10 74 0.729154 0.130863 0.471682 -8.94463 0.00240813 0.00130027
2 11 84 0.728738 0.107122 0.461985 -8.8101 0.00274991 0.00148397
2 12 75 0.725695 0.0968509 0.473225 -8.9135 0.00244689 0.00131493
2 13 83 0.714291 0.112581 0.557006 -8.79663 0.00261457 0.00138296
2 14 80 0.723211 0.118258 0.582519 -8.88444 0.00249162 0.00133438
2 15 98 0.728159 0.143207 0.684147 -8.75089 0.00291027 0.00156926
2 16 85 0.0320998 0.116337 0.713028 11.9875 0.00249638 0.00136176
2 17 89 0.0319822 0.168838 0.789188 12.0552 0.00250937 0.00136834
2 18 97 0.724222 0.117152 0.807996 -8.80033 0.00272238 0.00146001
2 19 78 0.726076 0.0804377 0.85854 -9.04906 0.00214026 0.00115076
2 20 88 0.72449 0.108413 0.988383 -8.98722 0.00226097 0.001213
2 21 103 0.0327436 0.115843 1.01128 11.6996 0.00261534 0.00142956
2 22 102 0.72904 0.131181 1.04962 -8.89128 0.00253883 0.00137063
2 23 97 0.031726 0.106675 1.23482 12.0643 0.00220686 0.00120241
3 0 62 0.0345477 0.13221 0.051733 10.6633 0.00222407 0.00122264
3 1 93 0.728288 0.109624 0.018116 -8.61105 0.00334896 0.00180612
3 2 85 0.717311 0.173846 0.10168 -8.66626 0.00301909 0.00160368
3 3 76 0.725826 0.0919592 0.141835 -8.81006 0.00271511 0.00145933
3 4 83 0.722764 0.150475 0.149514 -8.71638 0.00294179 0.0015745
3 5 67 0.0309374 0.121039 0.222407 12.5658 0.00235327 0.001279
3 6 71 0.0313283 0.095764 0.283405 12.3926 0.00246455 0.00134113
3 7 85 0.726255 0.132015 0.30344 -8.7379 0.00292379 0.00157242
3 8 83 0.724728 0.136221 0.367173 -8.77438 0.00280017 0.00150277
3 9 101 0.0319574 0.15001 0.369663 12.3718 0.00339893 0.00185327
3 10 81 0.729826 0.127331 0.420948 -8.8382 0.00268646 0.00145189
3 11 82 0.0342574 0.152297 0.460025 10.9822 0.00267364 0.00146843
3 12 84 0.0336977 0.164297 0.553753 11.2339 0.00263543 0.00144489
3 13 88 0.732885 0.131008 0.572086 -8.82823 0.0027498 0.00149235
3 14 95 0.73053 0.133917 0.585666 -8.74753 0.0029505 0.00159613
3 15 81 0.72815 0.158099 0.695097 -8.9479 0.00238975 0.00128857
3 16 100 0.0329425 0.152542 0.743014 11.6975 0.00288672 0.00157888
3 17 97 0.0311997 0.101392 0.762742 12.5866 0.00278537 0.0015151
3 18 104 0.0344506 0.165472 0.838487 10.9612 0.00286448 0.0015742
3 19 95 0.730223 0.141556 0.916911 -8.90259 0.0025233 0.00136445
3 20 87 0.730806 0.163103 0.94885 -9.01057 0.0022708 0.00122889
3 21 87 0.0345627 0.143529 0.95035 10.678 0.00227266 0.0012494
3 22 92 0.0307139 0.180011 1.07145 12.652 0.0022574 0.00122603
3 23 94 0.0399677 0.201584 1.16275 8.47776 0.00220181 0.00123132
4 0 65 0.723299 0.138529 0.0261861 -8.95103 0.00233201 0.00124906
4 1 74 0.0314455 0.159283 0.0451332 12.3986 0.00264516 0.00143994
4 2 86 0.0314689 0.173124 0.124937 12.5272 0.00304727 0.00165897
4 3 77 0.729517 0.190229 0.136432 -8.82576 0.00271642 0.00146746
4 4 84 0.0306759 0.149054 0.174245 12.947 0.00296649 0.00161096
4 5 76 0.714917 0.193901 0.197382 -8.7845 0.00265391 0.001405
4 6 82 0.0331545 0.158625 0.269706 11.5733 0.00283545 0.00155189
4 7 74 0.0317911 0.170513 0.313055 12.164 0.00252549 0.0013763
4 8 88 0.0316929 0.20861 0.349963 12.3734 0.00295274 0.00160864
4 9 93 0.729246 0.199535 0.328474 -8.67799 0.00314527 0.0016985
4 10 75 0.72172 0.158737 0.447374 -8.89272 0.00245484 0.00131198
4 11 84 0.728372 0.148373 0.455721 -8.81045 0.00274455 0.00148033
4 12 82 0.733004 0.192224 0.53055 -8.8896 0.00258747 0.00140448
4 13 99 0.730159 0.219728 0.572279 -8.71009 0.0030581 0.00165349
4 14 62 0.732283 0.149408 0.615394 -9.19643 0.00189783 0.00102913
4 15 103 0.0310408 0.171802 0.658064 12.7782 0.00308582 0.00167769
4 16 90 0.0327707 0.185182 0.70534 11.6931 0.00263471 0.00144027
4 17 97 0.0307727 0.154191 0.77494 12.8183 0.00275758 0.00149797
4 18 98 0.731641 0.205617 0.843234 -8.84795 0.00268155 0.00145284
4 19 81 0.72711 0.154645 0.837888 -9.01079 0.00223388 0.0012028
4 20 76 0.0315649 0.175625 1.02772 12.0054 0.00190607 0.001038
4 21 92 0.731864 0.215326 1.10142 -9.03891 0.00221755 0.00120182
4 22 81 0.0316535 0.194372 1.09401 11.9867 0.00196324 0.00106943
4 23 110 0.732808 0.249175 1.17579 -8.9037 0.00254908 0.00138327
5 0 69 0.724631 0.200007 0.00440878 -8.90697 0.00245143 0.00131544
5 1 85 0.0330993 0.187239 0.0526158 11.6649 0.00302306 0.00165428
5 2 73 0.726942 0.176777 0.0765723 -8.85937 0.00259717 0.00139809
5 3 86 0.722121 0.254651 0.144514 -8.69716 0.00299039 0.00159909
5 4 73 0.0312752 0.236242 0.167765 12.4524 0.00254043 0.0013822
5 5 94 0.727943 0.223776 0.177849 -8.63198 0.00327464 0.00176521
5 6 88 0.732307 0.266058 0.269867 -8.74482 0.00298149 0.00161682
5 7 81 0.724593 0.234799 0.297171 -8.79386 0.00274454 0.00147264
5 8 97 0.731099 0.160409 0.375202 -8.6521 0.00325401 0.00176169
5 9 75 0.0312554 0.183537 0.413543 12.4377 0.00247578 0.00134693
5 10 76 0.032817 0.25959 0.456852 11.5919 0.0024376 0.00133271
5 11 93 0.0329963 0.20318 0.473664 11.7073 0.00299515 0.00163847
5 12 79 0.727884 0.199649 0.502379 -8.89448 0.00251794 0.00135719
5 13 77 0.0348399 0.192709 0.549493 10.6105 0.0024109 0.00132656
5 14 72 0.724827 0.238732 0.58098 -9.01193 0.00220907 0.00118571
5 15 80 0.731504 0.191385 0.694567 -8.97858 0.00235177 0.00127393
5 16 101 0.0319868 0.208318 0.710379 12.2115 0.00294118 0.00160383
5 17 76 0.732523 0.240082 0.79577 -9.0879 0.00211761 0.00114869
5 18 95 0.728611 0.227289 0.836119 -8.86507 0.00260137 0.00140356
5 19 95 0.031272 0.286051 0.924299 12.4276 0.00247369 0.00134587
5 20 90 0.732456 0.224622 0.97698 -9.00371 0.00230294 0.0012491
5 21 102 0.0313456 0.296247 1.04645 12.3979 0.00250139 0.00136125
5 22 120 0.729614 0.28408 1.11454 -8.77723 0.00285271 0.00154129
5 23 96 0.728853 0.243934 1.19776 -9.03261 0.00220243 0.00118871
6 0 65 0.723992 0.228201 0.0126155 -8.96971 0.00229587 0.00123088
6 1 70 0.733112 0.242245 0.0865764 -8.94211 0.00245626 0.00133346
6 2 93 0.725554 0.273246 0.0684623 -8.63109 0.00324334 0.0017426
6 3 95 0.730307 0.248292 0.144461 -8.63211 0.00330824 0.00178911
6 4 80 0.733008 0.249113 0.17137 -8.81983 0.0027745 0.00150601
6 5 68 0.724292 0.239588 0.235825 -8.95398 0.00233533 0.00125255
6 6 102 0.732818 0.230744 0.231041 -8.58297 0.00351311 0.00190643
6 7 73 0.726895 0.212948 0.270126 -8.89686 0.0025011 0.00134629
6 8 74 0.716108 0.217825 0.319429 -8.84926 0.00250076 0.00132612
6 9 81 0.725488 0.259533 0.424878 -8.8415 0.00262718 0.00141141
6 10 79 0.732521 0.248624 0.382971 -8.88123 0.00260374 0.00141238
6 11 76 0.0335178 0.280959 0.507714 11.2199 0.00238169 0.00130503
6 12 90 0.0337259 0.288225 0.585154 11.2559 0.0027312 0.00149752
6 13 90 0.730832 0.278408 0.554647 -8.81173 0.00277068 0.00149947
6 14 89 0.731319 0.285914 0.589084 -8.84052 0.00269774 0.00146097
6 15 96 0.73033 0.252668 0.670212 -8.78915 0.00282774 0.0015293
6 16 100 0.034438 0.315192 0.75368 10.9464 0.00280591 0.00154195
6 17 92 0.0311263 0.251134 0.77815 12.5513 0.0025805 0.00140334
6 18 79 0.728495 0.243999 0.871547 -9.06815 0.0021222 0.00114485
6 19 105 0.0309265 0.274446 0.852576 12.7578 0.00283386 0.00154015
6 20 99 0.0321546 0.332753 1.02035 11.9378 0.00244524 0.0013341
6 21 89 0.0386854 0.334471 0.996897 8.9498 0.00222221 0.00123769
6 22 90 0.728445 0.316132 1.11436 -9.06384 0.0021309 0.00114946
6 23 103 0.73325 0.335298 1.22523 -9.0048 0.00230838 0.00125341
7 0 68 0.731896 0.292399 0.0342965 -8.97532 0.00236347 0.00128095
7 1 95 0.732176 0.284026 0.0926447 -8.64336 0.003298 0.00178813
7 2 81 0.0318198 0.3348 0.14409 12.2364 0.00275733 0.00150278
7 3 78 0.723298 0.301485 0.152764 -8.81295 0.00267731 0.001434
7 4 71 0.724903 0.266281 0.162755 -8.90644 0.00245566 0.0013182
7 5 91 0.733089 0.253231 0.242169 -8.7055 0.00311162 0.00168918
7 6 93 0.723483 0.312597 0.260121 -8.66031 0.00312133 0.00167225
7 7 88 0.727838 0.29845 0.271636 -8.73365 0.00295672 0.0015936
7 8 83 0.728343 0.318492 0.339631 -8.81702 0.00272623 0.00147039
7 9 80 0.031597 0.258143 0.369122 12.3147 0.00264282 0.00143936
7 10 83 0.0363288 0.332098 0.471395 10.0392 0.00260516 0.00144021
7 11 68 0.0307887 0.285161 0.517805 12.5466 0.00212091 0.00115217
7 12 107 0.732242 0.32324 0.518083 -8.64041 0.00330869 0.00179409
7 13 96 0.0311591 0.327746 0.575169 12.6498 0.00290033 0.00157743
7 14 95 0.0343913 0.33668 0.657545 10.9546 0.00276853 0.00152119
7 15 79 0.732004 0.355184 0.656163 -9.00558 0.00229411 0.00124355
7 16 87 0.030719 0.293948 0.726767 12.7434 0.00248072 0.00134734
7 17 94 0.0325682 0.334302 0.754933 11.7937 0.00262632 0.00143476
7 18 100 0.727628 0.321469 0.823795 -8.81832 0.00271419 0.00146246
7 19 106 0.0339918 0.331358 0.989578 11.1012 0.00265718 0.00145816
7 20 89 0.73183 0.310792 0.976062 -9.02309 0.00225258 0.00122074
7 21 106 0.0331521 0.354409 1.01968 11.4917 0.00260995 0.00142845
7 22 83 0.729222 0.356217 1.05636 -9.12662 0.00200805 0.00108435
7 23 101 0.0309058 0.381631 1.20069 12.5499 0.00227504 0.00123636
8 0 71 0.730679 0.388771 -0.0251749 -8.95594 0.00239698 0.00129696
8 1 76 0.728808 0.347799 0.0832124 -8.86923 0.00259281 0.00139933
8 2 72 0.726266 0.363131 0.0794629 -8.91669 0.00244522 0.00131507
8 3 75 0.034049 0.313587 0.102621 11.0449 0.00258055 0.00141637
8 4 79 0.725283 0.288682 0.164343 -8.80721 0.00271637 0.00145892
8 5 89 0.730589 0.360115 0.212744 -8.73955 0.0029749 0.00160946
8 6 75 0.730389 0.313202 0.287079 -8.91218 0.00250102 0.00135271
8 7 88 0.0309101 0.328311 0.319265 12.7898 0.00289889 0.00157541
8 8 81 0.031626 0.332413 0.318889 12.3075 0.00266557 0.00145189
8 9 79 0.0307427 0.363899 0.400875 12.7443 0.00251709 0.00136719
8 10 76 0.721425 0.353203 0.398456 -8.90137 0.00243054 0.00129846
8 11 89 0.729017 0.358297 0.469186 -8.80157 0.00277686 0.00149908
8 12 84 0.724973 0.379903 0.499543 -8.85818 0.00257786 0.00138393
8 13 72 0.0332148 0.324452 0.609979 11.2649 0.00214626 0.0011749
8 14 96 0.732308 0.348006 0.633345 -8.80081 0.00281917 0.0015288
8 15 93 0.0342931 0.377744 0.714256 10.9456 0.00262094 0.00143964
8 16 93 0.0315095 0.356551 0.718345 12.3572 0.00262867 0.00143126
8 17 96 0.0335126 0.384156 0.835105 11.2949 0.00256075 0.00140312
8 18 102 0.0316643 0.409774 0.86815 12.2868 0.002666 0.00145229
8 19 109 0.0326908 0.377452 0.867605 11.819 0.00286873 0.0015678
8 20 102 0.0339644 0.46132 1.03021 11.0334 0.00245065 0.00134471
8 21 112 0.0311038 0.387223 1.0436 12.6136 0.00271193 0.0014747
8 22 95 0.032188 0.457289 1.12695 11.8082 0.00218607 0.00119282
8 23 94 0.0326035 0.420574 1.16446 11.5707 0.00214 0.00116922
9 0 77 0.730358 0.386199 -0.00638173 -8.87229 0.00260247 0.00140752
9 1 96 0.0325789 0.341481 0.0424482 12.0131 0.00328898 0.00179684
9 2 80 0.72737 0.405161 0.102928 -8.83199 0.00267429 0.00144045
9 3 75 0.03122 0.330798 0.151039 12.4884 0.00255378 0.00138921
9 4 84 0.733168 0.38716 0.139312 -8.80619 0.00281454 0.00152808
9 5 84 0.0335396 0.375614 0.243732 11.3631 0.00277773 0.00152214
9 6 76 0.725686 0.367971 0.243841 -8.88438 0.0025191 0.00135372
9 7 78 0.726336 0.372703 0.279888 -8.87054 0.00256151 0.00137774
9 8 90 0.0311474 0.364278 0.322724 12.6672 0.00293207 0.00159464
9 9 92 0.729826 0.417734 0.411138 -8.77011 0.00287577 0.0015542
9 10 94 0.037804 0.404351 0.469197 9.54965 0.00289539 0.00160814
9 11 86 0.0311836 0.407305 0.454496 12.5495 0.00265974 0.00144669
9 12 76 0.726219 0.379249 0.525663 -8.97308 0.00231067 0.00124262
9 13 83 0.730928 0.439315 0.588957 -8.94606 0.00242341 0.0013117
9 14 90 0.0377627 0.374628 0.65285 9.46012 0.00260531 0.00144684
9 15 103 0.731973 0.468436 0.683158 -8.7801 0.00287397 0.0015578
9 16 102 0.0310011 0.450155 0.789094 12.6802 0.00273541 0.00148699
9 17 92 0.0316678 0.42791 0.804825 12.2059 0.0024635 0.001342
9 18 102 0.0313473 0.426725 0.89252 12.446 0.00262726 0.00142976
9 19 84 0.728751 0.440047 0.836055 -9.02771 0.00221227 0.00119385
9 20 99 0.0362487 0.431588 0.980117 10.0106 0.00244805 0.00135301
9 21 102 0.0328241 0.482926 1.05801 11.5766 0.00240945 0.00131735
9 22 99 0.0318481 0.465941 1.1487 12.0188 0.00225216 0.00122757
9 23 115 0.0349096 0.494186 1.25775 10.6066 0.00247851 0.00136406
10 0 81 0.0348581 0.418523 -0.00157383 10.7181 0.00270724 0.0014897
10 1 73 0.722902 0.428478 0.073343 -8.90991 0.00242565 0.0012985
10 2 69 0.725351 0.433279 0.100007 -8.98073 0.00228434 0.00122699
10 3 83 0.725479 0.412773 0.0757995 -8.78746 0.00277295 0.00148971
10 4 82 0.0321096 0.430196 0.195828 12.0555 0.00268607 0.00146528
10 5 74 0.725039 0.356997 0.196634 -8.89602 0.00248286 0.00133306
10 6 93 0.030692 0.447838 0.242154 12.9499 0.0030028 0.00163076
10 7 102 0.727689 0.420809 0.265443 -8.6205 0.00330875 0.00178297
10 8 88 0.72497 0.469851 0.342941 -8.79133 0.00275604 0.00147959
10 9 89 0.727507 0.45615 0.437952 -8.81365 0.00272544 0.00146828
10 10 96 0.0340669 0.416857 0.427363 11.1825 0.00298653 0.00163929
10 11 91 0.031374 0.388659 0.47382 12.4989 0.0028112 0.00152999
10 12 88 0.722539 0.430782 0.586735 -8.84747 0.00257781 0.00137926
10 13 119 0.730823 0.453678 0.601933 -8.59442 0.00344306 0.00186333
10 14 107 0.730582 0.4281 0.665196 -8.7177 0.00304052 0.00164494
10 15 105 0.731421 0.432922 0.71138 -8.76063 0.00292341 0.0015834
10 16 91 0.0311407 0.452524 0.765597 12.4969 0.00246374 0.0013399
10 17 99 0.0320408 0.478398 0.827088 12.0569 0.00259344 0.00141444
10 18 101 0.0345287 0.474703 0.88679 10.8206 0.00258004 0.00141823
10 19 96 0.725004 0.510991 0.945232 -8.94254 0.00236963 0.0012722
10 20 118 0.728593 0.534493 1.02242 -8.79132 0.00280026 0.00151084
10 21 94 0.0338243 0.551144 1.09521 10.9706 0.00215262 0.00118066
10 22 105 0.0330773 0.575811 1.14029 11.422 0.00234506 0.00128317
10 23 111 0.728135 0.477698 1.16897 -8.90405 0.00249673 0.00134623
11 0 85 0.0321452 0.490867 -0.0240767 12.0653 0.00276396 0.00150794
11 1 83 0.728158 0.518758 0.0404899 -8.83791 0.00266771 0.00143846
11 2 83 0.0324798 0.451047 0.123808 11.8758 0.002724 0.00148772
11 3 87 0.0310538 0.448682 0.173879 12.688 0.00284043 0.00154434
11 4 91 0.731152 0.435313 0.160821 -8.73669 0.00299075 0.00161928
11 5 73 0.0342908 0.482338 0.263506 10.8238 0.0023179 0.00127318
11 6 73 0.0327525 0.418286 0.275813 11.5943 0.00236472 0.0012926
11 7 80 0.0316393 0.513888 0.350718 12.2204 0.0024611 0.00134057
11 8 95 0.732087 0.481483 0.388441 -8.76225 0.00292717 0.00158688
11 9 94 0.032004 0.460891 0.407926 12.1884 0.00290044 0.0015817
11 10 92 0.0335679 0.498078 0.47171 11.3389 0.00274873 0.00150639
11 11 92 0.730469 0.4863 0.489488 -8.81996 0.00274361 0.00148409
11 12 96 0.0369434 0.505602 0.551078 9.8527 0.00278544 0.00154287
11 13 94 0.723393 0.523375 0.635085 -8.83128 0.00262978 0.00140873
11 14 117 0.732632 0.495761 0.686078 -8.66444 0.00323562 0.0017554
11 15 98 0.720629 0.500068 0.700493 -8.79597 0.00269121 0.00143613
11 16 92 0.732104 0.498763 0.753077 -8.93068 0.00247363 0.00134104
11 17 98 0.726664 0.565659 0.844576 -8.90025 0.00249011 0.00133994
11 18 101 0.729224 0.559329 0.835532 -8.8758 0.00258054 0.0013935
11 19 109 0.034823 0.566975 0.98066 10.6989 0.00261366 0.00143805
11 20 103 0.722948 0.537431 0.959479 -8.87567 0.00251066 0.00134409
11 21 96 0.0344719 0.551186 1.05308 10.7051 0.00223925 0.00123068
11 22 94 0.730374 0.608511 1.13728 -9.0932 0.00208678 0.00112864
11 23 97 0.035625 0.609468 1.27548 10.0899 0.00202967 0.00111957
12 0 84 0.722745 0.506368 -0.0212596 -8.79662 0.00271473 0.00145293
12 1 75 0.0311759 0.517719 0.0661274 12.4547 0.00240901 0.00131028
12 2 76 0.725881 0.479852 0.121869 -8.90583 0.00246775 0.00132648
12 3 68 0.727409 0.489304 0.180453 -9.03444 0.00218454 0.00117672
12 4 90 0.72035 0.462043 0.176495 -8.71215 0.00292289 0.00155916
12 5 81 0.0336524 0.511267 0.23512 11.2258 0.00255762 0.00140203
12 6 90 0.730876 0.501931 0.283042 -8.79238 0.00282536 0.00152916
12 7 92 0.0317949 0.510595 0.367191 12.2728 0.00282168 0.00153774
12 8 89 0.726786 0.540585 0.393205 -8.82698 0.00268084 0.00144282
12 9 80 0.733205 0.539603 0.448389 -8.97708 0.00237281 0.00128832
12 10 99 0.732371 0.521088 0.451558 -8.7547 0.00295302 0.00160152
12 11 90 0.72701 0.538732 0.50571 -8.84993 0.0026226 0.00141191
12 12 99 0.0383739 0.538077 0.592918 9.29777 0.00280002 0.00155798
12 13 94 0.731755 0.546629 0.629846 -8.87335 0.00261558 0.00141732
12 14 90 0.0339522 0.586725 0.675401 11.0308 0.00243023 0.00133345
12 15 109 0.0335443 0.584251 0.736354 11.3962 0.00287758 0.00157688
12 16 106 0.728515 0.603131 0.767681 -8.80978 0.00274811 0.00148254
12 17 103 0.726632 0.581833 0.833572 -8.85037 0.0026171 0.00140821
12 18 122 0.730855 0.575505 0.841427 -8.70099 0.00309542 0.00167527
12 19 97 0.728506 0.601619 0.948581 -8.97183 0.0023369 0.00126069
12 20 105 0.0316285 0.618663 1.01033 12.2233 0.0024539 0.0013366
12 21 97 0.0361397 0.653022 1.06373 9.94859 0.00219743 0.00121408
12 22 96 0.0333793 0.622478 1.13334 11.1751 0.00212788 0.00116545
12 23 112 0.0339796 0.705165 1.2792 10.9594 0.00229238 0.00125793
13 0 98 0.727378 0.583614 0.0346358 -8.69557 0.0030653 0.00165108
13 1 96 0.0315189 0.533404 0.0730203 12.5048 0.00306261 0.00166758
13 2 100 0.0321384 0.541875 0.0940073 12.2075 0.00317474 0.00173202
13 3 87 0.717554 0.516952 0.130335 -8.74928 0.00278157 0.00147801
13 4 89 0.72732 0.543565 0.180356 -8.78647 0.00279823 0.0015071
13 5 88 0.727764 0.56733 0.224325 -8.81608 0.00272187 0.00146687
13 6 92 0.031942 0.554193 0.322518 12.1884 0.00280603 0.00152992
13 7 105 0.731541 0.544902 0.310222 -8.66355 0.00322315 0.00174604
13 8 103 0.733273 0.590189 0.340755 -8.71527 0.00308385 0.00167453
13 9 98 0.732007 0.581464 0.44591 -8.78369 0.00286411 0.00155253
13 10 95 0.732219 0.556004 0.500281 -8.82296 0.00275634 0.00149454
13 11 97 0.0319658 0.582148 0.523275 12.1618 0.00276748 0.00150901
13 12 110 0.731113 0.565552 0.536693 -8.68684 0.00314308 0.00170167
13 13 106 0.0313491 0.585501 0.61135 12.5545 0.00293135 0.00159525
13 14 98 0.73022 0.629277 0.680498 -8.87103 0.00260417 0.00140818
13 15 114 0.0313271 0.587214 0.719364 12.5988 0.00302671 0.00164704
13 16 94 0.727398 0.613959 0.773534 -8.93068 0.00242327 0.00130529
13 17 119 0.733114 0.654303 0.828153 -8.75373 0.00296545 0.00160989
13 18 126 0.732612 0.659721 0.892055 -8.72133 0.00305641 0.00165814
13 19 137 0.0314154 0.601864 0.946651 12.6373 0.00330303 0.0017979
13 20 112 0.730521 0.699996 0.991963 -8.88169 0.00257995 0.00139565
13 21 116 0.728375 0.739757 1.15493 -8.91339 0.0024761 0.00133554
13 22 99 0.0310604 0.694684 1.16671 12.3951 0.00212705 0.0011565
13 23 110 0.0368874 0.730056 1.31163 9.64387 0.00220963 0.00122371
14 0 92 0.729498 0.628336 0.0240353 -8.7876 0.00282184 0.00152437
14 1 79 0.0307453 0.568389 0.0444976 12.7306 0.00248658 0.00135064
14 2 108 0.731239 0.611835 0.0938064 -8.63046 0.00332722 0.00180167
14 3 93 0.732309 0.625866 0.142743 -8.795 0.00283559 0.0015377
14 4 85 0.725005 0.601426 0.216855 -8.85179 0.00259474 0.00139306
14 5 96 0.719772 0.604211 0.240721 -8.71201 0.0029158 0.00155413
14 6 96 0.730608 0.575741 0.28461 -8.75598 0.00292665 0.0015834
14 7 102 0.730814 0.537303 0.308608 -8.68605 0.00314147 0.0017001
14 8 100 0.722463 0.613181 0.391793 -8.71918 0.00292966 0.00156735
14 9 91 0.731483 0.651597 0.410149 -8.87336 0.00261247 0.00141511
14 10 110 0.0330718 0.625827 0.483642 11.7121 0.00312594 0.00171043
14 11 105 0.728877 0.658047 0.514072 -8.75065 0.00292012 0.00157612
14 12 102 0.034945 0.634836 0.514097 10.7345 0.00286209 0.00157534
14 13 107 0.0319356 0.692326 0.64759 12.1944 0.00281351 0.00153396
14 14 103 0.031178 0.709657 0.693927 12.5484 0.00264869 0.00144066
14 15 98 0.0308498 0.675304 0.745043 12.6777 0.00250379 0.00136043
14 16 111 0.0315795 0.72302 0.806588 12.356 0.00272803 0.00148569
14 17 98 0.728992 0.670687 0.80005 -8.92419 0.00245615 0.0013259
14 18 110 0.73124 0.709495 0.84551 -8.84829 0.00267594 0.00144901
14 19 117 0.732362 0.728342 0.984475 -8.85121 0.00268124 0.0014541
14 20 104 0.0350506 0.748486 1.12706 10.4418 0.00223972 0.00123319
14 21 111 0.733102 0.785017 1.20286 -9.00871 0.00229791 0.00124747
14 22 112 0.730761 0.801431 1.23603 -9.0067 0.00227916 0.00123334
14 23 77 0.729902 0.823737 1.34461 -9.42522 0.00149412 0.000807579
15 0 99 0.0355553 0.695995 0.0609218 10.4909 0.0029404 0.00162158
15 1 105 0.727587 0.671671 0.0707536 -8.66838 0.00315266 0.00169862
15 2 95 0.722727 0.723195 0.147318 -8.77659 0.00276943 0.00148217
15 3 76 0.730536 0.620436 0.130908 -8.98559 0.00232551 0.00125804
15 4 95 0.732279 0.578995 0.178938 -8.75747 0.00294368 0.00159625
15 5 117 0.0351346 0.696155 0.293926 10.8164 0.00338209 0.00186268
15 6 110 0.0328013 0.680236 0.298244 11.8718 0.00319951 0.00174919
15 7 99 0.729921 0.66322 0.332333 -8.76876 0.00288083 0.00155714
15 8 109 0.0307051 0.630882 0.392423 12.9966 0.00317008 0.00172167
15 9 86 0.730813 0.628198 0.38549 -8.91114 0.00250826 0.00135742
15 10 110 0.0314671 0.679 0.468569 12.5371 0.00307434 0.00167369
15 11 102 0.73052 0.722461 0.523203 -8.81499 0.00275788 0.00149191
15 12 101 0.72703 0.729884 0.599578 -8.83575 0.00266027 0.00143223
15 13 109 0.725484 0.723536 0.585262 -8.74577 0.00289106 0.00155317
15 14 114 0.732766 0.751744 0.701358 -8.78149 0.00287989 0.0015627
15 15 101 0.0353285 0.738823 0.769409 10.4293 0.00250279 0.00137925
15 16 105 0.732234 0.793684 0.808693 -8.91373 0.00251733 0.00136497
15 17 96 0.0349556 0.778885 0.944178 10.467 0.00220067 0.00121133
15 18 107 0.0310638 0.789872 0.967937 12.5233 0.00242263 0.00131722
15 19 122 0.0322984 0.824326 1.05016 11.9427 0.00264999 0.00144647
15 20 96 0.0352204 0.825003 1.06395 10.2892 0.00207399 0.00114255
15 21 115 0.73055 0.857382 1.15533 -8.96329 0.00237809 0.00128651
15 22 103 0.0322982 0.840038 1.22516 11.7025 0.00208401 0.00113753
15 23 99 0.0311758 0.875302 1.32253 12.2243 0.00191315 0.00104058
16 0 119 0.727005 0.700627 0.0428781 -8.55306 0.00352898 0.00189986
16 1 95 0.724246 0.694836 0.0672379 -8.76437 0.00282236 0.00151368
16 2 96 0.727321 0.755068 0.0897755 -8.79707 0.00276874 0.00149122
16 3 98 0.731412 0.718656 0.166951 -8.78349 0.00285723 0.00154754
16 4 93 0.0312919 0.730754 0.196084 12.4993 0.00268711 0.00146208
16 5 115 0.0335978 0.698322 0.248985 11.5213 0.00334713 0.0018345
16 6 115 0.0336513 0.751218 0.278365 11.4665 0.00325182 0.00178256
16 7 95 0.0324585 0.715979 0.349764 11.875 0.00269191 0.00147009
16 8 102 0.0325806 0.751012 0.393257 11.858 0.002819 0.00154009
16 9 84 0.723398 0.724397 0.474077 -8.96487 0.00230098 0.00123261
16 10 78 0.724708 0.754387 0.506287 -9.06599 0.00209172 0.00112254
16 11 121 0.73279 0.764566 0.535972 -8.67483 0.00320438 0.00173883
16 12 118 0.728063 0.7899 0.56527 -8.69808 0.00306679 0.00165343
16 13 101 0.031197 0.815333 0.614534 12.504 0.00256059 0.00139282
16 14 120 0.032067 0.766392 0.69884 12.1945 0.00301777 0.00164601
16 15 129 0.0333375 0.790128 0.712919 11.6039 0.00320059 0.00175274
16 16 103 0.0328828 0.857844 0.848584 11.5352 0.0023813 0.0013022
16 17 107 0.0315522 0.820719 0.907933 12.2646 0.00245293 0.00133575
16 18 103 0.72531 0.837946 0.979261 -8.97908 0.00228769 0.00122872
16 19 100 0.0308048 0.907246 0.997766 12.5548 0.0021581 0.00117244
16 20 97 0.731114 0.894779 1.11666 -9.13232 0.0020132 0.00108995
16 21 98 0.731216 0.929719 1.17316 -9.15323 0.00197242 0.00106802
16 22 100 0.0336143 0.919224 1.21809 10.9912 0.00198588 0.00108848
16 23 116 0.0308505 0.983582 1.39684 12.5123 0.00212316 0.00115362
17 0 101 0.0344263 0.764812 0.0649838 10.9858 0.00290288 0.00159518
17 1 102 0.721275 0.728413 0.0388941 -8.69498 0.00298571 0.00159471
17 2 114 0.730539 0.753587 0.13287 -8.64162 0.00328024 0.00177453
17 3 102 0.732487 0.814436 0.172912 -8.79418 0.00284012 0.00154053
17 4 90 0.728192 0.796955 0.211927 -8.8967 0.00251578 0.0013566
17 5 100 0.73264 0.822198 0.265983 -8.83022 0.00274142 0.0014873
17 6 104 0.0318621 0.772675 0.280601 12.2678 0.00291084 0.00158666
17 7 96 0.721719 0.772972 0.326101 -8.81069 0.00266471 0.00142414
17 8 95 0.0308896 0.810892 0.419988 12.67 0.00254169 0.0013812
17 9 99 0.726884 0.787357 0.443437 -8.83471 0.00266134 0.00143252
17 10 97 0.731137 0.836427 0.506882 -8.91084 0.00251257 0.00136035
17 11 110 0.729996 0.773793 0.494624 -8.75031 0.00293544 0.00158682
17 12 114 0.0341623 0.868637 0.646267 11.0739 0.00280251 0.00153874
17 13 94 0.0359214 0.852602 0.697619 10.0823 0.00228912 0.00126387
17 14 104 0.730267 0.827787 0.723947 -8.89812 0.00253509 0.00137091
17 15 96 0.0371345 0.862158 0.792156 9.56604 0.00225898 0.00125202
17 16 102 0.0357641 0.936473 0.893808 10.1368 0.00225922 0.00124674
17 17 101 0.0341688 0.856937 0.90383 10.8693 0.00229106 0.00125795
17 18 134 0.0339157 0.892111 0.951547 11.2434 0.00295399 0.00162065
17 19 112 0.732558 0.896942 1.04214 -8.96838 0.00238681 0.00129477
17 20 108 0.0335336 1.01921 1.20553 11.0835 0.00209398 0.00114744
17 21 95 0.0347141 0.99038 1.22891 10.3987 0.00184219 0.00101324
17 22 90 0.0371066 1.02273 1.34415 9.26996 0.00166131 0.000920683
17 23 93 0.0320112 1.06099 1.36808 11.6416 0.00168534 0.000919091
18 0 109 0.0338093 0.850886 0.0628245 11.3112 0.00300436 0.00164773
18 1 117 0.730482 0.84789 0.0434831 -8.65633 0.00323155 0.00174805
18 2 106 0.0365351 0.829378 0.109858 10.0761 0.00294565 0.0016295
18 3 107 0.732537 0.807909 0.142478 -8.74055 0.00299726 0.00162588
18 4 93 0.729478 0.809307 0.237527 -8.87878 0.00257572 0.00139138
18 5 89 0.0382187 0.867967 0.23916 9.20098 0.00239648 0.00133279
18 6 106 0.731602 0.916129 0.351218 -8.8257 0.00274142 0.0014852
18 7 116 0.731413 0.889903 0.371385 -8.7263 0.00302543 0.00163864
18 8 101 0.0331479 0.847699 0.40663 11.515 0.00266611 0.00145917
18 9 99 0.0326683 0.9229 0.480874 11.687 0.00248532 0.00135817
18 10 114 0.0319235 0.850849 0.475004 12.2511 0.00295819 0.00161278
18 11 102 0.0323086 0.885799 0.594575 11.89 0.00252738 0.00137959
18 12 112 0.0309955 0.894791 0.590385 12.6952 0.00276802 0.00150469
18 13 115 0.0381758 0.919805 0.634417 9.36531 0.00277869 0.00154514
18 14 102 0.0354803 0.94206 0.764299 10.2998 0.00235071 0.00129606
18 15 118 0.0331404 0.906789 0.740059 11.5596 0.00277717 0.00151992
18 16 103 0.0341552 1.0031 0.856743 10.8596 0.00225442 0.00123778
18 17 86 0.0332828 1.03381 0.931584 11.0654 0.0018183 0.000995588
18 18 103 0.0348679 1.01881 1.0293 10.4694 0.00212044 0.00116685
18 19 101 0.0321617 1.03741 1.07677 11.7501 0.00203437 0.00110996
18 20 92 0.0351642 1.09619 1.19497 10.1442 0.00174965 0.000963705
18 21 110 0.733031 1.07447 1.23864 -9.11037 0.00207513 0.00112642
18 22 93 0.0348128 1.15685 1.36611 10.2395 0.00164329 0.000904118
18 23 89 0.0312305 1.08576 1.35981 12.0192 0.00160671 0.000874055
19 0 104 0.0330455 0.860157 0.0166363 11.6352 0.00285648 0.00156286
19 1 113 0.729558 0.911958 0.0788897 -8.71999 0.00302002 0.00163156
19 2 101 0.728974 0.900919 0.171091 -8.83053 0.00269708 0.00145593
19 3 102 0.0318699 0.898525 0.160667 12.1993 0.00272955 0.00148788
19 4 110 0.727984 0.914216 0.201409 -8.75037 0.00290955 0.00156849
19 5 103 0.727869 0.899322 0.237848 -8.81267 0.00273242 0.00147277
19 6 111 0.0309775 0.927511 0.297819 12.7453 0.00288079 0.0015659
19 7 122 0.731412 0.9307 0.360233 -8.69271 0.00312877 0.00169461
19 8 103 0.0373803 0.928928 0.366518 9.62397 0.00264066 0.0014647
19 9 120 0.73248 0.999627 0.455296 -8.76404 0.00292695 0.00158762
19 10 92 0.0358971 1.02585 0.529206 10.0451 0.00218261 0.00120496
19 11 92 0.038613 1.00505 0.611056 8.94799 0.00215908 0.00120226
19 12 118 0.0344815 1.02228 0.655588 10.8943 0.00271767 0.00149367
19 13 93 0.72802 1.04849 0.713881 -9.08321 0.00208613 0.00112465
19 14 117 0.0308564 0.983878 0.727065 12.7429 0.00268287 0.00145776
19 15 108 0.0348464 1.06671 0.849903 10.5664 0.00231375 0.00127313
19 16 115 0.729623 1.00329 0.87365 -8.90782 0.00250358 0.00135268
19 17 93 0.732873 1.05982 0.898875 -9.16263 0.00196812 0.00106811
19 18 129 0.0328801 1.08316 1.02967 11.6241 0.00259925 0.00142138
19 19 92 0.0342962 1.08463 1.07264 10.5836 0.00182748 0.00100382
19 20 100 0.724942 1.22701 1.26785 -9.22473 0.00178653 0.000959066
19 21 86 0.723465 1.09725 1.18637 -9.30402 0.00163964 0.000878417
19 22 100 0.723436 1.15612 1.29955 -9.20733 0.00180586 0.000967429
19 23 83 0.728278 1.15092 1.41102 -9.44975 0.0014476 0.000780693
20 0 109 0.0319252 1.00241 0.0209321 12.1912 0.00278889 0.00152049
20 1 103 0.729521 0.869042 0.0835177 -8.79146 0.00281125 0.0015187
20 2 105 0.0357747 0.981899 0.113011 10.3126 0.00270575 0.0014932
20 3 101 0.0324546 1.01584 0.176623 11.8219 0.0025477 0.00139132
20 4 131 0.730626 0.956005 0.223077 -8.60995 0.00338707 0.00183254
20 5 108 0.0327918 1.01289 0.260846 11.7084 0.00270413 0.00147832
20 6 110 0.035961 0.997297 0.331433 10.2479 0.00274735 0.00151705
20 7 106 0.0312097 0.944819 0.3476 12.5523 0.00270658 0.00147228
20 8 124 0.0330201 0.952219 0.395111 11.7387 0.0031281 0.00171133
20 9 121 0.725948 0.992071 0.45894 -8.72451 0.00295921 0.0015908
20 10 107 0.0321117 1.0232 0.512942 12.0027 0.00255073 0.00139147
20 11 108 0.0361334 1.01855 0.594186 10.0925 0.00253088 0.00139828
20 12 123 0.0327211 1.04879 0.653346 11.7806 0.00280355 0.00153233
20 13 102 0.0317515 1.05048 0.687653 12.0929 0.00230243 0.00125459
20 14 130 0.0345517 1.0914 0.771303 10.8996 0.00282188 0.00155129
20 15 107 0.0379034 1.09054 0.842753 9.27072 0.00227673 0.00126493
20 16 114 0.0334725 1.14316 0.937511 11.2133 0.00231414 0.00126784
20 17 100 0.0319248 1.15322 1.02666 11.8436 0.0019696 0.00107382
20 18 91 0.732043 1.16817 1.02746 -9.25792 0.00178279 0.000966431
20 19 92 0.730379 1.24713 1.15103 -9.30281 0.0016922 0.000915237
20 20 111 0.0307051 1.21575 1.18929 12.555 0.00203845 0.00110709
20 21 110 0.733099 1.27281 1.29812 -9.18793 0.00192083 0.00104276
20 22 86 0.724399 1.33225 1.40617 -9.44539 0.00142936 0.000766751
20 23 75 0.03149 1.36033 1.54526 11.5731 0.00118729 0.000646414
21 0 100 0.727141 1.02465 0.0397802 -8.8866 0.00252962 0.0013621
21 1 116 0.0353116 1.0232 0.0649315 10.5959 0.0029346 0.00161713
21 2 88 0.0309823 1.06166 0.135201 12.4623 0.0021768 0.00118326
21 3 115 0.0327672 1.07074 0.149115 11.7662 0.00282935 0.00154665
21 4 124 0.0327596 1.07933 0.228052 11.8344 0.00301741 0.00164941
21 5 116 0.722579 1.01909 0.242635 -8.72916 0.00290206 0.00155284
21 6 123 0.0335941 1.03766 0.344535 11.4162 0.00300771 0.00164845
21 7 136 0.0346246 1.0718 0.383114 11.008 0.00325228 0.0017883
21 8 101 0.0322333 1.09266 0.438834 11.8646 0.00236882 0.00129273
21 9 110 0.0316992 1.08597 0.447171 12.2365 0.00258381 0.00140767
21 10 108 0.0349269 1.13525 0.58539 10.5717 0.00241221 0.00132765
21 11 118 0.0337897 1.11947 0.599357 11.1932 0.00264514 0.00145063
21 12 92 0.728885 1.04689 0.630322 -9.07514 0.00211102 0.00113943
21 13 113 0.732303 1.09493 0.700846 -8.92244 0.00249626 0.00135367
21 14 125 0.0337562 1.13538 0.783833 11.2142 0.00265792 0.00145748
21 15 120 0.0332577 1.21943 0.817217 11.3751 0.00244783 0.00134017
21 16 106 0.731325 1.15253 0.918743 -9.06459 0.00215626 0.00116774
21 17 99 0.0344451 1.22318 0.972445 10.5707 0.00193345 0.00106252
21 18 110 0.0312959 1.22273 1.00242 12.2649 0.00213037 0.00115916
21 19 101 0.035611 1.31979 1.22738 9.96213 0.00177544 0.000979292
21 20 95 0.729872 1.2577 1.21768 -9.29172 0.00170729 0.00092276
21 21 82 0.729258 1.35851 1.3858 -9.51579 0.0013609 0.000734926
21 22 90 0.730709 1.42775 1.42094 -9.45873 0.00144998 0.000784588
21 23 67 0.727527 1.4726 1.55205 -9.78885 0.0010279 0.000553774
22 0 109 0.0348771 1.07862 0.016346 10.7013 0.00268485 0.00147747
22 1 124 0.03313 1.10523 0.0869286 11.645 0.00300919 0.00164684
22 2 120 0.0331428 1.11235 0.134775 11.6 0.00289502 0.00158443
22 3 106 0.0322414 1.0972 0.146721 11.9437 0.00257452 0.00140502
22 4 108 0.0352485 1.08433 0.270395 10.5064 0.00260935 0.00143761
22 5 118 0.0375445 1.15111 0.298936 9.60016 0.00275149 0.00152696
22 6 127 0.0366275 1.17193 0.338722 10.0281 0.00291713 0.0016142
22 7 130 0.0329526 1.17175 0.359669 11.7234 0.00297756 0.00162862
22 8 124 0.729193 1.07927 0.403095 -8.74355 0.00294501 0.00159024
22 9 119 0.0335331 1.22182 0.495733 11.3023 0.00260539 0.00142768
22 10 116 0.0361954 1.23706 0.569283 10.0491 0.00248766 0.00137467
22 11 126 0.0324561 1.16785 0.635584 11.8954 0.00274404 0.00149855
22 12 118 0.0317398 1.18968 0.672631 12.1914 0.00252464 0.00137562
22 13 92 0.0343642 1.21555 0.729613 10.602 0.00192133 0.0010556
22 14 119 0.034054 1.28985 0.807905 10.9563 0.00236757 0.00129949
22 15 104 0.0330591 1.32631 0.909883 11.2667 0.00198957 0.00108859
22 16 104 0.723445 1.28815 0.97351 -9.11328 0.00198403 0.00106289
22 17 98 0.726807 1.31149 0.955592 -9.1911 0.00186284 0.0010026
22 18 102 0.0311537 1.41821 1.08709 12.1784 0.00180478 0.000981566
22 19 87 0.0310771 1.44982 1.26663 12.0046 0.00145301 0.000790059
22 20 99 0.0356373 1.54097 1.40636 9.81517 0.00155043 0.000855251
22 21 67 0.724699 1.42271 1.30686 -9.69423 0.00111595 0.000598873
22 22 76 0.0357365 1.44318 1.40725 9.53562 0.00122376 0.000675264
22 23 59 0.72542 1.50873 1.58195 -9.92449 0.000889249 0.000477691
23 0 110 0.732362 1.14532 0.0413313 -8.8742 0.0026203 0.00142106
23 1 113 0.0339191 1.26384 0.113376 11.0885 0.00253418 0.00139035
23 2 119 0.0338519 1.17682 0.13851 11.2134 0.00278076 0.00152531
23 3 108 0.0331497 1.23663 0.172728 11.428 0.00244609 0.00133876
23 4 115 0.0369722 1.24207 0.249225 9.76504 0.00258165 0.00143012
23 5 123 0.0327501 1.24932 0.297808 11.742 0.00273789 0.00149657
23 6 118 0.728611 1.26801 0.363166 -8.87217 0.00258296 0.00139363
23 7 122 0.0331418 1.25577 0.377064 11.5235 0.00268062 0.00146708
23 8 123 0.0337588 1.23126 0.509422 11.2193 0.00267501 0.00146687
23 9 115 0.0311236 1.2903 0.529348 12.4919 0.00242795 0.00132036
23 10 120 0.0341209 1.27559 0.606501 10.9841 0.00251232 0.00137923
23 11 130 0.035715 1.37869 0.636844 10.2948 0.00259036 0.00142925
23 12 116 0.0314318 1.36158 0.710859 12.2633 0.00229313 0.00124826
23 13 91 0.0360236 1.39102 0.80535 9.76545 0.00174172 0.000961945
23 14 107 0.728666 1.29377 0.812578 -9.06844 0.00212317 0.00114564
23 15 117 0.730684 1.31804 0.886901 -9.01559 0.00225824 0.00122189
23 16 94 0.0390601 1.47863 1.04315 8.51225 0.00164731 0.000918584
23 17 97 0.0324665 1.42342 1.00269 11.4404 0.00175037 0.000955923
23 18 89 0.725945 1.40494 1.08423 -9.35008 0.00158303 0.000850993
23 19 77 0.725422 1.45081 1.2089 -9.54048 0.00130557 0.000701334
23 20 81 0.727499 1.53551 1.33578 -9.55834 0.00129421 0.000697224
23 21 60 0.719727 1.60955 1.44127 -9.87284 0.000913125 0.000486667
23 22 42 0.722343 1.59635 1.46962 -10.2446 0.000636933 0.000340699
23 23 53 0.72963 1.63377 1.63454 -10.0966 0.000762588 0.000412028
