#  ix    iy     NK     E/N         TK    Uxpi    UyK      muK      rho      epsilon
0 0 0 0 0 0 0 0 0
0 1 0 0 0 0 0 0 0
0 2 0 0 0 0 0 0 0
0 3 0 0 0 0 0 0 0
0 4 0 0 0 0 0 0 0
0 5 303 0.153064 0.0416906 0.393817 -0.3874 0.0306211 0.0241861
0 6 441 0.151175 0.0164406 0.465042 0.027058 0.0434599 0.034142
0 7 478 0.135624 0.0536245 0.52465 0.665138 0.045957 0.0345139
0 8 446 0.130782 0.0245528 0.657227 0.742379 0.0405035 0.0299884
0 9 391 0.115097 0.0305701 0.809164 1.29145 0.0330294 0.0233381
0 10 344 0.106267 0.0571356 1.04353 1.54958 0.0258504 0.017784
0 11 244 0.0958506 0.0979432 1.21836 1.81034 0.016794 0.0111912
0 12 209 0.0826669 0.124576 1.47905 2.61578 0.0126932 0.0081203
0 13 93 0.0715988 0.0907525 1.65839 2.90097 0.0052142 0.00322224
0 14 41 0.0544447 0.037013 1.97758 4.58887 0.00201075 0.00117718
0 15 11 0.0446128 0.307664 2.1838 5.51555 0.000493766 0.000280217
0 16 0 0 0 0 0 0 0
0 17 0 0 0 0 0 0 0
0 18 0 0 0 0 0 0 0
0 19 0 0 0 0 0 0 0
0 20 0 0 0 0 0 0 0
0 21 0 0 0 0 0 0 0
0 22 0 0 0 0 0 0 0
0 23 0 0 0 0 0 0 0
1 0 0 0 0 0 0 0 0
1 1 0 0 0 0 0 0 0
1 2 0 0 0 0 0 0 0
1 3 0 0 0 0 0 0 0
1 4 0 0 0 0 0 0 0
1 5 388 0.15682 0.104119 0.370556 -0.26062 0.039359 0.031422
1 6 463 0.149673 0.11358 0.44327 0.130741 0.0457625 0.0357965
1 7 470 0.13625 0.0991748 0.517523 0.623004 0.0451961 0.0340046
1 8 444 0.124874 0.100256 0.667385 0.995415 0.0400033 0.0291047
1 9 388 0.112987 0.126255 0.793041 1.40132 0.0328837 0.0230879
1 10 356 0.110133 0.130809 1.0247 1.36133 0.0269141 0.0187343
1 11 238 0.0923177 0.188709 1.22668 2.04083 0.0162309 0.0106989
1 12 185 0.0794592 0.15402 1.50708 2.79048 0.0110779 0.00701637
1 13 108 0.0663946 0.176882 1.6752 3.71098 0.00599248 0.0036431
1 14 49 0.0492739 0.186872 1.89276 5.917 0.0024786 0.00142754
1 15 10 0.0515712 0.0386136 2.24966 3.66906 0.000441456 0.000256109
1 16 0 0 0 0 0 0 0
1 17 0 0 0 0 0 0 0
1 18 0 0 0 0 0 0 0
1 19 0 0 0 0 0 0 0
1 20 0 0 0 0 0 0 0
1 21 0 0 0 0 0 0 0
1 22 0 0 0 0 0 0 0
1 23 0 0 0 0 0 0 0
2 0 0 0 0 0 0 0 0
2 1 0 0 0 0 0 0 0
2 2 0 0 0 0 0 0 0
2 3 0 0 0 0 0 0 0
2 4 15 0.13138 0.307013 0.307511 -2.58244 0.00149536 0.0011091
2 5 528 0.148063 0.202058 0.375809 0.330212 0.0527869 0.0411007
2 6 538 0.148543 0.196243 0.446578 0.30889 0.0525586 0.0409794
2 7 541 0.135341 0.203864 0.544709 0.777559 0.0508321 0.0381433
2 8 420 0.119577 0.257412 0.712913 1.15656 0.0363822 0.0260552
2 9 369 0.108188 0.249604 0.852455 1.58273 0.0299872 0.0207507
2 10 312 0.102245 0.255115 1.00734 1.70798 0.0235155 0.0159805
2 11 226 0.0902527 0.289126 1.23606 2.13815 0.0152013 0.00995644
2 12 169 0.0711535 0.357562 1.46885 3.61952 0.0101346 0.00625418
2 13 103 0.0701655 0.323846 1.60138 3.19102 0.00584464 0.00359561
2 14 34 0.0558535 0.379248 1.96574 4.12018 0.00165143 0.000971138
2 15 0 0 0 0 0 0 0
2 16 0 0 0 0 0 0 0
2 17 0 0 0 0 0 0 0
2 18 0 0 0 0 0 0 0
2 19 0 0 0 0 0 0 0
2 20 0 0 0 0 0 0 0
2 21 0 0 0 0 0 0 0
2 22 0 0 0 0 0 0 0
2 23 0 0 0 0 0 0 0
3 0 0 0 0 0 0 0 0
3 1 0 0 0 0 0 0 0
3 2 0 0 0 0 0 0 0
3 3 0 0 0 0 0 0 0
3 4 164 0.147886 0.223394 0.304578 -0.815785 0.0166761 0.0129777
3 5 553 0.152795 0.27413 0.354778 0.204566 0.0548483 0.0432888
3 6 524 0.135855 0.289566 0.443504 0.746685 0.0503322 0.0378252
3 7 476 0.133186 0.277912 0.564048 0.718081 0.0437998 0.0326593
3 8 433 0.118254 0.348243 0.759857 1.21601 0.0361117 0.0257591
3 9 384 0.116959 0.36576 0.87947 1.10466 0.0302232 0.0214751
3 10 288 0.0992019 0.354502 1.07772 1.78336 0.0206994 0.0139364
3 11 233 0.089718 0.436939 1.34571 2.1422 0.0146175 0.00955829
3 12 144 0.0673142 0.405934 1.4269 3.9641 0.00874868 0.00533414
3 13 77 0.0439445 0.458861 1.61668 7.86842 0.00427988 0.00242374
3 14 22 0.0341428 0.501138 2.02945 10.084 0.00103194 0.000566562
3 15 0 0 0 0 0 0 0
3 16 0 0 0 0 0 0 0
3 17 0 0 0 0 0 0 0
3 18 0 0 0 0 0 0 0
3 19 0 0 0 0 0 0 0
3 20 0 0 0 0 0 0 0
3 21 0 0 0 0 0 0 0
3 22 0 0 0 0 0 0 0
3 23 0 0 0 0 0 0 0
4 0 0 0 0 0 0 0 0
4 1 11 0.039434 -0.218136 -0.211882 8.01216 0.00114393 0.000638638
4 2 0 0 0 0 0 0 0
4 3 27 0.140101 0.113538 0.189473 -2.28783 0.00286571 0.00218046
4 4 441 0.150187 0.327335 0.281134 0.0738455 0.0440124 0.0344783
4 5 525 0.156587 0.341155 0.384039 0.00135769 0.0507598 0.0404969
4 6 518 0.137184 0.358432 0.448268 0.66272 0.0488327 0.0368413
4 7 460 0.120753 0.419673 0.5827 1.20817 0.0406133 0.0291878
4 8 395 0.111639 0.504994 0.742624 1.44716 0.031944 0.0223371
4 9 307 0.102275 0.473394 0.951375 1.67812 0.0228687 0.0155424
4 10 266 0.089699 0.521136 1.08808 2.37665 0.0184512 0.0120644
4 11 191 0.0852096 0.516367 1.26816 2.34794 0.0122444 0.00789534
4 12 128 0.0705673 0.604117 1.545 3.34723 0.00718278 0.00442441
4 13 59 0.0582983 0.499584 1.67298 4.3345 0.00318728 0.00188884
4 14 29 0.0416023 0.623615 2.30392 7.33458 0.00121807 0.000684711
4 15 0 0 0 0 0 0 0
4 16 0 0 0 0 0 0 0
4 17 0 0 0 0 0 0 0
4 18 0 0 0 0 0 0 0
4 19 0 0 0 0 0 0 0
4 20 0 0 0 0 0 0 0
4 21 0 0 0 0 0 0 0
4 22 0 0 0 0 0 0 0
4 23 0 0 0 0 0 0 0
5 0 11 0.0596833 -0.157473 -0.0491552 3.10419 0.00117971 0.000702181
5 1 0 0 0 0 0 0 0
5 2 17 0.122145 0.339149 -0.00571777 -2.00431 0.0017499 0.00126284
5 3 350 0.15246 0.442273 0.223853 -0.259773 0.0340856 0.0268762
5 4 569 0.154778 0.416504 0.27653 0.146772 0.0553196 0.0439084
5 5 546 0.138091 0.423177 0.367394 0.685005 0.0517723 0.0391626
5 6 458 0.131571 0.460301 0.509978 0.72139 0.0410327 0.030451
5 7 465 0.112155 0.532321 0.656025 1.60787 0.0386094 0.02704
5 8 376 0.108249 0.557825 0.764714 1.56884 0.0296815 0.020543
5 9 291 0.0997792 0.572603 0.980178 1.7541 0.0209083 0.014102
5 10 231 0.0899632 0.717263 1.17748 2.13081 0.014742 0.00964697
5 11 170 0.0688975 0.703868 1.34607 3.90506 0.0101607 0.00622596
5 12 98 0.0691481 0.719252 1.55559 3.23482 0.0053684 0.00329209
5 13 45 0.0523107 0.734371 1.85148 5.11355 0.00219465 0.0012762
5 14 15 0.0437632 0.901425 1.84659 6.13022 0.000713454 0.000403805
5 15 0 0 0 0 0 0 0
5 16 0 0 0 0 0 0 0
5 17 0 0 0 0 0 0 0
5 18 0 0 0 0 0 0 0
5 19 0 0 0 0 0 0 0
5 20 0 0 0 0 0 0 0
5 21 0 0 0 0 0 0 0
5 22 0 0 0 0 0 0 0
5 23 0 0 0 0 0 0 0
6 0 74 0.161865 0.397265 -0.00787256 -2.08155 0.00747501 0.00605336
6 1 213 0.158965 0.46821 0.0524913 -0.960391 0.020944 0.0168225
6 2 430 0.15548 0.465872 0.172229 -0.155211 0.04186 0.0332917
6 3 551 0.146863 0.492387 0.226333 0.370637 0.0526565 0.0408577
6 4 585 0.138491 0.519734 0.286529 0.723844 0.0546819 0.0414119
6 5 507 0.133397 0.522076 0.419656 0.75357 0.0457862 0.0341617
6 6 405 0.128345 0.657451 0.53814 0.661081 0.0335484 0.0246608
6 7 383 0.113768 0.628466 0.679401 1.2851 0.0305532 0.0215023
6 8 326 0.101309 0.74479 0.825807 1.77687 0.0236935 0.0160555
6 9 226 0.0847953 0.672134 0.94586 2.65471 0.0160368 0.0103275
6 10 195 0.0781906 0.827063 1.2194 2.99138 0.0119028 0.00750907
6 11 137 0.0719938 0.836178 1.37234 3.26494 0.00786754 0.00486796
6 12 60 0.0552757 0.944474 1.73962 4.80716 0.00294073 0.00172616
6 13 25 0.0502408 1.04269 1.95533 4.89531 0.00111774 0.000645727
6 14 0 0 0 0 0 0 0
6 15 0 0 0 0 0 0 0
6 16 0 0 0 0 0 0 0
6 17 0 0 0 0 0 0 0
6 18 0 0 0 0 0 0 0
6 19 0 0 0 0 0 0 0
6 20 0 0 0 0 0 0 0
6 21 0 0 0 0 0 0 0
6 22 0 0 0 0 0 0 0
6 23 0 0 0 0 0 0 0
7 0 571 0.151642 0.493799 0.0593147 0.256899 0.0555716 0.0437153
7 1 561 0.155486 0.538377 0.091702 0.0902639 0.0535173 0.0425636
7 2 552 0.136807 0.54079 0.136929 0.748343 0.0523982 0.0394876
7 3 554 0.135491 0.584143 0.235304 0.773833 0.0509551 0.0382524
7 4 474 0.133728 0.66694 0.397394 0.621902 0.0406968 0.0303939
7 5 427 0.123401 0.70837 0.433064 0.951258 0.0357094 0.025867
7 6 424 0.112861 0.739418 0.59175 1.42568 0.0334622 0.0234852
7 7 314 0.108099 0.815204 0.736596 1.32153 0.0229735 0.0158931
7 8 262 0.0896412 0.879936 0.915598 2.33519 0.0176188 0.0115181
7 9 190 0.0815222 0.889989 1.05351 2.67831 0.0121233 0.00772808
7 10 150 0.0689886 0.930521 1.20235 3.76752 0.00895964 0.00549161
7 11 76 0.0646511 0.917408 1.35679 3.62645 0.0043048 0.00260276
7 12 40 0.0657022 1.15533 1.75401 2.64229 0.00186905 0.0011338
7 13 15 0.0546632 1.13695 1.81483 3.47606 0.00068983 0.000404136
7 14 0 0 0 0 0 0 0
7 15 0 0 0 0 0 0 0
7 16 0 0 0 0 0 0 0
7 17 0 0 0 0 0 0 0
7 18 0 0 0 0 0 0 0
7 19 0 0 0 0 0 0 0
7 20 0 0 0 0 0 0 0
7 21 0 0 0 0 0 0 0
7 22 0 0 0 0 0 0 0
7 23 0 0 0 0 0 0 0
8 0 492 0.139582 0.712122 0.069094 0.452101 0.0434928 0.0330429
8 1 482 0.133473 0.72273 0.104799 0.67142 0.04231 0.031575
8 2 503 0.123879 0.745314 0.210586 1.11964 0.0432257 0.0313562
8 3 461 0.119102 0.797605 0.254226 1.235 0.0384225 0.0274773
8 4 399 0.119817 0.785282 0.38449 1.03634 0.0326493 0.0233987
8 5 393 0.111505 0.888041 0.453866 1.40012 0.0302465 0.0211415
8 6 315 0.101323 0.924468 0.633413 1.73731 0.0227965 0.0154483
8 7 276 0.085417 0.924473 0.712191 2.79597 0.0195206 0.0125953
8 8 198 0.0826665 1.01643 0.921147 2.61463 0.0126782 0.00811067
8 9 152 0.0821412 1.05066 1.10334 2.3287 0.00906579 0.00579021
8 10 94 0.0703822 1.08942 1.29342 3.04728 0.00520067 0.00320162
8 11 53 0.0485172 1.22064 1.4205 6.18957 0.00271335 0.001559
8 12 25 0.0389732 1.31992 1.80728 8.14802 0.00110859 0.000618008
8 13 0 0 0 0 0 0 0
8 14 0 0 0 0 0 0 0
8 15 0 0 0 0 0 0 0
8 16 0 0 0 0 0 0 0
8 17 0 0 0 0 0 0 0
8 18 0 0 0 0 0 0 0
8 19 0 0 0 0 0 0 0
8 20 0 0 0 0 0 0 0
8 21 0 0 0 0 0 0 0
8 22 0 0 0 0 0 0 0
8 23 0 0 0 0 0 0 0
9 0 466 0.112921 0.892973 0.0345105 1.54343 0.0377687 0.0265125
9 1 404 0.123409 0.906389 0.109524 0.854551 0.0324301 0.0234921
9 2 398 0.108221 0.929107 0.196788 1.62583 0.0313685 0.0217087
9 3 364 0.109222 0.970591 0.338582 1.4387 0.0275886 0.0191509
9 4 321 0.106182 0.983999 0.406944 1.47571 0.0238855 0.016428
9 5 279 0.0936805 1.07042 0.575629 2.10829 0.0192682 0.0127545
9 6 270 0.0911399 1.1096 0.669825 2.23236 0.0179274 0.0117743
9 7 174 0.087166 1.1816 0.856472 2.0419 0.0106907 0.00693554
9 8 172 0.0774441 1.23855 1.07054 2.86911 0.0097457 0.00613389
9 9 90 0.0674459 1.18274 1.10636 3.41448 0.00513956 0.00313493
9 10 36 0.0570737 1.34114 1.32397 3.99959 0.00183415 0.00108275
9 11 28 0.0473639 1.36153 1.63218 5.73824 0.00129565 0.000741726
9 12 0 0 0 0 0 0 0
9 13 0 0 0 0 0 0 0
9 14 0 0 0 0 0 0 0
9 15 0 0 0 0 0 0 0
9 16 0 0 0 0 0 0 0
9 17 0 0 0 0 0 0 0
9 18 0 0 0 0 0 0 0
9 19 0 0 0 0 0 0 0
9 20 0 0 0 0 0 0 0
9 21 0 0 0 0 0 0 0
9 22 0 0 0 0 0 0 0
9 23 0 0 0 0 0 0 0
10 0 321 0.101308 1.10014 0.0474039 1.76689 0.0234569 0.0158951
10 1 339 0.109548 1.13763 0.138921 1.28978 0.0242258 0.0168332
10 2 300 0.0990284 1.09855 0.2523 1.83973 0.0216409 0.0145626
10 3 296 0.0965523 1.20204 0.341698 1.93957 0.0201022 0.0134247
10 4 244 0.0838647 1.15133 0.43022 2.78167 0.0167382 0.010748
10 5 198 0.0823504 1.18695 0.623197 2.65919 0.0128681 0.00822406
10 6 170 0.0815326 1.30623 0.817788 2.49057 0.0100583 0.00641192
10 7 134 0.0757697 1.379 0.868341 2.80191 0.00761789 0.0047696
10 8 83 0.0703492 1.33694 1.06471 2.91906 0.00455607 0.00280451
10 9 51 0.0605581 1.29938 1.10558 3.82542 0.00280321 0.00167313
10 10 28 0.0338099 1.56884 1.26256 10.5136 0.00135362 0.000742389
10 11 0 0 0 0 0 0 0
10 12 0 0 0 0 0 0 0
10 13 0 0 0 0 0 0 0
10 14 0 0 0 0 0 0 0
10 15 0 0 0 0 0 0 0
10 16 0 0 0 0 0 0 0
10 17 0 0 0 0 0 0 0
10 18 0 0 0 0 0 0 0
10 19 0 0 0 0 0 0 0
10 20 0 0 0 0 0 0 0
10 21 0 0 0 0 0 0 0
10 22 0 0 0 0 0 0 0
10 23 0 0 0 0 0 0 0
11 0 235 0.0881402 1.3042 0.0440032 2.33335 0.015537 0.01011
11 1 219 0.0823915 1.3005 0.152709 2.77111 0.0144478 0.00923482
11 2 242 0.0916229 1.35029 0.233182 2.04926 0.0155063 0.0101993
11 3 174 0.0789071 1.32926 0.414633 2.8421 0.0110325 0.00697558
11 4 166 0.0797807 1.40973 0.48848 2.66057 0.010046 0.00636919
11 5 157 0.0697006 1.50675 0.721872 3.6546 0.00876419 0.00538385
11 6 96 0.0662582 1.39428 0.746353 3.65793 0.00557678 0.00338892
11 7 77 0.0670633 1.53373 0.902202 3.24016 0.00410041 0.00249808
11 8 50 0.0623783 1.58762 1.14277 3.41199 0.00247382 0.00148504
11 9 21 0.0577943 1.68733 1.28483 3.23703 0.000973497 0.000575994
11 10 0 0 0 0 0 0 0
11 11 0 0 0 0 0 0 0
11 12 0 0 0 0 0 0 0
11 13 0 0 0 0 0 0 0
11 14 0 0 0 0 0 0 0
11 15 0 0 0 0 0 0 0
11 16 0 0 0 0 0 0 0
11 17 0 0 0 0 0 0 0
11 18 0 0 0 0 0 0 0
11 19 0 0 0 0 0 0 0
11 20 0 0 0 0 0 0 0
11 21 0 0 0 0 0 0 0
11 22 0 0 0 0 0 0 0
11 23 0 0 0 0 0 0 0
12 0 135 0.0726771 1.56176 0.0835841 3.18876 0.00790467 0.00490143
12 1 141 0.0789707 1.49184 0.182966 2.57364 0.00848955 0.00536882
12 2 115 0.0727273 1.47188 0.262068 3.05412 0.00694968 0.00430995
12 3 115 0.0647488 1.57912 0.361377 4.03451 0.00656602 0.00397115
12 4 85 0.0689997 1.60015 0.510569 3.12654 0.00472644 0.00289706
12 5 61 0.0664773 1.70403 0.67804 3.06412 0.00317414 0.00193021
12 6 54 0.0641267 1.79623 0.870837 3.20972 0.00262895 0.00158688
12 7 26 0.0527338 1.60111 0.869508 4.54559 0.00135976 0.000791769
12 8 15 0.0613006 1.65948 1.17282 2.34649 0.000719899 0.000430689
12 9 0 0 0 0 0 0 0
12 10 0 0 0 0 0 0 0
12 11 0 0 0 0 0 0 0
12 12 0 0 0 0 0 0 0
12 13 0 0 0 0 0 0 0
12 14 0 0 0 0 0 0 0
12 15 0 0 0 0 0 0 0
12 16 0 0 0 0 0 0 0
12 17 0 0 0 0 0 0 0
12 18 0 0 0 0 0 0 0
12 19 0 0 0 0 0 0 0
12 20 0 0 0 0 0 0 0
12 21 0 0 0 0 0 0 0
12 22 0 0 0 0 0 0 0
12 23 0 0 0 0 0 0 0
13 0 77 0.06183 1.90714 0.0367824 3.94891 0.00388609 0.00232879
13 1 67 0.0509467 1.72681 0.139509 5.91667 0.0036407 0.00210797
13 2 61 0.0605308 1.6035 0.237448 4.04648 0.00348123 0.00207764
13 3 40 0.0566347 1.70988 0.424724 4.23682 0.00214617 0.00126519
13 4 49 0.0626444 2.14631 0.644979 3.24019 0.00217028 0.00130391
13 5 27 0.0419046 1.5937 0.712505 7.41734 0.00145875 0.000820788
13 6 13 0.0401439 2.2545 1.22557 6.9597 0.000513079 0.000287088
13 7 10 0.0631883 1.88648 1.1632 1.57761 0.000447044 0.000269047
13 8 0 0 0 0 0 0 0
13 9 0 0 0 0 0 0 0
13 10 0 0 0 0 0 0 0
13 11 0 0 0 0 0 0 0
13 12 0 0 0 0 0 0 0
13 13 0 0 0 0 0 0 0
13 14 0 0 0 0 0 0 0
13 15 0 0 0 0 0 0 0
13 16 0 0 0 0 0 0 0
13 17 0 0 0 0 0 0 0
13 18 0 0 0 0 0 0 0
13 19 0 0 0 0 0 0 0
13 20 0 0 0 0 0 0 0
13 21 0 0 0 0 0 0 0
13 22 0 0 0 0 0 0 0
13 23 0 0 0 0 0 0 0
14 0 28 0.0395042 1.97795 0.0756243 8.16908 0.00137239 0.000766353
14 1 22 0.061466 2.15304 0.129897 2.65465 0.00100581 0.000602052
14 2 22 0.0472131 1.97687 0.394104 5.57863 0.00106271 0.000608085
14 3 11 0.0474732 1.73788 0.460128 4.90874 0.000581211 0.000332843
14 4 0 0 0 0 0 0 0
14 5 0 0 0 0 0 0 0
14 6 0 0 0 0 0 0 0
14 7 0 0 0 0 0 0 0
14 8 0 0 0 0 0 0 0
14 9 0 0 0 0 0 0 0
14 10 0 0 0 0 0 0 0
14 11 0 0 0 0 0 0 0
14 12 0 0 0 0 0 0 0
14 13 0 0 0 0 0 0 0
14 14 0 0 0 0 0 0 0
14 15 0 0 0 0 0 0 0
14 16 0 0 0 0 0 0 0
14 17 0 0 0 0 0 0 0
14 18 0 0 0 0 0 0 0
14 19 0 0 0 0 0 0 0
14 20 0 0 0 0 0 0 0
14 21 0 0 0 0 0 0 0
14 22 0 0 0 0 0 0 0
14 23 0 0 0 0 0 0 0
15 0 0 0 0 0 0 0 0
15 1 0 0 0 0 0 0 0
15 2 0 0 0 0 0 0 0
15 3 0 0 0 0 0 0 0
15 4 0 0 0 0 0 0 0
15 5 0 0 0 0 0 0 0
15 6 0 0 0 0 0 0 0
15 7 0 0 0 0 0 0 0
15 8 0 0 0 0 0 0 0
15 9 0 0 0 0 0 0 0
15 10 0 0 0 0 0 0 0
15 11 0 0 0 0 0 0 0
15 12 0 0 0 0 0 0 0
15 13 0 0 0 0 0 0 0
15 14 0 0 0 0 0 0 0
15 15 0 0 0 0 0 0 0
15 16 0 0 0 0 0 0 0
15 17 0 0 0 0 0 0 0
15 18 0 0 0 0 0 0 0
15 19 0 0 0 0 0 0 0
15 20 0 0 0 0 0 0 0
15 21 0 0 0 0 0 0 0
15 22 0 0 0 0 0 0 0
15 23 0 0 0 0 0 0 0
16 0 0 0 0 0 0 0 0
16 1 0 0 0 0 0 0 0
16 2 0 0 0 0 0 0 0
16 3 0 0 0 0 0 0 0
16 4 0 0 0 0 0 0 0
16 5 0 0 0 0 0 0 0
16 6 0 0 0 0 0 0 0
16 7 0 0 0 0 0 0 0
16 8 0 0 0 0 0 0 0
16 9 0 0 0 0 0 0 0
16 10 0 0 0 0 0 0 0
16 11 0 0 0 0 0 0 0
16 12 0 0 0 0 0 0 0
16 13 0 0 0 0 0 0 0
16 14 0 0 0 0 0 0 0
16 15 0 0 0 0 0 0 0
16 16 0 0 0 0 0 0 0
16 17 0 0 0 0 0 0 0
16 18 0 0 0 0 0 0 0
16 19 0 0 0 0 0 0 0
16 20 0 0 0 0 0 0 0
16 21 0 0 0 0 0 0 0
16 22 0 0 0 0 0 0 0
16 23 0 0 0 0 0 0 0
17 0 0 0 0 0 0 0 0
17 1 0 0 0 0 0 0 0
17 2 0 0 0 0 0 0 0
17 3 0 0 0 0 0 0 0
17 4 0 0 0 0 0 0 0
17 5 0 0 0 0 0 0 0
17 6 0 0 0 0 0 0 0
17 7 0 0 0 0 0 0 0
17 8 0 0 0 0 0 0 0
17 9 0 0 0 0 0 0 0
17 10 0 0 0 0 0 0 0
17 11 0 0 0 0 0 0 0
17 12 0 0 0 0 0 0 0
17 13 0 0 0 0 0 0 0
17 14 0 0 0 0 0 0 0
17 15 0 0 0 0 0 0 0
17 16 0 0 0 0 0 0 0
17 17 0 0 0 0 0 0 0
17 18 0 0 0 0 0 0 0
17 19 0 0 0 0 0 0 0
17 20 0 0 0 0 0 0 0
17 21 0 0 0 0 0 0 0
17 22 0 0 0 0 0 0 0
17 23 0 0 0 0 0 0 0
18 0 0 0 0 0 0 0 0
18 1 0 0 0 0 0 0 0
18 2 0 0 0 0 0 0 0
18 3 0 0 0 0 0 0 0
18 4 0 0 0 0 0 0 0
18 5 0 0 0 0 0 0 0
18 6 0 0 0 0 0 0 0
18 7 0 0 0 0 0 0 0
18 8 0 0 0 0 0 0 0
18 9 0 0 0 0 0 0 0
18 10 0 0 0 0 0 0 0
18 11 0 0 0 0 0 0 0
18 12 0 0 0 0 0 0 0
18 13 0 0 0 0 0 0 0
18 14 0 0 0 0 0 0 0
18 15 0 0 0 0 0 0 0
18 16 0 0 0 0 0 0 0
18 17 0 0 0 0 0 0 0
18 18 0 0 0 0 0 0 0
18 19 0 0 0 0 0 0 0
18 20 0 0 0 0 0 0 0
18 21 0 0 0 0 0 0 0
18 22 0 0 0 0 0 0 0
18 23 0 0 0 0 0 0 0
19 0 0 0 0 0 0 0 0
19 1 0 0 0 0 0 0 0
19 2 0 0 0 0 0 0 0
19 3 0 0 0 0 0 0 0
19 4 0 0 0 0 0 0 0
19 5 0 0 0 0 0 0 0
19 6 0 0 0 0 0 0 0
19 7 0 0 0 0 0 0 0
19 8 0 0 0 0 0 0 0
19 9 0 0 0 0 0 0 0
19 10 0 0 0 0 0 0 0
19 11 0 0 0 0 0 0 0
19 12 0 0 0 0 0 0 0
19 13 0 0 0 0 0 0 0
19 14 0 0 0 0 0 0 0
19 15 0 0 0 0 0 0 0
19 16 0 0 0 0 0 0 0
19 17 0 0 0 0 0 0 0
19 18 0 0 0 0 0 0 0
19 19 0 0 0 0 0 0 0
19 20 0 0 0 0 0 0 0
19 21 0 0 0 0 0 0 0
19 22 0 0 0 0 0 0 0
19 23 0 0 0 0 0 0 0
20 0 0 0 0 0 0 0 0
20 1 0 0 0 0 0 0 0
20 2 0 0 0 0 0 0 0
20 3 0 0 0 0 0 0 0
20 4 0 0 0 0 0 0 0
20 5 0 0 0 0 0 0 0
20 6 0 0 0 0 0 0 0
20 7 0 0 0 0 0 0 0
20 8 0 0 0 0 0 0 0
20 9 0 0 0 0 0 0 0
20 10 0 0 0 0 0 0 0
20 11 0 0 0 0 0 0 0
20 12 0 0 0 0 0 0 0
20 13 0 0 0 0 0 0 0
20 14 0 0 0 0 0 0 0
20 15 0 0 0 0 0 0 0
20 16 0 0 0 0 0 0 0
20 17 0 0 0 0 0 0 0
20 18 0 0 0 0 0 0 0
20 19 0 0 0 0 0 0 0
20 20 0 0 0 0 0 0 0
20 21 0 0 0 0 0 0 0
20 22 0 0 0 0 0 0 0
20 23 0 0 0 0 0 0 0
21 0 0 0 0 0 0 0 0
21 1 0 0 0 0 0 0 0
21 2 0 0 0 0 0 0 0
21 3 0 0 0 0 0 0 0
21 4 0 0 0 0 0 0 0
21 5 0 0 0 0 0 0 0
21 6 0 0 0 0 0 0 0
21 7 0 0 0 0 0 0 0
21 8 0 0 0 0 0 0 0
21 9 0 0 0 0 0 0 0
21 10 0 0 0 0 0 0 0
21 11 0 0 0 0 0 0 0
21 12 0 0 0 0 0 0 0
21 13 0 0 0 0 0 0 0
21 14 0 0 0 0 0 0 0
21 15 0 0 0 0 0 0 0
21 16 0 0 0 0 0 0 0
21 17 0 0 0 0 0 0 0
21 18 0 0 0 0 0 0 0
21 19 0 0 0 0 0 0 0
21 20 0 0 0 0 0 0 0
21 21 0 0 0 0 0 0 0
21 22 0 0 0 0 0 0 0
21 23 0 0 0 0 0 0 0
22 0 0 0 0 0 0 0 0
22 1 0 0 0 0 0 0 0
22 2 0 0 0 0 0 0 0
22 3 0 0 0 0 0 0 0
22 4 0 0 0 0 0 0 0
22 5 0 0 0 0 0 0 0
22 6 0 0 0 0 0 0 0
22 7 0 0 0 0 0 0 0
22 8 0 0 0 0 0 0 0
22 9 0 0 0 0 0 0 0
22 10 0 0 0 0 0 0 0
22 11 0 0 0 0 0 0 0
22 12 0 0 0 0 0 0 0
22 13 0 0 0 0 0 0 0
22 14 0 0 0 0 0 0 0
22 15 0 0 0 0 0 0 0
22 16 0 0 0 0 0 0 0
22 17 0 0 0 0 0 0 0
22 18 0 0 0 0 0 0 0
22 19 0 0 0 0 0 0 0
22 20 0 0 0 0 0 0 0
22 21 0 0 0 0 0 0 0
22 22 0 0 0 0 0 0 0
22 23 0 0 0 0 0 0 0
23 0 0 0 0 0 0 0 0
23 1 0 0 0 0 0 0 0
23 2 0 0 0 0 0 0 0
23 3 0 0 0 0 0 0 0
23 4 0 0 0 0 0 0 0
23 5 0 0 0 0 0 0 0
23 6 0 0 0 0 0 0 0
23 7 0 0 0 0 0 0 0
23 8 0 0 0 0 0 0 0
23 9 0 0 0 0 0 0 0
23 10 0 0 0 0 0 0 0
23 11 0 0 0 0 0 0 0
23 12 0 0 0 0 0 0 0
23 13 0 0 0 0 0 0 0
23 14 0 0 0 0 0 0 0
23 15 0 0 0 0 0 0 0
23 16 0 0 0 0 0 0 0
23 17 0 0 0 0 0 0 0
23 18 0 0 0 0 0 0 0
23 19 0 0 0 0 0 0 0
23 20 0 0 0 0 0 0 0
23 21 0 0 0 0 0 0 0
23 22 0 0 0 0 0 0 0
23 23 0 0 0 0 0 0 0
