#  ix    iy     NB       E/N    TB    UxB       UyB       muB       rhoB     epsilonB
0 0 16 0.005 0.144506 0.0456436 199.834 0.000627753 0.000627233
0 1 14 0.005 0.147886 0.0663182 195.824 0.000548399 0.00053695
0 2 12 0.005 0.035653 0.0325685 195.561 0.000475636 0.000465079
0 3 10 0.005 -0.0232747 0.0943687 198.815 0.000394964 0.000392625
0 4 0 0 0 0 0 0 0
0 5 15 0.005 0.0185875 0.222692 197.865 0.00058091 0.00057471
0 6 17 0.005 -0.00409927 0.305537 199.968 0.000645156 0.000645054
0 7 20 0.005 0.0116434 0.313579 198.823 0.000757244 0.000752788
0 8 0 0 0 0 0 0 0
0 9 13 0.005 0.056622 0.405822 198.231 0.000477354 0.000473131
0 10 14 0.005 0.020386 0.418601 201.089 0.000512377 0.000515167
0 11 14 0.005 0.0225143 0.449467 197.523 0.000506617 0.000500342
0 12 20 0.005 0.077711 0.597067 195.586 0.000679918 0.000664913
0 13 28 0.005 0.021946 0.569352 199.184 0.000965402 0.000961465
0 14 23 0.005 -0.0107907 0.666066 197.633 0.000759591 0.000750601
0 15 16 0.005 0.0194924 0.770185 198.446 0.000502961 0.000499054
0 16 21 0.005 0.020493 0.700828 195.721 0.000682332 0.000667733
0 17 19 0.005 -0.0805517 0.793014 199.255 0.000589585 0.000587389
0 18 18 0.005 0.072001 1.07174 200.577 0.000486708 0.000488113
0 19 18 0.005 0.0916417 1.01182 201.116 0.000501063 0.000503858
0 20 26 0.005 -0.0573292 0.883979 198.38 0.000772306 0.000766052
0 21 18 0.005 0.0510433 1.08097 195.448 0.000484767 0.000473733
0 22 18 0.005 0.0375517 1.15349 198.818 0.000467749 0.000464984
0 23 12 0.005 0.0775984 1.25454 199.106 0.00029647 0.000295144
1 0 17 0.005 0.0885857 -0.00248718 202.084 0.00067197 0.000678973
1 1 17 0.005 0.0672465 0.106147 195.644 0.00066934 0.000654762
1 2 14 0.005 0.0283677 0.167615 196.728 0.000547698 0.000538738
1 3 20 0.005 0.0141145 0.16997 200.174 0.000782353 0.000783034
1 4 13 0.005 0.0595444 0.108464 197.358 0.000511969 0.000505207
1 5 15 0.005 0.0591475 0.322668 198.103 0.000565583 0.000560219
1 6 15 0.005 0.0762331 0.262577 197.549 0.000574163 0.000567128
1 7 23 0.005 -0.0243916 0.314556 204.244 0.000870406 0.000888876
1 8 16 0.005 0.105659 0.247718 204.497 0.000613077 0.000626862
1 9 19 0.005 0.0336804 0.414053 200.473 0.000696278 0.000697925
1 10 15 0.005 0.0193295 0.429588 199.051 0.000546822 0.000544228
1 11 10 0.005 0.055012 0.397291 200.483 0.000368306 0.000369195
1 12 20 0.005 0.0477547 0.549058 202.02 0.000695077 0.000702098
1 13 14 0.005 0.0576931 0.642299 194.2 0.00046689 0.00045335
1 14 17 0.005 0.0539603 0.566869 197.667 0.000586223 0.000579385
1 15 20 0.005 0.0708469 0.65933 196.266 0.000661436 0.000649087
1 16 22 0.005 0.0758449 0.777432 196.351 0.000688 0.000675448
1 17 19 0.005 0.10432 0.852872 198.32 0.000571866 0.000567061
1 18 20 0.005 0.105175 0.845047 198.294 0.000604246 0.000599093
1 19 22 0.005 0.114344 0.988559 196.191 0.000618814 0.000607028
1 20 19 0.005 0.151356 0.954283 196.998 0.000542218 0.000534079
1 21 17 0.005 0.0429512 1.13958 194.774 0.000444772 0.00043315
1 22 13 0.005 0.156406 1.09042 194.868 0.000346741 0.000337844
1 23 25 0.005 0.0882737 1.27523 198.374 0.000611267 0.000606297
2 0 13 0.005 0.0142773 0.0827297 197.175 0.000514065 0.000506804
2 1 23 0.005 0.132801 0.0362439 198.583 0.000904172 0.000897764
2 2 14 0.005 0.0573058 0.0567552 197.843 0.000553757 0.000547786
2 3 17 0.005 0.098204 0.118069 200.162 0.000666786 0.000667325
2 4 18 0.005 0.0307576 0.0718228 200.848 0.000712115 0.000715136
2 5 24 0.005 0.107676 0.241798 197.338 0.000920675 0.000908422
2 6 18 0.005 0.11519 0.220105 198.109 0.000693215 0.000686661
2 7 13 0.005 0.0968349 0.339072 204.999 0.000486511 0.000498671
2 8 10 0.005 0.111751 0.427202 195.104 0.000363009 0.000354122
2 9 14 0.005 0.187017 0.427392 198.644 0.000503464 0.00050005
2 10 16 0.005 0.0647729 0.411396 194.905 0.000586123 0.000571191
2 11 11 0.005 0.19059 0.50358 195.977 0.000384336 0.000376605
2 12 10 0.005 0.107211 0.695872 202.729 0.000324468 0.000328896
2 13 14 0.005 0.132939 0.51834 197.865 0.000489833 0.000484604
2 14 14 0.005 0.14053 0.679838 199.451 0.000456367 0.000455114
2 15 18 0.005 0.0892231 0.644408 197.47 0.000598736 0.000591163
2 16 21 0.005 0.0802165 0.730238 195.195 0.000671589 0.000655452
2 17 11 0.005 0.137107 0.944973 196.461 0.0003157 0.000310113
2 18 14 0.005 0.161542 0.921705 195.893 0.000405652 0.000397323
2 19 21 0.005 0.171748 0.862043 197.438 0.000625909 0.00061789
2 20 19 0.005 0.124296 1.11281 198.153 0.000502223 0.000497586
2 21 23 0.005 0.150076 1.0823 197.646 0.000616198 0.000608945
2 22 20 0.005 0.110145 1.15163 196.026 0.000519005 0.000508692
2 23 15 0.005 0.182646 1.11158 194.156 0.000395162 0.000383616
3 0 17 0.005 0.141787 -0.0291533 203.172 0.000667645 0.000678232
3 1 16 0.005 0.143573 -0.00255717 205.279 0.000628474 0.000645062
3 2 15 0.005 0.133166 0.200325 199.821 0.00057873 0.000578211
3 3 25 0.005 0.140487 0.153608 198.974 0.000971244 0.000966259
3 4 16 0.005 0.105072 0.150767 202.459 0.000624464 0.000632141
3 5 14 0.005 0.115888 0.262724 198.035 0.000533977 0.00052873
3 6 18 0.005 0.0905363 0.281728 198.699 0.000684926 0.000680471
3 7 13 0.005 0.219124 0.322246 197.447 0.000480666 0.00047453
3 8 14 0.005 0.110805 0.37275 195.185 0.000517784 0.000505318
3 9 13 0.005 0.155525 0.324113 201.041 0.000485456 0.000487982
3 10 14 0.005 0.0966623 0.488053 198.828 0.000497394 0.00049448
3 11 17 0.005 0.148375 0.497788 200.999 0.000598659 0.00060165
3 12 10 0.005 0.124273 0.443519 199.584 0.00036043 0.000359679
3 13 24 0.005 0.161196 0.514653 199.59 0.000838248 0.00083653
3 14 13 0.005 0.130313 0.680669 195.602 0.000424003 0.00041468
3 15 16 0.005 0.0727379 0.715855 200.056 0.000515372 0.000515516
3 16 14 0.005 0.115714 0.672528 200.253 0.000458889 0.000459469
3 17 21 0.005 0.124416 0.858465 196.948 0.000629502 0.000619895
3 18 18 0.005 0.121405 0.86223 197.914 0.000538692 0.000533074
3 19 20 0.005 0.168248 0.921207 194.27 0.000579303 0.000562705
3 20 15 0.005 0.120825 0.974407 199.943 0.00042473 0.000424609
3 21 19 0.005 0.146172 0.951219 206.759 0.000543256 0.000561616
3 22 21 0.005 0.16943 1.15242 197.199 0.000542824 0.000535222
3 23 26 0.005 0.195261 1.25779 196.656 0.000637394 0.000626736
4 0 19 0.005 0.204974 0.0421792 197.623 0.000737982 0.00072921
4 1 14 0.005 0.308006 0.0360258 197.519 0.000530627 0.000524046
4 2 13 0.005 0.180663 0.162731 198.311 0.000501268 0.000497035
4 3 13 0.005 0.170492 0.179473 203.585 0.000500758 0.000509735
4 4 13 0.005 0.166006 0.17509 194.614 0.000501483 0.000487977
4 5 20 0.005 0.140896 0.222639 197.467 0.000767459 0.000757739
4 6 11 0.005 0.257742 0.229405 199.133 0.000412635 0.000410845
4 7 12 0.005 0.268421 0.33531 196.777 0.000437539 0.000430487
4 8 21 0.005 0.144796 0.355134 196.88 0.000778074 0.000765934
4 9 18 0.005 0.187442 0.377253 197.499 0.000658264 0.000650031
4 10 17 0.005 0.141585 0.404968 197.598 0.000619961 0.000612516
4 11 0 0 0 0 0 0 0
4 12 20 0.005 0.142171 0.611384 202.154 0.000672198 0.000679438
4 13 20 0.005 0.159925 0.595842 196.109 0.000675453 0.000662313
4 14 18 0.005 0.115405 0.634188 198.074 0.000600365 0.000594584
4 15 25 0.005 0.207345 0.713724 197.506 0.00079623 0.000786302
4 16 20 0.005 0.149217 0.751053 200.131 0.00063013 0.000630543
4 17 22 0.005 0.187814 0.741272 197.203 0.000693491 0.000683791
4 18 26 0.005 0.260519 0.985568 200.117 0.000722506 0.000722927
4 19 19 0.005 0.194509 0.844687 196.662 0.00056973 0.00056022
4 20 17 0.005 0.251241 1.02964 200.372 0.000462962 0.000463824
4 21 14 0.005 0.28338 1.04732 197.018 0.000376514 0.000370901
4 22 23 0.005 0.228244 1.14711 194.632 0.000593118 0.000577199
4 23 15 0.005 0.257688 1.2413 194.761 0.000368639 0.000358982
5 0 14 0.005 0.230169 -0.124002 194.638 0.000537489 0.000523079
5 1 19 0.005 0.273685 0.0368142 201.511 0.000726766 0.000732257
5 2 14 0.005 0.242003 0.122378 197.016 0.000536189 0.000528189
5 3 0 0 0 0 0 0 0
5 4 15 0.005 0.230718 0.145715 195.74 0.000574242 0.000562009
5 5 12 0.005 0.225008 0.26189 199.523 0.000450115 0.000449042
5 6 13 0.005 0.226721 0.260389 194.789 0.000487627 0.000474923
5 7 14 0.005 0.218803 0.438993 197.422 0.000498785 0.000492357
5 8 20 0.005 0.294249 0.342184 199.147 0.000723395 0.00072031
5 9 0 0 0 0 0 0 0
5 10 11 0.005 0.309883 0.456691 201.085 0.000382168 0.00038424
5 11 21 0.005 0.256518 0.485056 197.203 0.000730578 0.00072036
5 12 18 0.005 0.277934 0.592695 195.397 0.000597622 0.000583869
5 13 13 0.005 0.237898 0.580357 199.006 0.000437022 0.00043485
5 14 12 0.005 0.228053 0.628037 196.739 0.000395941 0.000389485
5 15 17 0.005 0.326683 0.73752 195.108 0.000525073 0.00051223
5 16 21 0.005 0.323795 0.812552 195.649 0.000627243 0.000613597
5 17 14 0.005 0.230416 0.80992 199.363 0.000424961 0.000423607
5 18 16 0.005 0.236869 0.887611 196.974 0.000467567 0.000460493
5 19 15 0.005 0.271433 1.04131 200.83 0.000405195 0.000406876
5 20 17 0.005 0.281404 0.97721 196.882 0.000472998 0.000465623
5 21 19 0.005 0.2442 1.19958 200.789 0.000476984 0.000478865
5 22 27 0.005 0.252184 1.14088 197.909 0.000696673 0.000689388
5 23 21 0.005 0.281299 1.28263 196.147 0.000504886 0.00049516
6 0 20 0.005 0.243449 0.0557957 197.72 0.000769998 0.000761219
6 1 13 0.005 0.16441 0.123313 197.269 0.000505312 0.000498412
6 2 10 0.005 0.265888 0.25032 199.565 0.000372749 0.000371937
6 3 12 0.005 0.318825 0.148815 200.998 0.000449197 0.000451439
6 4 17 0.005 0.217742 0.253152 198.647 0.000639873 0.000635546
6 5 17 0.005 0.216118 0.23494 198.322 0.000642653 0.000637261
6 6 19 0.005 0.239756 0.26436 196.418 0.000710101 0.000697384
6 7 17 0.005 0.290677 0.314279 198.039 0.000620165 0.000614085
6 8 16 0.005 0.166274 0.467126 198.359 0.000568835 0.000564166
6 9 15 0.005 0.274004 0.421234 199.331 0.000531862 0.000530082
6 10 15 0.005 0.206282 0.396471 201.414 0.000543434 0.000547275
6 11 10 0.005 0.406686 0.571384 197.682 0.000324888 0.000321123
6 12 18 0.005 0.338033 0.459888 195.074 0.000620353 0.000605075
6 13 23 0.005 0.322507 0.606472 195.442 0.000752316 0.000735172
6 14 37 0.005 0.348676 0.622295 198.545 0.00119531 0.00118662
6 15 21 0.005 0.298937 0.782984 196.658 0.000638682 0.000628009
6 16 30 0.005 0.307975 0.817893 195.861 0.000896389 0.000877839
6 17 12 0.005 0.323207 0.817767 198.117 0.000357603 0.000354236
6 18 22 0.005 0.329337 0.852145 198.679 0.00064454 0.000640281
6 19 30 0.005 0.293609 0.921682 197.932 0.00085566 0.00084681
6 20 15 0.005 0.277285 1.01258 199.615 0.000410538 0.000409748
6 21 16 0.005 0.304416 1.00243 198.994 0.000438395 0.000436191
6 22 23 0.005 0.328795 1.15446 196.123 0.000584188 0.000572863
6 23 18 0.005 0.411058 1.2755 199.963 0.000427183 0.000427105
7 0 17 0.005 0.37099 0.0331342 201.646 0.000632176 0.00063738
7 1 13 0.005 0.342185 0.117314 200.871 0.000485109 0.000487221
7 2 13 0.005 0.349392 0.151226 201.281 0.000482115 0.000485202
7 3 13 0.005 0.27008 0.149493 200.298 0.000492922 0.000493657
7 4 15 0.005 0.299848 0.169104 197.804 0.000562823 0.000556644
7 5 17 0.005 0.277047 0.222746 197.104 0.000635635 0.000626432
7 6 18 0.005 0.310924 0.256648 197.455 0.000662472 0.000654044
7 7 13 0.005 0.267452 0.39043 197.301 0.000466292 0.000459999
7 8 0 0 0 0 0 0 0
7 9 16 0.005 0.313662 0.390077 196.184 0.000567767 0.000556935
7 10 24 0.005 0.334806 0.446441 200.258 0.000831653 0.000832727
7 11 17 0.005 0.264325 0.491958 198.207 0.000588979 0.0005837
7 12 17 0.005 0.31657 0.62902 199.979 0.000551569 0.000551511
7 13 22 0.005 0.418473 0.5366 195.641 0.000721757 0.000706027
7 14 21 0.005 0.36143 0.592092 195.381 0.000684717 0.000668903
7 15 17 0.005 0.321328 0.706297 201.779 0.00053297 0.00053771
7 16 22 0.005 0.415531 0.751958 199.49 0.000662192 0.000660504
7 17 20 0.005 0.337763 0.795523 196.819 0.000600469 0.000590918
7 18 24 0.005 0.389227 0.877766 199.916 0.000686969 0.000686682
7 19 15 0.005 0.425494 0.975011 200.112 0.000407688 0.000407916
7 20 23 0.005 0.363421 1.0465 195.842 0.000611566 0.000598852
7 21 18 0.005 0.359058 1.08133 196.585 0.000471171 0.000463125
7 22 21 0.005 0.35766 1.07557 198.45 0.000551311 0.000547037
7 23 22 0.005 0.360666 1.16308 195.339 0.00055405 0.000541137
8 0 14 0.005 0.330684 0.038047 196.262 0.00052712 0.000517269
8 1 20 0.005 0.343715 0.118453 200.723 0.000745888 0.000748583
8 2 22 0.005 0.327482 0.159742 199.108 0.000820262 0.000816603
8 3 25 0.005 0.47872 0.158802 194.843 0.000885774 0.000862935
8 4 20 0.005 0.388215 0.197618 197.021 0.000727611 0.000716773
8 5 18 0.005 0.397016 0.205417 200.601 0.0006521 0.000654061
8 6 22 0.005 0.386319 0.301144 195.473 0.000784013 0.000766267
8 7 23 0.005 0.36125 0.335966 196.241 0.000818514 0.00080313
8 8 23 0.005 0.371368 0.365628 197.923 0.00080938 0.000800976
8 9 17 0.005 0.348516 0.395879 197.597 0.000596694 0.000589525
8 10 13 0.005 0.376287 0.364272 195.104 0.000456993 0.000445806
8 11 16 0.005 0.390606 0.47752 197.888 0.000540363 0.000534656
8 12 27 0.005 0.317229 0.519623 199.846 0.000915169 0.000914462
8 13 20 0.005 0.361144 0.625758 201.866 0.000643313 0.000649315
8 14 18 0.005 0.321647 0.734568 198.077 0.000557246 0.000551887
8 15 21 0.005 0.402465 0.75536 201.221 0.000633106 0.000636971
8 16 21 0.005 0.399768 0.753694 199.646 0.000633962 0.00063284
8 17 25 0.005 0.37971 0.845143 198.126 0.00072772 0.000720903
8 18 19 0.005 0.335431 0.918937 195.974 0.000538967 0.000528117
8 19 20 0.005 0.374864 0.860452 197.486 0.000578691 0.000571416
8 20 21 0.005 0.438619 1.03674 198.791 0.000553443 0.000550098
8 21 15 0.005 0.45766 1.07915 199.841 0.000386322 0.000386014
8 22 16 0.005 0.411134 1.06469 197.33 0.000418418 0.000412832
8 23 20 0.005 0.432787 1.28727 194.03 0.000470584 0.000456538
9 0 25 0.005 0.353707 0.000626481 202.034 0.000935281 0.000944791
9 1 21 0.005 0.387361 0.0712528 201.746 0.000775361 0.000782131
9 2 21 0.005 0.390661 0.0439986 198.578 0.000775554 0.000770041
9 3 24 0.005 0.344296 0.110819 200.13 0.000895599 0.000896184
9 4 14 0.005 0.359633 0.194164 200.908 0.000514263 0.000516597
9 5 20 0.005 0.445286 0.206492 201.534 0.000712456 0.00071792
9 6 18 0.005 0.415031 0.290065 199.808 0.00063725 0.000636638
9 7 16 0.005 0.365817 0.344285 199.506 0.000567356 0.000565955
9 8 29 0.005 0.381308 0.376438 200.08 0.00101436 0.00101476
9 9 22 0.005 0.393521 0.366798 196.725 0.000768827 0.000756236
9 10 14 0.005 0.384795 0.455737 199.425 0.000477129 0.000475756
9 11 24 0.005 0.414246 0.467609 198.101 0.000807724 0.000800057
9 12 28 0.005 0.426794 0.523871 199.928 0.000920637 0.000920305
9 13 17 0.005 0.404876 0.597856 197.455 0.000546931 0.000539971
9 14 24 0.005 0.447192 0.636997 197.805 0.000751575 0.000743325
9 15 23 0.005 0.461027 0.711434 197.211 0.000696192 0.000686484
9 16 23 0.005 0.422275 0.75725 198.572 0.000689592 0.000684668
9 17 21 0.005 0.404055 0.776169 200.79 0.000627134 0.000629611
9 18 14 0.005 0.47662 0.865281 195.996 0.000395228 0.000387316
9 19 18 0.005 0.450641 0.991906 197.79 0.000483005 0.000477669
9 20 23 0.005 0.431504 1.02354 197.405 0.000610663 0.000602741
9 21 20 0.005 0.429657 0.957941 194.476 0.000547377 0.000532259
9 22 20 0.005 0.54252 1.25639 203.238 0.000468245 0.000475827
9 23 19 0.005 0.62579 1.39885 196.673 0.000412035 0.000405181
10 0 14 0.005 0.496928 -0.0610816 196.132 0.000496771 0.000487165
10 1 13 0.005 0.499396 0.11138 199.727 0.000459248 0.000458622
10 2 16 0.005 0.380623 0.154092 201.296 0.000587331 0.000591136
10 3 15 0.005 0.449155 0.1284 197.568 0.000539295 0.000532738
10 4 18 0.005 0.447515 0.116708 198.532 0.000648309 0.00064355
10 5 16 0.005 0.456653 0.229983 197.077 0.000565313 0.000557051
10 6 23 0.005 0.433063 0.282872 197.183 0.000810668 0.000799251
10 7 14 0.005 0.398162 0.398437 197.373 0.000484047 0.000477689
10 8 11 0.005 0.438296 0.348151 199.273 0.000380897 0.000379513
10 9 28 0.005 0.394385 0.404314 198.132 0.000967461 0.000958427
10 10 18 0.005 0.424639 0.422094 201.031 0.000612837 0.000615995
10 11 21 0.005 0.461763 0.486769 197.69 0.000692005 0.000684011
10 12 23 0.005 0.581834 0.584103 198.102 0.000704223 0.000697539
10 13 20 0.005 0.47147 0.640358 198.59 0.000621189 0.000616809
10 14 26 0.005 0.457376 0.681664 199.126 0.000797468 0.000793984
10 15 23 0.005 0.551692 0.824538 200.662 0.000647935 0.00065008
10 16 22 0.005 0.514674 0.747985 197.801 0.000646347 0.000639239
10 17 18 0.005 0.480888 0.727473 195.642 0.000538341 0.00052661
10 18 16 0.005 0.565827 0.877515 200.041 0.000439163 0.000439254
10 19 28 0.005 0.504443 1.02241 197.344 0.000732678 0.000722949
10 20 11 0.005 0.55986 1.0177 195.518 0.000284797 0.000278415
10 21 24 0.005 0.55554 1.17489 195.68 0.000580785 0.00056824
10 22 10 0.005 0.559873 1.22672 198.365 0.000236377 0.000234444
10 23 14 0.005 0.628087 1.43434 196.51 0.000299022 0.000293804
11 0 20 0.005 0.551573 0.0662161 199.145 0.000693782 0.000690815
11 1 17 0.005 0.429832 0.0793053 199.739 0.000618136 0.000617329
11 2 21 0.005 0.485437 0.0912138 201.459 0.000747161 0.000752611
11 3 17 0.005 0.400668 0.173678 194.835 0.000618226 0.00060226
11 4 24 0.005 0.472892 0.197588 200.942 0.000847551 0.000851544
11 5 18 0.005 0.526114 0.248546 199.829 0.000617378 0.00061685
11 6 16 0.005 0.60383 0.264854 198.585 0.000530066 0.000526316
11 7 15 0.005 0.430313 0.339151 197.655 0.00052202 0.0005159
11 8 22 0.005 0.501997 0.343955 197.999 0.000745785 0.000738321
11 9 17 0.005 0.525386 0.420688 200.602 0.000559647 0.000561332
11 10 15 0.005 0.53459 0.487339 198.532 0.000482281 0.000478741
11 11 16 0.005 0.431768 0.531614 196.726 0.000523845 0.00051527
11 12 24 0.005 0.506941 0.494285 200.335 0.000777277 0.000778581
11 13 17 0.005 0.519655 0.670759 197.597 0.000514386 0.000508205
11 14 29 0.005 0.517701 0.713762 198.327 0.00086317 0.000855947
11 15 22 0.005 0.48928 0.706812 197.524 0.000662026 0.000653831
11 16 16 0.005 0.547225 0.76968 197.24 0.000461609 0.000455238
11 17 29 0.005 0.607123 0.84953 198.045 0.000795964 0.000788183
11 18 16 0.005 0.589193 0.95188 195.234 0.000422977 0.000412899
11 19 20 0.005 0.519771 0.909983 196.074 0.000547902 0.000537147
11 20 24 0.005 0.6513 1.05375 195.92 0.000598215 0.000586012
11 21 22 0.005 0.634299 1.27164 199.985 0.000502414 0.000502375
11 22 16 0.005 0.724201 1.24294 195.893 0.000362405 0.000354964
11 23 17 0.005 0.66026 1.24585 198.194 0.000390258 0.000386735
12 0 16 0.005 0.50781 0.0257419 198.796 0.000565962 0.000562554
12 1 29 0.005 0.487184 0.128094 197.56 0.00102776 0.00101522
12 2 17 0.005 0.600357 0.12285 197.241 0.000575195 0.000567259
12 3 25 0.005 0.598955 0.186805 199.82 0.000840357 0.000839599
12 4 23 0.005 0.586572 0.150161 200.437 0.000780736 0.000782443
12 5 26 0.005 0.555451 0.263988 198.467 0.000878849 0.000872111
12 6 19 0.005 0.556622 0.265044 198.566 0.000641803 0.0006372
12 7 17 0.005 0.546669 0.287623 201.453 0.000573933 0.000578103
12 8 20 0.005 0.56317 0.3892 195.212 0.000654896 0.000639216
12 9 25 0.005 0.527853 0.41194 198.714 0.000824341 0.000819041
12 10 20 0.005 0.453683 0.504337 197.502 0.000656789 0.000648584
12 11 12 0.005 0.633282 0.517937 198.952 0.000368564 0.000366634
12 12 20 0.005 0.607394 0.584787 198.853 0.00060676 0.00060328
12 13 19 0.005 0.55182 0.678558 197.805 0.000567528 0.000561299
12 14 14 0.005 0.599169 0.735505 198.856 0.000403045 0.00040074
12 15 10 0.005 0.537124 0.740439 195.988 0.000292802 0.000286928
12 16 33 0.005 0.585728 0.799595 196.737 0.000930068 0.000914894
12 17 16 0.005 0.635077 0.956967 198.482 0.000416926 0.000413762
12 18 28 0.005 0.604237 0.856731 198.327 0.000766906 0.000760491
12 19 16 0.005 0.611553 0.866332 195.718 0.0004356 0.000426274
12 20 18 0.005 0.645403 0.998585 199.547 0.000459757 0.000458715
12 21 22 0.005 0.662302 1.11937 199.291 0.000532125 0.00053024
12 22 19 0.005 0.850577 1.31633 197.797 0.000405558 0.000401091
12 23 12 0.005 0.708711 1.31556 201.592 0.000264838 0.000266946
13 0 25 0.005 0.577029 -0.0725057 198.848 0.000857582 0.000852642
13 1 14 0.005 0.592688 0.172513 196.218 0.000472742 0.000463802
13 2 16 0.005 0.535372 0.128533 197.885 0.00055619 0.000550308
13 3 17 0.005 0.627555 0.157111 194.622 0.000566412 0.000551182
13 4 18 0.005 0.599279 0.202636 199.1 0.000603639 0.000600922
13 5 18 0.005 0.584753 0.269912 197.739 0.000600518 0.000593729
13 6 15 0.005 0.599803 0.279438 195.762 0.000496403 0.000485885
13 7 12 0.005 0.681374 0.281661 198.831 0.000383277 0.000381037
13 8 20 0.005 0.583292 0.381702 201.006 0.000651075 0.00065435
13 9 19 0.005 0.622465 0.458705 201.179 0.000596461 0.000599977
13 10 28 0.005 0.622553 0.464922 195.238 0.00087739 0.000856498
13 11 19 0.005 0.596538 0.495219 199.37 0.000595859 0.000593982
13 12 18 0.005 0.611301 0.516213 196.223 0.000557735 0.000547203
13 13 15 0.005 0.614075 0.674276 194.765 0.000439804 0.000428291
13 14 22 0.005 0.666401 0.630309 200.143 0.000643355 0.000643813
13 15 19 0.005 0.64446 0.730993 200.033 0.000539972 0.00054006
13 16 20 0.005 0.581245 0.761616 197.228 0.000573081 0.000565138
13 17 20 0.005 0.761298 0.892172 199.562 0.000514929 0.000513801
13 18 18 0.005 0.711004 0.928063 196.979 0.000464289 0.000457277
13 19 23 0.005 0.639429 0.970276 195.003 0.00059534 0.000580467
13 20 19 0.005 0.761193 1.09147 195.638 0.000452956 0.000443077
13 21 18 0.005 0.771448 1.14055 194.572 0.000419734 0.000408343
13 22 10 0.005 0.690617 1.18357 196.235 0.000233921 0.000229518
13 23 15 0.005 0.8029 1.40337 193.285 0.000313105 0.000302592
14 0 28 0.005 0.559669 -0.0104264 197.083 0.000969548 0.000955409
14 1 21 0.005 0.59556 0.0484459 195.996 0.000715357 0.000701035
14 2 26 0.005 0.604504 0.130325 197.596 0.000877515 0.000866968
14 3 21 0.005 0.605881 0.162933 199.275 0.000705901 0.000703342
14 4 23 0.005 0.594169 0.217936 195.615 0.000771224 0.000754315
14 5 17 0.005 0.58789 0.227108 198.139 0.000570716 0.000565407
14 6 20 0.005 0.648468 0.342976 203.181 0.000639928 0.000650106
14 7 22 0.005 0.625291 0.38369 196.633 0.000703906 0.000692058
14 8 20 0.005 0.647404 0.361836 195.876 0.000637464 0.000624319
14 9 10 0.005 0.534329 0.419024 199.613 0.000328293 0.000327658
14 10 21 0.005 0.645878 0.437618 200.039 0.00065703 0.00065716
14 11 20 0.005 0.660283 0.499273 199.189 0.000611361 0.000608881
14 12 22 0.005 0.72895 0.58375 198.524 0.000638049 0.000633339
14 13 18 0.005 0.667912 0.603171 196.912 0.000530936 0.000522739
14 14 19 0.005 0.707324 0.731496 196.777 0.00052848 0.000519964
14 15 19 0.005 0.741505 0.761133 197.725 0.000516713 0.000510836
14 16 27 0.005 0.766743 0.822948 196.897 0.000711895 0.000700851
14 17 17 0.005 0.810984 0.994413 197.644 0.000414675 0.00040979
14 18 25 0.005 0.771078 0.920712 199.099 0.000634808 0.000631949
14 19 20 0.005 0.852784 1.09641 202.373 0.000463708 0.000469208
14 20 28 0.005 0.772724 1.13238 195.703 0.000654797 0.000640729
14 21 16 0.005 0.872428 1.25411 197.858 0.00034773 0.000344005
14 22 11 0.005 0.959695 1.3673 193.97 0.000224204 0.000217444
14 23 18 0.005 0.769192 1.2595 197.363 0.000400677 0.000395394
15 0 14 0.005 0.746818 0.0677988 199.461 0.000444468 0.000443271
15 1 25 0.005 0.725008 0.110133 200.389 0.000800008 0.000801563
15 2 18 0.005 0.779782 0.119499 199.416 0.000560791 0.000559155
15 3 19 0.005 0.667261 0.156717 196.432 0.000621905 0.00061081
15 4 20 0.005 0.718597 0.229628 197.139 0.000633582 0.000624517
15 5 19 0.005 0.691858 0.183539 201.481 0.000613093 0.000617633
15 6 16 0.005 0.753619 0.332214 194.636 0.000490099 0.000476954
15 7 25 0.005 0.787942 0.371795 198.063 0.000747991 0.000740746
15 8 18 0.005 0.645164 0.412597 197.787 0.000567095 0.00056082
15 9 23 0.005 0.743698 0.477548 198.028 0.000683878 0.000677135
15 10 27 0.005 0.734447 0.504269 200.981 0.000799997 0.000803919
15 11 26 0.005 0.792687 0.516398 199.542 0.00074949 0.000747774
15 12 20 0.005 0.780744 0.64014 198.636 0.000558502 0.000554692
15 13 22 0.005 0.745193 0.671765 197.687 0.000616302 0.000609174
15 14 16 0.005 0.797654 0.726248 203.156 0.000431641 0.000438451
15 15 21 0.005 0.750742 0.807434 201.904 0.000559856 0.000565187
15 16 25 0.005 0.799256 0.85334 196.036 0.000644823 0.000632041
15 17 17 0.005 0.781584 0.823644 198.013 0.000445862 0.000441434
15 18 23 0.005 0.831175 1.07544 198.828 0.000540881 0.000537712
15 19 17 0.005 0.801003 1.00628 195.902 0.000414077 0.000405591
15 20 11 0.005 0.780228 1.08402 196.589 0.000261619 0.000257157
15 21 13 0.005 0.826344 1.22624 194.042 0.000288991 0.000280382
15 22 19 0.005 0.827697 1.24057 199.596 0.000419903 0.000419054
15 23 17 0.005 0.929455 1.32608 195.392 0.000354447 0.000346281
16 0 17 0.005 0.79491 -0.0131901 202.982 0.000528057 0.00053593
16 1 23 0.005 0.769142 0.0860432 199.263 0.000721781 0.000719123
16 2 16 0.005 0.798302 0.0785704 197.257 0.000495268 0.000488475
16 3 26 0.005 0.750733 0.201722 199.783 0.000814575 0.000813692
16 4 19 0.005 0.850775 0.152515 197.804 0.000570423 0.000564158
16 5 21 0.005 0.749085 0.246416 195.775 0.000654355 0.000640533
16 6 19 0.005 0.756021 0.351728 199.616 0.000579072 0.000577959
16 7 33 0.005 0.726671 0.3157 197.222 0.00102642 0.00101216
16 8 25 0.005 0.839836 0.377879 198.017 0.000729751 0.000722515
16 9 24 0.005 0.729999 0.421027 200.153 0.000728269 0.000728826
16 10 20 0.005 0.773584 0.593824 198.172 0.000568191 0.000562999
16 11 20 0.005 0.882985 0.596087 196.892 0.000543166 0.000534724
16 12 20 0.005 0.812214 0.624589 198.778 0.000554336 0.00055095
16 13 16 0.005 0.862375 0.690175 197.297 0.000426128 0.00042037
16 14 25 0.005 0.834108 0.775793 198.748 0.00065449 0.000650392
16 15 21 0.005 0.857498 0.741997 195.081 0.00055118 0.000537625
16 16 20 0.005 0.812616 0.84095 195.499 0.000515799 0.000504191
16 17 28 0.005 0.915712 0.957573 199.784 0.000669359 0.000668635
16 18 11 0.005 1.00958 1.09856 196.252 0.000243027 0.000238473
16 19 14 0.005 0.921438 1.03562 195.589 0.000325027 0.000317859
16 20 15 0.005 1.02725 1.22492 199.549 0.000315667 0.000314956
16 21 14 0.005 1.02384 1.19712 193.493 0.000297751 0.000288064
16 22 11 0.005 0.968911 1.3804 197.594 0.00022263 0.000219952
16 23 13 0.005 1.05575 1.41998 195.345 0.000253815 0.000247908
17 0 18 0.005 0.864644 -0.00167113 195.541 0.000540318 0.000528272
17 1 23 0.005 0.757481 0.116094 197.499 0.000724442 0.000715384
17 2 18 0.005 0.792351 0.114017 198.253 0.000557624 0.000552752
17 3 28 0.005 0.800382 0.182918 197.76 0.000858758 0.000849138
17 4 17 0.005 0.774458 0.261333 195.978 0.000522324 0.00051182
17 5 25 0.005 0.879001 0.284967 198.509 0.000728622 0.000723189
17 6 29 0.005 0.815343 0.384593 197.234 0.000854742 0.000842919
17 7 20 0.005 0.914312 0.413688 201.191 0.000560202 0.000563537
17 8 15 0.005 0.782501 0.527841 199.041 0.000432866 0.000430791
17 9 28 0.005 0.863901 0.446965 194.399 0.000796479 0.000774173
17 10 16 0.005 0.895654 0.605207 199.521 0.000431164 0.000430131
17 11 16 0.005 0.794408 0.527163 198.941 0.000459535 0.000457102
17 12 21 0.005 0.951472 0.718128 199.444 0.000535576 0.000534087
17 13 29 0.005 0.894163 0.682253 195.011 0.000764652 0.000745577
17 14 19 0.005 0.872794 0.724466 194.728 0.000498604 0.000485461
17 15 13 0.005 0.832908 0.720975 196.198 0.000346736 0.000340145
17 16 23 0.005 0.986431 0.892122 199.469 0.000548493 0.000547037
17 17 16 0.005 0.925614 0.939567 200.994 0.000383601 0.000385508
17 18 18 0.005 0.904627 0.940522 197.284 0.000434465 0.000428565
17 19 24 0.005 1.05488 1.13562 195.752 0.000516319 0.000505353
17 20 14 0.005 0.970194 1.10828 196.945 0.000312053 0.000307287
17 21 12 0.005 1.01338 1.14494 198.276 0.000260645 0.000258398
17 22 12 0.005 1.11578 1.35659 196.084 0.000235596 0.000230983
17 23 18 0.005 1.16309 1.48792 196.441 0.000334249 0.000328301
18 0 30 0.005 0.92326 0.00644789 200.412 0.000874677 0.000876479
18 1 25 0.005 0.871656 0.0904225 198.01 0.000746111 0.000738688
18 2 26 0.005 0.89523 0.149533 198.938 0.000763985 0.000759927
18 3 17 0.005 0.989072 0.162828 198.001 0.000476448 0.000471687
18 4 23 0.005 0.822555 0.2163 198.202 0.000695243 0.000688992
18 5 29 0.005 0.959675 0.25192 199.667 0.000816918 0.000815559
18 6 19 0.005 0.928312 0.310166 198.693 0.000538828 0.000535307
18 7 29 0.005 0.896582 0.374885 197.887 0.000825287 0.000816569
18 8 23 0.005 0.950884 0.478554 198.13 0.000624902 0.00061906
18 9 19 0.005 0.90359 0.516522 198.851 0.000522372 0.000519371
18 10 26 0.005 1.01594 0.565224 198.691 0.000672807 0.000668402
18 11 25 0.005 0.922382 0.559565 194.36 0.000674405 0.000655387
18 12 25 0.005 0.850881 0.626295 197.434 0.000681956 0.000673206
18 13 24 0.005 0.947989 0.652098 200.85 0.000624742 0.000627397
18 14 13 0.005 0.871126 0.729062 195.288 0.000340869 0.000332838
18 15 13 0.005 0.992501 0.77045 193.806 0.000321252 0.000311303
18 16 17 0.005 0.992928 0.872004 198.11 0.000407075 0.000403228
18 17 29 0.005 1.04475 0.950798 197.492 0.000664907 0.000656569
18 18 15 0.005 1.0545 1.01582 200.286 0.000335706 0.000336185
18 19 18 0.005 1.0988 1.16242 198.207 0.000378647 0.000375253
18 20 17 0.005 1.18407 1.28313 196.9 0.000335277 0.00033008
18 21 0 0 0 0 0 0 0
18 22 10 0.005 1.10679 1.38714 194.668 0.000194814 0.00018962
18 23 10 0.005 1.10689 1.32889 196.554 0.000198633 0.00019521
19 0 19 0.005 0.973845 -0.0106772 197.195 0.000540137 0.000532563
19 1 24 0.005 0.995214 0.0569598 196.629 0.000674499 0.000663131
19 2 21 0.005 0.981517 0.137893 197.941 0.000591867 0.000585775
19 3 21 0.005 0.899231 0.168064 198.185 0.000614866 0.000609286
19 4 23 0.005 0.962877 0.194569 199.678 0.000651099 0.000650053
19 5 28 0.005 0.941346 0.288746 201.462 0.000791733 0.000797521
19 6 32 0.005 1.01615 0.334704 196.543 0.000867118 0.00085213
19 7 20 0.005 0.91436 0.367359 195.158 0.000565308 0.000551623
19 8 23 0.005 0.926137 0.44932 195.47 0.000635966 0.000621561
19 9 18 0.005 1.05049 0.520193 199.468 0.000463574 0.00046234
19 10 22 0.005 1.04496 0.510501 199.324 0.000569185 0.000567262
19 11 21 0.005 1.02664 0.632981 196.732 0.000531891 0.000523201
19 12 20 0.005 1.15659 0.741935 202.999 0.000467002 0.000474005
19 13 27 0.005 1.02587 0.708729 198.617 0.000670337 0.000665701
19 14 25 0.005 1.08017 0.815775 198.879 0.000589485 0.000586181
19 15 26 0.005 1.12653 0.837814 198.917 0.000598578 0.000595337
19 16 19 0.005 1.10752 0.882902 198.815 0.00043486 0.000432283
19 17 16 0.005 1.17768 0.971968 194.442 0.000347848 0.000338182
19 18 20 0.005 1.18532 1.10556 199.815 0.000416717 0.000416331
19 19 20 0.005 1.10396 1.15966 194.429 0.000420426 0.000408715
19 20 11 0.005 1.25037 1.20755 195.665 0.000217666 0.000212949
19 21 0 0 0 0 0 0 0
19 22 11 0.005 1.26804 1.28064 192.859 0.000211788 0.000204226
19 23 0 0 0 0 0 0 0
20 0 24 0.005 1.03364 -0.0107006 197.781 0.000662187 0.000654841
20 1 30 0.005 1.06816 0.0747893 199.107 0.00081255 0.000808922
20 2 25 0.005 0.994726 0.147287 198.839 0.000699544 0.000695482
20 3 27 0.005 1.08726 0.194384 199.159 0.000719108 0.000716085
20 4 30 0.005 1.03451 0.239226 199.737 0.000816192 0.00081512
20 5 30 0.005 1.10241 0.287662 198.647 0.00078531 0.000779996
20 6 30 0.005 1.01409 0.393092 200.236 0.000805756 0.000806708
20 7 24 0.005 1.01951 0.381338 197.203 0.000644322 0.00063531
20 8 19 0.005 1.06168 0.489775 196.055 0.000490061 0.000480393
20 9 16 0.005 1.0917 0.487525 196.412 0.000407344 0.000400035
20 10 23 0.005 1.12406 0.549512 201.34 0.000569829 0.000573647
20 11 20 0.005 1.07638 0.560089 196.562 0.000504753 0.000496077
20 12 15 0.005 1.22397 0.673357 198.316 0.000346472 0.000343555
20 13 17 0.005 1.09829 0.70969 196.043 0.0004098 0.000401693
20 14 20 0.005 1.09822 0.791548 194.902 0.000471557 0.000459536
20 15 29 0.005 1.15287 0.842498 196.388 0.000660144 0.000648221
20 16 17 0.005 1.17619 0.89896 199.024 0.000377614 0.000375772
20 17 16 0.005 1.2226 0.983817 196.73 0.000341205 0.000335626
20 18 18 0.005 1.17485 0.982657 197.072 0.000390496 0.00038478
20 19 14 0.005 1.30696 1.19192 197.292 0.000273411 0.000269709
20 20 12 0.005 1.37935 1.34056 191.707 0.000219657 0.000210549
20 21 0 0 0 0 0 0 0
20 22 0 0 0 0 0 0 0
20 23 0 0 0 0 0 0 0
21 0 39 0.005 1.15287 0.0306494 199.217 0.00101387 0.0010099
21 1 28 0.005 1.12761 0.0709943 199.068 0.00073641 0.000732978
21 2 25 0.005 1.08146 0.146071 197.781 0.000670238 0.0006628
21 3 26 0.005 1.1289 0.184767 198.216 0.000679052 0.000672994
21 4 21 0.005 1.10074 0.261944 197.86 0.00055186 0.000545954
21 5 18 0.005 1.06266 0.327722 198.749 0.000477611 0.000474623
21 6 18 0.005 1.08299 0.245718 199.039 0.000477973 0.000475677
21 7 21 0.005 1.1641 0.350532 198.93 0.000529381 0.000526549
21 8 15 0.005 1.35809 0.564034 198.922 0.000334713 0.000332908
21 9 28 0.005 1.18092 0.515248 197.522 0.000681258 0.000672816
21 10 27 0.005 1.10769 0.522931 199.794 0.000677572 0.000676874
21 11 16 0.005 1.3798 0.684258 201.075 0.000345758 0.000347617
21 12 18 0.005 1.3044 0.727981 196.596 0.000397351 0.000390589
21 13 24 0.005 1.17505 0.750105 194.203 0.00055512 0.000539031
21 14 21 0.005 1.15868 0.838189 198.959 0.00047755 0.000475064
21 15 20 0.005 1.29606 0.98352 195.857 0.000415582 0.000406974
21 16 16 0.005 1.2593 0.977335 198.302 0.000337408 0.000334543
21 17 15 0.005 1.3436 1.03883 198.548 0.000302013 0.000299821
21 18 17 0.005 1.39362 1.18281 197.729 0.000323774 0.000320098
21 19 10 0.005 1.13364 1.05668 196.067 0.000215155 0.000210924
21 20 0 0 0 0 0 0 0
21 21 0 0 0 0 0 0 0
21 22 0 0 0 0 0 0 0
21 23 0 0 0 0 0 0 0
22 0 28 0.005 1.28966 0.000425495 199.525 0.000680853 0.000679234
22 1 26 0.005 1.21996 0.0846566 197.582 0.000653126 0.000645232
22 2 31 0.005 1.13457 0.106224 196.007 0.0008114 0.000795201
22 3 25 0.005 1.19237 0.205822 200.61 0.00063199 0.000633916
22 4 27 0.005 1.30025 0.238583 201.778 0.000646383 0.00065213
22 5 19 0.005 1.28724 0.243065 197.746 0.000457491 0.000452336
22 6 14 0.005 1.274 0.388352 195.663 0.000333566 0.000326332
22 7 20 0.005 1.15575 0.426898 197.39 0.000500152 0.000493624
22 8 22 0.005 1.32949 0.436351 199.658 0.000507605 0.000506738
22 9 23 0.005 1.2152 0.512793 198.859 0.000551415 0.000548269
22 10 21 0.005 1.214 0.591274 201.068 0.000495944 0.000498593
22 11 22 0.005 1.3895 0.664618 198.008 0.00047539 0.000470657
22 12 25 0.005 1.28222 0.708306 197.531 0.000559339 0.000552434
22 13 17 0.005 1.42504 0.783923 199.536 0.000353332 0.000352512
22 14 16 0.005 1.38816 0.824881 197.616 0.000334289 0.000330303
22 15 14 0.005 1.40131 0.87543 194.332 0.000287654 0.000279503
22 16 23 0.005 1.41266 0.990348 196.355 0.000457702 0.000449361
22 17 20 0.005 1.32612 1.01168 195.498 0.000408097 0.00039891
22 18 0 0 0 0 0 0 0
22 19 0 0 0 0 0 0 0
22 20 0 0 0 0 0 0 0
22 21 0 0 0 0 0 0 0
22 22 0 0 0 0 0 0 0
22 23 0 0 0 0 0 0 0
23 0 20 0.005 1.30247 0.0440909 198.972 0.000483147 0.000480663
23 1 24 0.005 1.182 0.0615891 195.81 0.000614643 0.000601767
23 2 29 0.005 1.29382 0.154698 203.022 0.000700622 0.000711208
23 3 28 0.005 1.42793 0.131173 196.454 0.000635576 0.000624308
23 4 31 0.005 1.27185 0.235519 200.103 0.000752413 0.000752801
23 5 29 0.005 1.16959 0.276594 197.561 0.000736049 0.000727072
23 6 25 0.005 1.25872 0.348608 199.429 0.000603091 0.00060137
23 7 30 0.005 1.43462 0.475915 198.648 0.000656867 0.000652427
23 8 24 0.005 1.31358 0.498762 198.565 0.000552233 0.00054827
23 9 25 0.005 1.22465 0.529107 199.978 0.00059503 0.000594964
23 10 19 0.005 1.29193 0.667921 195.98 0.000427179 0.000418592
23 11 26 0.005 1.29554 0.585742 197.697 0.000593554 0.000586721
23 12 13 0.005 1.48284 0.657956 195.49 0.000270699 0.000264595
23 13 15 0.005 1.34706 0.732124 199.033 0.000325185 0.000323613
23 14 14 0.005 1.30451 0.830243 195.996 0.000301689 0.00029565
23 15 0 0 0 0 0 0 0
23 16 13 0.005 1.37668 1.06088 198.971 0.000257271 0.000255947
23 17 11 0.005 1.59245 1.15299 191.228 0.000197897 0.000189217
23 18 11 0.005 1.62159 1.2976 198.59 0.000189369 0.000188034
23 19 10 0.005 1.50799 1.21206 192.82 0.000182208 0.000175667
23 20 0 0 0 0 0 0 0
23 21 0 0 0 0 0 0 0
23 22 0 0 0 0 0 0 0
23 23 0 0 0 0 0 0 0
