#  ix    iy     NB       E/N    TB    UxB       UyB       muB       rhoB     epsilonB
0 0 33 0.125579 0.169604 0.0762565 1.81275 0.00324438 0.00467864
0 1 40 0.163095 -0.0083572 0.0590207 -0.67931 0.00399291 0.00603809
0 2 28 0.125118 0.0570274 0.250114 1.67593 0.00271218 0.00390888
0 3 30 0.116378 -0.0424171 0.289532 2.5959 0.00287926 0.00410393
0 4 26 0.167364 -0.00184154 0.342144 -1.4008 0.00245999 0.00374009
0 5 34 0.146395 0.068629 0.525922 0.0822113 0.00300367 0.00444729
0 6 26 0.103336 -0.00151306 0.368423 3.96271 0.00243969 0.00342035
0 7 34 0.135214 0.00965464 0.619083 0.874193 0.00289076 0.00421992
0 8 26 0.11982 -0.00720931 0.752067 1.91708 0.0020779 0.00297468
0 9 19 0.0957831 0.0840857 0.833251 4.51158 0.00145664 0.0020227
0 10 19 0.0970329 0.0207853 0.98438 4.25156 0.00135389 0.00188299
0 11 10 0.10881 0.0549484 1.09617 1.99079 0.000673495 0.00095079
0 12 12 0.730402 0.0447886 1.14939 -11.0438 0.000787313 0.0010627
0 13 0 0 0 0 0 0 0
0 14 0 0 0 0 0 0 0
0 15 0 0 0 0 0 0 0
0 16 0 0 0 0 0 0 0
0 17 0 0 0 0 0 0 0
0 18 0 0 0 0 0 0 0
0 19 0 0 0 0 0 0 0
0 20 0 0 0 0 0 0 0
0 21 0 0 0 0 0 0 0
0 22 0 0 0 0 0 0 0
0 23 0 0 0 0 0 0 0
1 0 29 0.123653 0.130266 -0.0662212 1.86868 0.00286952 0.00412797
1 1 24 0.141219 0.13764 0.222692 0.194218 0.00232176 0.00341517
1 2 38 0.141455 0.0892246 0.162674 0.652556 0.00373624 0.00549744
1 3 35 0.160842 0.192924 0.206369 -0.719771 0.00336818 0.0050789
1 4 33 0.144543 0.115456 0.393382 0.22804 0.00305336 0.00451027
1 5 37 0.180055 0.090196 0.416929 -1.72154 0.00340329 0.00525761
1 6 27 0.140187 0.0940398 0.418482 0.337304 0.00248138 0.0036452
1 7 32 0.144955 0.103395 0.626669 0.0764432 0.00270121 0.00399217
1 8 26 0.109399 0.0363158 0.698297 3.07255 0.00213076 0.00301031
1 9 31 0.0964028 0.0729165 0.827753 4.91112 0.00238427 0.0033134
1 10 27 0.727138 0.19674 0.851043 -10.0777 0.00203348 0.00273249
1 11 13 0.0786157 0.12638 0.998611 7.17735 0.000916221 0.00124492
1 12 10 0.726985 0.194071 1.43151 -11.3502 0.000569168 0.000764659
1 13 0 0 0 0 0 0 0
1 14 0 0 0 0 0 0 0
1 15 0 0 0 0 0 0 0
1 16 0 0 0 0 0 0 0
1 17 0 0 0 0 0 0 0
1 18 0 0 0 0 0 0 0
1 19 0 0 0 0 0 0 0
1 20 0 0 0 0 0 0 0
1 21 0 0 0 0 0 0 0
1 22 0 0 0 0 0 0 0
1 23 0 0 0 0 0 0 0
2 0 34 0.17425 0.317808 0.0809005 -1.48876 0.00323071 0.00495467
2 1 39 0.132875 0.202846 0.0150533 1.34314 0.00382174 0.00556245
2 2 36 0.125133 0.174484 0.235981 1.91635 0.00345431 0.00497856
2 3 30 0.177529 0.157172 0.267956 -1.77182 0.00286494 0.0044119
2 4 35 0.159195 0.273971 0.326931 -0.668025 0.00321936 0.0048444
2 5 31 0.139951 0.238971 0.350333 0.494861 0.00285397 0.0041913
2 6 33 0.150484 0.111821 0.497641 -0.214851 0.0029397 0.00437514
2 7 32 0.137845 0.225468 0.580378 0.605626 0.00271648 0.00397874
2 8 39 0.130935 0.179322 0.681463 1.32393 0.00318801 0.00462867
2 9 18 0.114634 0.32935 0.860478 2.00496 0.00132378 0.00188268
2 10 18 0.12568 0.297473 0.980115 0.855734 0.00125745 0.00181356
2 11 19 0.731833 0.22088 0.896997 -10.4789 0.00139563 0.00188749
2 12 0 0 0 0 0 0 0
2 13 0 0 0 0 0 0 0
2 14 0 0 0 0 0 0 0
2 15 0 0 0 0 0 0 0
2 16 0 0 0 0 0 0 0
2 17 0 0 0 0 0 0 0
2 18 0 0 0 0 0 0 0
2 19 0 0 0 0 0 0 0
2 20 0 0 0 0 0 0 0
2 21 0 0 0 0 0 0 0
2 22 0 0 0 0 0 0 0
2 23 0 0 0 0 0 0 0
3 0 36 0.14956 0.312789 0.0943731 -0.00186421 0.00342199 0.00508699
3 1 28 0.160826 0.347957 0.0578549 -0.962223 0.00264054 0.00398161
3 2 26 0.193717 0.294633 0.18087 -2.6574 0.00245729 0.00386182
3 3 31 0.179265 0.316483 0.284521 -1.86029 0.00285244 0.00440224
3 4 26 0.187234 0.287077 0.280302 -2.39584 0.00241302 0.00376154
3 5 30 0.11187 0.279874 0.252071 3.06275 0.00280746 0.00397877
3 6 32 0.116654 0.276257 0.488255 2.53566 0.00279084 0.0039793
3 7 32 0.139587 0.282406 0.580283 0.462564 0.00268871 0.00394678
3 8 27 0.140977 0.366211 0.687977 0.125677 0.0021296 0.00313157
3 9 27 0.113547 0.341866 0.801031 2.55417 0.00203606 0.00289168
3 10 12 0.118407 0.388256 1.13686 1.0639 0.000767718 0.00109708
3 11 0 0 0 0 0 0 0
3 12 0 0 0 0 0 0 0
3 13 0 0 0 0 0 0 0
3 14 0 0 0 0 0 0 0
3 15 0 0 0 0 0 0 0
3 16 0 0 0 0 0 0 0
3 17 0 0 0 0 0 0 0
3 18 0 0 0 0 0 0 0
3 19 0 0 0 0 0 0 0
3 20 0 0 0 0 0 0 0
3 21 0 0 0 0 0 0 0
3 22 0 0 0 0 0 0 0
3 23 0 0 0 0 0 0 0
4 0 38 0.137036 0.39788 0.0248783 0.930201 0.00352984 0.00516476
4 1 46 0.132088 0.308056 0.0748403 1.54586 0.00438493 0.0063758
4 2 34 0.114742 0.409707 0.267994 2.82915 0.00305368 0.00434352
4 3 31 0.133559 0.346038 0.263187 0.991189 0.00284295 0.00414143
4 4 39 0.131735 0.365243 0.315286 1.35345 0.00351251 0.00510499
4 5 19 0.18773 0.372719 0.409872 -2.79069 0.001662 0.00259242
4 6 29 0.14118 0.351256 0.462982 0.27393 0.00250734 0.00368798
4 7 26 0.13936 0.284702 0.571213 0.275335 0.00219166 0.00321623
4 8 21 0.121415 0.3665 0.699073 1.52844 0.00164838 0.00236456
4 9 24 0.114474 0.475941 0.656307 2.36465 0.0018643 0.00265086
4 10 14 0.121285 0.580941 1.07959 0.919043 0.000884904 0.00126917
4 11 10 0.723984 0.439168 0.991473 -11.1594 0.000677925 0.000907011
4 12 11 0.0852631 0.557394 1.39519 5.41672 0.00060949 0.000835139
4 13 0 0 0 0 0 0 0
4 14 0 0 0 0 0 0 0
4 15 0 0 0 0 0 0 0
4 16 0 0 0 0 0 0 0
4 17 0 0 0 0 0 0 0
4 18 0 0 0 0 0 0 0
4 19 0 0 0 0 0 0 0
4 20 0 0 0 0 0 0 0
4 21 0 0 0 0 0 0 0
4 22 0 0 0 0 0 0 0
4 23 0 0 0 0 0 0 0
5 0 32 0.137934 0.536175 0.0981627 0.632472 0.0028097 0.00411575
5 1 42 0.187485 0.484725 0.0645843 -1.95996 0.00377304 0.00588346
5 2 43 0.133171 0.460599 0.240383 1.31718 0.00381573 0.00555579
5 3 35 0.13656 0.371511 0.244546 0.868671 0.00319795 0.00467633
5 4 34 0.146812 0.411257 0.372177 0.0432945 0.00297326 0.00440459
5 5 35 0.15088 0.384626 0.386391 -0.196415 0.00307297 0.00457578
5 6 37 0.13461 0.438468 0.466637 0.997638 0.00311596 0.00454518
5 7 22 0.143395 0.46234 0.737508 -0.299943 0.00165941 0.00244763
5 8 22 0.115237 0.436315 0.761778 2.16229 0.00165331 0.00235312
5 9 18 0.136097 0.513049 0.869172 -0.0208782 0.00126689 0.00185147
5 10 16 0.0847873 0.632684 1.02614 6.02331 0.00102152 0.00139888
5 11 0 0 0 0 0 0 0
5 12 0 0 0 0 0 0 0
5 13 0 0 0 0 0 0 0
5 14 0 0 0 0 0 0 0
5 15 0 0 0 0 0 0 0
5 16 0 0 0 0 0 0 0
5 17 0 0 0 0 0 0 0
5 18 0 0 0 0 0 0 0
5 19 0 0 0 0 0 0 0
5 20 0 0 0 0 0 0 0
5 21 0 0 0 0 0 0 0
5 22 0 0 0 0 0 0 0
5 23 0 0 0 0 0 0 0
6 0 31 0.160403 0.481954 0.0518946 -0.882622 0.00278954 0.00420404
6 1 25 0.163468 0.610374 0.153402 -1.33555 0.00211584 0.00320109
6 2 33 0.130225 0.522874 0.175126 1.28616 0.00288977 0.00419189
6 3 43 0.120983 0.552831 0.190689 2.38239 0.00371189 0.00532171
6 4 30 0.168156 0.502955 0.329233 -1.39941 0.0025712 0.00391307
6 5 30 0.100311 0.549901 0.351913 4.40034 0.00251204 0.00350829
6 6 39 0.120476 0.519838 0.531843 2.26146 0.00312944 0.00448378
6 7 18 0.135948 0.445196 0.650196 0.100599 0.0014138 0.00206578
6 8 16 0.0803152 0.492768 0.646532 7.11509 0.00124153 0.00169056
6 9 21 0.0768908 0.684597 0.816931 8.0146 0.00143686 0.00194808
6 10 14 0.716202 0.77896 1.13344 -10.9232 0.000823322 0.0010897
6 11 0 0 0 0 0 0 0
6 12 0 0 0 0 0 0 0
6 13 0 0 0 0 0 0 0
6 14 0 0 0 0 0 0 0
6 15 0 0 0 0 0 0 0
6 16 0 0 0 0 0 0 0
6 17 0 0 0 0 0 0 0
6 18 0 0 0 0 0 0 0
6 19 0 0 0 0 0 0 0
6 20 0 0 0 0 0 0 0
6 21 0 0 0 0 0 0 0
6 22 0 0 0 0 0 0 0
6 23 0 0 0 0 0 0 0
7 0 39 0.139402 0.606072 -0.00185138 0.691986 0.00333525 0.00489469
7 1 35 0.166316 0.573549 0.18695 -1.14617 0.00299692 0.0045504
7 2 35 0.140711 0.638991 0.161965 0.461821 0.00292221 0.00429564
7 3 33 0.138477 0.52519 0.236652 0.6084 0.0028595 0.00419158
7 4 31 0.125798 0.609118 0.382567 1.53876 0.0025166 0.00363013
7 5 16 0.131064 0.654049 0.516603 0.359842 0.00122908 0.00178479
7 6 22 0.126367 0.63629 0.569361 1.07887 0.00167309 0.00241514
7 7 16 0.107806 0.664701 0.585627 2.68707 0.00119764 0.00168859
7 8 12 0.104167 0.678616 0.744044 2.79486 0.000845548 0.00118668
7 9 0 0 0 0 0 0 0
7 10 14 0.10186 0.749494 0.929719 3.16059 0.000898819 0.00125775
7 11 0 0 0 0 0 0 0
7 12 0 0 0 0 0 0 0
7 13 0 0 0 0 0 0 0
7 14 0 0 0 0 0 0 0
7 15 0 0 0 0 0 0 0
7 16 0 0 0 0 0 0 0
7 17 0 0 0 0 0 0 0
7 18 0 0 0 0 0 0 0
7 19 0 0 0 0 0 0 0
7 20 0 0 0 0 0 0 0
7 21 0 0 0 0 0 0 0
7 22 0 0 0 0 0 0 0
7 23 0 0 0 0 0 0 0
8 0 34 0.0965891 0.798142 -0.00709633 4.99173 0.00265732 0.00369373
8 1 41 0.136849 0.743691 0.2195 0.859176 0.00324006 0.00473964
8 2 32 0.122128 0.675507 0.205025 1.92055 0.00261423 0.00375346
8 3 21 0.118565 0.613224 0.377652 1.84512 0.00170407 0.00243564
8 4 20 0.129598 0.673437 0.281226 0.758508 0.00161553 0.00234162
8 5 31 0.125594 0.812313 0.49292 1.44421 0.00224731 0.00324085
8 6 24 0.107653 0.763998 0.4863 3.10138 0.00177891 0.00250765
8 7 15 0.0832975 0.778265 0.78238 6.29781 0.00100723 0.0013767
8 8 0 0 0 0 0 0 0
8 9 12 0.712602 0.988917 1.14782 -11.1232 0.000661034 0.000870508
8 10 0 0 0 0 0 0 0
8 11 0 0 0 0 0 0 0
8 12 0 0 0 0 0 0 0
8 13 0 0 0 0 0 0 0
8 14 0 0 0 0 0 0 0
8 15 0 0 0 0 0 0 0
8 16 0 0 0 0 0 0 0
8 17 0 0 0 0 0 0 0
8 18 0 0 0 0 0 0 0
8 19 0 0 0 0 0 0 0
8 20 0 0 0 0 0 0 0
8 21 0 0 0 0 0 0 0
8 22 0 0 0 0 0 0 0
8 23 0 0 0 0 0 0 0
9 0 23 0.129528 0.778894 0.0120074 0.880631 0.00181445 0.0026297
9 1 26 0.11612 0.950785 0.111015 2.19582 0.00187819 0.00267619
9 2 30 0.117204 0.830354 0.161804 2.28068 0.00229036 0.00326798
9 3 17 0.11063 0.821088 0.35206 2.40957 0.00126776 0.00179387
9 4 19 0.107424 0.865802 0.338989 2.88365 0.00139146 0.00196091
9 5 17 0.10503 0.899048 0.569787 3.00371 0.00116402 0.00163542
9 6 12 0.100715 0.92172 0.66801 3.19012 0.000791979 0.00110664
9 7 14 0.082912 0.916391 0.563256 6.31898 0.000953235 0.00130227
9 8 11 0.684114 0.825061 0.684438 -10.8368 0.000750337 0.000948608
9 9 0 0 0 0 0 0 0
9 10 0 0 0 0 0 0 0
9 11 0 0 0 0 0 0 0
9 12 0 0 0 0 0 0 0
9 13 0 0 0 0 0 0 0
9 14 0 0 0 0 0 0 0
9 15 0 0 0 0 0 0 0
9 16 0 0 0 0 0 0 0
9 17 0 0 0 0 0 0 0
9 18 0 0 0 0 0 0 0
9 19 0 0 0 0 0 0 0
9 20 0 0 0 0 0 0 0
9 21 0 0 0 0 0 0 0
9 22 0 0 0 0 0 0 0
9 23 0 0 0 0 0 0 0
10 0 34 0.104692 1.03054 -0.0163498 3.75685 0.00236759 0.00332498
10 1 26 0.0849842 0.965197 0.043287 6.59044 0.00186984 0.00256119
10 2 24 0.123658 0.950525 0.260039 1.35016 0.00170944 0.00245915
10 3 25 0.0819806 1.06895 0.206919 7.07934 0.00169109 0.00230758
10 4 16 0.714164 0.835653 0.461174 -10.5715 0.00115742 0.00152753
10 5 10 0.0821111 1.14918 0.469337 6.06126 0.000627346 0.000856184
10 6 10 0.0861595 1.21447 0.615938 5.22015 0.0005919 0.000811956
10 7 0 0 0 0 0 0 0
10 8 0 0 0 0 0 0 0
10 9 0 0 0 0 0 0 0
10 10 0 0 0 0 0 0 0
10 11 0 0 0 0 0 0 0
10 12 0 0 0 0 0 0 0
10 13 0 0 0 0 0 0 0
10 14 0 0 0 0 0 0 0
10 15 0 0 0 0 0 0 0
10 16 0 0 0 0 0 0 0
10 17 0 0 0 0 0 0 0
10 18 0 0 0 0 0 0 0
10 19 0 0 0 0 0 0 0
10 20 0 0 0 0 0 0 0
10 21 0 0 0 0 0 0 0
10 22 0 0 0 0 0 0 0
10 23 0 0 0 0 0 0 0
11 0 19 0.0806606 1.18117 0.0270629 7.03109 0.0012275 0.00167218
11 1 12 0.727966 1.08704 0.212459 -11.0098 0.000804156 0.00108181
11 2 19 0.0784137 1.03541 0.205392 7.57687 0.0013067 0.00177503
11 3 13 0.725868 1.11939 0.254093 -10.9386 0.000853934 0.00114547
11 4 0 0 0 0 0 0 0
11 5 0 0 0 0 0 0 0
11 6 0 0 0 0 0 0 0
11 7 0 0 0 0 0 0 0
11 8 0 0 0 0 0 0 0
11 9 0 0 0 0 0 0 0
11 10 0 0 0 0 0 0 0
11 11 0 0 0 0 0 0 0
11 12 0 0 0 0 0 0 0
11 13 0 0 0 0 0 0 0
11 14 0 0 0 0 0 0 0
11 15 0 0 0 0 0 0 0
11 16 0 0 0 0 0 0 0
11 17 0 0 0 0 0 0 0
11 18 0 0 0 0 0 0 0
11 19 0 0 0 0 0 0 0
11 20 0 0 0 0 0 0 0
11 21 0 0 0 0 0 0 0
11 22 0 0 0 0 0 0 0
11 23 0 0 0 0 0 0 0
12 0 0 0 0 0 0 0 0
12 1 11 0.0901425 1.41604 0.110934 4.58241 0.000633243 0.000873062
12 2 0 0 0 0 0 0 0
12 3 0 0 0 0 0 0 0
12 4 0 0 0 0 0 0 0
12 5 0 0 0 0 0 0 0
12 6 0 0 0 0 0 0 0
12 7 0 0 0 0 0 0 0
12 8 0 0 0 0 0 0 0
12 9 0 0 0 0 0 0 0
12 10 0 0 0 0 0 0 0
12 11 0 0 0 0 0 0 0
12 12 0 0 0 0 0 0 0
12 13 0 0 0 0 0 0 0
12 14 0 0 0 0 0 0 0
12 15 0 0 0 0 0 0 0
12 16 0 0 0 0 0 0 0
12 17 0 0 0 0 0 0 0
12 18 0 0 0 0 0 0 0
12 19 0 0 0 0 0 0 0
12 20 0 0 0 0 0 0 0
12 21 0 0 0 0 0 0 0
12 22 0 0 0 0 0 0 0
12 23 0 0 0 0 0 0 0
13 0 0 0 0 0 0 0 0
13 1 0 0 0 0 0 0 0
13 2 0 0 0 0 0 0 0
13 3 0 0 0 0 0 0 0
13 4 0 0 0 0 0 0 0
13 5 0 0 0 0 0 0 0
13 6 0 0 0 0 0 0 0
13 7 0 0 0 0 0 0 0
13 8 0 0 0 0 0 0 0
13 9 0 0 0 0 0 0 0
13 10 0 0 0 0 0 0 0
13 11 0 0 0 0 0 0 0
13 12 0 0 0 0 0 0 0
13 13 0 0 0 0 0 0 0
13 14 0 0 0 0 0 0 0
13 15 0 0 0 0 0 0 0
13 16 0 0 0 0 0 0 0
13 17 0 0 0 0 0 0 0
13 18 0 0 0 0 0 0 0
13 19 0 0 0 0 0 0 0
13 20 0 0 0 0 0 0 0
13 21 0 0 0 0 0 0 0
13 22 0 0 0 0 0 0 0
13 23 0 0 0 0 0 0 0
14 0 0 0 0 0 0 0 0
14 1 0 0 0 0 0 0 0
14 2 0 0 0 0 0 0 0
14 3 0 0 0 0 0 0 0
14 4 0 0 0 0 0 0 0
14 5 0 0 0 0 0 0 0
14 6 0 0 0 0 0 0 0
14 7 0 0 0 0 0 0 0
14 8 0 0 0 0 0 0 0
14 9 0 0 0 0 0 0 0
14 10 0 0 0 0 0 0 0
14 11 0 0 0 0 0 0 0
14 12 0 0 0 0 0 0 0
14 13 0 0 0 0 0 0 0
14 14 0 0 0 0 0 0 0
14 15 0 0 0 0 0 0 0
14 16 0 0 0 0 0 0 0
14 17 0 0 0 0 0 0 0
14 18 0 0 0 0 0 0 0
14 19 0 0 0 0 0 0 0
14 20 0 0 0 0 0 0 0
14 21 0 0 0 0 0 0 0
14 22 0 0 0 0 0 0 0
14 23 0 0 0 0 0 0 0
15 0 0 0 0 0 0 0 0
15 1 0 0 0 0 0 0 0
15 2 0 0 0 0 0 0 0
15 3 0 0 0 0 0 0 0
15 4 0 0 0 0 0 0 0
15 5 0 0 0 0 0 0 0
15 6 0 0 0 0 0 0 0
15 7 0 0 0 0 0 0 0
15 8 0 0 0 0 0 0 0
15 9 0 0 0 0 0 0 0
15 10 0 0 0 0 0 0 0
15 11 0 0 0 0 0 0 0
15 12 0 0 0 0 0 0 0
15 13 0 0 0 0 0 0 0
15 14 0 0 0 0 0 0 0
15 15 0 0 0 0 0 0 0
15 16 0 0 0 0 0 0 0
15 17 0 0 0 0 0 0 0
15 18 0 0 0 0 0 0 0
15 19 0 0 0 0 0 0 0
15 20 0 0 0 0 0 0 0
15 21 0 0 0 0 0 0 0
15 22 0 0 0 0 0 0 0
15 23 0 0 0 0 0 0 0
16 0 0 0 0 0 0 0 0
16 1 0 0 0 0 0 0 0
16 2 0 0 0 0 0 0 0
16 3 0 0 0 0 0 0 0
16 4 0 0 0 0 0 0 0
16 5 0 0 0 0 0 0 0
16 6 0 0 0 0 0 0 0
16 7 0 0 0 0 0 0 0
16 8 0 0 0 0 0 0 0
16 9 0 0 0 0 0 0 0
16 10 0 0 0 0 0 0 0
16 11 0 0 0 0 0 0 0
16 12 0 0 0 0 0 0 0
16 13 0 0 0 0 0 0 0
16 14 0 0 0 0 0 0 0
16 15 0 0 0 0 0 0 0
16 16 0 0 0 0 0 0 0
16 17 0 0 0 0 0 0 0
16 18 0 0 0 0 0 0 0
16 19 0 0 0 0 0 0 0
16 20 0 0 0 0 0 0 0
16 21 0 0 0 0 0 0 0
16 22 0 0 0 0 0 0 0
16 23 0 0 0 0 0 0 0
17 0 0 0 0 0 0 0 0
17 1 0 0 0 0 0 0 0
17 2 0 0 0 0 0 0 0
17 3 0 0 0 0 0 0 0
17 4 0 0 0 0 0 0 0
17 5 0 0 0 0 0 0 0
17 6 0 0 0 0 0 0 0
17 7 0 0 0 0 0 0 0
17 8 0 0 0 0 0 0 0
17 9 0 0 0 0 0 0 0
17 10 0 0 0 0 0 0 0
17 11 0 0 0 0 0 0 0
17 12 0 0 0 0 0 0 0
17 13 0 0 0 0 0 0 0
17 14 0 0 0 0 0 0 0
17 15 0 0 0 0 0 0 0
17 16 0 0 0 0 0 0 0
17 17 0 0 0 0 0 0 0
17 18 0 0 0 0 0 0 0
17 19 0 0 0 0 0 0 0
17 20 0 0 0 0 0 0 0
17 21 0 0 0 0 0 0 0
17 22 0 0 0 0 0 0 0
17 23 0 0 0 0 0 0 0
18 0 0 0 0 0 0 0 0
18 1 0 0 0 0 0 0 0
18 2 0 0 0 0 0 0 0
18 3 0 0 0 0 0 0 0
18 4 0 0 0 0 0 0 0
18 5 0 0 0 0 0 0 0
18 6 0 0 0 0 0 0 0
18 7 0 0 0 0 0 0 0
18 8 0 0 0 0 0 0 0
18 9 0 0 0 0 0 0 0
18 10 0 0 0 0 0 0 0
18 11 0 0 0 0 0 0 0
18 12 0 0 0 0 0 0 0
18 13 0 0 0 0 0 0 0
18 14 0 0 0 0 0 0 0
18 15 0 0 0 0 0 0 0
18 16 0 0 0 0 0 0 0
18 17 0 0 0 0 0 0 0
18 18 0 0 0 0 0 0 0
18 19 0 0 0 0 0 0 0
18 20 0 0 0 0 0 0 0
18 21 0 0 0 0 0 0 0
18 22 0 0 0 0 0 0 0
18 23 0 0 0 0 0 0 0
19 0 0 0 0 0 0 0 0
19 1 0 0 0 0 0 0 0
19 2 0 0 0 0 0 0 0
19 3 0 0 0 0 0 0 0
19 4 0 0 0 0 0 0 0
19 5 0 0 0 0 0 0 0
19 6 0 0 0 0 0 0 0
19 7 0 0 0 0 0 0 0
19 8 0 0 0 0 0 0 0
19 9 0 0 0 0 0 0 0
19 10 0 0 0 0 0 0 0
19 11 0 0 0 0 0 0 0
19 12 0 0 0 0 0 0 0
19 13 0 0 0 0 0 0 0
19 14 0 0 0 0 0 0 0
19 15 0 0 0 0 0 0 0
19 16 0 0 0 0 0 0 0
19 17 0 0 0 0 0 0 0
19 18 0 0 0 0 0 0 0
19 19 0 0 0 0 0 0 0
19 20 0 0 0 0 0 0 0
19 21 0 0 0 0 0 0 0
19 22 0 0 0 0 0 0 0
19 23 0 0 0 0 0 0 0
20 0 0 0 0 0 0 0 0
20 1 0 0 0 0 0 0 0
20 2 0 0 0 0 0 0 0
20 3 0 0 0 0 0 0 0
20 4 0 0 0 0 0 0 0
20 5 0 0 0 0 0 0 0
20 6 0 0 0 0 0 0 0
20 7 0 0 0 0 0 0 0
20 8 0 0 0 0 0 0 0
20 9 0 0 0 0 0 0 0
20 10 0 0 0 0 0 0 0
20 11 0 0 0 0 0 0 0
20 12 0 0 0 0 0 0 0
20 13 0 0 0 0 0 0 0
20 14 0 0 0 0 0 0 0
20 15 0 0 0 0 0 0 0
20 16 0 0 0 0 0 0 0
20 17 0 0 0 0 0 0 0
20 18 0 0 0 0 0 0 0
20 19 0 0 0 0 0 0 0
20 20 0 0 0 0 0 0 0
20 21 0 0 0 0 0 0 0
20 22 0 0 0 0 0 0 0
20 23 0 0 0 0 0 0 0
21 0 0 0 0 0 0 0 0
21 1 0 0 0 0 0 0 0
21 2 0 0 0 0 0 0 0
21 3 0 0 0 0 0 0 0
21 4 0 0 0 0 0 0 0
21 5 0 0 0 0 0 0 0
21 6 0 0 0 0 0 0 0
21 7 0 0 0 0 0 0 0
21 8 0 0 0 0 0 0 0
21 9 0 0 0 0 0 0 0
21 10 0 0 0 0 0 0 0
21 11 0 0 0 0 0 0 0
21 12 0 0 0 0 0 0 0
21 13 0 0 0 0 0 0 0
21 14 0 0 0 0 0 0 0
21 15 0 0 0 0 0 0 0
21 16 0 0 0 0 0 0 0
21 17 0 0 0 0 0 0 0
21 18 0 0 0 0 0 0 0
21 19 0 0 0 0 0 0 0
21 20 0 0 0 0 0 0 0
21 21 0 0 0 0 0 0 0
21 22 0 0 0 0 0 0 0
21 23 0 0 0 0 0 0 0
22 0 0 0 0 0 0 0 0
22 1 0 0 0 0 0 0 0
22 2 0 0 0 0 0 0 0
22 3 0 0 0 0 0 0 0
22 4 0 0 0 0 0 0 0
22 5 0 0 0 0 0 0 0
22 6 0 0 0 0 0 0 0
22 7 0 0 0 0 0 0 0
22 8 0 0 0 0 0 0 0
22 9 0 0 0 0 0 0 0
22 10 0 0 0 0 0 0 0
22 11 0 0 0 0 0 0 0
22 12 0 0 0 0 0 0 0
22 13 0 0 0 0 0 0 0
22 14 0 0 0 0 0 0 0
22 15 0 0 0 0 0 0 0
22 16 0 0 0 0 0 0 0
22 17 0 0 0 0 0 0 0
22 18 0 0 0 0 0 0 0
22 19 0 0 0 0 0 0 0
22 20 0 0 0 0 0 0 0
22 21 0 0 0 0 0 0 0
22 22 0 0 0 0 0 0 0
22 23 0 0 0 0 0 0 0
23 0 0 0 0 0 0 0 0
23 1 0 0 0 0 0 0 0
23 2 0 0 0 0 0 0 0
23 3 0 0 0 0 0 0 0
23 4 0 0 0 0 0 0 0
23 5 0 0 0 0 0 0 0
23 6 0 0 0 0 0 0 0
23 7 0 0 0 0 0 0 0
23 8 0 0 0 0 0 0 0
23 9 0 0 0 0 0 0 0
23 10 0 0 0 0 0 0 0
23 11 0 0 0 0 0 0 0
23 12 0 0 0 0 0 0 0
23 13 0 0 0 0 0 0 0
23 14 0 0 0 0 0 0 0
23 15 0 0 0 0 0 0 0
23 16 0 0 0 0 0 0 0
23 17 0 0 0 0 0 0 0
23 18 0 0 0 0 0 0 0
23 19 0 0 0 0 0 0 0
23 20 0 0 0 0 0 0 0
23 21 0 0 0 0 0 0 0
23 22 0 0 0 0 0 0 0
23 23 0 0 0 0 0 0 0
