#  ix    iy     NB       E/N    TB    UxB       UyB       muB       rhoB     epsilonB
0 0 19 0.111393 -0.0621373 0.0338319 2.46114 0.00152844 0.00210052
0 1 11 0.0813539 0.0566909 0.147202 6.36239 0.000876262 0.00115767
0 2 13 0.728901 0.0852165 0.295897 -10.5365 0.00100196 0.00130295
0 3 0 0 0 0 0 0 0
0 4 17 0.10564 0.0199069 0.319859 2.97287 0.00130556 0.00178071
0 5 18 0.0781931 0.188421 0.346122 7.45004 0.00135053 0.00177687
0 6 22 0.120322 0.0887331 0.472628 1.5855 0.00159892 0.00222332
0 7 16 0.108947 0.0489879 0.563797 2.42945 0.00112297 0.00153833
0 8 13 0.103397 0.110923 0.65629 2.84984 0.000872741 0.00118687
0 9 15 0.0850404 -0.130883 0.815424 5.71916 0.000932719 0.00123823
0 10 16 0.722633 -0.0555382 0.641205 -10.4239 0.00108502 0.00139883
0 11 0 0 0 0 0 0 0
0 12 14 0.726362 0.0671988 0.954369 -10.7287 0.0008158 0.00105717
0 13 13 0.723849 0.0758939 1.15586 -10.8901 0.000685092 0.000884718
0 14 0 0 0 0 0 0 0
0 15 0 0 0 0 0 0 0
0 16 0 0 0 0 0 0 0
0 17 0 0 0 0 0 0 0
0 18 0 0 0 0 0 0 0
0 19 0 0 0 0 0 0 0
0 20 0 0 0 0 0 0 0
0 21 0 0 0 0 0 0 0
0 22 0 0 0 0 0 0 0
0 23 0 0 0 0 0 0 0
1 0 15 0.125851 0.104328 0.10172 0.786457 0.00119704 0.00167662
1 1 12 0.719196 0.198733 0.165905 -10.5525 0.000936857 0.00120207
1 2 0 0 0 0 0 0 0
1 3 19 0.115977 0.113975 0.238447 1.94083 0.0014814 0.00204817
1 4 0 0 0 0 0 0 0
1 5 15 0.109642 0.162457 0.477199 2.31087 0.00108019 0.00148109
1 6 23 0.0801428 0.118181 0.540259 7.22407 0.00162316 0.00214103
1 7 15 0.730177 0.126848 0.520599 -10.481 0.00106626 0.00138898
1 8 18 0.73252 0.167753 0.554812 -10.3295 0.0012559 0.00164128
1 9 15 0.0961538 0.188143 0.639376 3.97843 0.0010066 0.00135594
1 10 16 0.0942365 0.127807 0.716298 4.29897 0.00104336 0.00140193
1 11 10 0.0777333 0.138078 0.846998 6.75801 0.00061199 0.000804704
1 12 19 0.0899757 0.0711098 0.994949 5.01124 0.00108483 0.00144953
1 13 0 0 0 0 0 0 0
1 14 0 0 0 0 0 0 0
1 15 0 0 0 0 0 0 0
1 16 0 0 0 0 0 0 0
1 17 0 0 0 0 0 0 0
1 18 0 0 0 0 0 0 0
1 19 0 0 0 0 0 0 0
1 20 0 0 0 0 0 0 0
1 21 0 0 0 0 0 0 0
1 22 0 0 0 0 0 0 0
1 23 0 0 0 0 0 0 0
2 0 22 0.115948 0.169595 0.0323834 2.10944 0.00174833 0.00241713
2 1 33 0.119457 0.161661 0.0692536 2.16331 0.00262106 0.00364048
2 2 19 0.121537 0.215563 0.122491 1.39742 0.00148723 0.00207131
2 3 21 0.101202 0.173752 0.284615 3.74479 0.00160658 0.00217855
2 4 0 0 0 0 0 0 0
2 5 13 0.0844486 0.14624 0.301694 5.89217 0.000994009 0.00131857
2 6 11 0.113346 0.182061 0.70797 1.49021 0.000716154 0.000986734
2 7 13 0.722188 0.183824 0.608455 -10.6256 0.000884783 0.00113998
2 8 16 0.124296 0.134633 0.810605 0.74265 0.000996929 0.00139349
2 9 0 0 0 0 0 0 0
2 10 10 0.115887 0.138316 0.862099 1.05864 0.000607481 0.000839801
2 11 11 0.713872 0.0996552 0.705333 -10.7838 0.000722525 0.000920199
2 12 0 0 0 0 0 0 0
2 13 12 0.713708 0.234548 1.16585 -10.9314 0.000622834 0.00079305
2 14 0 0 0 0 0 0 0
2 15 10 0.70784 0.298296 1.36643 -11.1832 0.000469049 0.000592327
2 16 0 0 0 0 0 0 0
2 17 0 0 0 0 0 0 0
2 18 0 0 0 0 0 0 0
2 19 0 0 0 0 0 0 0
2 20 0 0 0 0 0 0 0
2 21 0 0 0 0 0 0 0
2 22 0 0 0 0 0 0 0
2 23 0 0 0 0 0 0 0
3 0 14 0.0861499 0.16266 0.0333935 5.69538 0.00111378 0.00148075
3 1 14 0.112159 0.275108 0.167984 2.0246 0.00107459 0.00147828
3 2 13 0.0927512 0.217719 0.0876093 4.50507 0.00102066 0.00136875
3 3 24 0.0870474 0.250062 0.264062 6.02667 0.00181893 0.00242109
3 4 18 0.0877354 0.121484 0.26263 5.64092 0.00139441 0.0018577
3 5 14 0.111635 0.276925 0.352595 2.03996 0.00103023 0.00141628
3 6 13 0.118984 0.260521 0.388975 1.19418 0.000949487 0.00131795
3 7 18 0.0964157 0.181724 0.661436 4.11366 0.00119706 0.00161306
3 8 10 0.702131 0.350575 0.714803 -10.8555 0.000630918 0.000790313
3 9 15 0.0920534 0.146064 0.673739 4.59012 0.000995945 0.00133439
3 10 23 0.729304 0.279104 0.763485 -10.1764 0.00143928 0.00187268
3 11 0 0 0 0 0 0 0
3 12 0 0 0 0 0 0 0
3 13 0 0 0 0 0 0 0
3 14 11 0.0762867 0.27689 1.18118 6.99723 0.000564233 0.000740505
3 15 0 0 0 0 0 0 0
3 16 0 0 0 0 0 0 0
3 17 0 0 0 0 0 0 0
3 18 0 0 0 0 0 0 0
3 19 0 0 0 0 0 0 0
3 20 0 0 0 0 0 0 0
3 21 0 0 0 0 0 0 0
3 22 0 0 0 0 0 0 0
3 23 0 0 0 0 0 0 0
4 0 15 0.12939 0.410578 -0.0266387 0.413619 0.00111869 0.00157418
4 1 13 0.113779 0.332098 0.238494 1.74773 0.000970409 0.00133781
4 2 24 0.124143 0.541541 0.101959 1.28729 0.00169515 0.00236898
4 3 12 0.728954 0.410463 0.168417 -10.6614 0.000884587 0.0011504
4 4 16 0.144202 0.289401 0.291774 -0.649286 0.00119347 0.00171236
4 5 18 0.130399 0.247167 0.380648 0.496311 0.00132184 0.00186252
4 6 18 0.107068 0.337854 0.452187 2.76825 0.00126413 0.00172744
4 7 19 0.0889815 0.346379 0.461757 5.37858 0.00132704 0.00177085
4 8 18 0.726786 0.399848 0.623193 -10.3733 0.00116662 0.00151267
4 9 0 0 0 0 0 0 0
4 10 0 0 0 0 0 0 0
4 11 13 0.0911582 0.44935 0.930176 4.4212 0.000729183 0.000975829
4 12 0 0 0 0 0 0 0
4 13 0 0 0 0 0 0 0
4 14 0 0 0 0 0 0 0
4 15 0 0 0 0 0 0 0
4 16 0 0 0 0 0 0 0
4 17 0 0 0 0 0 0 0
4 18 0 0 0 0 0 0 0
4 19 0 0 0 0 0 0 0
4 20 0 0 0 0 0 0 0
4 21 0 0 0 0 0 0 0
4 22 0 0 0 0 0 0 0
4 23 0 0 0 0 0 0 0
5 0 16 0.0948481 0.439245 0.153568 4.32143 0.00116987 0.00157318
5 1 12 0.725696 0.411579 -0.00466376 -10.6327 0.0008949 0.00115861
5 2 17 0.131924 0.308889 0.168113 0.349477 0.00129332 0.00182598
5 3 18 0.127735 0.302245 0.2329 0.746974 0.00135624 0.00190431
5 4 17 0.0950951 0.327184 0.232777 4.36848 0.00127223 0.00171139
5 5 20 0.114347 0.464395 0.355229 2.04859 0.00139238 0.00192097
5 6 12 0.133258 0.396308 0.434405 -0.196269 0.000834208 0.00117985
5 7 16 0.127637 0.427792 0.630416 0.476751 0.00102639 0.00144098
5 8 14 0.725882 0.429922 0.71688 -10.6662 0.000866247 0.0011218
5 9 15 0.729054 0.439375 0.699145 -10.6089 0.000932772 0.00121323
5 10 11 0.723056 0.489695 0.793071 -10.9402 0.000648924 0.000837094
5 11 0 0 0 0 0 0 0
5 12 0 0 0 0 0 0 0
5 13 11 0.698253 0.444007 1.0445 -10.9072 0.00058645 0.000730554
5 14 0 0 0 0 0 0 0
5 15 0 0 0 0 0 0 0
5 16 0 0 0 0 0 0 0
5 17 0 0 0 0 0 0 0
5 18 0 0 0 0 0 0 0
5 19 0 0 0 0 0 0 0
5 20 0 0 0 0 0 0 0
5 21 0 0 0 0 0 0 0
5 22 0 0 0 0 0 0 0
5 23 0 0 0 0 0 0 0
6 0 18 0.0961499 0.532933 -0.0632749 4.21854 0.00127906 0.00172295
6 1 16 0.115502 0.61721 0.241824 1.6696 0.00107548 0.00148603
6 2 21 0.138593 0.526841 0.127133 -0.0268692 0.00148894 0.00212064
6 3 22 0.126102 0.551044 0.168751 1.01444 0.00153719 0.00215377
6 4 20 0.0978276 0.531313 0.266002 4.05875 0.0013866 0.00187194
6 5 19 0.113773 0.443518 0.538876 2.0068 0.0012565 0.00173221
6 6 19 0.731055 0.616543 0.476677 -10.3603 0.00120859 0.00157629
6 7 13 0.0960966 0.543214 0.479193 3.81654 0.00084904 0.00114362
6 8 18 0.727526 0.474542 0.565314 -10.376 0.00116794 0.00151592
6 9 11 0.0769337 0.459648 0.646456 7.06094 0.000695002 0.0009129
6 10 14 0.705522 0.606558 0.842964 -10.658 0.000783125 0.000985711
6 11 0 0 0 0 0 0 0
6 12 13 0.0741286 0.666207 0.999637 7.67026 0.000670734 0.000877794
6 13 0 0 0 0 0 0 0
6 14 0 0 0 0 0 0 0
6 15 0 0 0 0 0 0 0
6 16 0 0 0 0 0 0 0
6 17 0 0 0 0 0 0 0
6 18 0 0 0 0 0 0 0
6 19 0 0 0 0 0 0 0
6 20 0 0 0 0 0 0 0
6 21 0 0 0 0 0 0 0
6 22 0 0 0 0 0 0 0
6 23 0 0 0 0 0 0 0
7 0 22 0.122975 0.536582 0.0949344 1.30977 0.00155791 0.00217385
7 1 19 0.113714 0.494545 0.0574885 2.10071 0.00137166 0.00189082
7 2 18 0.103298 0.572494 0.213045 3.21264 0.00123878 0.00168443
7 3 16 0.132593 0.586477 0.21863 0.127867 0.00109375 0.00154557
7 4 18 0.081677 0.509984 0.35986 6.63841 0.00123143 0.00162759
7 5 17 0.101674 0.587824 0.406174 3.31779 0.00111549 0.00151356
7 6 11 0.0746582 0.573293 0.648206 7.54509 0.000670805 0.000878496
7 7 12 0.0861414 0.679767 0.657597 5.23688 0.000703089 0.000934736
7 8 13 0.723258 0.543621 0.440354 -10.6608 0.000859035 0.00110844
7 9 15 0.716236 0.541671 0.648308 -10.5504 0.000924061 0.00118077
7 10 0 0 0 0 0 0 0
7 11 13 0.106461 0.699228 0.924287 2.22808 0.00068488 0.000935146
7 12 0 0 0 0 0 0 0
7 13 0 0 0 0 0 0 0
7 14 0 0 0 0 0 0 0
7 15 0 0 0 0 0 0 0
7 16 0 0 0 0 0 0 0
7 17 0 0 0 0 0 0 0
7 18 0 0 0 0 0 0 0
7 19 0 0 0 0 0 0 0
7 20 0 0 0 0 0 0 0
7 21 0 0 0 0 0 0 0
7 22 0 0 0 0 0 0 0
7 23 0 0 0 0 0 0 0
8 0 17 0.0919905 0.585671 0.0712427 4.7703 0.00118078 0.0015819
8 1 15 0.0779717 0.685484 0.143185 7.18816 0.000990877 0.00130331
8 2 13 0.107367 0.694891 0.0999541 2.34522 0.000858048 0.00117299
8 3 18 0.0956758 0.82289 0.305817 4.12882 0.00109089 0.00146857
8 4 17 0.124509 0.606085 0.463001 0.812672 0.00109009 0.00152415
8 5 16 0.0744251 0.63828 0.343444 8.04308 0.00104475 0.0013678
8 6 26 0.0984667 0.723079 0.469939 4.10468 0.00158788 0.00214547
8 7 0 0 0 0 0 0 0
8 8 16 0.109669 0.807567 0.743299 2.09025 0.000869016 0.00119158
8 9 10 0.708685 0.618174 0.64052 -10.9377 0.000602366 0.000761591
8 10 10 0.727645 0.584726 0.870367 -11.1178 0.000556578 0.000722527
8 11 0 0 0 0 0 0 0
8 12 10 0.708436 0.823236 0.98752 -11.1323 0.000495127 0.000625785
8 13 0 0 0 0 0 0 0
8 14 0 0 0 0 0 0 0
8 15 0 0 0 0 0 0 0
8 16 0 0 0 0 0 0 0
8 17 0 0 0 0 0 0 0
8 18 0 0 0 0 0 0 0
8 19 0 0 0 0 0 0 0
8 20 0 0 0 0 0 0 0
8 21 0 0 0 0 0 0 0
8 22 0 0 0 0 0 0 0
8 23 0 0 0 0 0 0 0
9 0 25 0.0975231 0.750946 0.0766429 4.25068 0.00160915 0.00217152
9 1 21 0.104543 0.79844 0.156368 3.11442 0.00131367 0.0017892
9 2 12 0.0953107 0.801623 0.213897 3.80104 0.00074478 0.00100215
9 3 19 0.0862558 0.688857 0.304826 5.77069 0.00122387 0.00162735
9 4 16 0.0887213 0.688496 0.430611 5.14126 0.00100165 0.00133618
9 5 17 0.0938931 0.788595 0.414916 4.33194 0.00102356 0.0013747
9 6 17 0.0804672 0.837253 0.560191 6.63858 0.000965852 0.00127455
9 7 11 0.076521 0.725043 0.477229 7.11624 0.000669925 0.000879485
9 8 10 0.702707 0.604934 0.555968 -10.8712 0.00062311 0.000781173
9 9 11 0.72626 0.759652 0.801268 -11.043 0.000595501 0.000771583
9 10 11 0.717822 0.776596 0.860011 -11.0254 0.000579577 0.000742225
9 11 0 0 0 0 0 0 0
9 12 0 0 0 0 0 0 0
9 13 0 0 0 0 0 0 0
9 14 0 0 0 0 0 0 0
9 15 0 0 0 0 0 0 0
9 16 0 0 0 0 0 0 0
9 17 0 0 0 0 0 0 0
9 18 0 0 0 0 0 0 0
9 19 0 0 0 0 0 0 0
9 20 0 0 0 0 0 0 0
9 21 0 0 0 0 0 0 0
9 22 0 0 0 0 0 0 0
9 23 0 0 0 0 0 0 0
10 0 17 0.0958981 0.755823 0.0260112 4.09855 0.00109347 0.00147248
10 1 17 0.0964575 0.882458 0.205187 3.94361 0.001016 0.00136915
10 2 18 0.100087 0.727538 0.183183 3.56934 0.00116115 0.00157224
10 3 18 0.0892998 0.737363 0.199111 5.18507 0.00115362 0.00154007
10 4 18 0.0927703 0.813677 0.376794 4.5593 0.00108076 0.00144938
10 5 17 0.719282 1.02761 0.380336 -10.5666 0.000924172 0.00118593
10 6 16 0.721584 0.884701 0.52531 -10.6061 0.000899306 0.00115772
10 7 13 0.724271 0.885056 0.602341 -10.8487 0.000715637 0.000924702
10 8 0 0 0 0 0 0 0
10 9 0 0 0 0 0 0 0
10 10 0 0 0 0 0 0 0
10 11 0 0 0 0 0 0 0
10 12 0 0 0 0 0 0 0
10 13 0 0 0 0 0 0 0
10 14 0 0 0 0 0 0 0
10 15 0 0 0 0 0 0 0
10 16 0 0 0 0 0 0 0
10 17 0 0 0 0 0 0 0
10 18 0 0 0 0 0 0 0
10 19 0 0 0 0 0 0 0
10 20 0 0 0 0 0 0 0
10 21 0 0 0 0 0 0 0
10 22 0 0 0 0 0 0 0
10 23 0 0 0 0 0 0 0
11 0 20 0.0884748 0.853669 0.043962 5.38526 0.00122603 0.00163496
11 1 20 0.0832454 1.0266 0.169321 6.23627 0.00111765 0.00148026
11 2 19 0.0886435 0.917678 0.300731 5.25012 0.00110221 0.00147017
11 3 0 0 0 0 0 0 0
11 4 18 0.723629 0.955532 0.353674 -10.4941 0.0010168 0.00131268
11 5 0 0 0 0 0 0 0
11 6 0 0 0 0 0 0 0
11 7 13 0.725696 1.0761 0.679884 -10.956 0.000647666 0.000838521
11 8 0 0 0 0 0 0 0
11 9 0 0 0 0 0 0 0
11 10 0 0 0 0 0 0 0
11 11 0 0 0 0 0 0 0
11 12 0 0 0 0 0 0 0
11 13 0 0 0 0 0 0 0
11 14 0 0 0 0 0 0 0
11 15 0 0 0 0 0 0 0
11 16 0 0 0 0 0 0 0
11 17 0 0 0 0 0 0 0
11 18 0 0 0 0 0 0 0
11 19 0 0 0 0 0 0 0
11 20 0 0 0 0 0 0 0
11 21 0 0 0 0 0 0 0
11 22 0 0 0 0 0 0 0
11 23 0 0 0 0 0 0 0
12 0 12 0.0767769 1.03277 0.120758 7.06037 0.000670817 0.000880951
12 1 10 0.726403 1.07251 0.156639 -11.129 0.000546849 0.000708686
12 2 15 0.729268 1.13985 0.21805 -10.7766 0.000789645 0.00102737
12 3 17 0.732571 1.112 0.251299 -10.6585 0.000904048 0.00118154
12 4 0 0 0 0 0 0 0
12 5 0 0 0 0 0 0 0
12 6 14 0.72052 1.07691 0.523269 -10.8176 0.000723748 0.000930339
12 7 14 0.731397 1.11863 0.621211 -10.915 0.000695234 0.000907178
12 8 0 0 0 0 0 0 0
12 9 0 0 0 0 0 0 0
12 10 0 0 0 0 0 0 0
12 11 0 0 0 0 0 0 0
12 12 0 0 0 0 0 0 0
12 13 0 0 0 0 0 0 0
12 14 0 0 0 0 0 0 0
12 15 0 0 0 0 0 0 0
12 16 0 0 0 0 0 0 0
12 17 0 0 0 0 0 0 0
12 18 0 0 0 0 0 0 0
12 19 0 0 0 0 0 0 0
12 20 0 0 0 0 0 0 0
12 21 0 0 0 0 0 0 0
12 22 0 0 0 0 0 0 0
12 23 0 0 0 0 0 0 0
13 0 14 0.0749572 1.1511 -0.00718837 7.57387 0.000740435 0.000970064
13 1 0 0 0 0 0 0 0
13 2 0 0 0 0 0 0 0
13 3 0 0 0 0 0 0 0
13 4 15 0.0746688 1.08861 0.42198 7.70224 0.000786909 0.00103056
13 5 0 0 0 0 0 0 0
13 6 0 0 0 0 0 0 0
13 7 14 0.732126 1.18944 0.64357 -10.9539 0.000671266 0.000876776
13 8 0 0 0 0 0 0 0
13 9 0 0 0 0 0 0 0
13 10 0 0 0 0 0 0 0
13 11 0 0 0 0 0 0 0
13 12 0 0 0 0 0 0 0
13 13 0 0 0 0 0 0 0
13 14 0 0 0 0 0 0 0
13 15 0 0 0 0 0 0 0
13 16 0 0 0 0 0 0 0
13 17 0 0 0 0 0 0 0
13 18 0 0 0 0 0 0 0
13 19 0 0 0 0 0 0 0
13 20 0 0 0 0 0 0 0
13 21 0 0 0 0 0 0 0
13 22 0 0 0 0 0 0 0
13 23 0 0 0 0 0 0 0
14 0 0 0 0 0 0 0 0
14 1 0 0 0 0 0 0 0
14 2 0 0 0 0 0 0 0
14 3 0 0 0 0 0 0 0
14 4 0 0 0 0 0 0 0
14 5 10 0.714725 1.29438 0.436572 -11.2049 0.000476364 0.000607417
14 6 0 0 0 0 0 0 0
14 7 0 0 0 0 0 0 0
14 8 0 0 0 0 0 0 0
14 9 0 0 0 0 0 0 0
14 10 0 0 0 0 0 0 0
14 11 0 0 0 0 0 0 0
14 12 0 0 0 0 0 0 0
14 13 0 0 0 0 0 0 0
14 14 0 0 0 0 0 0 0
14 15 0 0 0 0 0 0 0
14 16 0 0 0 0 0 0 0
14 17 0 0 0 0 0 0 0
14 18 0 0 0 0 0 0 0
14 19 0 0 0 0 0 0 0
14 20 0 0 0 0 0 0 0
14 21 0 0 0 0 0 0 0
14 22 0 0 0 0 0 0 0
14 23 0 0 0 0 0 0 0
15 0 0 0 0 0 0 0 0
15 1 0 0 0 0 0 0 0
15 2 0 0 0 0 0 0 0
15 3 0 0 0 0 0 0 0
15 4 0 0 0 0 0 0 0
15 5 0 0 0 0 0 0 0
15 6 0 0 0 0 0 0 0
15 7 0 0 0 0 0 0 0
15 8 0 0 0 0 0 0 0
15 9 0 0 0 0 0 0 0
15 10 0 0 0 0 0 0 0
15 11 0 0 0 0 0 0 0
15 12 0 0 0 0 0 0 0
15 13 0 0 0 0 0 0 0
15 14 0 0 0 0 0 0 0
15 15 0 0 0 0 0 0 0
15 16 0 0 0 0 0 0 0
15 17 0 0 0 0 0 0 0
15 18 0 0 0 0 0 0 0
15 19 0 0 0 0 0 0 0
15 20 0 0 0 0 0 0 0
15 21 0 0 0 0 0 0 0
15 22 0 0 0 0 0 0 0
15 23 0 0 0 0 0 0 0
16 0 0 0 0 0 0 0 0
16 1 0 0 0 0 0 0 0
16 2 0 0 0 0 0 0 0
16 3 0 0 0 0 0 0 0
16 4 0 0 0 0 0 0 0
16 5 0 0 0 0 0 0 0
16 6 0 0 0 0 0 0 0
16 7 0 0 0 0 0 0 0
16 8 0 0 0 0 0 0 0
16 9 0 0 0 0 0 0 0
16 10 0 0 0 0 0 0 0
16 11 0 0 0 0 0 0 0
16 12 0 0 0 0 0 0 0
16 13 0 0 0 0 0 0 0
16 14 0 0 0 0 0 0 0
16 15 0 0 0 0 0 0 0
16 16 0 0 0 0 0 0 0
16 17 0 0 0 0 0 0 0
16 18 0 0 0 0 0 0 0
16 19 0 0 0 0 0 0 0
16 20 0 0 0 0 0 0 0
16 21 0 0 0 0 0 0 0
16 22 0 0 0 0 0 0 0
16 23 0 0 0 0 0 0 0
17 0 0 0 0 0 0 0 0
17 1 0 0 0 0 0 0 0
17 2 0 0 0 0 0 0 0
17 3 0 0 0 0 0 0 0
17 4 0 0 0 0 0 0 0
17 5 0 0 0 0 0 0 0
17 6 0 0 0 0 0 0 0
17 7 0 0 0 0 0 0 0
17 8 0 0 0 0 0 0 0
17 9 0 0 0 0 0 0 0
17 10 0 0 0 0 0 0 0
17 11 0 0 0 0 0 0 0
17 12 0 0 0 0 0 0 0
17 13 0 0 0 0 0 0 0
17 14 0 0 0 0 0 0 0
17 15 0 0 0 0 0 0 0
17 16 0 0 0 0 0 0 0
17 17 0 0 0 0 0 0 0
17 18 0 0 0 0 0 0 0
17 19 0 0 0 0 0 0 0
17 20 0 0 0 0 0 0 0
17 21 0 0 0 0 0 0 0
17 22 0 0 0 0 0 0 0
17 23 0 0 0 0 0 0 0
18 0 0 0 0 0 0 0 0
18 1 0 0 0 0 0 0 0
18 2 0 0 0 0 0 0 0
18 3 0 0 0 0 0 0 0
18 4 0 0 0 0 0 0 0
18 5 0 0 0 0 0 0 0
18 6 0 0 0 0 0 0 0
18 7 0 0 0 0 0 0 0
18 8 0 0 0 0 0 0 0
18 9 0 0 0 0 0 0 0
18 10 0 0 0 0 0 0 0
18 11 0 0 0 0 0 0 0
18 12 0 0 0 0 0 0 0
18 13 0 0 0 0 0 0 0
18 14 0 0 0 0 0 0 0
18 15 0 0 0 0 0 0 0
18 16 0 0 0 0 0 0 0
18 17 0 0 0 0 0 0 0
18 18 0 0 0 0 0 0 0
18 19 0 0 0 0 0 0 0
18 20 0 0 0 0 0 0 0
18 21 0 0 0 0 0 0 0
18 22 0 0 0 0 0 0 0
18 23 0 0 0 0 0 0 0
19 0 0 0 0 0 0 0 0
19 1 0 0 0 0 0 0 0
19 2 0 0 0 0 0 0 0
19 3 0 0 0 0 0 0 0
19 4 0 0 0 0 0 0 0
19 5 0 0 0 0 0 0 0
19 6 0 0 0 0 0 0 0
19 7 0 0 0 0 0 0 0
19 8 0 0 0 0 0 0 0
19 9 0 0 0 0 0 0 0
19 10 0 0 0 0 0 0 0
19 11 0 0 0 0 0 0 0
19 12 0 0 0 0 0 0 0
19 13 0 0 0 0 0 0 0
19 14 0 0 0 0 0 0 0
19 15 0 0 0 0 0 0 0
19 16 0 0 0 0 0 0 0
19 17 0 0 0 0 0 0 0
19 18 0 0 0 0 0 0 0
19 19 0 0 0 0 0 0 0
19 20 0 0 0 0 0 0 0
19 21 0 0 0 0 0 0 0
19 22 0 0 0 0 0 0 0
19 23 0 0 0 0 0 0 0
20 0 0 0 0 0 0 0 0
20 1 0 0 0 0 0 0 0
20 2 0 0 0 0 0 0 0
20 3 0 0 0 0 0 0 0
20 4 0 0 0 0 0 0 0
20 5 0 0 0 0 0 0 0
20 6 0 0 0 0 0 0 0
20 7 0 0 0 0 0 0 0
20 8 0 0 0 0 0 0 0
20 9 0 0 0 0 0 0 0
20 10 0 0 0 0 0 0 0
20 11 0 0 0 0 0 0 0
20 12 0 0 0 0 0 0 0
20 13 0 0 0 0 0 0 0
20 14 0 0 0 0 0 0 0
20 15 0 0 0 0 0 0 0
20 16 0 0 0 0 0 0 0
20 17 0 0 0 0 0 0 0
20 18 0 0 0 0 0 0 0
20 19 0 0 0 0 0 0 0
20 20 0 0 0 0 0 0 0
20 21 0 0 0 0 0 0 0
20 22 0 0 0 0 0 0 0
20 23 0 0 0 0 0 0 0
21 0 0 0 0 0 0 0 0
21 1 0 0 0 0 0 0 0
21 2 0 0 0 0 0 0 0
21 3 0 0 0 0 0 0 0
21 4 0 0 0 0 0 0 0
21 5 0 0 0 0 0 0 0
21 6 0 0 0 0 0 0 0
21 7 0 0 0 0 0 0 0
21 8 0 0 0 0 0 0 0
21 9 0 0 0 0 0 0 0
21 10 0 0 0 0 0 0 0
21 11 0 0 0 0 0 0 0
21 12 0 0 0 0 0 0 0
21 13 0 0 0 0 0 0 0
21 14 0 0 0 0 0 0 0
21 15 0 0 0 0 0 0 0
21 16 0 0 0 0 0 0 0
21 17 0 0 0 0 0 0 0
21 18 0 0 0 0 0 0 0
21 19 0 0 0 0 0 0 0
21 20 0 0 0 0 0 0 0
21 21 0 0 0 0 0 0 0
21 22 0 0 0 0 0 0 0
21 23 0 0 0 0 0 0 0
22 0 0 0 0 0 0 0 0
22 1 0 0 0 0 0 0 0
22 2 0 0 0 0 0 0 0
22 3 0 0 0 0 0 0 0
22 4 0 0 0 0 0 0 0
22 5 0 0 0 0 0 0 0
22 6 0 0 0 0 0 0 0
22 7 0 0 0 0 0 0 0
22 8 0 0 0 0 0 0 0
22 9 0 0 0 0 0 0 0
22 10 0 0 0 0 0 0 0
22 11 0 0 0 0 0 0 0
22 12 0 0 0 0 0 0 0
22 13 0 0 0 0 0 0 0
22 14 0 0 0 0 0 0 0
22 15 0 0 0 0 0 0 0
22 16 0 0 0 0 0 0 0
22 17 0 0 0 0 0 0 0
22 18 0 0 0 0 0 0 0
22 19 0 0 0 0 0 0 0
22 20 0 0 0 0 0 0 0
22 21 0 0 0 0 0 0 0
22 22 0 0 0 0 0 0 0
22 23 0 0 0 0 0 0 0
23 0 0 0 0 0 0 0 0
23 1 0 0 0 0 0 0 0
23 2 0 0 0 0 0 0 0
23 3 0 0 0 0 0 0 0
23 4 0 0 0 0 0 0 0
23 5 0 0 0 0 0 0 0
23 6 0 0 0 0 0 0 0
23 7 0 0 0 0 0 0 0
23 8 0 0 0 0 0 0 0
23 9 0 0 0 0 0 0 0
23 10 0 0 0 0 0 0 0
23 11 0 0 0 0 0 0 0
23 12 0 0 0 0 0 0 0
23 13 0 0 0 0 0 0 0
23 14 0 0 0 0 0 0 0
23 15 0 0 0 0 0 0 0
23 16 0 0 0 0 0 0 0
23 17 0 0 0 0 0 0 0
23 18 0 0 0 0 0 0 0
23 19 0 0 0 0 0 0 0
23 20 0 0 0 0 0 0 0
23 21 0 0 0 0 0 0 0
23 22 0 0 0 0 0 0 0
23 23 0 0 0 0 0 0 0
