#  ix    iy     NB       E/N    TB    UxB       UyB       muB       rhoB     epsilonB
0 0 16 0.0968802 0.0443273 -0.0621572 4.05623 0.0012086 0.00162961
0 1 12 0.0978011 -0.0459579 0.242761 3.6107 0.000882552 0.00119142
0 2 11 0.727465 0.0949454 0.206372 -10.7384 0.00081263 0.00105466
0 3 12 0.0814303 0.0499831 0.304328 6.3385 0.000868716 0.00114782
0 4 0 0 0 0 0 0 0
0 5 15 0.0754067 0.13978 0.341709 7.8341 0.00106603 0.00139746
0 6 12 0.085512 0.145839 0.468749 5.49944 0.000816061 0.00108403
0 7 19 0.0947326 0.0746993 0.581305 4.39841 0.00124183 0.00166969
0 8 0 0 0 0 0 0 0
0 9 14 0.0842646 0.0570656 0.727743 5.77774 0.000856647 0.00113609
0 10 19 0.0873437 -0.0533746 0.659693 5.55911 0.00120031 0.0015983
0 11 11 0.69751 0.0272302 0.708334 -10.7553 0.000679852 0.000846006
0 12 0 0 0 0 0 0 0
0 13 11 0.708191 0.0314181 0.930848 -10.9227 0.000609807 0.000770462
0 14 13 0.728643 0.0415736 1.15702 -10.9776 0.000643758 0.000836846
0 15 0 0 0 0 0 0 0
0 16 0 0 0 0 0 0 0
0 17 0 0 0 0 0 0 0
0 18 0 0 0 0 0 0 0
0 19 0 0 0 0 0 0 0
0 20 0 0 0 0 0 0 0
0 21 0 0 0 0 0 0 0
0 22 0 0 0 0 0 0 0
0 23 0 0 0 0 0 0 0
1 0 15 0.0925504 0.100106 0.0956836 4.63433 0.00112562 0.00150912
1 1 10 0.108454 0.0933645 0.205641 2.06805 0.000738965 0.00101164
1 2 0 0 0 0 0 0 0
1 3 12 0.10659 0.106809 0.15516 2.47833 0.000893379 0.00122004
1 4 0 0 0 0 0 0 0
1 5 16 0.105807 0.172436 0.374508 2.79973 0.00112061 0.00152879
1 6 20 0.0811114 0.136856 0.567643 6.81184 0.00130843 0.00172808
1 7 18 0.0846641 0.0509164 0.48316 6.06239 0.00122654 0.0016275
1 8 15 0.0883442 0.103728 0.597714 5.17492 0.000971563 0.0012954
1 9 20 0.731751 0.134572 0.665957 -10.3276 0.00125326 0.00163611
1 10 0 0 0 0 0 0 0
1 11 0 0 0 0 0 0 0
1 12 12 0.0770986 0.0917057 0.898118 6.99489 0.000674786 0.000886537
1 13 18 0.0880759 0.0869285 1.05539 5.18385 0.000936237 0.00124786
1 14 0 0 0 0 0 0 0
1 15 0 0 0 0 0 0 0
1 16 0 0 0 0 0 0 0
1 17 0 0 0 0 0 0 0
1 18 0 0 0 0 0 0 0
1 19 0 0 0 0 0 0 0
1 20 0 0 0 0 0 0 0
1 21 0 0 0 0 0 0 0
1 22 0 0 0 0 0 0 0
1 23 0 0 0 0 0 0 0
2 0 15 0.125664 0.0962373 0.0157985 0.746253 0.001131 0.00158374
2 1 29 0.0867552 0.200974 0.0623406 6.24532 0.00214989 0.00286052
2 2 11 0.101182 0.154985 0.340068 3.02568 0.000780602 0.00105848
2 3 18 0.104217 0.172724 0.220305 3.15475 0.00131315 0.00178772
2 4 0 0 0 0 0 0 0
2 5 19 0.721976 0.176378 0.458513 -10.2459 0.00129191 0.00166404
2 6 11 0.119556 0.216492 0.682225 0.800993 0.000677641 0.000941319
2 7 13 0.0867955 0.180606 0.522628 5.32413 0.000861862 0.0011468
2 8 13 0.721862 0.0991765 0.657507 -10.6998 0.000820095 0.00105615
2 9 16 0.127283 0.180972 0.87241 0.381445 0.000905009 0.00126998
2 10 0 0 0 0 0 0 0
2 11 15 0.0943763 0.205873 0.82803 4.08974 0.000864457 0.00116176
2 12 11 0.697256 0.122771 0.795959 -10.8003 0.00064902 0.000807344
2 13 13 0.707114 0.124936 1.16556 -10.8698 0.00063917 0.000806331
2 14 0 0 0 0 0 0 0
2 15 0 0 0 0 0 0 0
2 16 0 0 0 0 0 0 0
2 17 0 0 0 0 0 0 0
2 18 0 0 0 0 0 0 0
2 19 0 0 0 0 0 0 0
2 20 0 0 0 0 0 0 0
2 21 0 0 0 0 0 0 0
2 22 0 0 0 0 0 0 0
2 23 0 0 0 0 0 0 0
3 0 18 0.0946075 0.266017 -0.0128995 4.47649 0.0013177 0.00177142
3 1 14 0.114135 0.2639 0.059985 1.76355 0.00102378 0.00141205
3 2 14 0.73189 0.30894 0.151218 -10.5511 0.00100294 0.00130956
3 3 17 0.0994599 0.218949 0.191106 3.71763 0.00123671 0.00167317
3 4 14 0.0877041 0.158818 0.375996 5.29567 0.00098196 0.00130816
3 5 12 0.0773945 0.120274 0.301423 7.17771 0.000864695 0.00113648
3 6 0 0 0 0 0 0 0
3 7 14 0.106754 0.117824 0.557262 2.4897 0.000921596 0.00125885
3 8 10 0.712512 0.338635 0.754359 -10.9896 0.000583834 0.000742147
3 9 11 0.711675 0.156412 0.581192 -10.7838 0.000713987 0.000906527
3 10 11 0.0787946 0.24357 0.771854 6.58681 0.000647752 0.000852912
3 11 17 0.718065 0.240822 0.734484 -10.4625 0.00101897 0.00130536
3 12 0 0 0 0 0 0 0
3 13 0 0 0 0 0 0 0
3 14 0 0 0 0 0 0 0
3 15 0 0 0 0 0 0 0
3 16 0 0 0 0 0 0 0
3 17 0 0 0 0 0 0 0
3 18 0 0 0 0 0 0 0
3 19 0 0 0 0 0 0 0
3 20 0 0 0 0 0 0 0
3 21 0 0 0 0 0 0 0
3 22 0 0 0 0 0 0 0
3 23 0 0 0 0 0 0 0
4 0 0 0 0 0 0 0 0
4 1 15 0.0795764 0.285592 0.171529 6.932 0.00107811 0.00142103
4 2 20 0.0953967 0.335311 0.108454 4.43996 0.00142901 0.00192304
4 3 14 0.128023 0.232577 0.0652172 0.447984 0.00103096 0.00144813
4 4 14 0.0847096 0.295084 0.332754 5.81836 0.000969085 0.00128595
4 5 14 0.0900849 0.337884 0.36229 4.86092 0.000950378 0.00127005
4 6 13 0.125701 0.318866 0.402462 0.487623 0.000876104 0.00122687
4 7 19 0.72787 0.283784 0.484534 -10.3059 0.00125507 0.00162978
4 8 12 0.717311 0.320553 0.652405 -10.7846 0.000735344 0.000941037
4 9 13 0.729539 0.329269 0.671249 -10.7791 0.000788764 0.00102661
4 10 12 0.0750402 0.31369 0.711526 7.52328 0.000717653 0.000940318
4 11 0 0 0 0 0 0 0
4 12 0 0 0 0 0 0 0
4 13 11 0.70265 0.33671 1.03506 -10.9709 0.000563793 0.000706752
4 14 0 0 0 0 0 0 0
4 15 0 0 0 0 0 0 0
4 16 0 0 0 0 0 0 0
4 17 0 0 0 0 0 0 0
4 18 0 0 0 0 0 0 0
4 19 0 0 0 0 0 0 0
4 20 0 0 0 0 0 0 0
4 21 0 0 0 0 0 0 0
4 22 0 0 0 0 0 0 0
4 23 0 0 0 0 0 0 0
5 0 16 0.0984749 0.407506 0.13228 3.74925 0.00111417 0.00150543
5 1 12 0.126426 0.393422 0.101722 0.384247 0.00084221 0.00118053
5 2 21 0.116746 0.540345 0.112111 1.80062 0.00139289 0.00192775
5 3 16 0.104635 0.322587 0.26432 2.94234 0.00111873 0.00152387
5 4 18 0.0909382 0.328088 0.269688 4.99978 0.00125513 0.00167919
5 5 17 0.100912 0.453264 0.353242 3.41955 0.00111664 0.0015136
5 6 20 0.0822849 0.375634 0.402216 6.59386 0.00132741 0.00175585
5 7 13 0.120448 0.507331 0.568633 0.859795 0.000783323 0.0010894
5 8 11 0.728807 0.255583 0.606256 -10.9001 0.00069617 0.000905183
5 9 12 0.706127 0.626449 0.846776 -10.8854 0.000625923 0.000788518
5 10 0 0 0 0 0 0 0
5 11 0 0 0 0 0 0 0
5 12 10 0.722179 0.569777 0.87518 -11.1495 0.000523953 0.000675064
5 13 0 0 0 0 0 0 0
5 14 0 0 0 0 0 0 0
5 15 0 0 0 0 0 0 0
5 16 0 0 0 0 0 0 0
5 17 0 0 0 0 0 0 0
5 18 0 0 0 0 0 0 0
5 19 0 0 0 0 0 0 0
5 20 0 0 0 0 0 0 0
5 21 0 0 0 0 0 0 0
5 22 0 0 0 0 0 0 0
5 23 0 0 0 0 0 0 0
6 0 14 0.101226 0.556822 -0.0268689 3.19116 0.000926383 0.00125623
6 1 10 0.70436 0.534358 -0.0963618 -10.814 0.000665764 0.000836611
6 2 17 0.136844 0.445322 0.199022 -0.147498 0.00115752 0.00164484
6 3 15 0.0993893 0.45658 0.181215 3.53458 0.00101995 0.00137978
6 4 10 0.11662 0.548126 0.328667 1.03324 0.000638342 0.000883313
6 5 15 0.103736 0.572032 0.388721 2.87522 0.000934614 0.00127158
6 6 12 0.0977171 0.428978 0.510642 3.46821 0.000756322 0.0010209
6 7 11 0.0994868 0.55997 0.541322 3.08211 0.000657454 0.000889512
6 8 12 0.0987026 0.465307 0.46075 3.33575 0.000760539 0.00102792
6 9 12 0.0803757 0.486809 0.71248 6.31843 0.000688269 0.000908141
6 10 14 0.726578 0.44132 0.748868 -10.7489 0.000800471 0.00103761
6 11 11 0.709588 0.497329 0.733295 -10.9077 0.000623724 0.0007896
6 12 12 0.722997 0.584837 1.05763 -11.0529 0.000579543 0.000747533
6 13 0 0 0 0 0 0 0
6 14 0 0 0 0 0 0 0
6 15 0 0 0 0 0 0 0
6 16 0 0 0 0 0 0 0
6 17 0 0 0 0 0 0 0
6 18 0 0 0 0 0 0 0
6 19 0 0 0 0 0 0 0
6 20 0 0 0 0 0 0 0
6 21 0 0 0 0 0 0 0
6 22 0 0 0 0 0 0 0
6 23 0 0 0 0 0 0 0
7 0 20 0.0970288 0.474442 0.0334462 4.15898 0.00136827 0.00184526
7 1 21 0.102303 0.443401 0.107727 3.49621 0.00144735 0.00196547
7 2 20 0.0989306 0.609551 0.11608 3.83057 0.00128744 0.00174059
7 3 17 0.108372 0.668588 0.164277 2.43915 0.00106078 0.00145205
7 4 16 0.0792121 0.477596 0.236924 7.00025 0.00106961 0.00140915
7 5 17 0.728682 0.618353 0.358274 -10.4906 0.00104781 0.00136216
7 6 21 0.0837268 0.576942 0.599709 6.23472 0.00122287 0.00162062
7 7 14 0.0777112 0.600064 0.630265 7.03081 0.000800073 0.00105198
7 8 11 0.0757498 0.595236 0.607233 7.23703 0.00063485 0.000832598
7 9 13 0.716651 0.527346 0.659115 -10.7579 0.000752577 0.000962203
7 10 13 0.712479 0.560813 0.684404 -10.7557 0.00073757 0.000937527
7 11 12 0.0739338 0.664955 0.82891 7.64295 0.000623007 0.000815126
7 12 0 0 0 0 0 0 0
7 13 10 0.0752088 0.560496 1.05127 7.09651 0.000487056 0.000638315
7 14 0 0 0 0 0 0 0
7 15 0 0 0 0 0 0 0
7 16 0 0 0 0 0 0 0
7 17 0 0 0 0 0 0 0
7 18 0 0 0 0 0 0 0
7 19 0 0 0 0 0 0 0
7 20 0 0 0 0 0 0 0
7 21 0 0 0 0 0 0 0
7 22 0 0 0 0 0 0 0
7 23 0 0 0 0 0 0 0
8 0 18 0.0870781 0.821119 -0.00340399 5.47549 0.00105387 0.00140282
8 1 13 0.105155 0.625326 0.176664 2.57435 0.000825815 0.00112565
8 2 14 0.0849836 0.634557 0.235509 5.66951 0.000878327 0.00116594
8 3 13 0.10627 0.89552 0.28679 2.2976 0.000717473 0.000979403
8 4 13 0.730823 0.649489 0.335943 -10.7779 0.000794984 0.00103652
8 5 18 0.101082 0.689996 0.421447 3.34535 0.0010604 0.00143769
8 6 16 0.718629 0.485574 0.423342 -10.4654 0.00101898 0.00130641
8 7 0 0 0 0 0 0 0
8 8 18 0.0743765 0.621753 0.534596 8.06382 0.00105447 0.00138043
8 9 11 0.729737 0.580617 0.622169 -10.9975 0.000634634 0.000826225
8 10 10 0.703268 0.654777 0.750829 -11.0235 0.000536697 0.000673377
8 11 11 0.724097 0.756581 1.11804 -11.2144 0.000496029 0.000640784
8 12 0 0 0 0 0 0 0
8 13 10 0.706938 0.74291 1.05302 -11.1882 0.000464433 0.000585751
8 14 0 0 0 0 0 0 0
8 15 0 0 0 0 0 0 0
8 16 0 0 0 0 0 0 0
8 17 0 0 0 0 0 0 0
8 18 0 0 0 0 0 0 0
8 19 0 0 0 0 0 0 0
8 20 0 0 0 0 0 0 0
8 21 0 0 0 0 0 0 0
8 22 0 0 0 0 0 0 0
8 23 0 0 0 0 0 0 0
9 0 17 0.729064 0.674267 0.0205409 -10.4739 0.00106766 0.0013887
9 1 16 0.0833517 0.754775 0.0624907 6.07043 0.000966274 0.00127994
9 2 16 0.731552 0.778568 0.274761 -10.6198 0.00093471 0.00121992
9 3 14 0.125811 0.791823 0.335702 0.392099 0.000804117 0.00112622
9 4 16 0.103579 0.794097 0.33914 2.87656 0.00091743 0.00124794
9 5 16 0.727274 0.70621 0.426522 -10.5972 0.00093499 0.00121315
9 6 18 0.0750636 0.855604 0.428725 7.83467 0.000985181 0.00129089
9 7 14 0.0767806 0.687535 0.516662 7.24081 0.000804126 0.00105602
9 8 0 0 0 0 0 0 0
9 9 11 0.708224 0.809704 0.785485 -11.021 0.000552785 0.000698451
9 10 0 0 0 0 0 0 0
9 11 10 0.702373 0.863501 0.836452 -11.121 0.000484464 0.000607068
9 12 0 0 0 0 0 0 0
9 13 0 0 0 0 0 0 0
9 14 0 0 0 0 0 0 0
9 15 0 0 0 0 0 0 0
9 16 0 0 0 0 0 0 0
9 17 0 0 0 0 0 0 0
9 18 0 0 0 0 0 0 0
9 19 0 0 0 0 0 0 0
9 20 0 0 0 0 0 0 0
9 21 0 0 0 0 0 0 0
9 22 0 0 0 0 0 0 0
9 23 0 0 0 0 0 0 0
10 0 17 0.110912 0.781115 0.0672577 2.10384 0.00101352 0.001392
10 1 20 0.11861 0.909443 0.168498 1.38919 0.00111232 0.00154321
10 2 16 0.715454 0.672856 0.241902 -10.4814 0.000986002 0.00125854
10 3 20 0.0834592 0.679666 0.257596 6.2877 0.00122561 0.00162369
10 4 13 0.727418 0.765105 0.293979 -10.8029 0.000761686 0.000988481
10 5 17 0.0800439 0.827831 0.458427 6.69328 0.000935444 0.00123374
10 6 15 0.727887 0.920394 0.502081 -10.7761 0.000784313 0.0010185
10 7 11 0.0755653 0.83945 0.52941 7.20854 0.000591485 0.000775537
10 8 14 0.0867454 0.830565 0.462411 5.2186 0.000768704 0.00102278
10 9 0 0 0 0 0 0 0
10 10 0 0 0 0 0 0 0
10 11 0 0 0 0 0 0 0
10 12 0 0 0 0 0 0 0
10 13 0 0 0 0 0 0 0
10 14 0 0 0 0 0 0 0
10 15 0 0 0 0 0 0 0
10 16 0 0 0 0 0 0 0
10 17 0 0 0 0 0 0 0
10 18 0 0 0 0 0 0 0
10 19 0 0 0 0 0 0 0
10 20 0 0 0 0 0 0 0
10 21 0 0 0 0 0 0 0
10 22 0 0 0 0 0 0 0
10 23 0 0 0 0 0 0 0
11 0 19 0.0945965 0.845439 0.0483577 4.29614 0.00109845 0.00147665
11 1 16 0.0800217 0.961316 0.221979 6.6171 0.000862856 0.00113797
11 2 18 0.0814513 0.858856 0.234654 6.49334 0.00101846 0.00134571
11 3 16 0.729978 0.816461 0.203865 -10.6194 0.000927429 0.00120781
11 4 0 0 0 0 0 0 0
11 5 22 0.721156 1.02551 0.458781 -10.395 0.00110812 0.00142569
11 6 0 0 0 0 0 0 0
11 7 16 0.718436 1.06278 0.696568 -10.7714 0.000749609 0.000960795
11 8 0 0 0 0 0 0 0
11 9 0 0 0 0 0 0 0
11 10 0 0 0 0 0 0 0
11 11 0 0 0 0 0 0 0
11 12 0 0 0 0 0 0 0
11 13 0 0 0 0 0 0 0
11 14 0 0 0 0 0 0 0
11 15 0 0 0 0 0 0 0
11 16 0 0 0 0 0 0 0
11 17 0 0 0 0 0 0 0
11 18 0 0 0 0 0 0 0
11 19 0 0 0 0 0 0 0
11 20 0 0 0 0 0 0 0
11 21 0 0 0 0 0 0 0
11 22 0 0 0 0 0 0 0
11 23 0 0 0 0 0 0 0
12 0 16 0.729773 0.918909 0.0687714 -10.658 0.00089138 0.00116054
12 1 17 0.727171 1.02825 0.120531 -10.6406 0.000894743 0.00116076
12 2 14 0.72998 0.992298 0.233666 -10.8416 0.000742708 0.000967247
12 3 12 0.0978967 1.09662 0.251783 3.21785 0.000603922 0.000815381
12 4 12 0.715107 1.00907 0.351841 -10.9416 0.00062115 0.000792458
12 5 0 0 0 0 0 0 0
12 6 0 0 0 0 0 0 0
12 7 12 0.0768494 0.999523 0.628152 6.91177 0.000587597 0.000771736
12 8 0 0 0 0 0 0 0
12 9 0 0 0 0 0 0 0
12 10 0 0 0 0 0 0 0
12 11 0 0 0 0 0 0 0
12 12 0 0 0 0 0 0 0
12 13 0 0 0 0 0 0 0
12 14 0 0 0 0 0 0 0
12 15 0 0 0 0 0 0 0
12 16 0 0 0 0 0 0 0
12 17 0 0 0 0 0 0 0
12 18 0 0 0 0 0 0 0
12 19 0 0 0 0 0 0 0
12 20 0 0 0 0 0 0 0
12 21 0 0 0 0 0 0 0
12 22 0 0 0 0 0 0 0
12 23 0 0 0 0 0 0 0
13 0 0 0 0 0 0 0 0
13 1 0 0 0 0 0 0 0
13 2 0 0 0 0 0 0 0
13 3 13 0.0766474 1.09174 0.234351 7.06851 0.00065703 0.000862699
13 4 13 0.730058 1.10959 0.351921 -10.9881 0.000641757 0.000835864
13 5 0 0 0 0 0 0 0
13 6 10 0.70449 1.27612 0.479296 -11.2106 0.000448104 0.000563199
13 7 13 0.703835 0.996533 0.567275 -10.8393 0.0006473 0.000812802
13 8 10 0.0819409 1.46524 0.859446 5.42182 0.000384325 0.000508141
13 9 0 0 0 0 0 0 0
13 10 0 0 0 0 0 0 0
13 11 0 0 0 0 0 0 0
13 12 0 0 0 0 0 0 0
13 13 0 0 0 0 0 0 0
13 14 0 0 0 0 0 0 0
13 15 0 0 0 0 0 0 0
13 16 0 0 0 0 0 0 0
13 17 0 0 0 0 0 0 0
13 18 0 0 0 0 0 0 0
13 19 0 0 0 0 0 0 0
13 20 0 0 0 0 0 0 0
13 21 0 0 0 0 0 0 0
13 22 0 0 0 0 0 0 0
13 23 0 0 0 0 0 0 0
14 0 12 0.0754167 1.22268 0.0639839 7.21459 0.00057507 0.000753868
14 1 0 0 0 0 0 0 0
14 2 0 0 0 0 0 0 0
14 3 0 0 0 0 0 0 0
14 4 10 0.70897 1.08069 0.358781 -11.1257 0.000499899 0.000632293
14 5 10 0.722987 1.25482 0.469453 -11.2989 0.000453147 0.00058449
14 6 0 0 0 0 0 0 0
14 7 0 0 0 0 0 0 0
14 8 0 0 0 0 0 0 0
14 9 0 0 0 0 0 0 0
14 10 0 0 0 0 0 0 0
14 11 0 0 0 0 0 0 0
14 12 0 0 0 0 0 0 0
14 13 0 0 0 0 0 0 0
14 14 0 0 0 0 0 0 0
14 15 0 0 0 0 0 0 0
14 16 0 0 0 0 0 0 0
14 17 0 0 0 0 0 0 0
14 18 0 0 0 0 0 0 0
14 19 0 0 0 0 0 0 0
14 20 0 0 0 0 0 0 0
14 21 0 0 0 0 0 0 0
14 22 0 0 0 0 0 0 0
14 23 0 0 0 0 0 0 0
15 0 0 0 0 0 0 0 0
15 1 0 0 0 0 0 0 0
15 2 0 0 0 0 0 0 0
15 3 0 0 0 0 0 0 0
15 4 0 0 0 0 0 0 0
15 5 0 0 0 0 0 0 0
15 6 0 0 0 0 0 0 0
15 7 0 0 0 0 0 0 0
15 8 0 0 0 0 0 0 0
15 9 0 0 0 0 0 0 0
15 10 0 0 0 0 0 0 0
15 11 0 0 0 0 0 0 0
15 12 0 0 0 0 0 0 0
15 13 0 0 0 0 0 0 0
15 14 0 0 0 0 0 0 0
15 15 0 0 0 0 0 0 0
15 16 0 0 0 0 0 0 0
15 17 0 0 0 0 0 0 0
15 18 0 0 0 0 0 0 0
15 19 0 0 0 0 0 0 0
15 20 0 0 0 0 0 0 0
15 21 0 0 0 0 0 0 0
15 22 0 0 0 0 0 0 0
15 23 0 0 0 0 0 0 0
16 0 0 0 0 0 0 0 0
16 1 0 0 0 0 0 0 0
16 2 0 0 0 0 0 0 0
16 3 0 0 0 0 0 0 0
16 4 0 0 0 0 0 0 0
16 5 0 0 0 0 0 0 0
16 6 0 0 0 0 0 0 0
16 7 0 0 0 0 0 0 0
16 8 0 0 0 0 0 0 0
16 9 0 0 0 0 0 0 0
16 10 0 0 0 0 0 0 0
16 11 0 0 0 0 0 0 0
16 12 0 0 0 0 0 0 0
16 13 0 0 0 0 0 0 0
16 14 0 0 0 0 0 0 0
16 15 0 0 0 0 0 0 0
16 16 0 0 0 0 0 0 0
16 17 0 0 0 0 0 0 0
16 18 0 0 0 0 0 0 0
16 19 0 0 0 0 0 0 0
16 20 0 0 0 0 0 0 0
16 21 0 0 0 0 0 0 0
16 22 0 0 0 0 0 0 0
16 23 0 0 0 0 0 0 0
17 0 0 0 0 0 0 0 0
17 1 0 0 0 0 0 0 0
17 2 0 0 0 0 0 0 0
17 3 0 0 0 0 0 0 0
17 4 0 0 0 0 0 0 0
17 5 0 0 0 0 0 0 0
17 6 0 0 0 0 0 0 0
17 7 0 0 0 0 0 0 0
17 8 0 0 0 0 0 0 0
17 9 0 0 0 0 0 0 0
17 10 0 0 0 0 0 0 0
17 11 0 0 0 0 0 0 0
17 12 0 0 0 0 0 0 0
17 13 0 0 0 0 0 0 0
17 14 0 0 0 0 0 0 0
17 15 0 0 0 0 0 0 0
17 16 0 0 0 0 0 0 0
17 17 0 0 0 0 0 0 0
17 18 0 0 0 0 0 0 0
17 19 0 0 0 0 0 0 0
17 20 0 0 0 0 0 0 0
17 21 0 0 0 0 0 0 0
17 22 0 0 0 0 0 0 0
17 23 0 0 0 0 0 0 0
18 0 0 0 0 0 0 0 0
18 1 0 0 0 0 0 0 0
18 2 0 0 0 0 0 0 0
18 3 0 0 0 0 0 0 0
18 4 0 0 0 0 0 0 0
18 5 0 0 0 0 0 0 0
18 6 0 0 0 0 0 0 0
18 7 0 0 0 0 0 0 0
18 8 0 0 0 0 0 0 0
18 9 0 0 0 0 0 0 0
18 10 0 0 0 0 0 0 0
18 11 0 0 0 0 0 0 0
18 12 0 0 0 0 0 0 0
18 13 0 0 0 0 0 0 0
18 14 0 0 0 0 0 0 0
18 15 0 0 0 0 0 0 0
18 16 0 0 0 0 0 0 0
18 17 0 0 0 0 0 0 0
18 18 0 0 0 0 0 0 0
18 19 0 0 0 0 0 0 0
18 20 0 0 0 0 0 0 0
18 21 0 0 0 0 0 0 0
18 22 0 0 0 0 0 0 0
18 23 0 0 0 0 0 0 0
19 0 0 0 0 0 0 0 0
19 1 0 0 0 0 0 0 0
19 2 0 0 0 0 0 0 0
19 3 0 0 0 0 0 0 0
19 4 0 0 0 0 0 0 0
19 5 0 0 0 0 0 0 0
19 6 0 0 0 0 0 0 0
19 7 0 0 0 0 0 0 0
19 8 0 0 0 0 0 0 0
19 9 0 0 0 0 0 0 0
19 10 0 0 0 0 0 0 0
19 11 0 0 0 0 0 0 0
19 12 0 0 0 0 0 0 0
19 13 0 0 0 0 0 0 0
19 14 0 0 0 0 0 0 0
19 15 0 0 0 0 0 0 0
19 16 0 0 0 0 0 0 0
19 17 0 0 0 0 0 0 0
19 18 0 0 0 0 0 0 0
19 19 0 0 0 0 0 0 0
19 20 0 0 0 0 0 0 0
19 21 0 0 0 0 0 0 0
19 22 0 0 0 0 0 0 0
19 23 0 0 0 0 0 0 0
20 0 0 0 0 0 0 0 0
20 1 0 0 0 0 0 0 0
20 2 0 0 0 0 0 0 0
20 3 0 0 0 0 0 0 0
20 4 0 0 0 0 0 0 0
20 5 0 0 0 0 0 0 0
20 6 0 0 0 0 0 0 0
20 7 0 0 0 0 0 0 0
20 8 0 0 0 0 0 0 0
20 9 0 0 0 0 0 0 0
20 10 0 0 0 0 0 0 0
20 11 0 0 0 0 0 0 0
20 12 0 0 0 0 0 0 0
20 13 0 0 0 0 0 0 0
20 14 0 0 0 0 0 0 0
20 15 0 0 0 0 0 0 0
20 16 0 0 0 0 0 0 0
20 17 0 0 0 0 0 0 0
20 18 0 0 0 0 0 0 0
20 19 0 0 0 0 0 0 0
20 20 0 0 0 0 0 0 0
20 21 0 0 0 0 0 0 0
20 22 0 0 0 0 0 0 0
20 23 0 0 0 0 0 0 0
21 0 0 0 0 0 0 0 0
21 1 0 0 0 0 0 0 0
21 2 0 0 0 0 0 0 0
21 3 0 0 0 0 0 0 0
21 4 0 0 0 0 0 0 0
21 5 0 0 0 0 0 0 0
21 6 0 0 0 0 0 0 0
21 7 0 0 0 0 0 0 0
21 8 0 0 0 0 0 0 0
21 9 0 0 0 0 0 0 0
21 10 0 0 0 0 0 0 0
21 11 0 0 0 0 0 0 0
21 12 0 0 0 0 0 0 0
21 13 0 0 0 0 0 0 0
21 14 0 0 0 0 0 0 0
21 15 0 0 0 0 0 0 0
21 16 0 0 0 0 0 0 0
21 17 0 0 0 0 0 0 0
21 18 0 0 0 0 0 0 0
21 19 0 0 0 0 0 0 0
21 20 0 0 0 0 0 0 0
21 21 0 0 0 0 0 0 0
21 22 0 0 0 0 0 0 0
21 23 0 0 0 0 0 0 0
22 0 0 0 0 0 0 0 0
22 1 0 0 0 0 0 0 0
22 2 0 0 0 0 0 0 0
22 3 0 0 0 0 0 0 0
22 4 0 0 0 0 0 0 0
22 5 0 0 0 0 0 0 0
22 6 0 0 0 0 0 0 0
22 7 0 0 0 0 0 0 0
22 8 0 0 0 0 0 0 0
22 9 0 0 0 0 0 0 0
22 10 0 0 0 0 0 0 0
22 11 0 0 0 0 0 0 0
22 12 0 0 0 0 0 0 0
22 13 0 0 0 0 0 0 0
22 14 0 0 0 0 0 0 0
22 15 0 0 0 0 0 0 0
22 16 0 0 0 0 0 0 0
22 17 0 0 0 0 0 0 0
22 18 0 0 0 0 0 0 0
22 19 0 0 0 0 0 0 0
22 20 0 0 0 0 0 0 0
22 21 0 0 0 0 0 0 0
22 22 0 0 0 0 0 0 0
22 23 0 0 0 0 0 0 0
23 0 0 0 0 0 0 0 0
23 1 0 0 0 0 0 0 0
23 2 0 0 0 0 0 0 0
23 3 0 0 0 0 0 0 0
23 4 0 0 0 0 0 0 0
23 5 0 0 0 0 0 0 0
23 6 0 0 0 0 0 0 0
23 7 0 0 0 0 0 0 0
23 8 0 0 0 0 0 0 0
23 9 0 0 0 0 0 0 0
23 10 0 0 0 0 0 0 0
23 11 0 0 0 0 0 0 0
23 12 0 0 0 0 0 0 0
23 13 0 0 0 0 0 0 0
23 14 0 0 0 0 0 0 0
23 15 0 0 0 0 0 0 0
23 16 0 0 0 0 0 0 0
23 17 0 0 0 0 0 0 0
23 18 0 0 0 0 0 0 0
23 19 0 0 0 0 0 0 0
23 20 0 0 0 0 0 0 0
23 21 0 0 0 0 0 0 0
23 22 0 0 0 0 0 0 0
23 23 0 0 0 0 0 0 0
