#  ix    iy     NK     E/N         TK    Uxpi    UyK      muK      rho      epsilon
0 0 59 0.719374 -0.00674093 0.0057223 -9.13041 0.00191551 0.00102041
0 1 54 0.712338 -0.0261516 0.0971865 -9.19255 0.00174443 0.000920184
0 2 58 0.714531 -0.00763839 0.0215612 -9.12614 0.00188262 0.000996137
0 3 62 0.717624 0.0285128 0.125272 -9.08117 0.00199658 0.001061
0 4 62 0.720867 0.0203451 0.127905 -9.09571 0.00199631 0.00106566
0 5 53 0.708004 0.0199813 0.196655 -9.20585 0.00168812 0.000885059
0 6 55 0.725247 0.0112437 0.209212 -9.24801 0.00174777 0.00093865
0 7 70 0.73093 0.0519541 0.262761 -9.04491 0.00219534 0.00118826
0 8 61 0.713997 0.00356679 0.259501 -9.10565 0.00191701 0.00101357
0 9 56 0.714666 0.0275215 0.261878 -9.19509 0.00175825 0.000930502
0 10 57 0.717393 -0.00177239 0.418063 -9.23659 0.00170744 0.000907063
0 11 73 0.717298 -0.0137223 0.409912 -8.98595 0.00219286 0.00116478
0 12 57 0.720417 -0.0467585 0.451893 -9.2633 0.00168492 0.000898872
0 13 69 0.726148 0.0409676 0.534531 -9.13003 0.00197443 0.0010617
0 14 64 0.724979 0.0448142 0.538056 -9.20171 0.00182844 0.000981611
0 15 61 0.71743 -0.0182581 0.581574 -9.23418 0.00171183 0.000909438
0 16 62 0.715691 -0.0193694 0.602567 -9.21938 0.00172393 0.000913648
0 17 66 0.711975 0.00592394 0.675329 -9.17309 0.00177581 0.000936258
0 18 79 0.731146 0.00246916 0.716276 -9.09732 0.0020852 0.00112898
0 19 66 0.714545 -0.000983487 0.807388 -9.24768 0.00166726 0.000882202
0 20 68 0.725248 0.0545443 0.824421 -9.27454 0.00170201 0.000914076
0 21 66 0.724421 -0.0134739 0.968444 -9.37142 0.00153925 0.000825723
0 22 80 0.725149 0.0154392 0.956863 -9.17648 0.00187656 0.00100768
0 23 77 0.724504 -0.0357826 0.996824 -9.23209 0.00177001 0.000949621
1 0 69 0.7208 0.0227525 0.020996 -8.9806 0.00223919 0.0011952
1 1 65 0.716702 -0.0100752 0.0836991 -9.02517 0.00210293 0.00111609
1 2 63 0.711418 0.0292688 0.0801581 -9.03285 0.00203805 0.00107368
1 3 61 0.719725 0.0502582 0.127805 -9.10793 0.0019621 0.00104574
1 4 60 0.724346 0.0395167 0.175797 -9.15153 0.00191718 0.00102836
1 5 65 0.709866 0.0572164 0.178039 -9.00818 0.00207443 0.00109046
1 6 60 0.71716 0.0629273 0.267813 -9.14019 0.00187827 0.00099749
1 7 55 0.71952 0.0227396 0.265021 -9.2354 0.00172571 0.000919484
1 8 52 0.719366 0.0360928 0.330699 -9.30911 0.001602 0.000853386
1 9 67 0.714473 0.00412646 0.348078 -9.03856 0.00205441 0.00108694
1 10 60 0.715117 0.0590139 0.408133 -9.17312 0.00180093 0.000953693
1 11 64 0.717933 0.0366693 0.423151 -9.12554 0.00191256 0.00101679
1 12 67 0.715507 0.0429717 0.455185 -9.0809 0.00197835 0.00104822
1 13 56 0.721666 0.0659987 0.475421 -9.29637 0.00163915 0.000875967
1 14 65 0.728381 0.0984297 0.521082 -9.19714 0.00186445 0.00100564
1 15 60 0.715737 0.0731811 0.540392 -9.22754 0.00171028 0.000906473
1 16 62 0.717492 0.095958 0.614508 -9.23591 0.00170934 0.000908199
1 17 72 0.715193 0.0459243 0.652744 -9.09082 0.00195609 0.00103597
1 18 78 0.716094 0.0490996 0.680449 -9.02767 0.002092 0.00110934
1 19 82 0.729912 0.0729465 0.785117 -9.08934 0.00209061 0.00113
1 20 63 0.723809 0.0344517 0.826881 -9.34525 0.0015758 0.000844614
1 21 68 0.726284 0.0541138 0.879893 -9.30642 0.00165614 0.000890714
1 22 76 0.731945 0.0606248 0.899128 -9.2297 0.00183304 0.000993537
1 23 78 0.719673 0.029194 1.00305 -9.20083 0.00178761 0.000952671
2 0 65 0.725063 0.0795218 0.0155011 -9.06194 0.0021035 0.00112941
2 1 62 0.712166 0.0875637 0.0528631 -9.05379 0.00200254 0.00105608
2 2 58 0.71146 0.0667214 0.102735 -9.11955 0.00186914 0.000984753
2 3 46 0.71494 0.0531514 0.0998323 -9.36587 0.00148405 0.00078569
2 4 53 0.711406 0.0619568 0.13445 -9.21286 0.00170223 0.000896746
2 5 64 0.704001 0.0781464 0.197477 -9.00201 0.00203259 0.00105964
2 6 58 0.713032 0.085811 0.249013 -9.1527 0.00182101 0.000961515
2 7 64 0.71806 0.10382 0.276364 -9.08496 0.00199289 0.00105969
2 8 65 0.72346 0.0639233 0.321017 -9.10249 0.00200568 0.00107451
2 9 64 0.714052 0.0840874 0.340908 -9.08343 0.00196058 0.00103669
2 10 71 0.710188 0.106131 0.364196 -8.97137 0.00215533 0.0011335
2 11 53 0.726388 0.085536 0.44294 -9.36121 0.00156856 0.000843728
2 12 69 0.72279 0.106045 0.472726 -9.09435 0.00201611 0.0010791
2 13 69 0.715942 0.0803885 0.483093 -9.06601 0.00201194 0.00106666
2 14 65 0.720877 0.101115 0.532411 -9.16893 0.00185545 0.000990475
2 15 76 0.725112 0.101078 0.594004 -9.0574 0.00211352 0.00113487
2 16 66 0.717552 0.128866 0.593511 -9.16714 0.00183153 0.000973198
2 17 58 0.720475 0.0890976 0.660013 -9.3359 0.00156733 0.000836206
2 18 69 0.719301 0.0436969 0.724909 -9.18526 0.00181268 0.000965532
2 19 71 0.726199 0.107157 0.767856 -9.21071 0.0018218 0.000979693
2 20 67 0.722183 0.0778226 0.841819 -9.28528 0.00166122 0.000888401
2 21 65 0.716469 0.118377 0.835945 -9.28966 0.00161253 0.000855537
2 22 83 0.717015 0.10648 0.915643 -9.08609 0.0019814 0.00105205
2 23 78 0.713657 0.153036 1.02025 -9.1881 0.0017626 0.000931491
3 0 67 0.719195 0.10912 -0.0027543 -9.00834 0.00216248 0.00115168
3 1 69 0.707052 0.0979574 0.0439471 -8.92429 0.00222746 0.00116626
3 2 55 0.714761 0.158388 0.0641985 -9.19441 0.00176019 0.000931655
3 3 62 0.716213 0.0983434 0.12822 -9.07959 0.00198721 0.00105395
3 4 57 0.707303 0.100285 0.196347 -9.13449 0.00180725 0.000946579
3 5 66 0.713115 0.0827221 0.194985 -9.01227 0.00209635 0.00110702
3 6 54 0.712669 0.154428 0.239279 -9.22799 0.0016862 0.00088988
3 7 48 0.710293 0.144821 0.289404 -9.3459 0.00148273 0.000779893
3 8 70 0.722461 0.0941532 0.31624 -9.02475 0.00215827 0.00115466
3 9 76 0.713749 0.118595 0.338658 -8.91264 0.00232254 0.00122756
3 10 71 0.716036 0.109488 0.371604 -9.00028 0.00214953 0.00113976
3 11 63 0.720888 0.0853569 0.40508 -9.15057 0.00188991 0.00100889
3 12 73 0.713587 0.13922 0.443168 -8.98933 0.00214954 0.00113586
3 13 64 0.728303 0.187368 0.500754 -9.21411 0.00183245 0.000988276
3 14 56 0.719366 0.129358 0.558503 -9.3246 0.00157736 0.000840262
3 15 64 0.719412 0.143789 0.56523 -9.19559 0.00179494 0.000956232
3 16 70 0.717164 0.118807 0.632947 -9.12305 0.00191077 0.00101476
3 17 69 0.709742 0.125162 0.629656 -9.10327 0.00188521 0.000990822
3 18 85 0.726697 0.127128 0.681856 -8.99397 0.00226766 0.0012203
3 19 81 0.728513 0.147001 0.772709 -9.09455 0.00206706 0.00111513
3 20 77 0.713438 0.133102 0.809393 -9.09488 0.00193292 0.00102118
3 21 81 0.713864 0.186922 0.884446 -9.08753 0.0019509 0.0010313
3 22 67 0.715786 0.136705 1.00665 -9.34175 0.00152602 0.000808865
3 23 68 0.722897 0.156693 0.947037 -9.33053 0.00159274 0.000852621
4 0 60 0.713803 0.162592 -0.0399493 -9.10254 0.00192131 0.00101557
4 1 53 0.718744 0.135715 0.015418 -9.24405 0.00170495 0.000907443
4 2 61 0.706697 0.116349 0.0666706 -9.0491 0.00196295 0.00102725
4 3 61 0.709752 0.158007 0.12543 -9.07394 0.00194141 0.00102037
4 4 69 0.714599 0.19429 0.198109 -8.98961 0.0021587 0.00114232
4 5 56 0.705397 0.119361 0.200924 -9.14641 0.00177048 0.000924821
4 6 54 0.715278 0.115025 0.228171 -9.2323 0.00169867 0.000899741
4 7 52 0.71878 0.196265 0.259286 -9.30428 0.00160555 0.000854583
4 8 51 0.712436 0.171725 0.326474 -9.3089 0.00155352 0.000819589
4 9 74 0.709859 0.154609 0.321786 -8.92126 0.00226273 0.00118943
4 10 53 0.713355 0.122365 0.303154 -9.26154 0.0016356 0.000864004
4 11 66 0.718267 0.146855 0.4207 -9.10389 0.00195733 0.00104108
4 12 73 0.725699 0.160906 0.443168 -9.04575 0.00214381 0.00115206
4 13 56 0.715685 0.15959 0.45548 -9.27082 0.00163745 0.000867809
4 14 75 0.715965 0.138993 0.556127 -9.0173 0.00211258 0.00112006
4 15 67 0.725491 0.185519 0.585617 -9.19033 0.00185353 0.000995786
4 16 63 0.726877 0.145576 0.614828 -9.26584 0.00172922 0.000930774
4 17 86 0.724757 0.203549 0.674793 -8.97902 0.00228228 0.00122489
4 18 69 0.719027 0.197805 0.728503 -9.19774 0.00178801 0.000952027
4 19 93 0.031029 0.157698 0.808321 12.5043 0.00233079 0.00126715
4 20 87 0.716834 0.167948 0.847913 -9.00969 0.00213699 0.00113437
4 21 75 0.719327 0.182828 0.864273 -9.17863 0.00182496 0.000972105
4 22 63 0.718782 0.140622 0.885603 -9.35716 0.00152287 0.000810578
4 23 88 0.718276 0.206516 1.00805 -9.08675 0.00199124 0.00105913
5 0 56 0.717006 0.166871 0.0589607 -9.18744 0.00179036 0.000950599
5 1 61 0.707634 0.194608 0.0603301 -9.06476 0.00194065 0.00101693
5 2 53 0.713888 0.201287 0.115423 -9.23937 0.00167625 0.00088614
5 3 49 0.71491 0.199421 0.128734 -9.3236 0.0015479 0.000819462
5 4 59 0.714316 0.221177 0.145451 -9.14168 0.0018518 0.000979531
5 5 68 0.713966 0.203069 0.223238 -9.00787 0.00211364 0.00111749
5 6 61 0.724693 0.182072 0.202062 -9.15623 0.00191109 0.00102558
5 7 56 0.72092 0.147989 0.233646 -9.22626 0.0017524 0.000935521
5 8 61 0.723801 0.235758 0.321342 -9.19033 0.00183978 0.000986098
5 9 84 0.706753 0.183591 0.291985 -8.7767 0.00257823 0.00134935
5 10 68 0.727577 0.223511 0.450433 -9.1373 0.00197246 0.00106273
5 11 59 0.717543 0.228727 0.454381 -9.2373 0.00170737 0.000907212
5 12 54 0.723879 0.23234 0.441362 -9.34994 0.00156892 0.000841007
5 13 79 0.719421 0.191915 0.51651 -8.97124 0.00224648 0.00119679
5 14 76 0.724091 0.213481 0.585464 -9.06209 0.00209418 0.0011229
5 15 72 0.71502 0.202975 0.569709 -9.0677 0.00200029 0.00105912
5 16 52 0.713647 0.199356 0.668079 -9.42919 0.00138495 0.000731897
5 17 76 0.709125 0.222078 0.63472 -9.01784 0.00204763 0.00107525
5 18 67 0.032301 0.180688 0.69323 11.5368 0.00176837 0.000965252
5 19 65 0.71275 0.210774 0.793428 -9.26155 0.00163114 0.000860919
5 20 73 0.711 0.191986 0.79316 -9.13522 0.00183628 0.000966815
5 21 80 0.731302 0.208735 0.909062 -9.19132 0.00189943 0.00102862
5 22 63 0.0313786 0.231741 1.01374 11.8119 0.0014178 0.000771646
5 23 72 0.72512 0.205036 1.0015 -9.31434 0.00163467 0.000877758
6 0 50 0.715094 0.199328 0.0117767 -9.29636 0.00159195 0.000842998
6 1 55 0.720017 0.216343 0.0383875 -9.227 0.00174411 0.000929931
6 2 54 0.717442 0.266143 0.103615 -9.24953 0.00168584 0.000895647
6 3 71 0.710382 0.238555 0.15296 -8.94364 0.00221786 0.0011667
6 4 62 0.719654 0.214307 0.146513 -9.11462 0.0019484 0.00103833
6 5 57 0.723938 0.208479 0.165216 -9.21923 0.00178846 0.000958769
6 6 70 0.725937 0.23251 0.222193 -9.03761 0.00216359 0.00116308
6 7 61 0.720286 0.212007 0.240425 -9.14998 0.00188599 0.00100596
6 8 68 0.713653 0.175579 0.301048 -9.0202 0.00208481 0.00110176
6 9 55 0.712165 0.222615 0.340821 -9.24506 0.00165392 0.000872229
6 10 67 0.721455 0.228066 0.384952 -9.10368 0.00198562 0.00106082
6 11 70 0.71617 0.192591 0.443345 -9.05014 0.00204622 0.00108518
6 12 78 0.71843 0.282671 0.47997 -8.98212 0.0022124 0.00117701
6 13 62 0.721985 0.235197 0.501081 -9.22598 0.00176118 0.000941598
6 14 53 0.724043 0.236892 0.521087 -9.39997 0.00149342 0.000800722
6 15 66 0.725157 0.220446 0.600568 -9.21535 0.00180507 0.000969306
6 16 44 0.716695 0.256967 0.621068 -9.59818 0.00118565 0.000629251
6 17 77 0.716712 0.224849 0.640356 -9.04168 0.00206858 0.00109787
6 18 78 0.719025 0.228614 0.715035 -9.07312 0.0020253 0.00107837
6 19 74 0.721921 0.226786 0.777233 -9.16718 0.0018673 0.000998245
6 20 65 0.717309 0.218483 0.798267 -9.28521 0.0016258 0.00086359
6 21 87 0.720653 0.247393 0.854918 -9.03936 0.00211003 0.00112603
6 22 78 0.721028 0.275732 0.955088 -9.20215 0.00179602 0.000958954
6 23 84 0.731366 0.26045 1.04864 -9.21662 0.00185247 0.00100328
7 0 57 0.720874 0.25917 0.0394459 -9.20474 0.00179016 0.000955619
7 1 61 0.708647 0.262929 0.0369732 -9.08307 0.00191419 0.0010045
7 2 52 0.71079 0.239937 0.137721 -9.25517 0.00162719 0.000856473
7 3 79 0.722494 0.258298 0.0596033 -8.88623 0.0024793 0.00132647
7 4 69 0.720649 0.259785 0.202737 -9.031 0.00212771 0.00113546
7 5 80 0.718235 0.271737 0.140868 -8.86559 0.00248367 0.00132097
7 6 71 0.715041 0.226526 0.198418 -8.96933 0.00220728 0.00116876
7 7 65 0.705395 0.225198 0.253624 -9.02522 0.00199856 0.00104396
7 8 60 0.729753 0.334056 0.300932 -9.25133 0.00177673 0.000960131
7 9 57 0.719029 0.270502 0.340409 -9.2499 0.00169717 0.00090366
7 10 51 0.713482 0.282551 0.432866 -9.36821 0.00147094 0.000777164
7 11 63 0.714661 0.276207 0.40801 -9.15243 0.00183483 0.000971024
7 12 61 0.718926 0.316835 0.448626 -9.22686 0.00173593 0.000924167
7 13 52 0.717271 0.232649 0.538375 -9.39512 0.00145632 0.000773526
7 14 70 0.731253 0.259747 0.584011 -9.18295 0.00191498 0.00103697
7 15 73 0.721865 0.264724 0.596728 -9.10598 0.00198467 0.00106091
7 16 92 0.726409 0.260923 0.647269 -8.91557 0.00244949 0.00131762
7 17 68 0.713192 0.280058 0.647072 -9.16259 0.00180438 0.000952946
7 18 74 0.711974 0.294091 0.711087 -9.10333 0.00190411 0.0010039
7 19 72 0.722227 0.318222 0.795104 -9.21893 0.00177552 0.000949584
7 20 69 0.728736 0.26323 0.926046 -9.34301 0.00161389 0.000870921
7 21 68 0.718023 0.308416 0.863429 -9.28745 0.00162733 0.000865262
7 22 75 0.717354 0.295198 0.962313 -9.23129 0.0017162 0.000911666
7 23 83 0.727948 0.290382 1.00041 -9.1943 0.0018662 0.00100599
8 0 48 0.704421 0.278848 0.00431372 -9.30699 0.00150116 0.000783057
8 1 62 0.725351 0.259583 0.0471196 -9.14083 0.00194639 0.00104547
8 2 67 0.715387 0.291042 0.128527 -9.03367 0.00207294 0.00109815
8 3 54 0.709024 0.289521 0.0961141 -9.21709 0.00167695 0.000880473
8 4 74 0.717888 0.259134 0.150144 -8.94018 0.00230159 0.00122354
8 5 53 0.716407 0.290733 0.237354 -9.2903 0.00161105 0.000854678
8 6 64 0.722292 0.295087 0.23397 -9.12826 0.0019446 0.00104011
8 7 79 0.712645 0.332815 0.307973 -8.90192 0.002336 0.00123276
8 8 64 0.720555 0.320344 0.311282 -9.14522 0.00189726 0.00101234
8 9 70 0.721443 0.258138 0.344504 -9.05359 0.00208752 0.00111523
8 10 64 0.717809 0.252679 0.352641 -9.12829 0.00190627 0.00101328
8 11 62 0.7163 0.291432 0.441325 -9.1904 0.00177945 0.000943878
8 12 46 0.718946 0.381442 0.440532 -9.52354 0.0012904 0.000686998
8 13 85 0.711153 0.303109 0.48496 -8.87 0.00239565 0.00126159
8 14 73 0.707714 0.328863 0.534752 -9.03133 0.00200735 0.001052
8 15 77 0.717333 0.301351 0.570222 -9.02893 0.00210094 0.00111601
8 16 64 0.715663 0.29408 0.554927 -9.19874 0.00175967 0.000932555
8 17 73 0.726329 0.334916 0.719894 -9.19258 0.00185619 0.000998368
8 18 64 0.730212 0.31831 0.735839 -9.34494 0.00162121 0.000876642
8 19 72 0.725814 0.33353 0.791869 -9.23614 0.00177304 0.00095297
8 20 84 0.714101 0.315973 0.821802 -9.04054 0.00204694 0.00108243
8 21 74 0.726023 0.36034 0.876482 -9.25363 0.00174392 0.000937583
8 22 100 0.728856 0.360973 0.998717 -9.02206 0.00222582 0.00120134
8 23 83 0.723501 0.39559 0.963073 -9.17447 0.00186672 0.00100012
9 0 61 0.7162 0.325375 0.0126491 -9.13329 0.0018832 0.000998767
9 1 57 0.718976 0.331489 0.0745999 -9.21771 0.00175226 0.000932927
9 2 64 0.71782 0.353129 0.102332 -9.10551 0.00195029 0.00103669
9 3 60 0.719365 0.362053 0.125213 -9.18199 0.00181913 0.000969053
9 4 51 0.71403 0.337214 0.237179 -9.33074 0.00153085 0.000809437
9 5 64 0.711834 0.310798 0.174112 -9.07509 0.00195742 0.0010318
9 6 53 0.706594 0.327868 0.235431 -9.25577 0.00159569 0.000834936
9 7 70 0.717666 0.34243 0.281064 -9.04141 0.00207795 0.00110431
9 8 79 0.711545 0.340716 0.276253 -8.89147 0.0023489 0.00123766
9 9 68 0.721197 0.319489 0.373513 -9.10467 0.00198139 0.00105818
9 10 58 0.718266 0.305157 0.431979 -9.26586 0.00166463 0.000885398
9 11 62 0.724218 0.34919 0.405111 -9.22798 0.00177506 0.000951954
9 12 56 0.717954 0.317247 0.458381 -9.31154 0.00158809 0.000844319
9 13 73 0.728862 0.412768 0.495213 -9.13305 0.00199205 0.00107518
9 14 59 0.716997 0.35298 0.548389 -9.29699 0.00160452 0.000851914
9 15 70 0.726306 0.401539 0.607841 -9.20289 0.00183697 0.000987997
9 16 75 0.717264 0.397651 0.685519 -9.12473 0.00190842 0.00101365
9 17 70 0.731074 0.37035 0.716651 -9.26151 0.00176891 0.00095764
9 18 79 0.730259 0.400034 0.744626 -9.15594 0.00195888 0.0010593
9 19 73 0.722042 0.328601 0.799251 -9.20815 0.0017933 0.000958848
9 20 84 0.728603 0.411647 0.85557 -9.13908 0.00197782 0.00106711
9 21 82 0.721797 0.36236 0.895145 -9.14135 0.00191511 0.00102363
9 22 71 0.728751 0.414607 0.941808 -9.34764 0.00160653 0.000866968
9 23 85 0.708295 0.379259 0.958311 -9.07753 0.00192178 0.00100798
10 0 65 0.721789 0.331524 0.00339868 -9.09636 0.00200317 0.00107068
10 1 59 0.718604 0.350799 0.0561837 -9.18638 0.00180505 0.000960537
10 2 60 0.709498 0.387257 0.0879308 -9.14259 0.00181052 0.000951236
10 3 66 0.718167 0.379745 0.105324 -9.08507 0.00199364 0.00106024
10 4 50 0.715779 0.314525 0.1098 -9.3325 0.00154016 0.000816354
10 5 59 0.723704 0.382684 0.220277 -9.23859 0.00175236 0.000939113
10 6 57 0.723878 0.360693 0.204316 -9.26407 0.00170958 0.000916407
10 7 70 0.72209 0.357533 0.281816 -9.06561 0.00206847 0.00110605
10 8 65 0.721243 0.348155 0.286366 -9.1343 0.00192394 0.00102756
10 9 56 0.726006 0.3916 0.325298 -9.32707 0.0016203 0.000871103
10 10 54 0.719425 0.445311 0.35943 -9.36079 0.00152169 0.000810675
10 11 75 0.722038 0.382611 0.383002 -9.03073 0.0021414 0.00114496
10 12 77 0.72615 0.334982 0.526076 -9.05831 0.00212126 0.00114065
10 13 74 0.719524 0.375017 0.5009 -9.06971 0.00203673 0.00108521
10 14 61 0.72575 0.3791 0.580345 -9.3214 0.00162769 0.000874769
10 15 58 0.717855 0.419659 0.588671 -9.35093 0.00152608 0.000811238
10 16 81 0.724143 0.397482 0.607824 -9.04635 0.0021279 0.00114107
10 17 84 0.719769 0.421636 0.720284 -9.04315 0.00209383 0.00111601
10 18 79 0.721953 0.420198 0.762393 -9.13192 0.0019346 0.00103427
10 19 67 0.0326852 0.432169 0.855932 11.2192 0.00157015 0.000858096
10 20 76 0.715791 0.434753 0.796702 -9.16166 0.00182718 0.000968503
10 21 83 0.729511 0.439556 0.948221 -9.20286 0.001863 0.00100642
10 22 65 0.725339 0.492642 0.969307 -9.45006 0.0014286 0.000767335
10 23 100 0.723272 0.486452 1.06509 -9.05165 0.00210853 0.00112931
11 0 54 0.713233 0.426078 0.0423354 -9.27569 0.00161172 0.000851245
11 1 64 0.716193 0.442457 0.079579 -9.1269 0.00189522 0.00100513
11 2 74 0.724954 0.432964 0.104539 -9.019 0.00219474 0.00117822
11 3 59 0.721163 0.443099 0.122875 -9.2342 0.00174041 0.000929434
11 4 59 0.712236 0.381986 0.125595 -9.17344 0.00177728 0.000937378
11 5 60 0.723095 0.413635 0.181517 -9.22288 0.00177533 0.000950626
11 6 75 0.717727 0.395258 0.212988 -8.97492 0.00222143 0.00118066
11 7 65 0.716704 0.40741 0.250522 -9.12463 0.00190385 0.00101043
11 8 65 0.71542 0.414699 0.29105 -9.13014 0.00188256 0.000997343
11 9 67 0.71609 0.402965 0.330305 -9.10868 0.00192916 0.00102299
11 10 67 0.712032 0.420564 0.391544 -9.11308 0.00188612 0.000994494
11 11 68 0.713138 0.459541 0.448617 -9.13323 0.00185769 0.000981028
11 12 68 0.720742 0.452496 0.460425 -9.16864 0.00185487 0.00098998
11 13 72 0.721037 0.429098 0.512719 -9.12336 0.00194333 0.00103762
11 14 67 0.721672 0.442984 0.560849 -9.21971 0.00176979 0.000945794
11 15 73 0.71289 0.406417 0.613943 -9.10509 0.0019086 0.00100756
11 16 88 0.720769 0.3968 0.650742 -8.96575 0.00227236 0.00121285
11 17 81 0.713186 0.447541 0.705461 -9.05057 0.00201822 0.00106588
11 18 84 0.724283 0.427188 0.775369 -9.08814 0.00204206 0.00109525
11 19 83 0.72087 0.501186 0.838851 -9.13085 0.00192739 0.00102887
11 20 84 0.729492 0.456877 0.807128 -9.132 0.00199963 0.0010802
11 21 91 0.729466 0.498865 0.960024 -9.12899 0.00200544 0.0010833
11 22 79 0.722991 0.479071 0.944191 -9.23042 0.00176119 0.000942915
11 23 86 0.729077 0.506576 1.08061 -9.23909 0.0017933 0.000968188
12 0 54 0.726831 0.502207 0.0357914 -9.3648 0.00156596 0.000842848
12 1 49 0.716134 0.5074 0.0511701 -9.41725 0.00141725 0.000751581
12 2 74 0.719812 0.490285 0.0618173 -9.01503 0.00215395 0.00114812
12 3 60 0.715771 0.452332 0.109864 -9.19558 0.00176609 0.000936099
12 4 73 0.723377 0.396817 0.201353 -9.02549 0.00216542 0.00115996
12 5 67 0.717714 0.397674 0.191531 -9.08483 0.00199008 0.00105769
12 6 57 0.725111 0.458826 0.210233 -9.30367 0.00165216 0.000887135
12 7 58 0.719697 0.425285 0.261487 -9.26016 0.00168482 0.00089792
12 8 77 0.726636 0.443299 0.298968 -9.02189 0.00220464 0.00118628
12 9 75 0.721644 0.490275 0.34755 -9.05464 0.00208716 0.00111535
12 10 73 0.718259 0.455887 0.405624 -9.07076 0.00202319 0.0010761
12 11 80 0.722822 0.517358 0.472226 -9.04075 0.00212741 0.00113872
12 12 73 0.725982 0.470405 0.541203 -9.15407 0.00192612 0.00103548
12 13 72 0.714024 0.418877 0.508978 -9.0878 0.00195177 0.00103199
12 14 62 0.721038 0.460849 0.573258 -9.30437 0.00162158 0.000865827
12 15 88 0.719847 0.514419 0.635405 -8.98859 0.00221201 0.00117913
12 16 87 0.719458 0.498848 0.670989 -9.00741 0.00216702 0.00115452
12 17 88 0.722314 0.508316 0.749176 -9.04291 0.00211806 0.00113292
12 18 78 0.714611 0.465284 0.743531 -9.11527 0.00190388 0.0010075
12 19 76 0.718012 0.520253 0.809635 -9.19888 0.00177793 0.000945325
12 20 76 0.72144 0.511338 0.855773 -9.23135 0.00174751 0.000933587
12 21 83 0.723703 0.595666 1.00271 -9.2376 0.00175408 0.000940033
12 22 93 0.718446 0.519528 0.981036 -9.07271 0.00202093 0.00107518
12 23 86 0.722596 0.543718 1.08303 -9.21965 0.00177715 0.000950941
13 0 72 0.0309998 0.512606 0.0290063 12.4068 0.00207958 0.00113047
13 1 65 0.707093 0.491583 0.0669473 -9.08849 0.00189051 0.000989898
13 2 61 0.717748 0.463152 0.0886905 -9.1902 0.00179133 0.000952101
13 3 57 0.721707 0.463871 0.139491 -9.28058 0.00166554 0.000890123
13 4 68 0.724162 0.513079 0.139281 -9.13404 0.00194941 0.00104538
13 5 68 0.712744 0.525718 0.224006 -9.1001 0.00191688 0.00101173
13 6 51 0.716562 0.467881 0.238587 -9.38537 0.00146596 0.000777875
13 7 62 0.718864 0.462506 0.295314 -9.21012 0.00176475 0.000939427
13 8 69 0.727702 0.47546 0.333609 -9.15589 0.0019372 0.00104391
13 9 76 0.723286 0.50758 0.342538 -9.0537 0.00210434 0.0011271
13 10 73 0.71278 0.512971 0.39222 -9.06228 0.00199109 0.00105095
13 11 67 0.717017 0.502733 0.389713 -9.16261 0.00183546 0.000974561
13 12 88 0.728835 0.514888 0.515812 -8.98528 0.00230898 0.00124619
13 13 81 0.033436 0.529824 0.483699 11.1515 0.00213685 0.00117057
13 14 67 0.709138 0.497236 0.495125 -9.15759 0.00178067 0.000935077
13 15 93 0.717792 0.52283 0.667482 -8.93911 0.00230308 0.00122417
13 16 87 0.72221 0.554578 0.669311 -9.03595 0.00213189 0.00114015
13 17 75 0.714702 0.522683 0.702837 -9.15429 0.00183177 0.00096946
13 18 86 0.717511 0.519296 0.750337 -9.04816 0.00206255 0.00109589
13 19 88 0.718172 0.567487 0.757928 -9.04523 0.0020747 0.00110336
13 20 96 0.719658 0.532989 0.861265 -8.99781 0.00218986 0.00116702
13 21 89 0.728219 0.589226 0.907965 -9.146 0.00196088 0.00105742
13 22 79 0.718705 0.606269 0.960214 -9.24967 0.00169511 0.000902161
13 23 84 0.720976 0.552028 1.06519 -9.23006 0.00174618 0.000932277
14 0 81 0.708154 0.522296 0.01202 -8.88387 0.00233094 0.00122234
14 1 69 0.722284 0.510622 0.0430063 -9.10327 0.00199374 0.00106638
14 2 73 0.713932 0.532205 0.0969338 -9.02153 0.00208465 0.00110211
14 3 65 0.729951 0.523332 0.142896 -9.20908 0.00185501 0.00100271
14 4 70 0.71321 0.540174 0.199 -9.07502 0.00196968 0.00104027
14 5 62 0.719844 0.505889 0.198461 -9.21223 0.0017687 0.000942816
14 6 65 0.713049 0.522156 0.23599 -9.14726 0.00183108 0.000966857
14 7 62 0.723663 0.498064 0.289428 -9.24303 0.00174428 0.000934729
14 8 80 0.719263 0.51657 0.305855 -8.97927 0.00222693 0.00118612
14 9 74 0.719175 0.544982 0.442527 -9.1033 0.00196641 0.00104723
14 10 72 0.727858 0.567356 0.434267 -9.17487 0.00190206 0.00102519
14 11 75 0.719036 0.58231 0.483826 -9.11546 0.00194143 0.00103373
14 12 71 0.723618 0.556194 0.455801 -9.17241 0.00187154 0.00100287
14 13 97 0.71561 0.556556 0.591358 -8.86968 0.00244477 0.00129553
14 14 68 0.728016 0.574395 0.614884 -9.29418 0.00168932 0.000910726
14 15 82 0.716303 0.562459 0.635793 -9.05885 0.00202966 0.0010766
14 16 72 0.0307303 0.604959 0.689984 12.372 0.00172239 0.000935504
14 17 82 0.722616 0.58478 0.744244 -9.13538 0.00193357 0.00103467
14 18 96 0.724294 0.59308 0.793833 -9.00735 0.002214 0.00118748
14 19 91 0.721036 0.61499 0.805333 -9.05763 0.00207533 0.0011081
14 20 104 0.717587 0.663707 0.882434 -8.95414 0.00226665 0.00120446
14 21 95 0.726894 0.582461 0.888215 -9.06486 0.00211431 0.00113808
14 22 97 0.717958 0.648222 1.02591 -9.07955 0.00200279 0.0010648
14 23 84 0.728261 0.639656 1.06359 -9.28244 0.00171111 0.000922782
15 0 78 0.716023 0.563131 0.0321725 -8.97439 0.00220577 0.00116956
15 1 64 0.719117 0.570207 0.033017 -9.18905 0.00180435 0.000960847
15 2 58 0.710223 0.570623 0.12176 -9.25304 0.0016265 0.000855427
15 3 73 0.717002 0.525457 0.0963794 -9.03242 0.00209052 0.00110996
15 4 66 0.716872 0.561936 0.150096 -9.15282 0.00185232 0.000983314
15 5 65 0.71084 0.49651 0.220101 -9.12462 0.00185453 0.000976201
15 6 71 0.718436 0.56683 0.240801 -9.10184 0.00196282 0.00104425
15 7 86 0.720858 0.586109 0.318053 -8.94408 0.00232307 0.00124007
15 8 70 0.711791 0.561145 0.316773 -9.09919 0.00191044 0.00100698
15 9 77 0.719015 0.577213 0.401361 -9.06332 0.00204515 0.00108893
15 10 76 0.722087 0.574842 0.446718 -9.10182 0.00199488 0.0010667
15 11 78 0.712835 0.605088 0.480269 -9.05601 0.0020041 0.0010579
15 12 75 0.727624 0.619124 0.57294 -9.19552 0.00186128 0.00100289
15 13 70 0.725994 0.591161 0.582186 -9.25055 0.00174907 0.00094032
15 14 86 0.720005 0.655047 0.617529 -9.05314 0.00207519 0.00110644
15 15 84 0.717725 0.64049 0.625952 -9.06422 0.00203164 0.00107979
15 16 86 0.722923 0.670796 0.692138 -9.09778 0.00201038 0.00107623
15 17 86 0.73072 0.664931 0.747848 -9.15042 0.00197369 0.00106798
15 18 80 0.71512 0.666606 0.80008 -9.17419 0.00179903 0.000952692
15 19 97 0.718826 0.684546 0.847073 -9.02183 0.00213001 0.00113381
15 20 95 0.71902 0.687365 0.895463 -9.0633 0.00204525 0.00108899
15 21 88 0.725304 0.708251 0.97831 -9.20659 0.00182213 0.000978661
15 22 97 0.718524 0.69716 0.983666 -9.0782 0.00201056 0.00106977
15 23 94 0.728871 0.730554 1.12689 -9.22192 0.00182272 0.000983795
16 0 61 0.709574 0.676099 0.0439928 -9.24208 0.00163963 0.000861542
16 1 77 0.716458 0.596394 0.0607949 -9.00464 0.00214422 0.00113761
16 2 82 0.718988 0.600634 0.0863388 -8.95622 0.00227607 0.00121183
16 3 64 0.713463 0.619657 0.156869 -9.19395 0.00175081 0.000925004
16 4 69 0.712192 0.620233 0.142447 -9.11174 0.00189001 0.000996769
16 5 78 0.717731 0.569509 0.178692 -8.99626 0.00217456 0.00115576
16 6 81 0.717577 0.593439 0.268684 -8.98233 0.00220356 0.00117092
16 7 86 0.715489 0.595161 0.256418 -8.91157 0.0023432 0.0012415
16 8 81 0.72272 0.622878 0.335773 -9.03124 0.00214676 0.00114892
16 9 82 0.720097 0.632018 0.372662 -9.01974 0.00214654 0.00114463
16 10 70 0.717933 0.602146 0.379017 -9.15781 0.00185183 0.000984509
16 11 89 0.717742 0.618731 0.423757 -8.93512 0.00231176 0.0012287
16 12 83 0.723278 0.677238 0.485507 -9.07 0.00207025 0.00110883
16 13 81 0.710081 0.684203 0.493222 -9.04055 0.00201029 0.00105706
16 14 73 0.72342 0.684017 0.582907 -9.23137 0.00176284 0.000944362
16 15 88 0.724459 0.679248 0.658292 -9.07259 0.00207567 0.00111354
16 16 91 0.722955 0.677298 0.712711 -9.05108 0.0021068 0.00112789
16 17 78 0.718079 0.668673 0.76002 -9.19816 0.00177974 0.000946376
16 18 89 0.719298 0.710996 0.769908 -9.08949 0.00199484 0.00106256
16 19 90 0.725806 0.712677 0.840178 -9.13387 0.00196391 0.00105554
16 20 87 0.719209 0.691668 0.945937 -9.17338 0.00183359 0.000976541
16 21 86 0.729136 0.78683 0.962399 -9.2637 0.00175016 0.000944973
16 22 97 0.722398 0.752615 1.06242 -9.14232 0.00191835 0.00102621
16 23 78 0.729907 0.811411 1.2105 -9.46709 0.00143288 0.00077448
17 0 62 0.730152 0.650699 0.0171426 -9.30486 0.00168706 0.000912176
17 1 88 0.72399 0.696942 0.0874274 -8.95151 0.00233802 0.00125347
17 2 83 0.728585 0.702816 0.0865352 -9.03288 0.00219925 0.00118655
17 3 59 0.712116 0.725486 0.176272 -9.31947 0.00153497 0.000809442
17 4 63 0.716788 0.682777 0.203044 -9.25846 0.001666 0.000884298
17 5 73 0.725186 0.633757 0.217408 -9.12854 0.00196902 0.00105739
17 6 69 0.718247 0.679638 0.260849 -9.18141 0.00181117 0.000963314
17 7 77 0.723584 0.627792 0.346049 -9.09007 0.00203187 0.00108873
17 8 78 0.71631 0.67977 0.323019 -9.06196 0.00202343 0.00107331
17 9 89 0.717462 0.647653 0.359784 -8.92954 0.00232182 0.00123356
17 10 81 0.716988 0.65155 0.402915 -9.03372 0.00208769 0.00110844
17 11 72 0.720441 0.745885 0.483486 -9.22711 0.0017472 0.000932128
17 12 89 0.72304 0.712123 0.508112 -9.01966 0.00217486 0.00116447
17 13 76 0.718071 0.742608 0.575646 -9.18777 0.00179828 0.000956221
17 14 117 0.730711 0.706394 0.586124 -8.8012 0.00279851 0.00151428
17 15 72 0.714574 0.74024 0.625087 -9.24085 0.00167891 0.000888401
17 16 78 0.719456 0.737259 0.677138 -9.19865 0.0017898 0.000953549
17 17 86 0.719768 0.78525 0.768654 -9.15123 0.00187933 0.00100168
17 18 82 0.0313761 0.768046 0.801887 12.0417 0.00178167 0.000969675
17 19 79 0.722939 0.80845 0.866434 -9.29287 0.00165418 0.000885559
17 20 92 0.719343 0.770165 0.953091 -9.14443 0.00188857 0.00100601
17 21 96 0.724948 0.864222 1.02342 -9.18198 0.0018646 0.00100098
17 22 79 0.731501 0.830202 1.1127 -9.42885 0.00149913 0.000812061
17 23 82 0.727498 0.923953 1.21933 -9.44008 0.00145667 0.000784742
18 0 84 0.724654 0.735845 0.0202968 -9.01694 0.00219636 0.0011786
18 1 92 0.71399 0.725099 0.091907 -8.87612 0.00241154 0.00127503
18 2 76 0.713784 0.688772 0.128032 -9.0519 0.00202094 0.0010682
18 3 77 0.719618 0.717927 0.128884 -9.07848 0.00201979 0.00107632
18 4 58 0.722057 0.743678 0.164023 -9.38805 0.00149815 0.00080105
18 5 74 0.714625 0.654154 0.209833 -9.07597 0.00198032 0.00104797
18 6 91 0.729568 0.756818 0.276173 -8.99205 0.00230078 0.00124301
18 7 76 0.7214 0.804982 0.372301 -9.17631 0.00184607 0.000986186
18 8 83 0.727769 0.740948 0.373408 -9.088 0.00207389 0.00111767
18 9 73 0.721093 0.74261 0.393546 -9.19225 0.00181442 0.000968866
18 10 71 0.720217 0.748207 0.498696 -9.24522 0.00171414 0.000914207
18 11 75 0.721732 0.725494 0.457694 -9.17661 0.00184824 0.000987797
18 12 86 0.713624 0.773439 0.508852 -9.03743 0.00204892 0.00108275
18 13 89 0.713699 0.747141 0.556048 -9.00624 0.00211456 0.00111756
18 14 81 0.71934 0.822256 0.628045 -9.17721 0.00182764 0.000973554
18 15 99 0.724316 0.778902 0.636201 -8.98407 0.00226637 0.00121561
18 16 84 0.720124 0.79225 0.698786 -9.15517 0.00187489 0.000999806
18 17 103 0.72682 0.821546 0.791051 -9.02265 0.00220474 0.00118664
18 18 93 0.727631 0.872201 0.868655 -9.17293 0.00190387 0.00102585
18 19 72 0.724115 0.834394 0.901189 -9.41202 0.001476 0.00079146
18 20 98 0.723389 0.829571 0.935691 -9.11143 0.0019872 0.0010645
18 21 97 0.0312023 0.849837 1.02737 12.1971 0.00188963 0.00102787
18 22 86 0.713538 0.921023 1.08358 -9.28056 0.00160609 0.000848636
18 23 92 0.712832 0.878566 1.06495 -9.19031 0.00175222 0.000924934
19 0 86 0.719182 0.768982 0.0225204 -8.98515 0.00221308 0.00117861
19 1 88 0.719624 0.747165 0.045241 -8.95412 0.00228732 0.0012189
19 2 82 0.722342 0.76527 0.0836266 -9.04703 0.00210963 0.00112845
19 3 98 0.711548 0.752488 0.150314 -8.81948 0.00252427 0.00133007
19 4 83 0.719292 0.778461 0.174145 -9.03493 0.00210665 0.0011221
19 5 89 0.7202 0.777203 0.248099 -8.97802 0.002239 0.0011941
19 6 81 0.724818 0.788758 0.23562 -9.09622 0.00203041 0.0010898
19 7 85 0.723952 0.828979 0.356796 -9.08342 0.00204875 0.00109833
19 8 80 0.721956 0.777059 0.359963 -9.11236 0.00197283 0.00105472
19 9 67 0.713109 0.814687 0.404315 -9.27665 0.00160928 0.000849812
19 10 77 0.72326 0.787557 0.447479 -9.18085 0.00185288 0.000992373
19 11 83 0.722809 0.737 0.507884 -9.09848 0.00200797 0.00107477
19 12 94 0.719155 0.810246 0.493835 -8.98466 0.0022139 0.001179
19 13 76 0.721334 0.85195 0.548379 -9.23903 0.00173335 0.000925883
19 14 94 0.72178 0.839926 0.631463 -9.04724 0.00210393 0.00112453
19 15 98 0.727926 0.863865 0.703907 -9.06428 0.00212511 0.00114552
19 16 102 0.721156 0.818449 0.716327 -8.98118 0.00224143 0.00119698
19 17 72 0.0325854 0.882271 0.830039 11.2168 0.00148821 0.000813058
19 18 87 0.0318615 0.926578 0.864331 11.7592 0.0017499 0.000953846
19 19 87 0.731103 0.908936 0.903464 -9.27945 0.00173767 0.000940765
19 20 96 0.726667 0.919336 0.944908 -9.17937 0.00188366 0.00101361
19 21 80 0.730587 0.962053 1.0377 -9.42494 0.00149902 0.000810985
19 22 96 0.719747 0.958446 1.16727 -9.23931 0.00172071 0.000917111
19 23 89 0.722992 1.01139 1.20859 -9.35932 0.00154819 0.000828881
20 0 77 0.717994 0.752608 -0.0132143 -9.08241 0.00199739 0.00106198
20 1 76 0.725093 0.852238 0.0740595 -9.17703 0.00187506 0.0010068
20 2 78 0.720877 0.801883 0.0999723 -9.10916 0.00196973 0.00105148
20 3 88 0.720337 0.824761 0.16683 -9.00252 0.00218615 0.00116614
20 4 81 0.723637 0.828083 0.227007 -9.10847 0.00199527 0.0010692
20 5 76 0.722541 0.85567 0.210037 -9.17846 0.00185143 0.000990611
20 6 74 0.718449 0.824283 0.255459 -9.17802 0.00181895 0.000967722
20 7 76 0.713606 0.902356 0.300891 -9.17363 0.00178789 0.000944785
20 8 82 0.718167 0.852438 0.355303 -9.10419 0.00195586 0.00104015
20 9 77 0.730487 0.891699 0.429067 -9.25437 0.00177702 0.000961256
20 10 76 0.722267 0.784609 0.414189 -9.1803 0.00184578 0.000987217
20 11 88 0.720837 0.919872 0.50683 -9.10875 0.00197019 0.00105167
20 12 82 0.715681 0.874869 0.521097 -9.14047 0.00186541 0.000988616
20 13 93 0.72235 0.852052 0.592194 -9.05387 0.0020953 0.0011208
20 14 77 0.727225 0.919416 0.660184 -9.31109 0.00165524 0.000891383
20 15 74 0.726329 0.913557 0.650881 -9.34184 0.00159881 0.000859932
20 16 75 0.731661 0.917987 0.7582 -9.38584 0.00156611 0.000848527
20 17 94 0.725672 0.915241 0.808497 -9.14884 0.00193358 0.00103905
20 18 83 0.0315911 0.972386 0.899316 11.8308 0.00162376 0.000884333
20 19 83 0.729263 1.01725 1.01079 -9.39127 0.0015414 0.000832404
20 20 87 0.712878 0.970543 0.912089 -9.22313 0.001696 0.000895315
20 21 102 0.732879 1.0517 1.13829 -9.25443 0.00179555 0.000974457
20 22 76 0.732727 1.0534 1.15689 -9.55476 0.00132885 0.000721029
20 23 90 0.731504 1.14132 1.31141 -9.45739 0.00145697 0.000789223
21 0 88 0.723586 0.870328 0.0103337 -9.03118 0.00215514 0.00115478
21 1 97 0.722413 0.959971 0.0893633 -8.97529 0.00226723 0.00121287
21 2 89 0.720956 0.87399 0.0892772 -9.01229 0.00217084 0.00115897
21 3 83 0.719808 0.836072 0.15164 -9.06274 0.00205357 0.00109461
21 4 83 0.721249 0.875199 0.193342 -9.0922 0.00200672 0.00107178
21 5 82 0.7208 0.891958 0.230908 -9.11481 0.00195797 0.00104509
21 6 103 0.720584 0.901156 0.274799 -8.89619 0.00243406 0.00129883
21 7 92 0.727579 0.896107 0.322473 -9.04508 0.00216303 0.0011654
21 8 103 0.724144 0.936386 0.376091 -8.94539 0.00235395 0.00126228
21 9 97 0.727776 0.875385 0.378651 -8.99372 0.00227898 0.00122821
21 10 84 0.722386 0.947796 0.485322 -9.16939 0.00186701 0.000998733
21 11 64 0.721042 0.953431 0.518485 -9.44559 0.00140804 0.000751812
21 12 63 0.726187 0.936436 0.584544 -9.4933 0.00137325 0.00073847
21 13 89 0.719769 0.949868 0.549491 -9.1162 0.00194632 0.00103739
21 14 91 0.0325827 0.984114 0.673706 11.4616 0.00189833 0.00103711
21 15 87 0.724015 1.01113 0.725363 -9.23029 0.00176939 0.000948648
21 16 102 0.724278 0.972649 0.748102 -9.0639 0.00209211 0.00112208
21 17 89 0.726502 1.04303 0.823907 -9.25958 0.00173722 0.000934601
21 18 85 0.725992 0.990869 0.899901 -9.3078 0.00165173 0.000887982
21 19 87 0.0347621 1.10093 0.99048 10.2237 0.00158075 0.00086957
21 20 105 0.728161 1.03604 0.980417 -9.14773 0.00195699 0.00105524
21 21 82 0.0321141 1.09388 1.13157 11.4212 0.00142777 0.000778879
21 22 90 0.730519 1.16862 1.16436 -9.41421 0.00151474 0.000819414
21 23 86 0.723423 1.1539 1.23569 -9.44661 0.00142149 0.000761501
22 0 77 0.718175 0.911115 -0.00151745 -9.16096 0.00184799 0.000982795
22 1 95 0.724021 0.952263 0.0447298 -8.99782 0.0022325 0.00119695
22 2 80 0.731465 0.894368 0.154507 -9.17952 0.00192333 0.0010418
22 3 99 0.725363 0.980508 0.167688 -8.9832 0.00227882 0.00122405
22 4 83 0.7177 0.896916 0.174643 -9.08513 0.00198936 0.00105728
22 5 79 0.718778 0.938686 0.227489 -9.16532 0.0018449 0.00098198
22 6 88 0.726208 0.963724 0.267789 -9.10744 0.00202007 0.00108633
22 7 85 0.720813 0.970089 0.299568 -9.12585 0.00193657 0.00103369
22 8 83 0.719117 0.952208 0.344873 -9.14086 0.00189342 0.00100828
22 9 83 0.727002 0.980973 0.375476 -9.19448 0.00185814 0.00100034
22 10 94 0.71569 1.00837 0.49027 -9.05526 0.00203139 0.0010766
22 11 109 0.725097 1.05759 0.542254 -8.98219 0.00227845 0.0012234
22 12 84 0.031538 1.02751 0.562271 11.9465 0.00177083 0.00096427
22 13 91 0.733285 1.08836 0.661612 -9.24017 0.00182454 0.000990742
22 14 97 0.0391937 1.04537 0.646658 8.6513 0.00198747 0.00110873
22 15 107 0.720902 1.00766 0.726587 -9.00858 0.00217838 0.0011629
22 16 96 0.722652 1.05199 0.761859 -9.1523 0.00190142 0.00101752
22 17 91 0.0327285 1.18885 0.912396 11.2406 0.00163994 0.000896357
22 18 92 0.720251 1.03926 0.856135 -9.20714 0.00178095 0.00094988
22 19 91 0.726134 1.16902 0.984804 -9.32935 0.00161752 0.000869761
22 20 86 0.731225 1.08873 0.979474 -9.37856 0.00157455 0.000852595
22 21 78 0.716487 1.23602 1.19377 -9.52557 0.00127377 0.000675822
22 22 75 0.718768 1.15694 1.07797 -9.51418 0.0013015 0.000692735
22 23 99 0.715393 1.19537 1.26192 -9.29086 0.00160287 0.000849135
23 0 87 0.0313913 1.03534 0.0148587 12.1299 0.00196227 0.00106802
23 1 71 0.712753 0.94553 0.0697123 -9.23631 0.00167285 0.000882941
23 2 90 0.730313 0.947644 0.0962572 -9.0791 0.00211584 0.00114426
23 3 80 0.715694 0.984167 0.155885 -9.15428 0.00183992 0.000975124
23 4 87 0.728918 1.03061 0.195221 -9.15509 0.00194909 0.00105207
23 5 96 0.720897 1.03336 0.225896 -9.02575 0.00214126 0.00114308
23 6 90 0.724523 0.995065 0.306161 -9.09798 0.00202421 0.00108603
23 7 100 0.0310247 1.01187 0.325809 12.4601 0.00222462 0.00120941
23 8 110 0.0316382 1.00289 0.375699 12.2113 0.00243743 0.00132767
23 9 93 0.718698 1.04888 0.437812 -9.08698 0.00199453 0.0010615
23 10 97 0.724243 1.03435 0.44443 -9.06405 0.00209149 0.0011217
23 11 79 0.723584 1.05536 0.556032 -9.29958 0.00164779 0.000882929
23 12 91 0.721422 1.05017 0.55754 -9.14671 0.00190173 0.00101595
23 13 88 0.0326775 1.08221 0.63412 11.3492 0.0017811 0.000973353
23 14 105 0.718801 1.0974 0.687535 -9.04375 0.0020836 0.00110907
23 15 76 0.719494 1.12148 0.702847 -9.38381 0.00148751 0.000792542
23 16 107 0.729147 1.16463 0.826053 -9.13386 0.00199291 0.00107606
23 17 94 0.726619 1.16182 0.912406 -9.2754 0.00171083 0.000920548
23 18 92 0.0311229 1.19553 0.942561 12.0999 0.0016399 0.000891805
23 19 87 0.725913 1.22847 1.01117 -9.40176 0.00150308 0.000807982
23 20 74 0.720412 1.20266 1.05126 -9.54213 0.00127489 0.000680123
23 21 81 0.725149 1.2756 1.13351 -9.52101 0.00132964 0.000713997
23 22 89 0.032644 1.34446 1.28522 11.1027 0.00136837 0.000747723
23 23 93 0.722085 1.36291 1.34183 -9.45661 0.00139904 0.000748089
