#  ix    iy     NK     E/N         TK    Uxpi    UyK      muK      rho      epsilon
0 0 70 0.733007 -0.0121808 0.00028053 -8.88027 0.00261175 0.00141766
0 1 81 0.729153 0.0233962 0.0284449 -8.71811 0.00302034 0.00163083
0 2 71 0.729375 0.0704691 0.105307 -8.85814 0.00262824 0.00141955
0 3 89 0.732546 0.0192193 0.154804 -8.65007 0.00328121 0.00177993
0 4 91 0.725834 -0.00209188 0.141598 -8.5964 0.00336198 0.00180703
0 5 79 0.0318691 0.0468505 0.232807 12.2492 0.002868 0.00156334
0 6 66 0.725798 0.00384919 0.213184 -8.92975 0.00240855 0.00129451
0 7 94 0.0321297 -0.00781724 0.296551 12.2695 0.00336262 0.00183447
0 8 77 0.729659 -0.0160445 0.389715 -8.8411 0.00267673 0.0014463
0 9 84 0.731361 0.0663071 0.398975 -8.76646 0.00290567 0.00157367
0 10 87 0.0351343 0.0159566 0.452741 10.6823 0.00295699 0.00162855
0 11 85 0.0379249 0.00652647 0.510068 9.47826 0.00282529 0.0015698
0 12 73 0.724456 0.0648161 0.462936 -8.89962 0.00246759 0.00132379
0 13 93 0.0312459 0.0299292 0.566898 12.6409 0.00301778 0.00164176
0 14 105 0.727846 -0.00101558 0.602747 -8.60716 0.00335551 0.00180856
0 15 85 0.731449 0.03452 0.711402 -8.88441 0.00258337 0.00139928
0 16 98 0.0330104 0.0731309 0.77817 11.6614 0.00288109 0.00157615
0 17 82 0.0359231 0.00110102 0.872189 10.0889 0.00230587 0.00127312
0 18 81 0.733192 -0.00969297 0.854044 -9.00896 0.00229822 0.0012478
0 19 97 0.031549 -0.00390423 0.911151 12.3531 0.00267538 0.00145688
0 20 95 0.0332162 0.0575675 0.987273 11.4249 0.00252042 0.00137973
0 21 106 0.731253 -0.0214654 1.06326 -8.83591 0.00270945 0.00146718
0 22 124 0.731726 0.036669 1.1234 -8.71127 0.00307545 0.00166645
0 23 132 0.730986 0.0552294 1.25024 -8.70829 0.00307467 0.00166434
1 0 82 0.725618 0.0459326 0.0279675 -8.6911 0.00305529 0.0016417
1 1 105 0.0311045 0.0601811 0.046283 12.9783 0.00390667 0.00212439
1 2 79 0.0313827 0.0672199 0.10894 12.5334 0.0029239 0.00159137
1 3 74 0.0314079 0.0381275 0.152149 12.4501 0.00272784 0.00148478
1 4 68 0.725155 0.0735555 0.1755 -8.89262 0.00249259 0.00133849
1 5 109 0.0341407 0.0556133 0.228364 11.4296 0.00395927 0.00217373
1 6 76 0.0374851 0.0626959 0.291142 9.61128 0.00271785 0.00150801
1 7 73 0.724446 0.0505464 0.334762 -8.85502 0.00258003 0.00138409
1 8 92 0.0339975 0.0611178 0.395576 11.2803 0.00318701 0.00174895
1 9 102 0.0314686 0.0809915 0.412685 12.6683 0.00350834 0.00190998
1 10 86 0.725485 0.106688 0.459578 -8.74194 0.00290217 0.00155914
1 11 84 0.0316077 0.0411581 0.49415 12.3695 0.00280806 0.00152941
1 12 82 0.0348245 0.0790845 0.497569 10.7427 0.0027325 0.00150344
1 13 89 0.730209 0.0228736 0.559946 -8.76443 0.00289699 0.00156649
1 14 110 0.73214 0.03698 0.61342 -8.58463 0.00349694 0.00189591
1 15 93 0.030751 0.0622756 0.665329 12.876 0.00288525 0.00156721
1 16 107 0.0331164 0.0767242 0.737278 11.7156 0.00320744 0.00175527
1 17 79 0.732064 0.052763 0.755216 -8.98168 0.00235022 0.00127407
1 18 97 0.0328153 0.0745618 0.8514 11.7138 0.00275143 0.00150429
1 19 123 0.0313572 0.0727789 0.943192 12.6788 0.00333408 0.00181447
1 20 93 0.0325031 0.072598 0.967697 11.7741 0.00249033 0.00136019
1 21 94 0.0362569 0.104101 1.06295 9.98619 0.00239726 0.00132498
1 22 93 0.0346827 0.0622156 1.12446 10.6367 0.00230409 0.00126716
1 23 102 0.726943 0.0897286 1.23941 -8.94414 0.00238611 0.00128447
2 0 96 0.0349995 0.0834317 -0.00183466 10.9309 0.00356968 0.00196516
2 1 82 0.0318301 0.0902607 0.0674975 12.3286 0.00304045 0.00165714
2 2 100 0.726961 0.0519255 0.126172 -8.50633 0.00369709 0.00199024
2 3 86 0.732242 0.102998 0.161764 -8.68908 0.00315153 0.00170887
2 4 86 0.0321973 0.0573633 0.155194 12.1736 0.00316591 0.00172752
2 5 98 0.730816 0.0945051 0.249013 -8.56845 0.00353353 0.00191228
2 6 73 0.727371 0.0786226 0.291016 -8.85711 0.00260796 0.00140473
2 7 100 0.72786 0.103287 0.332094 -8.55814 0.00352429 0.00189956
2 8 81 0.0368703 0.0879527 0.368504 9.89701 0.00282635 0.00156517
2 9 89 0.728705 0.12178 0.369755 -8.69184 0.00309467 0.00166994
2 10 78 0.0356908 0.0661671 0.477023 10.3175 0.00262221 0.00144671
2 11 99 0.730518 0.113983 0.468749 -8.62734 0.00332712 0.00179984
2 12 80 0.731687 0.133573 0.541873 -8.87649 0.00260661 0.00141233
2 13 76 0.729275 0.0932156 0.568272 -8.92488 0.00245747 0.00132713
2 14 90 0.731886 0.11783 0.66089 -8.81001 0.00278821 0.00151113
2 15 97 0.0328601 0.0957739 0.729976 11.7487 0.00291467 0.00159376
2 16 87 0.733135 0.124609 0.788283 -8.90975 0.0025373 0.00137749
2 17 99 0.730355 0.137466 0.820726 -8.78512 0.00283947 0.0015357
2 18 90 0.728769 0.0983584 0.85086 -8.88551 0.00255052 0.00137643
2 19 100 0.725113 0.0873444 0.931461 -8.80336 0.00272481 0.0014631
2 20 98 0.039183 0.084003 1.03086 8.9012 0.00254177 0.0014179
2 21 117 0.726256 0.111044 0.999696 -8.68651 0.00307799 0.00165535
2 22 104 0.0333481 0.123388 1.17507 11.3544 0.002507 0.00137296
2 23 123 0.0333991 0.123221 1.24459 11.4632 0.00286612 0.00156988
3 0 70 0.0387647 0.0945088 0.0418515 9.07662 0.0025981 0.00144741
3 1 104 0.729345 0.115422 0.049253 -8.47615 0.0038504 0.00207957
3 2 90 0.725952 0.192168 0.0597008 -8.61789 0.00329221 0.00176983
3 3 77 0.031915 0.113311 0.138848 12.2106 0.00282808 0.0015418
3 4 88 0.0311083 0.15737 0.196196 12.7717 0.00318441 0.00173166
3 5 73 0.732974 0.114159 0.224835 -8.86891 0.00264121 0.00143359
3 6 77 0.0324206 0.122566 0.299764 11.9099 0.00273337 0.00149255
3 7 97 0.0317879 0.13656 0.309711 12.4714 0.00342834 0.0018683
3 8 84 0.727065 0.155702 0.351641 -8.74089 0.00292546 0.00157507
3 9 112 0.0315822 0.160311 0.378374 12.703 0.00386546 0.00210515
3 10 93 0.0314474 0.124355 0.455053 12.5686 0.00313846 0.0017085
3 11 87 0.733263 0.160711 0.481591 -8.77856 0.00289458 0.00157174
3 12 94 0.0335474 0.166645 0.557637 11.4467 0.00303142 0.0016612
3 13 91 0.732464 0.130522 0.560278 -8.75842 0.00294324 0.00159642
3 14 103 0.726714 0.184341 0.656495 -8.65738 0.00317533 0.00170878
3 15 96 0.0337573 0.157809 0.713767 11.298 0.00289182 0.00158575
3 16 112 0.730855 0.151968 0.711324 -8.61315 0.00337963 0.00182908
3 17 105 0.0333976 0.171929 0.785339 11.5273 0.0030535 0.00167251
3 18 99 0.0351032 0.17796 0.897401 10.6146 0.0027255 0.00150091
3 19 89 0.0342814 0.152193 0.924597 10.8727 0.00242327 0.00133102
3 20 82 0.0323656 0.12026 0.941541 11.7302 0.00221918 0.00121157
3 21 90 0.0367126 0.172159 1.05703 9.75191 0.00229191 0.00126857
3 22 110 0.0388171 0.204282 1.16352 9.07772 0.00265191 0.00147763
3 23 99 0.0336968 0.178755 1.19917 11.1199 0.00235047 0.00128865
4 0 79 0.71704 0.176621 0.0393156 -8.70507 0.00290066 0.00154019
4 1 82 0.0336295 0.120607 0.0668819 11.4067 0.00303101 0.00166141
4 2 82 0.0322093 0.198918 0.098773 12.1091 0.00298692 0.00162992
4 3 83 0.732919 0.189094 0.159402 -8.73915 0.00300643 0.00163171
4 4 75 0.0339128 0.183878 0.153001 11.1629 0.00272172 0.00149321
4 5 98 0.725069 0.227908 0.223961 -8.55761 0.00348322 0.00187022
4 6 89 0.0345076 0.186448 0.243316 11.0378 0.00317507 0.0017452
4 7 93 0.728657 0.173853 0.355539 -8.64987 0.00322664 0.00174104
4 8 80 0.0344405 0.229658 0.350614 10.9262 0.00275304 0.00151291
4 9 84 0.730878 0.166379 0.34859 -8.75814 0.0029238 0.00158244
4 10 87 0.722673 0.185795 0.434754 -8.71836 0.00293479 0.00157055
4 11 92 0.732831 0.177142 0.453278 -8.71242 0.00308671 0.00167508
4 12 85 0.0312788 0.163991 0.54441 12.5323 0.00275714 0.00150012
4 13 91 0.729081 0.198244 0.587991 -8.76357 0.0028852 0.00155771
4 14 75 0.0323134 0.17349 0.610996 11.8199 0.00236229 0.00128949
4 15 97 0.031634 0.170928 0.678014 12.41 0.00296621 0.00161568
4 16 101 0.0342502 0.16071 0.766492 11.0897 0.00296704 0.00162953
4 17 99 0.0331599 0.159194 0.772414 11.5934 0.00290054 0.00158754
4 18 103 0.725503 0.22776 0.868904 -8.75694 0.00285916 0.00153607
4 19 85 0.0323926 0.166733 0.981887 11.7287 0.00224724 0.00122699
4 20 96 0.033022 0.207234 1.04064 11.4962 0.00245679 0.00134407
4 21 104 0.0331553 0.244694 1.0652 11.4938 0.00261955 0.00143372
4 22 105 0.726956 0.213116 1.13508 -8.87205 0.00256461 0.00138058
4 23 117 0.731386 0.246622 1.23618 -8.83509 0.00271324 0.0014695
5 0 68 0.728278 0.209478 -0.00593772 -8.91004 0.00248337 0.00133928
5 1 80 0.0363249 0.172344 0.0666604 10.1602 0.00293538 0.00162275
5 2 92 0.0337196 0.204403 0.0852131 11.4637 0.00335163 0.00183767
5 3 93 0.720821 0.213053 0.138407 -8.57389 0.0033633 0.00179526
5 4 80 0.0324945 0.191474 0.157189 11.9299 0.00289749 0.00158254
5 5 99 0.72795 0.240756 0.225794 -8.56321 0.00350788 0.00189095
5 6 84 0.729478 0.211506 0.276982 -8.7398 0.00295974 0.00159882
5 7 87 0.732585 0.18927 0.300605 -8.72037 0.003059 0.00165948
5 8 90 0.726625 0.185434 0.370804 -8.6803 0.00310217 0.00166921
5 9 81 0.0342604 0.227586 0.44054 10.9935 0.00270778 0.00148719
5 10 89 0.0355185 0.238931 0.501322 10.4942 0.00290324 0.00160089
5 11 97 0.0365457 0.211532 0.446477 10.1685 0.00324498 0.00179515
5 12 87 0.0325109 0.201124 0.548313 11.8884 0.0028032 0.00153112
5 13 78 0.0322535 0.282291 0.513664 11.9123 0.00251093 0.00137037
5 14 102 0.0375471 0.224533 0.642232 9.73335 0.00314674 0.00174633
5 15 109 0.0331749 0.250899 0.710415 11.6992 0.00324839 0.00177801
5 16 98 0.0330112 0.204609 0.748956 11.6635 0.00288836 0.00158013
5 17 90 0.728473 0.230989 0.821825 -8.8828 0.00255412 0.00137781
5 18 104 0.0334377 0.290016 0.906367 11.4248 0.00281113 0.00153995
5 19 89 0.0323218 0.20574 0.92591 11.8353 0.00240946 0.00131527
5 20 108 0.0337108 0.29542 0.967073 11.3 0.00283364 0.00155362
5 21 100 0.0310467 0.247935 1.1252 12.5425 0.00244578 0.00132974
5 22 112 0.725729 0.275903 1.15684 -8.8191 0.00268954 0.0014454
5 23 94 0.732661 0.274031 1.24162 -9.06485 0.00216828 0.00117639
6 0 81 0.730933 0.258498 0.0561425 -8.75903 0.00292189 0.00158152
6 1 71 0.0320676 0.300968 0.0803851 12.0177 0.00252937 0.00137962
6 2 93 0.732087 0.309094 0.0999374 -8.64225 0.00330038 0.00178921
6 3 96 0.731866 0.233843 0.118257 -8.59259 0.0034651 0.00187794
6 4 85 0.0347425 0.266382 0.176077 10.8804 0.00302135 0.00166194
6 5 82 0.730485 0.248135 0.237143 -8.76667 0.00289398 0.00156546
6 6 101 0.0307561 0.231885 0.262063 13.0825 0.00355716 0.00193221
6 7 89 0.732737 0.24701 0.266838 -8.70097 0.00312098 0.00169345
6 8 93 0.728151 0.251538 0.349829 -8.66004 0.00318691 0.0017184
6 9 75 0.034851 0.281191 0.451328 10.63 0.00247089 0.00135962
6 10 83 0.035188 0.303785 0.431869 10.5816 0.00273869 0.00150858
6 11 87 0.0360434 0.285387 0.509178 10.2331 0.00280361 0.00154852
6 12 99 0.0336376 0.275239 0.550596 11.44 0.00314581 0.00172437
6 13 99 0.03194 0.278479 0.599171 12.2832 0.00308205 0.00168039
6 14 98 0.0331162 0.302076 0.640209 11.6437 0.00298458 0.00163331
6 15 99 0.0327415 0.302586 0.674871 11.8278 0.00296998 0.0016234
6 16 99 0.0332969 0.307062 0.749288 11.5151 0.00287083 0.00157195
6 17 94 0.0327584 0.26575 0.81473 11.7102 0.00266328 0.00145583
6 18 104 0.0308948 0.275464 0.884062 12.7806 0.00284735 0.00154732
6 19 106 0.731671 0.324418 0.911924 -8.78997 0.00284199 0.00153983
6 20 100 0.0381995 0.331095 0.994291 9.28054 0.00257595 0.00143251
6 21 101 0.733071 0.334849 1.07329 -8.92243 0.00250462 0.00135963
6 22 97 0.035721 0.350404 1.21178 10.1506 0.00224847 0.00124064
6 23 103 0.0326947 0.305562 1.24263 11.6246 0.00236649 0.00129334
7 0 83 0.030828 0.319485 0.00304056 12.8541 0.0029501 0.00160282
7 1 95 0.0310787 0.293346 0.0739461 12.8517 0.00339292 0.00184487
7 2 89 0.0319161 0.308216 0.125222 12.3182 0.00315109 0.00171791
7 3 78 0.727695 0.298229 0.158887 -8.80286 0.00275728 0.00148582
7 4 94 0.72849 0.30129 0.18566 -8.62469 0.00330651 0.00178372
7 5 97 0.730223 0.271772 0.249426 -8.60564 0.00339574 0.00183622
7 6 101 0.733228 0.313757 0.270726 -8.59378 0.00348154 0.00189036
7 7 92 0.733267 0.322864 0.291905 -8.69478 0.0031476 0.00170913
7 8 91 0.730374 0.326755 0.335361 -8.70548 0.00307512 0.00166319
7 9 83 0.0340327 0.254024 0.353937 11.1481 0.00283927 0.00155829
7 10 93 0.0318521 0.299124 0.445384 12.3224 0.00305785 0.00166674
7 11 97 0.031364 0.298295 0.552573 12.591 0.00306518 0.00166817
7 12 103 0.0324285 0.363851 0.535224 12.0717 0.00322652 0.00176188
7 13 87 0.0341996 0.295302 0.583749 11.0252 0.0027166 0.00149175
7 14 89 0.0324331 0.368652 0.652271 11.8754 0.00265769 0.00145128
7 15 84 0.032541 0.313788 0.758391 11.727 0.00242279 0.00132346
7 16 98 0.0338547 0.27909 0.760498 11.2337 0.00284138 0.00155857
7 17 113 0.0316339 0.317621 0.791347 12.4885 0.00320836 0.00174758
7 18 100 0.0359943 0.364274 0.944066 10.1873 0.0026228 0.00144843
7 19 96 0.0319031 0.326855 0.98774 12.0865 0.00248226 0.00135322
7 20 106 0.0369957 0.327228 1.04483 9.7882 0.00266737 0.00147771
7 21 91 0.0327716 0.380955 1.07544 11.5295 0.00223811 0.00122347
7 22 103 0.0320035 0.401208 1.15819 12.0115 0.00242956 0.00132491
7 23 101 0.731122 0.444388 1.19874 -8.9897 0.00232189 0.00125709
8 0 90 0.0324794 0.406532 0.0281282 12.0085 0.00310991 0.00169847
8 1 78 0.0314032 0.332834 0.0491723 12.4639 0.00275851 0.00150145
8 2 76 0.727397 0.355492 0.0491136 -8.83403 0.00266915 0.00143773
8 3 83 0.730773 0.325312 0.159556 -8.7618 0.00291177 0.0015757
8 4 89 0.0355546 0.345724 0.174828 10.543 0.00309663 0.00170773
8 5 79 0.0384673 0.34489 0.231697 9.23433 0.00272215 0.00151509
8 6 82 0.730976 0.320593 0.28794 -8.79829 0.00280992 0.00152101
8 7 84 0.03539 0.338454 0.326699 10.5272 0.0028362 0.00156329
8 8 88 0.0343858 0.358901 0.343801 11.0175 0.00294044 0.00161562
8 9 84 0.0344207 0.406621 0.41454 10.9198 0.0027105 0.00148944
8 10 92 0.0322119 0.367642 0.443261 12.1036 0.00297481 0.00162332
8 11 82 0.726503 0.373728 0.463074 -8.84512 0.00262937 0.00141457
8 12 74 0.0318471 0.336564 0.499858 12.0682 0.00236498 0.00128906
8 13 98 0.0327903 0.344143 0.643247 11.7976 0.00295416 0.001615
8 14 103 0.0339992 0.391313 0.665791 11.2329 0.0030418 0.00166927
8 15 100 0.0344579 0.404805 0.657987 10.9882 0.00295283 0.00162279
8 16 116 0.0336915 0.37486 0.774984 11.4557 0.00328026 0.00179838
8 17 110 0.035209 0.449752 0.923856 10.6166 0.00286265 0.00157697
8 18 107 0.0360094 0.40867 0.874438 10.2718 0.00287266 0.00158649
8 19 98 0.0318428 0.436593 0.903459 12.158 0.00258127 0.00140693
8 20 134 0.0334181 0.452158 1.08547 11.5762 0.00323919 0.00177433
8 21 108 0.0330431 0.426967 1.04733 11.5686 0.0026693 0.00146043
8 22 109 0.0322236 0.420233 1.16755 11.9443 0.00255208 0.00139269
8 23 86 0.0350335 0.46581 1.299 10.276 0.00188294 0.00103669
9 0 71 0.0345202 0.361057 -0.0155456 10.7896 0.00249154 0.00136955
9 1 107 0.0326855 0.357283 0.0383467 12.0915 0.00375732 0.0020534
9 2 67 0.0324956 0.399052 0.11791 11.702 0.00230815 0.00126066
9 3 89 0.732108 0.341377 0.124287 -8.69813 0.0031213 0.00169217
9 4 93 0.732172 0.388185 0.159689 -8.6736 0.0031997 0.00173483
9 5 82 0.0308645 0.354166 0.25759 12.782 0.00280272 0.00152293
9 6 86 0.726574 0.396029 0.257248 -8.74689 0.00290167 0.00156121
9 7 94 0.729187 0.388229 0.301294 -8.6769 0.00314789 0.00169978
9 8 105 0.728479 0.387031 0.348659 -8.57502 0.00347473 0.00187444
9 9 87 0.722482 0.384901 0.419605 -8.75706 0.00282101 0.00150927
9 10 102 0.0365314 0.433538 0.454727 10.1675 0.0032227 0.00178275
9 11 92 0.0308341 0.447177 0.501637 12.8158 0.00284924 0.00154805
9 12 101 0.723425 0.414079 0.581887 -8.67767 0.00306684 0.00164293
9 13 107 0.0358255 0.447814 0.628056 10.4463 0.00316133 0.0017449
9 14 95 0.0328726 0.441433 0.687759 11.6824 0.00274478 0.00150092
9 15 103 0.0329954 0.437244 0.753742 11.6746 0.00289755 0.00158508
9 16 85 0.0310582 0.451629 0.762093 12.5062 0.00237408 0.0012908
9 17 99 0.0353669 0.441086 0.883717 10.4613 0.00262821 0.00144855
9 18 96 0.0307158 0.445554 0.830926 12.7946 0.00260631 0.00141554
9 19 99 0.0328066 0.42244 0.911817 11.6638 0.00260565 0.00142455
9 20 84 0.0391646 0.487727 1.05919 8.68814 0.00204038 0.00113814
9 21 128 0.0334554 0.504171 1.09163 11.499 0.00305394 0.00167305
9 22 116 0.0357015 0.495011 1.2765 10.2861 0.00255296 0.00140856
9 23 115 0.731762 0.493601 1.25085 -8.89463 0.00256061 0.00138755
10 0 92 0.0354485 0.469595 0.0291974 10.5925 0.0031062 0.00171243
10 1 64 0.0324977 0.478658 0.0948288 11.6281 0.00214618 0.0011722
10 2 93 0.733291 0.451261 0.0974914 -8.69393 0.00315059 0.00171081
10 3 90 0.0326035 0.484903 0.174194 11.9036 0.00298525 0.00163103
10 4 75 0.733081 0.422165 0.191272 -8.90882 0.00253906 0.00137835
10 5 88 0.0343853 0.442481 0.198273 11.0225 0.00295459 0.00162338
10 6 88 0.0364274 0.453521 0.274 10.1057 0.00290145 0.00160451
10 7 104 0.03245 0.436948 0.289029 12.1239 0.00343744 0.00187718
10 8 99 0.733257 0.43423 0.413713 -8.6883 0.00316794 0.00172015
10 9 97 0.0315451 0.502537 0.410084 12.4819 0.00303657 0.00165354
10 10 92 0.0371263 0.40417 0.481902 9.82116 0.00290586 0.0016105
10 11 93 0.0322219 0.46852 0.522968 12.0521 0.00283999 0.0015498
10 12 99 0.0317415 0.444791 0.589359 12.3535 0.00297174 0.00161924
10 13 115 0.0311412 0.480699 0.626369 12.8092 0.00336782 0.00183158
10 14 112 0.0336176 0.441606 0.702725 11.4717 0.0032158 0.00176263
10 15 108 0.724009 0.465243 0.719161 -8.68228 0.00306062 0.00164092
10 16 106 0.0334177 0.478972 0.813918 11.4573 0.00287557 0.00157515
10 17 105 0.0324454 0.508117 0.867851 11.9077 0.00276255 0.00150861
10 18 119 0.729863 0.515121 0.900886 -8.70132 0.00308106 0.00166523
10 19 113 0.0315846 0.532317 1.01537 12.369 0.0027716 0.00150944
10 20 94 0.0338088 0.50933 0.977213 11.0687 0.00235705 0.00129272
10 21 102 0.0320382 0.586728 1.07128 11.9854 0.00241102 0.00131494
10 22 105 0.0323649 0.521851 1.19929 11.8004 0.00237969 0.0012992
10 23 94 0.0325865 0.555717 1.3212 11.5152 0.00200692 0.00109645
11 0 81 0.732256 0.47307 -0.00767207 -8.83198 0.00273203 0.00148143
11 1 93 0.731562 0.487592 0.034486 -8.69693 0.00311763 0.00168892
11 2 88 0.732234 0.455137 0.152258 -8.75164 0.00296031 0.00160517
11 3 73 0.0340286 0.383565 0.131854 11.0324 0.00252416 0.00138533
11 4 108 0.722901 0.437772 0.170669 -8.50202 0.0036473 0.00195247
11 5 82 0.0327824 0.456538 0.235637 11.7196 0.00272153 0.00148779
11 6 103 0.0315532 0.454827 0.304146 12.5821 0.0033716 0.00183602
11 7 87 0.0329818 0.504981 0.376551 11.628 0.00274674 0.00150251
11 8 96 0.0321241 0.523829 0.425095 12.1482 0.00296954 0.00162
11 9 94 0.0312541 0.476482 0.414796 12.6189 0.00296531 0.00161325
11 10 112 0.732062 0.504019 0.487198 -8.60594 0.00342205 0.00185511
11 11 102 0.0355977 0.469439 0.537038 10.5248 0.0030985 0.00170899
11 12 106 0.0330428 0.498371 0.587536 11.729 0.00313318 0.00171423
11 13 109 0.0325937 0.513369 0.66736 11.9499 0.00311122 0.00169981
11 14 96 0.0363262 0.524141 0.693172 10.0774 0.00270378 0.00149472
11 15 109 0.731258 0.540449 0.746595 -8.73719 0.00299065 0.00161946
11 16 113 0.0316088 0.523629 0.770592 12.463 0.003085 0.00168025
11 17 114 0.72864 0.594768 0.853659 -8.74022 0.00294767 0.00159047
11 18 104 0.0367127 0.545896 0.878273 9.91486 0.00269761 0.00149313
11 19 117 0.726707 0.604278 0.987017 -8.76393 0.00285432 0.00153602
11 20 108 0.032789 0.587447 1.08519 11.6461 0.0025372 0.00138704
11 21 93 0.0362031 0.637446 1.11158 9.89297 0.00213494 0.00117979
11 22 123 0.0354719 0.64445 1.19436 10.4504 0.00272253 0.00150103
11 23 90 0.031607 0.624133 1.31845 11.9786 0.00189882 0.00103419
12 0 95 0.730334 0.536696 0.0188249 -8.68987 0.00312294 0.00168896
12 1 93 0.0320526 0.532146 0.0373036 12.2167 0.00306175 0.00166992
12 2 91 0.733055 0.535224 0.113829 -8.749 0.00297873 0.00161697
12 3 68 0.72639 0.510545 0.155051 -9.00553 0.00223859 0.00120414
12 4 93 0.731852 0.489898 0.179749 -8.71148 0.00307646 0.00166728
12 5 97 0.0328532 0.572004 0.268842 11.8007 0.00305954 0.00167294
12 6 88 0.0316255 0.553475 0.348707 12.3381 0.00274786 0.0014967
12 7 103 0.731051 0.544099 0.351132 -8.66054 0.00322597 0.00174639
12 8 87 0.0335516 0.59766 0.36789 11.3129 0.00265718 0.00145614
12 9 84 0.0314428 0.540142 0.458507 12.3664 0.00255748 0.0013922
12 10 97 0.729964 0.519359 0.460807 -8.73744 0.00297305 0.00160708
12 11 98 0.0357644 0.589782 0.545626 10.3692 0.0028506 0.00157309
12 12 99 0.731389 0.520858 0.595708 -8.76964 0.0028968 0.00156892
12 13 101 0.0356607 0.591392 0.64358 10.4094 0.00283756 0.00156538
12 14 101 0.0320578 0.594039 0.679308 12.1237 0.00279787 0.00152602
12 15 124 0.731157 0.559787 0.757049 -8.61771 0.00336868 0.00182392
12 16 116 0.733229 0.634031 0.796518 -8.73167 0.00303311 0.00164688
12 17 119 0.033147 0.600206 0.87363 11.6491 0.00304711 0.00166769
12 18 120 0.731694 0.597832 0.891968 -8.71892 0.00305157 0.00165343
12 19 121 0.731489 0.62691 0.987788 -8.75747 0.00293354 0.00158904
12 20 110 0.0324498 0.654114 1.02674 11.8468 0.00260527 0.00142273
12 21 100 0.0310652 0.643194 1.12338 12.4623 0.00228112 0.00124029
12 22 116 0.0345492 0.702328 1.27788 10.7586 0.002448 0.00134574
12 23 94 0.0361096 0.687686 1.27136 9.86496 0.00199556 0.00110244
13 0 109 0.731735 0.570494 0.0206809 -8.57285 0.00353214 0.00191393
13 1 109 0.0348599 0.567534 0.0769038 10.9825 0.00352932 0.00194208
13 2 110 0.0325927 0.589386 0.0842665 12.0758 0.00352673 0.00192681
13 3 96 0.031264 0.574255 0.137341 12.6527 0.00308454 0.00167817
13 4 100 0.729034 0.590767 0.19869 -8.6703 0.00316661 0.00170953
13 5 112 0.730675 0.556151 0.260162 -8.55999 0.00356138 0.00192698
13 6 95 0.0324366 0.568462 0.271666 11.9944 0.00299915 0.00163776
13 7 118 0.729673 0.538572 0.324728 -8.5101 0.00372719 0.00201393
13 8 109 0.0319633 0.603374 0.350193 12.3499 0.00333565 0.0018188
13 9 118 0.0311151 0.621362 0.452111 12.8598 0.00349125 0.00189855
13 10 101 0.0311695 0.577012 0.50771 12.6737 0.00298807 0.0016252
13 11 121 0.0351275 0.62167 0.534804 10.8513 0.00349115 0.0019227
13 12 121 0.0328106 0.625685 0.532262 11.9536 0.00348876 0.00190738
13 13 119 0.0363988 0.64942 0.660189 10.2335 0.00325789 0.00180146
13 14 107 0.033021 0.641836 0.722164 11.6526 0.00287131 0.00157085
13 15 110 0.728952 0.622953 0.714347 -8.73102 0.00297899 0.00160806
13 16 113 0.0325833 0.655291 0.786534 11.9009 0.00294628 0.00160964
13 17 124 0.032867 0.660654 0.862057 11.8178 0.00313399 0.00171372
13 18 137 0.0311465 0.637558 0.913438 12.8202 0.00341491 0.00185723
13 19 112 0.0337752 0.725747 0.95435 11.2121 0.00267677 0.00146791
13 20 107 0.0349152 0.775035 1.14508 10.5464 0.0023397 0.00128769
13 21 125 0.033771 0.742273 1.16679 11.2349 0.00273308 0.00149877
13 22 113 0.0343454 0.78173 1.29206 10.8027 0.00232794 0.00127892
13 23 101 0.0381506 0.771891 1.33681 9.07032 0.002049 0.00113929
14 0 103 0.0369824 0.704173 0.0540305 9.95647 0.00313931 0.00173909
14 1 90 0.0312496 0.612121 0.0709474 12.5849 0.00285898 0.00155538
14 2 113 0.726439 0.625449 0.0884631 -8.54049 0.00356478 0.00191764
14 3 81 0.730131 0.589144 0.153072 -8.8793 0.00258171 0.00139586
14 4 99 0.0316102 0.615433 0.210582 12.4659 0.00309658 0.00168656
14 5 108 0.0342674 0.649863 0.294192 11.1821 0.00328067 0.00180188
14 6 110 0.0320331 0.612472 0.292431 12.3307 0.00339615 0.00185219
14 7 106 0.0308678 0.576146 0.315897 12.9452 0.00330552 0.00179615
14 8 88 0.730837 0.641228 0.406966 -8.8696 0.00261493 0.00141519
14 9 112 0.0327816 0.619875 0.417972 11.9269 0.00334709 0.00182976
14 10 113 0.0334721 0.650779 0.476126 11.563 0.00328227 0.00179824
14 11 103 0.0308165 0.673155 0.564361 12.8393 0.00288745 0.00156873
14 12 112 0.73165 0.677481 0.569494 -8.69352 0.00312947 0.00169554
14 13 107 0.0319737 0.712203 0.671375 12.1881 0.00285328 0.00155583
14 14 131 0.0310337 0.724233 0.695382 12.8937 0.00344943 0.00187533
14 15 101 0.733266 0.724067 0.794112 -8.89857 0.00256729 0.00139402
14 16 109 0.0336037 0.767986 0.853023 11.293 0.00267169 0.00146433
14 17 115 0.730832 0.727339 0.891865 -8.79603 0.00281451 0.00152319
14 18 115 0.0336453 0.74846 0.943518 11.2986 0.00274121 0.00150263
14 19 128 0.033765 0.771836 1.07839 11.2886 0.00287559 0.00157689
14 20 112 0.031044 0.78861 1.10885 12.5558 0.00247485 0.00134553
14 21 112 0.73203 0.817615 1.19522 -8.97117 0.0023747 0.00128728
14 22 95 0.0337448 0.845179 1.29038 10.8987 0.00192827 0.00105734
14 23 93 0.0316022 0.861688 1.40928 11.9262 0.00179712 0.000978782
15 0 124 0.0307791 0.695639 0.035439 13.1344 0.00379664 0.00206244
15 1 101 0.727168 0.676509 0.048657 -8.6773 0.00311893 0.00167948
15 2 97 0.031022 0.737305 0.109512 12.7274 0.00290193 0.00157762
15 3 98 0.0314119 0.678608 0.186219 12.5398 0.0029905 0.00162777
15 4 109 0.0360619 0.656182 0.217252 10.4019 0.00334571 0.00184805
15 5 105 0.033691 0.687282 0.263136 11.4172 0.00315551 0.00172998
15 6 111 0.0383099 0.720389 0.276775 9.47986 0.00327892 0.00182408
15 7 103 0.0327867 0.697253 0.341047 11.8268 0.00303604 0.00165974
15 8 120 0.032634 0.680671 0.417459 12.0467 0.003499 0.00191191
15 9 85 0.721585 0.658017 0.419026 -8.87361 0.00250072 0.00133624
15 10 104 0.0320339 0.712611 0.470785 12.1897 0.00295083 0.00160933
15 11 104 0.0336725 0.756802 0.539352 11.3217 0.0028426 0.00155834
15 12 110 0.721338 0.695418 0.539783 -8.66391 0.00308079 0.00164564
15 13 108 0.732186 0.77684 0.652448 -8.7968 0.00282898 0.00153386
15 14 139 0.0341047 0.759055 0.711488 11.3498 0.00359418 0.00197306
15 15 114 0.0368911 0.825212 0.811556 9.87234 0.00278099 0.00154015
15 16 101 0.0348477 0.782849 0.882117 10.6178 0.00243724 0.00134109
15 17 107 0.0360903 0.840831 0.964883 10.0816 0.00245817 0.00135793
15 18 103 0.0335409 0.831607 1.0053 11.1901 0.002338 0.00128118
15 19 105 0.0319259 0.843244 1.07589 12.0038 0.00231323 0.00126117
15 20 110 0.729352 0.892711 1.15821 -8.98413 0.00231689 0.00125134
15 21 101 0.0339003 0.882538 1.23084 10.8982 0.00207652 0.00113919
15 22 112 0.0340027 0.908116 1.2825 10.9269 0.00224363 0.00123126
15 23 80 0.0328968 0.964913 1.45497 11.0549 0.00148366 0.000811371
16 0 119 0.035047 0.732178 0.019439 10.9131 0.00358221 0.00197235
16 1 118 0.726086 0.706188 0.0928364 -8.53292 0.00358628 0.00192827
16 2 106 0.729693 0.764134 0.149862 -8.68779 0.00312068 0.00168626
16 3 119 0.0332092 0.772463 0.151368 11.7536 0.00348905 0.00190994
16 4 105 0.0323328 0.704463 0.213982 12.0991 0.00315504 0.00172232
16 5 122 0.732321 0.739345 0.262697 -8.56155 0.0035814 0.00194217
16 6 107 0.0317105 0.759294 0.3002 12.4102 0.00309262 0.00168494
16 7 106 0.733043 0.759299 0.377984 -8.7364 0.00301635 0.00163736
16 8 105 0.0338166 0.767676 0.410866 11.291 0.0029548 0.00162059
16 9 110 0.730744 0.82827 0.470647 -8.74126 0.00297181 0.00160813
16 10 99 0.728838 0.798262 0.566605 -8.85142 0.00263976 0.00142472
16 11 130 0.0317216 0.75878 0.533071 12.544 0.00355682 0.00193792
16 12 121 0.0379319 0.902402 0.690375 9.52988 0.00298293 0.00165743
16 13 122 0.0319534 0.789577 0.678908 12.2989 0.00315312 0.00171922
16 14 107 0.0362367 0.83071 0.701346 10.1147 0.00270287 0.00149379
16 15 102 0.0398334 0.82109 0.788403 8.65667 0.00251189 0.00140413
16 16 100 0.0316577 0.875242 0.904685 12.1518 0.00232101 0.00126434
16 17 106 0.0327957 0.866268 0.957561 11.5962 0.00242176 0.00132397
16 18 111 0.0344384 0.894202 0.970336 10.8314 0.00250162 0.00137474
16 19 112 0.729102 0.922336 1.09376 -8.95024 0.00239412 0.00129261
16 20 92 0.0359847 0.92071 1.13494 9.88908 0.00193856 0.00107053
16 21 101 0.0364607 0.927566 1.24201 9.74103 0.00204295 0.00112987
16 22 120 0.0316273 0.981801 1.38845 12.146 0.00226974 0.00123629
16 23 104 0.0334754 1.0241 1.38517 11.0397 0.00194823 0.00106738
17 0 104 0.0374372 0.82789 0.0562694 9.72444 0.00298634 0.00165673
17 1 117 0.732845 0.772442 0.0359101 -8.60018 0.00345357 0.00187419
17 2 121 0.034563 0.797961 0.10858 11.1144 0.00351643 0.00193317
17 3 97 0.030707 0.812367 0.157222 12.8673 0.00278857 0.00151448
17 4 91 0.0320672 0.857103 0.25093 12.0191 0.00253257 0.00138136
17 5 92 0.0331863 0.849144 0.29007 11.4534 0.00255501 0.00139853
17 6 123 0.0327256 0.872343 0.310801 11.9615 0.00336741 0.00184054
17 7 120 0.0310594 0.855778 0.363165 12.8286 0.00327941 0.00178304
17 8 98 0.732303 0.855661 0.438231 -8.86792 0.00263612 0.00142952
17 9 91 0.0335667 0.82423 0.460445 11.2321 0.00246899 0.00135307
17 10 106 0.0379984 0.842179 0.526957 9.44306 0.00280594 0.00155942
17 11 121 0.0348759 0.834053 0.569374 10.8701 0.00317682 0.0017482
17 12 109 0.0369857 0.845739 0.613756 9.84503 0.00281199 0.00155778
17 13 111 0.0398282 0.880326 0.677657 8.75665 0.00277094 0.00154891
17 14 98 0.0335536 0.896806 0.740343 11.2035 0.00238418 0.00130654
17 15 120 0.0365851 0.949889 0.804016 10.0064 0.00280469 0.00155177
17 16 107 0.0380606 0.944522 0.87252 9.28392 0.00245102 0.00136244
17 17 108 0.0353601 0.923891 0.934656 10.3901 0.00244025 0.00134492
17 18 133 0.0337173 0.939819 1.00127 11.3274 0.00292135 0.00160174
17 19 115 0.035185 1.04264 1.18181 10.408 0.002299 0.00126637
17 20 110 0.0361024 1.03713 1.22289 9.95273 0.00217199 0.00119988
17 21 106 0.0326536 1.05702 1.30611 11.4886 0.00202282 0.00110537
17 22 93 0.0333255 1.06725 1.32348 11.0113 0.0017593 0.000963408
17 23 88 0.0350991 1.07668 1.45678 10.0756 0.00158691 0.00087389
18 0 106 0.0336839 0.829932 0.0167185 11.3845 0.00304332 0.00166844
18 1 132 0.0324538 0.865684 0.0899924 12.1996 0.00371527 0.00202893
18 2 105 0.732286 0.885607 0.10841 -8.76439 0.00292345 0.00158529
18 3 123 0.0342308 0.888451 0.157066 11.2372 0.00340761 0.00187138
18 4 107 0.732466 0.872693 0.235601 -8.75213 0.00296183 0.0016065
18 5 115 0.0333884 0.870729 0.258752 11.5712 0.00317627 0.0017397
18 6 111 0.732277 0.887899 0.311234 -8.73301 0.00301652 0.00163574
18 7 124 0.0322781 0.929547 0.354243 12.1667 0.00328027 0.00179038
18 8 98 0.0414998 0.8848 0.409841 8.13309 0.00261806 0.00147121
18 9 122 0.732821 0.930485 0.441983 -8.68549 0.00317081 0.00172069
18 10 110 0.0357978 0.931175 0.528928 10.3373 0.00280128 0.00154604
18 11 114 0.0353027 0.973373 0.61269 10.5497 0.002791 0.00153795
18 12 122 0.0323239 0.985997 0.664185 12.0299 0.00293033 0.00159961
18 13 111 0.0330721 0.980375 0.713391 11.5413 0.00263533 0.00144198
18 14 113 0.0349219 0.970535 0.779884 10.6643 0.00264034 0.00145319
18 15 119 0.0331046 1.01449 0.826332 11.5479 0.00269628 0.00147548
18 16 103 0.0309821 1.02817 0.913378 12.5001 0.00226021 0.00122859
18 17 129 0.0330745 1.06653 0.996978 11.5718 0.00272008 0.00148836
18 18 97 0.0350614 1.08304 1.04024 10.3269 0.00200612 0.00110461
18 19 107 0.032528 1.10895 1.19511 11.5848 0.00208748 0.00114025
18 20 99 0.733181 1.08235 1.15705 -9.16217 0.00197166 0.00107048
18 21 100 0.032788 1.15579 1.30212 11.3353 0.0018584 0.00101595
18 22 90 0.727982 1.11407 1.28531 -9.28656 0.00170199 0.00091751
18 23 72 0.726404 1.19702 1.53284 -9.60565 0.00122849 0.000660821
19 0 113 0.0324529 0.944358 0.0361544 12.0075 0.00306446 0.00167352
19 1 109 0.032325 0.890153 0.0607017 12.0643 0.00303481 0.00165665
19 2 110 0.0338775 0.953215 0.146974 11.2617 0.0029543 0.00162063
19 3 107 0.0329184 0.946972 0.168294 11.7065 0.00287756 0.00157376
19 4 125 0.0328921 0.982712 0.199415 11.8547 0.00329356 0.00180112
19 5 117 0.0339162 0.935904 0.28431 11.2981 0.00312093 0.00171224
19 6 114 0.0318709 0.966077 0.312504 12.2882 0.00298483 0.00162703
19 7 115 0.0355187 0.956848 0.392475 10.5212 0.00298277 0.00164475
19 8 133 0.0329318 0.963814 0.403684 11.8757 0.0034312 0.00187663
19 9 117 0.0353458 1.04161 0.49613 10.5548 0.00285938 0.00157585
19 10 100 0.033575 0.910208 0.540036 11.2653 0.00256263 0.00140443
19 11 102 0.0372478 1.0608 0.615446 9.5833 0.00240514 0.00133351
19 12 119 0.0329777 1.03389 0.646807 11.6548 0.00281546 0.00154008
19 13 123 0.0335834 1.02235 0.703217 11.378 0.00287991 0.00157835
19 14 132 0.0369518 1.05029 0.770992 9.92313 0.00299885 0.00166112
19 15 95 0.0311363 1.00031 0.823546 12.3705 0.00216578 0.00117784
19 16 121 0.0358241 1.13661 0.965904 10.2178 0.00251417 0.0013877
19 17 104 0.0316232 1.12224 0.990656 12.0966 0.00215562 0.00117411
19 18 103 0.032132 1.0836 1.02313 11.8171 0.00214145 0.00116827
19 19 95 0.0314365 1.24253 1.19958 12.0053 0.00177619 0.00096688
19 20 118 0.725579 1.2298 1.24414 -9.02615 0.00218509 0.00117405
19 21 100 0.72854 1.17359 1.32986 -9.21508 0.00183256 0.000988658
19 22 89 0.0349079 1.28887 1.49771 10.1049 0.00149957 0.000825293
19 23 79 0.726092 1.28754 1.46234 -9.51293 0.00134599 0.000723718
20 0 105 0.728635 1.05584 0.0204595 -8.83024 0.00269387 0.00145352
20 1 121 0.0333828 0.97983 0.0687845 11.5879 0.00322101 0.00176417
20 2 93 0.0353001 1.03176 0.100101 10.4037 0.00240928 0.0013276
20 3 121 0.035058 1.0358 0.177402 10.7676 0.00311237 0.00171372
20 4 127 0.0337377 0.993209 0.206264 11.4476 0.0033268 0.00182416
20 5 119 0.0329548 1.05753 0.281504 11.7282 0.00299527 0.00163832
20 6 113 0.035569 1.00691 0.363493 10.4636 0.00287826 0.00158737
20 7 136 0.0329578 1.05745 0.356289 11.8495 0.00338674 0.00185246
20 8 121 0.0330052 0.99703 0.434052 11.723 0.00305616 0.00167189
20 9 134 0.0335986 1.0579 0.502528 11.4904 0.0032467 0.00177946
20 10 117 0.0383995 1.12114 0.591207 9.25322 0.0027041 0.00150473
20 11 119 0.0306861 1.06088 0.601865 12.8888 0.00281522 0.00152886
20 12 100 0.728089 1.02996 0.654845 -8.95812 0.00236482 0.00127502
20 13 111 0.0380668 1.09719 0.73898 9.30038 0.00249764 0.00138838
20 14 120 0.0347554 1.15167 0.821912 10.7183 0.00258434 0.00142162
20 15 124 0.035153 1.16153 0.850386 10.5604 0.0026397 0.00145389
20 16 102 0.0316169 1.19115 0.948509 12.0688 0.00208927 0.00113795
20 17 84 0.0314222 1.15523 0.960808 11.9906 0.00173656 0.000945261
20 18 110 0.731273 1.31149 1.16341 -9.12292 0.00203363 0.00110125
20 19 99 0.0323435 1.22125 1.1849 11.5714 0.00187163 0.00102175
20 20 108 0.0318145 1.30479 1.29483 11.8803 0.00192575 0.00104954
20 21 85 0.731408 1.30262 1.37904 -9.44195 0.00147902 0.000801063
20 22 75 0.732111 1.40255 1.39912 -9.60444 0.00126106 0.000683672
20 23 67 0.0347254 1.49415 1.63104 9.81196 0.00102986 0.000566463
21 0 123 0.0363762 1.07691 0.0457555 10.2002 0.00312148 0.00172591
21 1 123 0.0357876 1.09507 0.0830121 10.4398 0.00309002 0.00170534
21 2 106 0.0325811 1.14101 0.15046 11.7747 0.00259419 0.00141727
21 3 112 0.0329364 1.0694 0.172385 11.6824 0.00283478 0.00155045
21 4 126 0.0368526 1.11606 0.247155 9.9952 0.00309558 0.00171417
21 5 133 0.0360556 1.08087 0.267772 10.3957 0.00331584 0.00183152
21 6 139 0.03788 1.09219 0.332208 9.68596 0.00341752 0.00189859
21 7 122 0.0354926 1.09979 0.349708 10.532 0.0029811 0.00164369
21 8 117 0.731605 1.17083 0.421255 -8.82813 0.00273481 0.00148162
21 9 118 0.0351287 1.19513 0.494358 10.5913 0.00269321 0.00148325
21 10 116 0.0367245 1.1884 0.576692 9.87795 0.00261254 0.0014461
21 11 117 0.0339546 1.14245 0.63871 11.1164 0.00265042 0.00145428
21 12 123 0.0337937 1.16894 0.721359 11.2123 0.00270124 0.00148142
21 13 136 0.0324332 1.17692 0.742954 11.9834 0.00296104 0.00161693
21 14 123 0.034955 1.30428 0.873288 10.5811 0.00246601 0.00135738
21 15 124 0.0333997 1.24313 0.871065 11.3442 0.00254542 0.00139422
21 16 96 0.0315001 1.22882 0.931723 12.0632 0.00194895 0.00106113
21 17 121 0.0346409 1.33171 1.02337 10.6583 0.00230982 0.00127014
21 18 93 0.0366866 1.39409 1.17408 9.44556 0.0016692 0.000923826
21 19 95 0.034247 1.41673 1.28989 10.4984 0.00164017 0.000900789
21 20 82 0.72666 1.33242 1.28792 -9.4389 0.00145304 0.000781885
21 21 75 0.0361454 1.44549 1.41257 9.37483 0.00124105 0.000685693
21 22 90 0.0333526 1.41931 1.44668 10.8291 0.00148597 0.000813804
21 23 41 0.723782 1.55476 1.71906 -10.3007 0.000606032 0.000324816
22 0 113 0.73222 1.11453 -0.00881232 -8.80162 0.0028158 0.00152678
22 1 126 0.0361124 1.20406 0.114281 10.2701 0.00299584 0.00165506
22 2 118 0.0338876 1.14306 0.150046 11.2332 0.00288505 0.00158269
22 3 117 0.0351982 1.18554 0.177825 10.598 0.00279648 0.00154046
22 4 134 0.0359791 1.15128 0.260189 10.4027 0.00323211 0.00178484
22 5 113 0.0344791 1.24279 0.272239 10.8533 0.00260559 0.00143205
22 6 123 0.0339559 1.27725 0.391246 11.1528 0.00275043 0.00150917
22 7 128 0.0340781 1.19361 0.430488 11.167 0.00295633 0.00162277
22 8 127 0.0344854 1.23659 0.473024 10.9422 0.0028561 0.00156977
22 9 145 0.0377354 1.25479 0.530688 9.67682 0.00320144 0.00177774
22 10 126 0.0362394 1.22737 0.593111 10.142 0.00278092 0.00153694
22 11 136 0.0325896 1.3061 0.64216 11.8726 0.00287374 0.00157004
22 12 120 0.0354806 1.27815 0.696769 10.3753 0.0025353 0.00139784
22 13 92 0.0376017 1.27281 0.765288 9.21646 0.00191731 0.00106422
22 14 100 0.0311864 1.33484 0.86606 12.2555 0.00198547 0.00107995
22 15 119 0.0384996 1.36124 0.969813 9.04484 0.00227977 0.001269
22 16 84 0.732218 1.41095 0.986769 -9.38313 0.00157417 0.000853544
22 17 110 0.0307453 1.38919 1.06375 12.531 0.00203667 0.00110626
22 18 82 0.0309651 1.42649 1.16034 12.0739 0.00146177 0.00079454
22 19 88 0.728344 1.43107 1.23908 -9.39222 0.00153377 0.000827237
22 20 74 0.728483 1.59607 1.43171 -9.66603 0.0011671 0.000629598
22 21 63 0.731316 1.53356 1.42307 -9.81925 0.00101377 0.000549006
22 22 55 0.722831 1.68415 1.69541 -10.0286 0.000792212 0.000424045
22 23 48 0.726623 1.62999 1.72603 -10.1759 0.000695268 0.000374107
23 0 129 0.0334255 1.24329 0.00800203 11.5014 0.00301675 0.00165253
23 1 112 0.0383258 1.22468 0.0652572 9.25746 0.00264093 0.00146923
23 2 125 0.034629 1.27001 0.141172 10.8825 0.0028745 0.0015806
23 3 125 0.0360291 1.22261 0.183102 10.2843 0.00293332 0.00162009
23 4 134 0.0333684 1.30008 0.263977 11.5271 0.00300971 0.00164837
23 5 136 0.0371614 1.26121 0.324646 9.86867 0.00309058 0.00171307
23 6 133 0.0340855 1.31212 0.358722 11.1578 0.00293947 0.00161355
23 7 126 0.0325249 1.24289 0.404674 11.9 0.00285672 0.00156042
23 8 117 0.03643 1.32641 0.487459 9.96441 0.00252179 0.00139457
23 9 134 0.0342085 1.32547 0.570763 11.0682 0.0028478 0.00156384
23 10 135 0.0328904 1.33485 0.611128 11.706 0.00283581 0.00155079
23 11 118 0.036922 1.3958 0.672517 9.70728 0.00238766 0.00132245
23 12 94 0.728694 1.34497 0.688485 -9.16095 0.0019358 0.00104457
23 13 97 0.0367767 1.4745 0.839795 9.50471 0.00183761 0.00101733
23 14 103 0.723678 1.37109 0.847165 -9.09324 0.00202627 0.00108587
23 15 107 0.0407869 1.46363 0.969343 8.08825 0.00197616 0.00110799
23 16 88 0.0335535 1.55481 1.05999 10.7671 0.00154089 0.000844414
23 17 99 0.0320348 1.47309 1.05516 11.6865 0.00178488 0.000973442
23 18 86 0.732179 1.58884 1.21284 -9.475 0.00143575 0.000778448
23 19 72 0.722412 1.55087 1.27931 -9.61447 0.00119647 0.000640062
23 20 65 0.727472 1.52852 1.31925 -9.74247 0.00107643 0.000579875
23 21 60 0.715215 1.68083 1.51281 -9.86119 0.000905445 0.000479549
23 22 42 0.725274 1.78703 1.63218 -10.3199 0.000598455 0.000321416
23 23 47 0.719348 1.74686 1.74704 -10.1988 0.000657994 0.000350506
