#  ix    iy     NB       E/N    TB    UxB       UyB       muB       rhoB     epsilonB
0 0 23 0.005 0.0573384 0.0357968 204.673 0.00104307 0.00106745
0 1 24 0.005 0.0121623 0.0770237 201.208 0.00108761 0.00109417
0 2 10 0.005 0.0110159 0.0565419 197.537 0.000453793 0.000448206
0 3 15 0.005 -0.022707 0.212584 209.536 0.000666751 0.000698543
0 4 21 0.005 0.0839003 0.203626 203.082 0.000932206 0.000946569
0 5 24 0.005 0.131165 0.240986 199.232 0.00105203 0.00104799
0 6 18 0.005 -0.0139568 0.29147 202.253 0.000785426 0.000794275
0 7 15 0.005 -0.00642466 0.34951 207.226 0.000643626 0.00066688
0 8 17 0.005 0.151917 0.328459 199.537 0.000726611 0.000724928
0 9 17 0.005 -0.0450753 0.55684 201.548 0.000674594 0.000679814
0 10 28 0.005 -0.0820494 0.511699 203.343 0.00113 0.00114889
0 11 28 0.005 0.0115639 0.640726 199.148 0.00107158 0.00106701
0 12 27 0.005 0.0745511 0.579722 199.3 0.00105956 0.00105585
0 13 23 0.005 0.0349531 0.656778 206.926 0.000873466 0.000903712
0 14 20 0.005 0.0786515 0.777506 199.815 0.000716308 0.000715645
0 15 24 0.005 0.0511223 0.927297 203.544 0.000799358 0.000813521
0 16 22 0.005 -0.02172 0.999838 202.192 0.000707081 0.000714831
0 17 19 0.005 0.0382677 0.897815 198.892 0.000642373 0.000638814
0 18 31 0.005 0.0412672 0.969998 198.792 0.00101099 0.00100489
0 19 23 0.005 -0.0479152 1.15011 201.569 0.000685628 0.000691007
0 20 16 0.005 0.0604333 1.15396 205.527 0.000475914 0.000489064
0 21 14 0.005 -0.0527198 1.24005 197.24 0.00039925 0.000393741
0 22 25 0.005 0.0457197 1.35787 198.818 0.00067361 0.000669627
0 23 18 0.005 0.108476 1.45511 199.041 0.000462529 0.000460312
1 0 21 0.005 0.0807592 0.0125412 202.585 0.000951373 0.000963669
1 1 22 0.005 0.0786847 0.109609 201.625 0.00099102 0.00099907
1 2 28 0.005 0.114412 0.0671526 202.584 0.00126167 0.00127798
1 3 17 0.005 0.108461 0.214953 202.892 0.000751259 0.000762124
1 4 22 0.005 0.0597586 0.155141 202.685 0.00098646 0.000999702
1 5 22 0.005 0.0553359 0.226637 200.77 0.000973849 0.0009776
1 6 17 0.005 0.0180462 0.23519 199.396 0.000752087 0.000749817
1 7 15 0.005 0.0802672 0.337366 201.042 0.000644183 0.00064754
1 8 17 0.005 -0.0134201 0.401819 200.592 0.000716953 0.000719074
1 9 24 0.005 0.0817296 0.435728 201.456 0.000997299 0.00100456
1 10 22 0.005 0.0346167 0.516715 199.368 0.000887988 0.000885184
1 11 20 0.005 0.0779875 0.648635 205.259 0.00076107 0.000781081
1 12 21 0.005 0.00153168 0.57841 203.155 0.00082628 0.000839317
1 13 20 0.005 0.0347722 0.700472 196.385 0.000744289 0.000730838
1 14 23 0.005 0.0642286 0.750628 200.931 0.000835011 0.000838897
1 15 23 0.005 0.00599177 0.84147 201.373 0.000799922 0.000805415
1 16 26 0.005 0.140771 0.903102 197.84 0.000872337 0.000862915
1 17 22 0.005 0.0779447 1.01889 200.798 0.000699419 0.000702211
1 18 28 0.005 0.10745 1.03099 202.203 0.00088365 0.000893382
1 19 24 0.005 0.115389 1.08173 196.975 0.000738272 0.000727105
1 20 25 0.005 0.131428 1.08775 199.56 0.000766055 0.000764369
1 21 12 0.005 0.0994973 1.28925 197.508 0.000333683 0.000329526
1 22 16 0.005 0.167354 1.37678 199.698 0.000425348 0.000424707
1 23 24 0.005 0.0834031 1.48 201.981 0.000610089 0.000616133
2 0 19 0.005 0.125855 0.100937 203.759 0.000852612 0.000868637
2 1 10 0.005 0.194751 0.153651 201.068 0.000441174 0.000443529
2 2 29 0.005 0.086715 0.0755275 202.016 0.00130955 0.00132275
2 3 24 0.005 0.0778842 0.158686 200.969 0.00107425 0.00107946
2 4 26 0.005 0.0608563 0.130979 204.078 0.00116968 0.00119353
2 5 25 0.005 0.111419 0.287816 202.792 0.00108583 0.00110099
2 6 22 0.005 0.0949259 0.327936 203.531 0.000946369 0.000963075
2 7 19 0.005 0.0904325 0.366257 203.892 0.000808047 0.000823772
2 8 22 0.005 0.178037 0.427619 206.11 0.000907385 0.000935105
2 9 21 0.005 0.0777617 0.513663 202.307 0.000847057 0.000856827
2 10 13 0.005 0.13939 0.46423 202.864 0.000531738 0.000539351
2 11 19 0.005 0.10496 0.604193 201.313 0.000736226 0.00074106
2 12 13 0.005 0.0257548 0.623538 199.348 0.000501299 0.000499664
2 13 24 0.005 0.0518348 0.734833 198.478 0.000878319 0.000871636
2 14 31 0.005 0.132446 0.739391 198.758 0.00112665 0.00111965
2 15 23 0.005 0.195075 0.822568 198.889 0.000798389 0.000793954
2 16 20 0.005 0.0925657 0.915183 199.182 0.000669077 0.000666342
2 17 22 0.005 0.10202 0.970691 200.59 0.000715629 0.000717739
2 18 17 0.005 0.12636 0.923749 195.834 0.000565183 0.000553411
2 19 20 0.005 0.208448 1.06122 199.373 0.000617182 0.000615249
2 20 19 0.005 0.204004 1.17114 195.321 0.000555949 0.000542941
2 21 28 0.005 0.141431 1.28542 197.907 0.000778559 0.000770411
2 22 21 0.005 0.18788 1.39237 198.706 0.000553511 0.000549931
2 23 14 0.005 0.100667 1.39522 200.67 0.000370081 0.00037132
3 0 23 0.005 0.170319 0.0926488 201.69 0.00102634 0.00103501
3 1 23 0.005 0.199125 0.102272 204.385 0.00102021 0.00104257
3 2 22 0.005 0.200819 0.0825169 199.342 0.000977233 0.000974019
3 3 21 0.005 0.176322 0.237781 203.528 0.000915285 0.000931428
3 4 26 0.005 0.085188 0.185579 200.037 0.00115792 0.00115814
3 5 22 0.005 0.0828267 0.281605 202.721 0.000959517 0.000972571
3 6 25 0.005 0.146403 0.231815 202.824 0.00109592 0.00111139
3 7 24 0.005 0.0644663 0.373811 200.623 0.00101999 0.00102317
3 8 19 0.005 0.232319 0.388439 201.906 0.000786798 0.000794298
3 9 13 0.005 0.149613 0.433168 199.296 0.000537186 0.000535295
3 10 23 0.005 0.129809 0.530108 206.702 0.000917678 0.00094843
3 11 24 0.005 0.140118 0.498755 199.989 0.00096864 0.000968585
3 12 24 0.005 0.229148 0.628328 200.77 0.000906794 0.000910284
3 13 27 0.005 0.170932 0.608864 201.971 0.00103726 0.00104748
3 14 28 0.005 0.182873 0.766158 201.307 0.000999813 0.00100634
3 15 22 0.005 0.255011 0.781723 201.622 0.000772409 0.000778673
3 16 21 0.005 0.189871 0.826089 197.859 0.000728157 0.000720361
3 17 27 0.005 0.186259 0.98084 204.355 0.000868521 0.000887432
3 18 15 0.005 0.162425 1.02821 200.658 0.000472348 0.000473902
3 19 32 0.005 0.174472 1.03473 198.389 0.00100347 0.000995385
3 20 34 0.005 0.194288 1.19515 198.344 0.000984121 0.000975971
3 21 14 0.005 0.222664 1.39419 200.221 0.000367813 0.00036822
3 22 19 0.005 0.188442 1.3874 200.658 0.000501945 0.000503597
3 23 24 0.005 0.227257 1.50181 198.346 0.000599884 0.000594922
4 0 26 0.005 0.20225 0.0114998 203.046 0.00115829 0.00117593
4 1 22 0.005 0.179992 0.0778999 202.365 0.000981305 0.000992907
4 2 17 0.005 0.208142 0.0585494 197.326 0.000755274 0.000745176
4 3 27 0.005 0.249221 0.231646 200.536 0.00116186 0.00116497
4 4 17 0.005 0.102974 0.192356 200.523 0.000754966 0.00075694
4 5 19 0.005 0.273725 0.241849 201.13 0.000811215 0.0008158
4 6 19 0.005 0.312841 0.450413 199.313 0.000757243 0.000754642
4 7 20 0.005 0.156147 0.317472 197.456 0.000857034 0.000846133
4 8 20 0.005 0.158532 0.353553 205.76 0.000847683 0.000872097
4 9 21 0.005 0.216131 0.492648 200.525 0.000840621 0.000842829
4 10 24 0.005 0.236011 0.504133 198.576 0.000953186 0.0009464
4 11 25 0.005 0.179101 0.52987 202.357 0.000991771 0.00100346
4 12 33 0.005 0.234743 0.673722 202.288 0.00122108 0.00123506
4 13 23 0.005 0.193204 0.717357 205.211 0.000839207 0.000861074
4 14 23 0.005 0.283929 0.763152 198.755 0.000810694 0.000805648
4 15 28 0.005 0.176845 0.857357 202.024 0.000957632 0.000967323
4 16 16 0.005 0.242066 0.973042 201.917 0.000513566 0.000518489
4 17 25 0.005 0.237386 0.890391 199.393 0.000835663 0.000833128
4 18 24 0.005 0.275022 1.2106 197.298 0.000684336 0.000675089
4 19 27 0.005 0.23461 1.08865 199.963 0.000819971 0.000819818
4 20 26 0.005 0.345169 1.16 199.494 0.000752774 0.000750868
4 21 19 0.005 0.293774 1.24651 197.952 0.000531522 0.000526079
4 22 18 0.005 0.300968 1.40867 199.736 0.000466586 0.000465971
4 23 12 0.005 0.178697 1.38161 192.961 0.000318073 0.000306879
5 0 19 0.005 0.291125 0.0400572 198.311 0.000828599 0.000821602
5 1 11 0.005 0.221469 0.0227371 200.591 0.000488051 0.000489493
5 2 14 0.005 0.256863 0.0684754 199.648 0.000615004 0.000613922
5 3 16 0.005 0.271984 0.147652 201.644 0.000694762 0.000700475
5 4 11 0.005 0.305606 0.246458 199.587 0.000465416 0.000464455
5 5 25 0.005 0.243819 0.248391 204.209 0.00107321 0.0010958
5 6 18 0.005 0.261829 0.352305 202.28 0.000749185 0.000757726
5 7 11 0.005 0.165594 0.376698 202.132 0.000462384 0.000467313
5 8 21 0.005 0.257581 0.406468 203.783 0.000860138 0.000876409
5 9 21 0.005 0.251663 0.491772 199.665 0.000835531 0.000834131
5 10 25 0.005 0.305385 0.467393 201.616 0.000992196 0.00100022
5 11 36 0.005 0.310894 0.58695 196.184 0.00136309 0.00133708
5 12 26 0.005 0.351808 0.660994 199.831 0.000946005 0.000945205
5 13 41 0.005 0.307263 0.69373 200.946 0.00148466 0.00149169
5 14 25 0.005 0.278599 0.76655 199.159 0.000880607 0.000876904
5 15 23 0.005 0.302071 0.860892 202.499 0.00077232 0.000781968
5 16 28 0.005 0.377526 0.870492 203.611 0.000923265 0.000939932
5 17 25 0.005 0.29269 0.852217 200.39 0.0008442 0.000845847
5 18 21 0.005 0.29998 1.02591 202.792 0.000652135 0.00066124
5 19 26 0.005 0.268697 1.1689 199.183 0.000756812 0.00075372
5 20 20 0.005 0.365112 1.24428 199.873 0.000555156 0.000554804
5 21 22 0.005 0.339891 1.31273 197.792 0.000593518 0.000586965
5 22 23 0.005 0.380154 1.43757 194.512 0.000583414 0.000567404
5 23 16 0.005 0.312716 1.31895 198.095 0.000431752 0.000427639
6 0 24 0.005 0.285341 -0.00433601 199.273 0.00104903 0.00104521
6 1 24 0.005 0.306894 0.0769807 201.884 0.00104009 0.00104989
6 2 24 0.005 0.313146 0.106769 204.443 0.0010357 0.00105871
6 3 27 0.005 0.377421 0.179489 201.405 0.00113236 0.00114032
6 4 31 0.005 0.354366 0.20717 200.597 0.00130354 0.00130743
6 5 25 0.005 0.266736 0.250968 202.743 0.00106705 0.00108168
6 6 16 0.005 0.393001 0.276647 194.99 0.000655498 0.000639076
6 7 24 0.005 0.307419 0.390988 198.718 0.000976764 0.000970505
6 8 16 0.005 0.30327 0.380954 197.526 0.000653876 0.000645789
6 9 20 0.005 0.358599 0.442198 199.16 0.000790027 0.000786707
6 10 25 0.005 0.332434 0.492389 202.332 0.000976956 0.000988346
6 11 19 0.005 0.40076 0.558916 204.924 0.000711591 0.000729112
6 12 21 0.005 0.389541 0.579663 200.892 0.000782585 0.000786073
6 13 17 0.005 0.302894 0.704291 203.127 0.000613243 0.00062283
6 14 30 0.005 0.333848 0.74215 197.438 0.00105767 0.00104412
6 15 20 0.005 0.370792 0.988735 200.198 0.000625091 0.000625709
6 16 20 0.005 0.267103 0.86211 197.764 0.000674869 0.000667324
6 17 24 0.005 0.376412 0.957185 202.744 0.000760462 0.000770897
6 18 28 0.005 0.391745 0.945272 201.79 0.000889562 0.000897521
6 19 22 0.005 0.278912 1.06711 198.566 0.000671682 0.000666866
6 20 32 0.005 0.381391 1.10279 199.164 0.000946507 0.000942551
6 21 19 0.005 0.361397 1.25428 200.751 0.00052522 0.000527192
6 22 28 0.005 0.372606 1.44332 197.468 0.000709044 0.000700066
6 23 23 0.005 0.409328 1.4989 197.81 0.000565792 0.000559597
7 0 30 0.005 0.329695 0.0865556 208.48 0.00129071 0.00134544
7 1 21 0.005 0.39226 0.0641923 201.255 0.000887043 0.000892608
7 2 28 0.005 0.350327 0.103075 202.319 0.00119551 0.00120937
7 3 17 0.005 0.344538 0.126548 198.206 0.000725407 0.000718899
7 4 22 0.005 0.384162 0.293082 202.127 0.000900398 0.000909974
7 5 34 0.005 0.331516 0.277475 204.551 0.00141857 0.00145085
7 6 27 0.005 0.290872 0.337828 199.958 0.00112093 0.0011207
7 7 26 0.005 0.389724 0.395691 200.293 0.00103317 0.00103468
7 8 22 0.005 0.308385 0.352919 206.336 0.000905486 0.000934174
7 9 27 0.005 0.312792 0.515567 203.414 0.00105097 0.00106891
7 10 22 0.005 0.410381 0.519117 202.891 0.000833943 0.000845996
7 11 26 0.005 0.433811 0.580903 206.388 0.000956807 0.00098737
7 12 25 0.005 0.36883 0.73895 201.64 0.000876181 0.000883367
7 13 29 0.005 0.416003 0.72465 202.813 0.00101154 0.00102577
7 14 26 0.005 0.379366 0.67665 199.811 0.000933792 0.000932909
7 15 22 0.005 0.430748 0.808632 197.548 0.000737324 0.000728285
7 16 22 0.005 0.423326 0.917375 199.619 0.000703462 0.00070212
7 17 21 0.005 0.348982 0.971888 200.519 0.00066404 0.000665762
7 18 17 0.005 0.448325 1.04843 200.052 0.0005095 0.000509632
7 19 24 0.005 0.399234 1.21449 198.164 0.000672126 0.000665954
7 20 20 0.005 0.476084 1.207 197.314 0.000554953 0.000547499
7 21 17 0.005 0.514062 1.42053 196.031 0.000426527 0.000418063
7 22 32 0.005 0.491019 1.32731 199.367 0.000839383 0.000836726
7 23 13 0.005 0.451334 1.54136 198.674 0.000312328 0.000310257
8 0 21 0.005 0.350092 0.0547318 200.643 0.00089973 0.000902623
8 1 29 0.005 0.324098 0.124256 201.655 0.0012453 0.0012556
8 2 15 0.005 0.384318 0.142588 197.035 0.000630872 0.000621518
8 3 16 0.005 0.412065 0.046792 205.094 0.000671794 0.000688903
8 4 27 0.005 0.42264 0.20233 205.091 0.00111132 0.00113961
8 5 20 0.005 0.442381 0.238633 200.074 0.000812256 0.000812556
8 6 20 0.005 0.426229 0.31277 200.022 0.000803689 0.000803775
8 7 22 0.005 0.39682 0.367141 201.856 0.000879681 0.000887845
8 8 25 0.005 0.423928 0.505453 197.558 0.000948553 0.000936973
8 9 26 0.005 0.453719 0.487186 202.261 0.000983752 0.000994873
8 10 27 0.005 0.438534 0.541804 203.254 0.00100682 0.0010232
8 11 28 0.005 0.317966 0.541606 198.847 0.00107779 0.00107158
8 12 26 0.005 0.378283 0.672536 201.835 0.000935655 0.000944241
8 13 28 0.005 0.471285 0.654985 202.168 0.000990482 0.00100122
8 14 30 0.005 0.452062 0.787898 202.014 0.00100937 0.00101953
8 15 25 0.005 0.48953 0.794873 199.362 0.000830667 0.000828018
8 16 30 0.005 0.463641 0.905474 199.032 0.000955945 0.000951317
8 17 22 0.005 0.480095 0.991483 197.43 0.000672136 0.0006635
8 18 26 0.005 0.439915 1.01538 199.396 0.000792379 0.000789988
8 19 24 0.005 0.452552 0.998477 196.111 0.000735197 0.000720901
8 20 22 0.005 0.540376 1.34567 198.738 0.000567702 0.00056412
8 21 25 0.005 0.55985 1.39612 200.993 0.000629124 0.000632247
8 22 17 0.005 0.499283 1.39972 199.324 0.000431395 0.000429936
8 23 14 0.005 0.588943 1.60864 198.73 0.000320817 0.00031878
9 0 24 0.005 0.441632 -0.0134043 201.263 0.000997849 0.00100415
9 1 22 0.005 0.446976 0.0386977 205.378 0.000912383 0.000936919
9 2 22 0.005 0.401898 0.115334 201.48 0.0009226 0.000929428
9 3 29 0.005 0.401383 0.178514 201.496 0.00120687 0.00121589
9 4 28 0.005 0.513874 0.23388 201.927 0.00110828 0.00111896
9 5 26 0.005 0.361938 0.288067 207.386 0.00107262 0.00111223
9 6 17 0.005 0.485226 0.365392 201.339 0.000660437 0.000664857
9 7 24 0.005 0.450921 0.389345 202.807 0.000937199 0.000950354
9 8 28 0.005 0.428221 0.387563 203.607 0.00110211 0.00112199
9 9 22 0.005 0.395344 0.405372 203.419 0.000870183 0.000885059
9 10 31 0.005 0.493694 0.544567 197.75 0.00113537 0.0011226
9 11 33 0.005 0.485427 0.561273 205.569 0.00120457 0.00123811
9 12 31 0.005 0.525793 0.631917 199.316 0.00108851 0.00108478
9 13 22 0.005 0.457964 0.683143 198.993 0.000772341 0.000768454
9 14 21 0.005 0.458558 0.703712 199.871 0.000730924 0.000730454
9 15 22 0.005 0.615408 0.866276 200.203 0.000685324 0.000686019
9 16 32 0.005 0.474972 0.935634 199.971 0.00100349 0.00100334
9 17 29 0.005 0.516046 0.952835 200.354 0.000893976 0.000895557
9 18 22 0.005 0.667259 1.14322 200.535 0.000602783 0.000604396
9 19 20 0.005 0.652649 1.14218 200.877 0.000550154 0.000552565
9 20 19 0.005 0.700063 1.4533 202.092 0.00045504 0.000459799
9 21 20 0.005 0.684448 1.34533 197.489 0.000502086 0.000495781
9 22 15 0.005 0.625872 1.5265 198.053 0.000353415 0.000349974
9 23 14 0.005 0.598554 1.46045 193.673 0.00034058 0.000329806
10 0 25 0.005 0.473231 0.0199955 209.277 0.00102699 0.00107462
10 1 23 0.005 0.557737 0.0847442 201.5 0.000910554 0.000917382
10 2 31 0.005 0.49503 0.177541 199.255 0.00124714 0.0012425
10 3 32 0.005 0.537036 0.189922 198.303 0.00126388 0.00125315
10 4 25 0.005 0.483853 0.179884 200.637 0.00100976 0.00101298
10 5 21 0.005 0.498003 0.226431 197.247 0.000837424 0.000825898
10 6 15 0.005 0.535753 0.386248 197.497 0.000568929 0.000561809
10 7 31 0.005 0.549381 0.331807 201.509 0.00118586 0.00119481
10 8 22 0.005 0.515765 0.349714 204.057 0.000848704 0.000865919
10 9 20 0.005 0.405134 0.445918 196.433 0.000778687 0.000764801
10 10 28 0.005 0.580355 0.553071 200.009 0.000993016 0.000993062
10 11 32 0.005 0.478127 0.645604 203.078 0.00113394 0.00115139
10 12 22 0.005 0.498934 0.645961 200.706 0.000774705 0.000777439
10 13 20 0.005 0.513482 0.692641 197.731 0.000688505 0.000680694
10 14 38 0.005 0.568539 0.804176 200.238 0.00123065 0.00123211
10 15 20 0.005 0.585696 0.918433 203.907 0.00061479 0.0006268
10 16 29 0.005 0.558801 0.874764 197.252 0.000914551 0.000901984
10 17 17 0.005 0.560589 0.912025 196.904 0.00052748 0.000519315
10 18 30 0.005 0.60909 1.09373 200.375 0.00085107 0.000852665
10 19 20 0.005 0.758246 1.26579 199.765 0.000510022 0.000509422
10 20 16 0.005 0.662482 1.18114 198.408 0.000432015 0.000428578
10 21 20 0.005 0.604655 1.34956 196.144 0.00050924 0.000499421
10 22 23 0.005 0.714173 1.41701 200.022 0.00055739 0.000557452
10 23 15 0.005 0.766003 1.59477 192.533 0.000335498 0.000322972
11 0 31 0.005 0.440983 0.112298 200.717 0.00128254 0.00128714
11 1 27 0.005 0.581652 0.0515336 201.583 0.00105982 0.00106821
11 2 21 0.005 0.592538 0.128128 202.519 0.000816263 0.000826543
11 3 21 0.005 0.579214 0.171077 199.179 0.000817089 0.000813736
11 4 25 0.005 0.549818 0.28073 196.395 0.000966948 0.000949519
11 5 20 0.005 0.517209 0.256465 201.233 0.000787312 0.000792164
11 6 25 0.005 0.640886 0.352853 204.291 0.000917126 0.000936803
11 7 27 0.005 0.567531 0.361575 199.651 0.0010182 0.00101643
11 8 21 0.005 0.54948 0.443713 198.992 0.000779692 0.000775761
11 9 35 0.005 0.555935 0.475828 200.684 0.00128388 0.00128827
11 10 24 0.005 0.638135 0.468699 201.981 0.000855281 0.000863751
11 11 26 0.005 0.644549 0.598664 196.749 0.000887346 0.000872924
11 12 16 0.005 0.591673 0.681141 201.927 0.000539977 0.000545178
11 13 19 0.005 0.575013 0.752356 198.36 0.000627096 0.000621955
11 14 27 0.005 0.659527 0.713085 198.422 0.000880345 0.000873398
11 15 21 0.005 0.659402 0.908967 198.62 0.000634809 0.000630428
11 16 34 0.005 0.651559 0.967033 201.437 0.00100607 0.0010133
11 17 23 0.005 0.683853 0.910382 198.631 0.000689885 0.000685163
11 18 29 0.005 0.689961 1.0248 195.911 0.000829346 0.000812391
11 19 16 0.005 0.731861 1.16296 195.781 0.000427948 0.000418921
11 20 15 0.005 0.787693 1.40456 198.59 0.000359687 0.000357152
11 21 20 0.005 0.696006 1.35604 194.659 0.000498684 0.000485365
11 22 11 0.005 0.660241 1.32496 206.795 0.000279883 0.000289393
11 23 12 0.005 0.777437 1.5069 197.761 0.000277085 0.000273983
12 0 28 0.005 0.578698 -0.0341852 198.041 0.00110109 0.00109031
12 1 28 0.005 0.621251 0.130331 201.251 0.00107452 0.00108124
12 2 32 0.005 0.61295 0.176838 195.313 0.00122626 0.00119752
12 3 24 0.005 0.609139 0.174964 200.639 0.000921439 0.000924382
12 4 26 0.005 0.559681 0.284273 202.798 0.00100095 0.00101495
12 5 28 0.005 0.667176 0.335047 199.402 0.00101985 0.00101681
12 6 15 0.005 0.657851 0.344205 199.356 0.00054743 0.000545668
12 7 28 0.005 0.590084 0.365835 199.952 0.00104546 0.00104521
12 8 25 0.005 0.613753 0.439068 202.706 0.000907069 0.000919343
12 9 31 0.005 0.647589 0.473055 200.797 0.00109926 0.00110364
12 10 20 0.005 0.616289 0.513392 203.602 0.00070915 0.000721922
12 11 24 0.005 0.630802 0.649135 201.854 0.000808794 0.000816291
12 12 26 0.005 0.655609 0.580349 203.511 0.000889156 0.000904766
12 13 27 0.005 0.716055 0.731114 203.405 0.000857737 0.000872341
12 14 29 0.005 0.741458 0.809117 201.503 0.000887824 0.000894496
12 15 17 0.005 0.861508 0.967548 201.16 0.000472164 0.000474902
12 16 22 0.005 0.75708 0.985626 201.96 0.000626885 0.000633027
12 17 30 0.005 0.750153 1.01064 200.255 0.000848286 0.000849366
12 18 14 0.005 0.739581 1.04199 202.234 0.000392196 0.000396578
12 19 22 0.005 0.84262 1.24181 199.222 0.000554522 0.000552364
12 20 17 0.005 0.804122 1.33369 201.516 0.000417517 0.000420681
12 21 11 0.005 0.777394 1.45867 196.019 0.000258819 0.000253667
12 22 19 0.005 0.791852 1.39748 197.165 0.000456448 0.000449978
12 23 0 0 0 0 0 0 0
13 0 27 0.005 0.659992 0.0564604 204.648 0.00102316 0.00104694
13 1 29 0.005 0.655503 0.0964777 199.894 0.00109887 0.00109828
13 2 23 0.005 0.732483 0.114704 199.574 0.000839814 0.000838023
13 3 20 0.005 0.701268 0.180094 204.035 0.000736351 0.000751206
13 4 24 0.005 0.73044 0.22476 203.005 0.000866768 0.00087979
13 5 21 0.005 0.760798 0.341005 200.912 0.000733161 0.000736505
13 6 22 0.005 0.673301 0.353624 197.504 0.000795964 0.000786031
13 7 30 0.005 0.769718 0.346343 203.829 0.00104206 0.00106201
13 8 27 0.005 0.651577 0.469058 201.373 0.000957007 0.000963575
13 9 26 0.005 0.81783 0.572558 201.865 0.000836368 0.000844168
13 10 29 0.005 0.690904 0.570007 201.023 0.0009819 0.000986925
13 11 23 0.005 0.76714 0.588561 199.922 0.00075158 0.000751285
13 12 22 0.005 0.799286 0.7136 202.269 0.000682299 0.00069004
13 13 29 0.005 0.721848 0.79778 199.156 0.000897425 0.000893638
13 14 24 0.005 0.770759 0.814638 197.663 0.000726031 0.000717548
13 15 27 0.005 0.787768 0.916505 198.356 0.000782392 0.000775962
13 16 22 0.005 0.796901 1.00765 202.411 0.000614248 0.000621652
13 17 24 0.005 0.816917 1.09164 199.387 0.000645179 0.000643201
13 18 19 0.005 0.871502 1.15533 196.786 0.000490964 0.000483073
13 19 15 0.005 0.831742 1.26865 199.483 0.000375256 0.000374287
13 20 21 0.005 0.852826 1.27252 199.231 0.000521787 0.000519781
13 21 19 0.005 0.936251 1.37376 199.121 0.000445163 0.000443206
13 22 0 0 0 0 0 0 0
13 23 0 0 0 0 0 0 0
14 0 23 0.005 0.76022 0.131394 198.763 0.000827747 0.000822627
14 1 25 0.005 0.721245 0.081808 200.548 0.000919632 0.000922152
14 2 32 0.005 0.750791 0.110324 203.193 0.00115869 0.00117719
14 3 26 0.005 0.74475 0.200886 201.788 0.00093577 0.000944138
14 4 29 0.005 0.79477 0.223048 201.18 0.00101657 0.00102257
14 5 32 0.005 0.845444 0.326954 198.713 0.00107768 0.00107075
14 6 32 0.005 0.755891 0.417054 199.912 0.00110101 0.00110053
14 7 30 0.005 0.710931 0.384426 199.329 0.00106056 0.001057
14 8 28 0.005 0.785483 0.488607 200.645 0.000934284 0.000937298
14 9 15 0.005 0.683391 0.605583 196.916 0.000503498 0.000495735
14 10 30 0.005 0.841804 0.618601 199.143 0.000942953 0.000938911
14 11 19 0.005 0.870444 0.661036 199.393 0.000582974 0.000581205
14 12 27 0.005 0.767235 0.694342 196.151 0.000852857 0.000836442
14 13 20 0.005 0.824498 0.737829 197.618 0.000609567 0.000602306
14 14 26 0.005 0.869999 0.827109 198.786 0.000756425 0.000751834
14 15 25 0.005 0.844276 0.944065 200.794 0.000704193 0.00070699
14 16 20 0.005 1.04463 1.16227 198.498 0.000489998 0.000486317
14 17 18 0.005 0.856931 1.02742 199.174 0.000489839 0.000487817
14 18 12 0.005 1.04525 1.14932 202.094 0.000295229 0.000298319
14 19 21 0.005 0.891088 1.17658 197.536 0.000535419 0.000528822
14 20 17 0.005 1.06088 1.38476 194.87 0.000384302 0.000374445
14 21 12 0.005 1.07416 1.49173 197.888 0.000260656 0.000257903
14 22 11 0.005 1.20738 1.78833 197.326 0.000210242 0.000207432
14 23 0 0 0 0 0 0 0
15 0 31 0.005 0.923061 0.0865941 202.672 0.00103332 0.00104713
15 1 21 0.005 0.772769 0.0609538 201.039 0.000754425 0.000758344
15 2 32 0.005 0.779121 0.197802 200.044 0.00113368 0.00113393
15 3 36 0.005 0.81538 0.21211 199.685 0.00125142 0.00124945
15 4 36 0.005 0.886195 0.30429 201.612 0.0011941 0.00120372
15 5 32 0.005 0.815776 0.318857 206.116 0.00109418 0.00112764
15 6 24 0.005 0.912006 0.465679 202.68 0.000762182 0.000772394
15 7 28 0.005 0.802501 0.459938 200.346 0.000934327 0.000935946
15 8 30 0.005 0.817181 0.420798 201.533 0.00100396 0.00101166
15 9 22 0.005 0.941019 0.574452 200.259 0.000671836 0.000672705
15 10 27 0.005 0.870414 0.597882 202.599 0.000843873 0.000854842
15 11 31 0.005 0.862038 0.63782 200.273 0.000961009 0.000962323
15 12 29 0.005 0.837931 0.689213 198.149 0.000893371 0.000885104
15 13 18 0.005 0.877813 0.658716 198.067 0.000551059 0.000545732
15 14 27 0.005 0.950329 0.928021 201.13 0.00073815 0.000742321
15 15 30 0.005 1.01872 0.94478 203.841 0.00079659 0.00081189
15 16 19 0.005 0.970399 0.98787 199.98 0.000505616 0.000505566
15 17 15 0.005 1.0596 1.13051 196.808 0.000369724 0.000363824
15 18 13 0.005 1.03554 1.13758 197.837 0.000322058 0.000318576
15 19 15 0.005 1.11431 1.36322 201.227 0.000336724 0.00033879
15 20 13 0.005 1.18506 1.49985 197.281 0.000273913 0.000270189
15 21 10 0.005 1.06328 1.47849 192.563 0.000218782 0.000210647
15 22 0 0 0 0 0 0 0
15 23 0 0 0 0 0 0 0
16 0 29 0.005 0.79157 0.0325289 198.972 0.00103323 0.00102792
16 1 37 0.005 0.933782 0.0606108 202.505 0.00122802 0.0012434
16 2 24 0.005 1.04275 0.133578 201.775 0.000751875 0.000758549
16 3 28 0.005 0.890601 0.157901 199.526 0.0009439 0.000941665
16 4 31 0.005 0.976082 0.206874 204.712 0.000997492 0.00102099
16 5 38 0.005 0.981399 0.256417 200.047 0.00121264 0.00121292
16 6 32 0.005 0.85776 0.388972 199.274 0.00105885 0.00105501
16 7 26 0.005 1.01754 0.478031 200.991 0.000785455 0.000789347
16 8 26 0.005 0.881637 0.54724 198.186 0.000820083 0.000812647
16 9 33 0.005 0.971997 0.592122 201.589 0.000990064 0.000997929
16 10 26 0.005 0.993856 0.672147 202.641 0.000756654 0.000766645
16 11 29 0.005 0.996344 0.646303 203.687 0.000849044 0.000864695
16 12 21 0.005 0.903563 0.615788 202.885 0.000644196 0.00065349
16 13 19 0.005 1.0613 0.806468 202.518 0.000518278 0.000524802
16 14 22 0.005 0.998063 0.837129 197.857 0.000608929 0.000602404
16 15 24 0.005 1.04603 0.943675 198.97 0.000631448 0.000628196
16 16 23 0.005 1.04447 1.00608 201.09 0.000593479 0.000596714
16 17 19 0.005 1.14607 1.24329 198.01 0.000439622 0.000435248
16 18 15 0.005 1.0942 1.12906 198.159 0.000365911 0.000362543
16 19 12 0.005 1.17562 1.36358 194.049 0.000264852 0.000256972
16 20 15 0.005 1.22168 1.38251 197.369 0.000324903 0.000320629
16 21 0 0 0 0 0 0 0
16 22 0 0 0 0 0 0 0
16 23 0 0 0 0 0 0 0
17 0 31 0.005 1.15885 0.0310411 200.478 0.000920384 0.000922585
17 1 29 0.005 0.919082 0.0844642 202.517 0.000968663 0.000980854
17 2 31 0.005 0.954272 0.106019 199.67 0.00101643 0.00101475
17 3 36 0.005 0.968104 0.24812 201.572 0.00115743 0.00116653
17 4 26 0.005 0.917482 0.260148 200.797 0.000855256 0.000858667
17 5 27 0.005 1.00115 0.245787 200.283 0.000854521 0.00085573
17 6 30 0.005 0.946958 0.341229 199.331 0.000961078 0.000957863
17 7 23 0.005 0.977751 0.444635 198.562 0.000712382 0.000707259
17 8 27 0.005 1.10138 0.547974 204.643 0.000774135 0.000792107
17 9 26 0.005 1.01541 0.531078 199.012 0.000777056 0.000773216
17 10 24 0.005 1.15685 0.623324 202.331 0.00066063 0.000668331
17 11 22 0.005 1.0144 0.630414 200.434 0.000641973 0.000643365
17 12 23 0.005 1.03613 0.812357 196.481 0.000632333 0.000621207
17 13 30 0.005 1.16441 0.842825 200.129 0.000778749 0.000779252
17 14 14 0.005 1.07387 0.889814 196.959 0.000370821 0.000365183
17 15 25 0.005 1.1867 0.998119 201.341 0.000615873 0.000620001
17 16 28 0.005 1.11013 1.05356 198.832 0.00069616 0.000692095
17 17 20 0.005 1.18483 1.17093 196.423 0.000467901 0.000459532
17 18 10 0.005 1.22844 1.23938 196.67 0.000226002 0.000222239
17 19 0 0 0 0 0 0 0
17 20 11 0.005 1.22789 1.29469 198.267 0.000244443 0.000242324
17 21 0 0 0 0 0 0 0
17 22 0 0 0 0 0 0 0
17 23 0 0 0 0 0 0 0
18 0 41 0.005 1.03704 0.0499827 201.269 0.00129284 0.00130104
18 1 32 0.005 1.05562 0.0628916 199.433 0.000999391 0.000996557
18 2 41 0.005 1.03414 0.169695 203.756 0.00128657 0.00131073
18 3 28 0.005 1.04866 0.14407 201.403 0.00087402 0.000880149
18 4 31 0.005 1.04478 0.324678 199.116 0.000950661 0.00094646
18 5 22 0.005 1.03798 0.369298 198.234 0.000672097 0.000666164
18 6 26 0.005 1.1887 0.478711 201.249 0.00072706 0.000731601
18 7 24 0.005 1.16244 0.451732 203.743 0.000682442 0.000695216
18 8 29 0.005 1.16888 0.552003 198.25 0.000806567 0.000799508
18 9 25 0.005 1.06781 0.510534 198.698 0.000733388 0.000728613
18 10 22 0.005 1.2343 0.660737 200.201 0.000581232 0.000581815
18 11 27 0.005 1.17213 0.782274 198.555 0.000710244 0.000705112
18 12 29 0.005 1.10144 0.771762 198.748 0.000786531 0.000781609
18 13 30 0.005 1.15409 0.86817 197.593 0.000776294 0.00076695
18 14 17 0.005 1.18649 0.89644 201.518 0.000431203 0.000434476
18 15 18 0.005 1.38917 1.11584 201.37 0.00040043 0.000403174
18 16 20 0.005 1.23034 0.987166 195.967 0.000486749 0.000476933
18 17 13 0.005 1.36608 1.16897 195.643 0.000287219 0.000280962
18 18 12 0.005 1.33724 1.24127 193.442 0.00026216 0.000253564
18 19 0 0 0 0 0 0 0
18 20 0 0 0 0 0 0 0
18 21 0 0 0 0 0 0 0
18 22 0 0 0 0 0 0 0
18 23 0 0 0 0 0 0 0
19 0 45 0.005 1.18111 0.0239001 203.268 0.00132155 0.00134314
19 1 29 0.005 1.02876 0.0889166 199.014 0.000917031 0.000912511
19 2 30 0.005 1.15946 0.146117 196.563 0.00088658 0.000871344
19 3 29 0.005 1.20192 0.128293 206.242 0.000840261 0.000866486
19 4 32 0.005 1.15916 0.250774 202.97 0.000937629 0.000951553
19 5 29 0.005 1.28309 0.360373 201.167 0.000791134 0.000795749
19 6 22 0.005 1.12723 0.357404 203.865 0.000645716 0.000658195
19 7 25 0.005 1.1935 0.45858 200.126 0.000700083 0.000700523
19 8 34 0.005 1.22262 0.481983 206.926 0.000935848 0.000968255
19 9 20 0.005 1.14035 0.541271 200.085 0.000564514 0.000564754
19 10 26 0.005 1.30753 0.676847 196.787 0.00066401 0.000653344
19 11 18 0.005 1.2693 0.728032 201.476 0.000461641 0.000465047
19 12 19 0.005 1.33965 0.757001 198.934 0.000470612 0.000468102
19 13 21 0.005 1.26553 0.849541 197.032 0.000523616 0.000515845
19 14 28 0.005 1.30923 0.924672 197.353 0.000673683 0.000664767
19 15 21 0.005 1.42244 1.07536 198.643 0.000466899 0.000463731
19 16 12 0.005 1.30916 1.08951 195.477 0.000276169 0.000269924
19 17 0 0 0 0 0 0 0
19 18 0 0 0 0 0 0 0
19 19 0 0 0 0 0 0 0
19 20 0 0 0 0 0 0 0
19 21 0 0 0 0 0 0 0
19 22 0 0 0 0 0 0 0
19 23 0 0 0 0 0 0 0
20 0 20 0.005 1.29948 0.0550271 200.238 0.000554111 0.000554771
20 1 37 0.005 1.22524 0.0503897 196.71 0.00106288 0.00104539
20 2 26 0.005 1.19729 0.137061 197.943 0.000754683 0.00074692
20 3 34 0.005 1.25297 0.184368 200.369 0.000957729 0.000959498
20 4 30 0.005 1.22876 0.283672 202.91 0.000847269 0.000859598
20 5 31 0.005 1.16157 0.297992 199.539 0.000902439 0.00090036
20 6 29 0.005 1.35232 0.52589 199.147 0.000748033 0.000744844
20 7 22 0.005 1.29271 0.462984 200.325 0.0005887 0.000589658
20 8 26 0.005 1.15832 0.513891 199.195 0.000732117 0.000729169
20 9 31 0.005 1.28416 0.56893 198.853 0.000817259 0.000812572
20 10 23 0.005 1.18391 0.530761 195.289 0.000638215 0.000623181
20 11 14 0.005 1.40752 0.718694 200.488 0.000340266 0.000341097
20 12 24 0.005 1.27395 0.793015 197.454 0.000604958 0.000597256
20 13 15 0.005 1.40864 0.922771 199.013 0.000348131 0.000346413
20 14 12 0.005 1.22415 0.979941 196.844 0.000293288 0.00028866
20 15 16 0.005 1.35789 1.02521 194.756 0.000368508 0.000358845
20 16 14 0.005 1.50634 1.25168 197.674 0.000289383 0.000286017
20 17 0 0 0 0 0 0 0
20 18 0 0 0 0 0 0 0
20 19 0 0 0 0 0 0 0
20 20 0 0 0 0 0 0 0
20 21 0 0 0 0 0 0 0
20 22 0 0 0 0 0 0 0
20 23 0 0 0 0 0 0 0
21 0 32 0.005 1.3294 0.0886788 199.104 0.000873138 0.000869224
21 1 26 0.005 1.35929 0.0990176 197.584 0.000699134 0.00069069
21 2 24 0.005 1.28397 0.142585 197.481 0.000667761 0.000659349
21 3 28 0.005 1.26286 0.236225 202.368 0.000781741 0.000790995
21 4 30 0.005 1.38514 0.339291 198.278 0.000782906 0.000776164
21 5 32 0.005 1.33615 0.330421 198.502 0.000854953 0.000848551
21 6 27 0.005 1.26894 0.376191 198.455 0.000739841 0.000734127
21 7 26 0.005 1.25582 0.509186 200.261 0.000701732 0.000702647
21 8 29 0.005 1.39519 0.508557 201.45 0.00073629 0.00074163
21 9 25 0.005 1.63488 0.737579 199.388 0.00055338 0.000551686
21 10 23 0.005 1.45504 0.667221 197.19 0.000553909 0.000546125
21 11 19 0.005 1.39394 0.714057 202.466 0.000464768 0.000470498
21 12 0 0 0 0 0 0 0
21 13 16 0.005 1.43994 0.89601 194.174 0.000369394 0.000358633
21 14 0 0 0 0 0 0 0
21 15 13 0.005 1.74972 1.29419 198.784 0.000246717 0.000245217
21 16 0 0 0 0 0 0 0
21 17 0 0 0 0 0 0 0
21 18 0 0 0 0 0 0 0
21 19 0 0 0 0 0 0 0
21 20 0 0 0 0 0 0 0
21 21 0 0 0 0 0 0 0
21 22 0 0 0 0 0 0 0
21 23 0 0 0 0 0 0 0
22 0 30 0.005 1.35887 0.0409325 200.707 0.000808002 0.000810858
22 1 30 0.005 1.46434 0.0766241 198.415 0.000768304 0.000762214
22 2 23 0.005 1.49163 0.21342 199.906 0.000578093 0.000577822
22 3 26 0.005 1.4407 0.19315 202.578 0.000669833 0.000678466
22 4 32 0.005 1.48577 0.270429 199.472 0.00080306 0.000800939
22 5 31 0.005 1.47106 0.327425 197.433 0.000779082 0.000769084
22 6 17 0.005 1.61118 0.44194 204.054 0.00039686 0.000404903
22 7 15 0.005 1.44068 0.420006 202.21 0.000378091 0.000382268
22 8 23 0.005 1.51677 0.486716 197.281 0.000555851 0.000548295
22 9 13 0.005 1.4226 0.574048 198.299 0.000322689 0.000319945
22 10 21 0.005 1.56434 0.683261 199.236 0.000482487 0.000480645
22 11 12 0.005 1.65531 0.878463 198.524 0.000256795 0.0002549
22 12 15 0.005 1.71976 0.936308 195.845 0.000310102 0.00030366
22 13 0 0 0 0 0 0 0
22 14 13 0.005 1.76866 1.08158 195.939 0.000256724 0.000251511
22 15 0 0 0 0 0 0 0
22 16 0 0 0 0 0 0 0
22 17 0 0 0 0 0 0 0
22 18 0 0 0 0 0 0 0
22 19 0 0 0 0 0 0 0
22 20 0 0 0 0 0 0 0
22 21 0 0 0 0 0 0 0
22 22 0 0 0 0 0 0 0
22 23 0 0 0 0 0 0 0
23 0 18 0.005 1.50945 0.0973425 197.726 0.000451221 0.00044609
23 1 23 0.005 1.59987 0.133497 200.163 0.000552741 0.00055319
23 2 20 0.005 1.35542 0.125115 197.673 0.000538234 0.00053197
23 3 36 0.005 1.56878 0.200262 202.333 0.000874526 0.000884727
23 4 19 0.005 1.61497 0.386695 195.774 0.000445526 0.000436112
23 5 19 0.005 1.50967 0.339094 198.752 0.000468781 0.000465855
23 6 11 0.005 1.60979 0.39251 200.3 0.000258354 0.000258742
23 7 13 0.005 1.65506 0.523424 194.625 0.000294968 0.000287041
23 8 17 0.005 1.83492 0.555581 202.895 0.000357361 0.000362533
23 9 13 0.005 1.71427 0.656977 198.413 0.000282659 0.000280415
23 10 12 0.005 1.65972 0.711792 203.268 0.000264232 0.00026855
23 11 11 0.005 1.80472 0.871316 194.503 0.000223245 0.000217109
23 12 0 0 0 0 0 0 0
23 13 0 0 0 0 0 0 0
23 14 0 0 0 0 0 0 0
23 15 0 0 0 0 0 0 0
23 16 0 0 0 0 0 0 0
23 17 0 0 0 0 0 0 0
23 18 0 0 0 0 0 0 0
23 19 0 0 0 0 0 0 0
23 20 0 0 0 0 0 0 0
23 21 0 0 0 0 0 0 0
23 22 0 0 0 0 0 0 0
23 23 0 0 0 0 0 0 0
