#  ix    iy     NK     E/N         TK    Uxpi    UyK      muK      rho      epsilon
0 0 289 0.0945974 0.0432713 0.00568013 2.10766 0.0206232 0.0136901
0 1 280 0.0948391 0.0521407 0.0698355 2.0553 0.0199245 0.0132361
0 2 308 0.0900191 0.022337 0.154823 2.51455 0.0217357 0.014226
0 3 295 0.0844701 0.041334 0.195777 2.93734 0.0206619 0.0132925
0 4 320 0.0946665 0.0372017 0.322764 2.15521 0.0217386 0.0144335
0 5 311 0.0922906 0.0208684 0.383468 2.28797 0.0207376 0.0136684
0 6 305 0.0895626 0.00804422 0.411861 2.47551 0.0201435 0.0131654
0 7 294 0.0872292 0.0401989 0.525986 2.58889 0.0185741 0.0120521
0 8 259 0.085134 0.068427 0.598479 2.61257 0.015847 0.0102159
0 9 290 0.0836561 0.0297807 0.690677 2.81857 0.017039 0.0109341
0 10 284 0.0758208 0.0398769 0.730737 3.56131 0.0163703 0.0102512
0 11 279 0.0748507 0.063027 0.885447 3.57433 0.0149037 0.00930447
0 12 264 0.0716228 0.0503788 1.05395 3.80945 0.0129715 0.00801663
0 13 242 0.0711356 0.00938948 1.09332 3.76243 0.0116661 0.00719889
0 14 216 0.0690911 0.0550904 1.19648 3.85294 0.0098881 0.00606264
0 15 167 0.0666539 0.0878993 1.43233 3.80468 0.00681989 0.00414951
0 16 150 0.0603454 -0.01228 1.53651 4.59485 0.00584424 0.00348587
0 17 146 0.0536776 0.0568591 1.74204 5.69052 0.00518973 0.00303094
0 18 97 0.0485756 0.057734 2.02335 6.29844 0.00306884 0.00176358
0 19 42 0.0477471 0.086457 2.20806 5.59473 0.00123686 0.00070893
0 20 11 0.0353959 0.112861 2.88318 8.12465 0.000257294 0.000141821
0 21 0 0 0 0 0 0 0
0 22 0 0 0 0 0 0 0
0 23 0 0 0 0 0 0 0
1 0 302 0.0893421 0.107617 0.056738 2.55465 0.0214135 0.0139859
1 1 300 0.0937202 0.0807056 0.0585907 2.20662 0.0213228 0.0141162
1 2 292 0.0956993 0.0745682 0.0925978 2.03099 0.0207113 0.0137952
1 3 311 0.0942861 0.0609615 0.184395 2.18663 0.0218068 0.0144619
1 4 288 0.0936538 0.0861084 0.275702 2.13568 0.0197635 0.0130813
1 5 299 0.0925049 0.0797635 0.350854 2.23998 0.0200959 0.0132542
1 6 310 0.0867984 0.0748806 0.462051 2.70247 0.0200546 0.0129955
1 7 312 0.083433 0.106685 0.498908 2.99184 0.0198514 0.01273
1 8 305 0.0829783 0.0618099 0.61541 2.96495 0.0185281 0.0118646
1 9 244 0.0854108 0.0721389 0.65496 2.50286 0.0145533 0.00939002
1 10 282 0.0811731 0.105289 0.779857 2.97865 0.0158293 0.0100795
1 11 250 0.070601 0.153775 0.877669 3.96157 0.0133324 0.00821327
1 12 266 0.0711997 0.113353 0.995639 3.89476 0.0134211 0.00828351
1 13 260 0.0724437 0.139158 1.13681 3.65143 0.0122146 0.00756834
1 14 217 0.0702789 0.114329 1.21502 3.69618 0.009824 0.00604586
1 15 200 0.0634722 0.147582 1.38231 4.46142 0.00834215 0.0050251
1 16 159 0.0555005 0.147272 1.6762 5.4437 0.00580221 0.00340823
1 17 126 0.0478443 0.174635 1.80459 6.82719 0.00434674 0.00249218
1 18 87 0.0481385 0.175571 1.99507 6.30551 0.00277602 0.0015931
1 19 39 0.0606947 0.131047 2.1739 2.92297 0.00116243 0.00069411
1 20 22 0.0356692 0.21793 2.3585 8.87052 0.000611215 0.000337195
1 21 0 0 0 0 0 0 0
1 22 0 0 0 0 0 0 0
1 23 0 0 0 0 0 0 0
2 0 316 0.0938094 0.146115 0.00428445 2.24623 0.0223341 0.0147898
2 1 268 0.0960664 0.130844 0.114909 1.91069 0.0188591 0.0125757
2 2 309 0.0942011 0.145139 0.149277 2.18381 0.0216081 0.0143263
2 3 334 0.0955825 0.149288 0.231582 2.14431 0.0230001 0.0153142
2 4 330 0.0920469 0.157223 0.294583 2.3821 0.0223579 0.0147253
2 5 292 0.0873224 0.148711 0.363874 2.62503 0.0194113 0.012599
2 6 322 0.0920801 0.196717 0.449225 2.30007 0.0206504 0.0136021
2 7 314 0.0856206 0.198265 0.526425 2.7794 0.019548 0.0126209
2 8 290 0.0787565 0.197679 0.598585 3.32011 0.0175232 0.0110743
2 9 313 0.0808667 0.230596 0.735133 3.12064 0.0177104 0.0112665
2 10 273 0.0735129 0.205772 0.790257 3.73913 0.0151038 0.00938997
2 11 244 0.0765957 0.183277 0.897544 3.23564 0.0128514 0.00806716
2 12 249 0.0727734 0.188868 0.996961 3.63449 0.0124843 0.00774348
2 13 228 0.0684057 0.224884 1.16777 4.00002 0.0104813 0.0064125
2 14 222 0.0710988 0.205472 1.25675 3.59195 0.00979353 0.00604265
2 15 198 0.0607786 0.226406 1.4337 4.8413 0.00802386 0.00479247
2 16 133 0.0624741 0.22037 1.52704 4.13377 0.005167 0.00310269
2 17 129 0.0579006 0.303095 1.79267 4.73591 0.00444068 0.00262832
2 18 77 0.0497498 0.322274 2.06627 5.76142 0.00237269 0.0013686
2 19 45 0.731722 0.309723 2.29867 -9.59366 0.00127257 0.000689542
2 20 17 0.0399211 0.287736 2.33577 6.96009 0.000474874 0.000265524
2 21 0 0 0 0 0 0 0
2 22 0 0 0 0 0 0 0
2 23 0 0 0 0 0 0 0
3 0 300 0.0950587 0.21996 0.0338059 2.08773 0.0209169 0.0139047
3 1 294 0.0957595 0.229122 0.124246 2.0076 0.0203211 0.0135378
3 2 296 0.093814 0.211347 0.156801 2.1576 0.0204467 0.0135401
3 3 325 0.0926273 0.19981 0.252283 2.32553 0.0220981 0.0145803
3 4 322 0.0921021 0.232668 0.312312 2.33552 0.021432 0.0141179
3 5 324 0.0895747 0.226503 0.345477 2.53454 0.0213896 0.0139803
3 6 306 0.0955375 0.26795 0.448878 1.97582 0.01937 0.0128954
3 7 300 0.0894137 0.221973 0.482227 2.42536 0.0189269 0.0123645
3 8 309 0.0842009 0.237405 0.622034 2.84421 0.0183719 0.0118094
3 9 299 0.0813383 0.253419 0.738739 3.02413 0.016832 0.0107235
3 10 294 0.0755199 0.242997 0.777251 3.58889 0.0162836 0.0101873
3 11 279 0.0753802 0.276658 0.919046 3.47976 0.0143778 0.00899104
3 12 252 0.0633632 0.327178 1.0738 4.83909 0.0119732 0.00720987
3 13 210 0.0790251 0.330465 1.12191 2.70634 0.0097479 0.00616565
3 14 218 0.0612733 0.273002 1.25893 4.93586 0.00954846 0.00571199
3 15 199 0.0621852 0.347044 1.36838 4.64223 0.00821634 0.00492927
3 16 136 0.0587306 0.364109 1.58653 4.72673 0.00508492 0.00301754
3 17 123 0.046463 0.369248 1.70052 7.1897 0.0043775 0.00249887
3 18 77 0.0437375 0.411313 2.04373 7.34206 0.00237875 0.00134623
3 19 28 0.0419735 0.406514 2.26826 6.7898 0.00079617 0.000448076
3 20 0 0 0 0 0 0 0
3 21 0 0 0 0 0 0 0
3 22 0 0 0 0 0 0 0
3 23 0 0 0 0 0 0 0
4 0 333 0.0947427 0.266302 0.0348029 2.20475 0.0229717 0.0152558
4 1 340 0.0935126 0.243849 0.0715695 2.32111 0.0235375 0.0155725
4 2 333 0.0907186 0.258816 0.154665 2.50505 0.0227731 0.0149373
4 3 300 0.0897443 0.332673 0.207023 2.45116 0.0199516 0.0130473
4 4 330 0.092478 0.337866 0.323838 2.30255 0.0213491 0.0140796
4 5 352 0.0922053 0.340363 0.371383 2.37412 0.0224546 0.0147962
4 6 316 0.0879958 0.361728 0.449397 2.57529 0.0195513 0.0127164
4 7 322 0.0872956 0.328146 0.563643 2.61974 0.0192648 0.0125029
4 8 290 0.0955067 0.325803 0.602533 1.85281 0.0170895 0.0113761
4 9 276 0.0778709 0.314575 0.691713 3.30116 0.0156966 0.00989256
4 10 299 0.0819065 0.366918 0.837808 2.90391 0.0157595 0.010058
4 11 246 0.0729829 0.367878 0.940887 3.60013 0.0123614 0.00767224
4 12 235 0.0671858 0.360903 1.0276 4.24194 0.0113525 0.00691894
4 13 231 0.064888 0.397681 1.16122 4.47647 0.0104218 0.00630591
4 14 188 0.0687995 0.437437 1.36551 3.63804 0.00768166 0.0047055
4 15 184 0.0595619 0.430689 1.4099 4.95773 0.00737792 0.00438978
4 16 128 0.0567709 0.47498 1.60905 4.9917 0.00468117 0.00276079
4 17 105 0.0506687 0.477388 1.75867 5.97001 0.0036081 0.00208726
4 18 72 0.0469236 0.5862 2.10052 6.35505 0.00214364 0.00122547
4 19 26 0.0348251 0.454332 2.2667 9.43242 0.000737313 0.000405677
4 20 0 0 0 0 0 0 0
4 21 0 0 0 0 0 0 0
4 22 0 0 0 0 0 0 0
4 23 0 0 0 0 0 0 0
5 0 342 0.0953391 0.355227 0.0147585 2.16283 0.0230171 0.0153141
5 1 343 0.0967229 0.355656 0.117576 2.05956 0.0229432 0.01533
5 2 364 0.0882634 0.338973 0.198438 2.76618 0.0242001 0.0157532
5 3 364 0.0884633 0.381241 0.240335 2.72879 0.023704 0.0154398
5 4 333 0.09184 0.383316 0.279653 2.35859 0.0214894 0.0141442
5 5 331 0.0897143 0.398934 0.354925 2.49792 0.0208559 0.0136373
5 6 321 0.0909188 0.366072 0.472167 2.3433 0.0196832 0.0129186
5 7 299 0.0849253 0.431354 0.533959 2.73655 0.017608 0.0113439
5 8 334 0.0779918 0.427331 0.627454 3.47971 0.0190019 0.0119802
5 9 334 0.0828582 0.473579 0.756519 2.93597 0.0177989 0.0113933
5 10 284 0.074286 0.46578 0.855941 3.61217 0.0145284 0.00905417
5 11 295 0.0752007 0.470353 0.915972 3.52038 0.0146803 0.00917507
5 12 251 0.0698248 0.486029 1.05433 3.92791 0.0117007 0.00719054
5 13 225 0.06229 0.4913 1.1003 4.84846 0.0102634 0.00615941
5 14 196 0.0602134 0.514976 1.29438 4.9508 0.00816412 0.00486756
5 15 160 0.0579152 0.522404 1.47801 5.05839 0.00614634 0.00363803
5 16 121 0.0560654 0.574431 1.69752 5.01654 0.00421149 0.00247826
5 17 110 0.0462151 0.579727 1.84853 7.06113 0.00360391 0.00205565
5 18 54 0.0360992 0.575679 1.92873 9.71856 0.00171617 0.000948062
5 19 26 0.0344291 0.669585 2.23907 9.60487 0.000730582 0.000401471
5 20 0 0 0 0 0 0 0
5 21 0 0 0 0 0 0 0
5 22 0 0 0 0 0 0 0
5 23 0 0 0 0 0 0 0
6 0 329 0.0922705 0.431031 0.00646167 2.32935 0.0215803 0.0142229
6 1 362 0.100015 0.434234 0.0843477 1.86125 0.0236469 0.0159606
6 2 337 0.0943426 0.456626 0.152398 2.17701 0.0216892 0.0143864
6 3 342 0.0918782 0.429188 0.241957 2.37515 0.0219133 0.0144249
6 4 352 0.0921656 0.483457 0.276351 2.35522 0.0219666 0.0144729
6 5 338 0.0814245 0.473432 0.385203 3.21823 0.0206077 0.0131325
6 6 317 0.0844713 0.448737 0.451677 2.85863 0.0191001 0.0122878
6 7 309 0.0826369 0.50439 0.523593 2.95964 0.0178521 0.0114195
6 8 304 0.0876013 0.472373 0.639202 2.46866 0.016999 0.0110429
6 9 302 0.0814519 0.517757 0.717741 2.97209 0.0161538 0.0102951
6 10 271 0.0756654 0.536714 0.805195 3.41545 0.0139105 0.00870662
6 11 234 0.0718474 0.575917 0.93148 3.64189 0.0112705 0.00697029
6 12 242 0.0621412 0.591001 1.10031 4.92283 0.0108036 0.00648057
6 13 190 0.0707541 0.623788 1.20285 3.43927 0.00805891 0.004967
6 14 185 0.0595257 0.663331 1.3476 4.95636 0.00732316 0.0043567
6 15 129 0.0636903 0.669174 1.51578 3.86807 0.00476117 0.00286998
6 16 127 0.0528372 0.700852 1.64485 5.70465 0.00442814 0.00257928
6 17 76 0.050909 0.712112 1.91616 5.50231 0.00238546 0.00138102
6 18 39 0.0362259 0.710644 2.23715 9.21278 0.00109182 0.000603394
6 19 13 0.723686 0.846398 2.65191 -10.9581 0.000313932 0.000168236
6 20 0 0 0 0 0 0 0
6 21 0 0 0 0 0 0 0
6 22 0 0 0 0 0 0 0
6 23 0 0 0 0 0 0 0
7 0 365 0.0908811 0.505268 0.0371325 2.51314 0.023257 0.0152624
7 1 325 0.0963464 0.515113 0.116112 1.97532 0.0205282 0.0137005
7 2 345 0.0957943 0.565757 0.215306 2.04179 0.0210812 0.0140457
7 3 315 0.0866138 0.530748 0.248444 2.68583 0.0194123 0.012572
7 4 314 0.0910737 0.545699 0.324818 2.29219 0.0189333 0.0124324
7 5 345 0.0875824 0.538966 0.434784 2.64573 0.0202596 0.0131602
7 6 327 0.089052 0.60298 0.477725 2.4329 0.0185129 0.0120805
7 7 307 0.0860539 0.58097 0.57453 2.60062 0.016981 0.0109783
7 8 312 0.0834783 0.609976 0.714258 2.78711 0.0162439 0.010418
7 9 288 0.0829323 0.620061 0.752538 2.73972 0.0147285 0.00943014
7 10 239 0.0713831 0.616563 0.848849 3.74193 0.0117785 0.00727385
7 11 269 0.0776174 0.649538 0.979971 3.09576 0.0124489 0.00783951
7 12 231 0.0671233 0.700321 1.1112 4.12304 0.009995 0.00609037
7 13 177 0.0650803 0.722334 1.21354 4.09372 0.00730611 0.00442337
7 14 169 0.0601139 0.765352 1.37057 4.73703 0.00648569 0.00386564
7 15 148 0.0563491 0.812151 1.4917 5.20549 0.00536354 0.00315902
7 16 94 0.0397718 0.841675 1.75784 8.87745 0.00306514 0.00171305
7 17 56 0.0509478 0.928097 2.01962 5.11969 0.00164119 0.000950255
7 18 31 0.0507675 0.859129 2.10673 4.54916 0.000890974 0.000515583
7 19 0 0 0 0 0 0 0
7 20 0 0 0 0 0 0 0
7 21 0 0 0 0 0 0 0
7 22 0 0 0 0 0 0 0
7 23 0 0 0 0 0 0 0
8 0 371 0.0914421 0.633725 0.0358362 2.43008 0.0223735 0.0147081
8 1 369 0.09044 0.614418 0.0992677 2.50977 0.0223771 0.0146649
8 2 359 0.0955309 0.636039 0.19588 2.07351 0.0213475 0.0142116
8 3 366 0.0838219 0.605689 0.243805 3.05391 0.0218901 0.0140543
8 4 328 0.0894588 0.606017 0.315904 2.44342 0.019343 0.0126381
8 5 325 0.0877238 0.682919 0.442004 2.51598 0.0180083 0.011703
8 6 306 0.0817628 0.662174 0.476118 2.98973 0.0169381 0.0108054
8 7 280 0.0857271 0.67816 0.587737 2.49751 0.0148851 0.00961355
8 8 277 0.0864008 0.68623 0.675318 2.39534 0.0142533 0.00922477
8 9 266 0.0853896 0.712338 0.775584 2.39826 0.0130834 0.00844107
8 10 251 0.0733963 0.74009 0.869767 3.50664 0.0118109 0.00734009
8 11 256 0.073701 0.788867 0.994738 3.42869 0.0113146 0.0070384
8 12 226 0.0649029 0.788447 1.14719 4.37308 0.00941841 0.00569905
8 13 182 0.060895 0.853219 1.24635 4.71092 0.00717655 0.00428797
8 14 149 0.0603544 0.892302 1.36932 4.54253 0.00555458 0.00331319
8 15 123 0.0512441 0.883441 1.54961 6.01628 0.00429633 0.00248993
8 16 64 0.0442839 1.00441 1.83004 6.99622 0.00197495 0.00111964
8 17 39 0.0392387 0.967593 1.89357 8.11826 0.00118548 0.000661427
8 18 20 0.0393189 1.01955 2.06048 7.35671 0.000569832 0.000318013
8 19 0 0 0 0 0 0 0
8 20 0 0 0 0 0 0 0
8 21 0 0 0 0 0 0 0
8 22 0 0 0 0 0 0 0
8 23 0 0 0 0 0 0 0
9 0 353 0.0862116 0.733223 0.030524 2.76678 0.0203278 0.0131485
9 1 364 0.0904307 0.735608 0.105194 2.44074 0.020869 0.0136762
9 2 336 0.079643 0.710028 0.193474 3.32878 0.0193299 0.01225
9 3 359 0.0860055 0.732223 0.268744 2.77941 0.0202196 0.0130702
9 4 315 0.0862844 0.77761 0.382012 2.58199 0.0170054 0.011002
9 5 328 0.0863783 0.777293 0.467992 2.59396 0.0173512 0.011229
9 6 329 0.0795908 0.765772 0.488347 3.2286 0.017396 0.0110226
9 7 313 0.0883698 0.795813 0.584404 2.33784 0.0159092 0.0103596
9 8 294 0.0743959 0.788832 0.682078 3.60021 0.0145348 0.00906122
9 9 287 0.0709003 0.841542 0.794522 3.92999 0.0134028 0.00826444
9 10 264 0.0719583 0.860732 0.911146 3.67118 0.0117604 0.0072758
9 11 229 0.0667531 0.892212 1.01964 4.14478 0.00971351 0.00591195
9 12 194 0.0615273 0.944261 1.19549 4.66785 0.00760415 0.00455254
9 13 174 0.0557995 0.949151 1.24777 5.5284 0.00668376 0.00392977
9 14 141 0.052989 0.938874 1.37483 5.83102 0.00518592 0.00302212
9 15 109 0.0428339 1.06155 1.56933 8.03845 0.00363419 0.00205086
9 16 50 0.0481888 1.03441 1.73826 5.73121 0.00158277 0.000908461
9 17 41 0.0371134 1.34931 2.26063 8.7987 0.00103989 0.000576313
9 18 12 0.0371225 1.29243 2.42946 7.52748 0.000292749 0.000162247
9 19 0 0 0 0 0 0 0
9 20 0 0 0 0 0 0 0
9 21 0 0 0 0 0 0 0
9 22 0 0 0 0 0 0 0
9 23 0 0 0 0 0 0 0
10 0 342 0.0891667 0.863344 0.0523882 2.42149 0.0184763 0.0120609
10 1 348 0.0896635 0.866067 0.108339 2.39438 0.0187272 0.0122435
10 2 345 0.0856115 0.869654 0.203573 2.71855 0.0183792 0.011866
10 3 319 0.0865516 0.857619 0.25874 2.55685 0.0169719 0.0109894
10 4 291 0.0806431 0.865714 0.36125 2.98694 0.0151597 0.00963721
10 5 309 0.0815411 0.901797 0.444298 2.92643 0.0155655 0.00992293
10 6 302 0.0774486 0.865086 0.494228 3.31845 0.0152815 0.00961819
10 7 296 0.0794591 0.885482 0.612165 3.05207 0.0143898 0.00911405
10 8 266 0.0697543 0.927139 0.744049 3.98111 0.0122309 0.00751469
10 9 235 0.0728043 0.970594 0.868098 3.4311 0.0102237 0.00634192
10 10 219 0.0636643 0.955667 0.938598 4.54768 0.00935798 0.00564042
10 11 182 0.057357 1.04568 1.04402 5.32787 0.00728611 0.00430506
10 12 159 0.05783 1.01109 1.1296 5.09072 0.00625351 0.00370047
10 13 138 0.0546093 1.18633 1.44959 5.39312 0.00464221 0.00271917
10 14 95 0.0555632 1.12721 1.54867 4.81787 0.0031404 0.00184504
10 15 74 0.0385671 1.23525 1.73498 9.00485 0.00224649 0.00125075
10 16 37 0.0460034 1.24748 1.8704 5.90735 0.00107407 0.000612232
10 17 15 0.0321374 1.1781 2.10002 10.1635 0.000410934 0.000224189
10 18 0 0 0 0 0 0 0
10 19 0 0 0 0 0 0 0
10 20 0 0 0 0 0 0 0
10 21 0 0 0 0 0 0 0
10 22 0 0 0 0 0 0 0
10 23 0 0 0 0 0 0 0
11 0 316 0.0840843 0.934766 0.00185583 2.74667 0.0164892 0.0105953
11 1 340 0.0850209 0.952854 0.128771 2.72222 0.0175061 0.0112816
11 2 333 0.0825462 0.950537 0.202482 2.9226 0.0170573 0.010908
11 3 314 0.0835658 1.0038 0.302979 2.73086 0.0154794 0.00993044
11 4 339 0.081852 1.00444 0.38585 2.95406 0.0164842 0.0105188
11 5 309 0.0755108 1.02573 0.481985 3.48096 0.0146029 0.00913558
11 6 239 0.0830171 1.0125 0.506229 2.46706 0.0113023 0.00723836
11 7 269 0.0713866 1.01364 0.639146 3.78571 0.0123108 0.0076027
11 8 233 0.0723818 1.02053 0.730202 3.49522 0.0103721 0.00642544
11 9 237 0.071826 1.14591 0.877098 3.48841 0.00964217 0.00596286
11 10 231 0.0630443 1.14231 0.955089 4.62359 0.00919929 0.00553395
11 11 173 0.0583883 1.18812 1.06429 5.04122 0.00656372 0.00389089
11 12 135 0.0561652 1.24769 1.27412 5.11113 0.00471641 0.00277626
11 13 98 0.0459674 1.17329 1.34357 7.07614 0.00342307 0.00195097
11 14 65 0.0521492 1.25432 1.50829 5.10797 0.00210859 0.00122553
11 15 45 0.0432283 1.42542 1.80414 6.87615 0.00128195 0.00072434
11 16 19 0.0389897 1.75159 2.17584 7.25678 0.000457432 0.000255019
11 17 12 0.728828 1.42293 1.92085 -10.9283 0.000330788 0.000178529
11 18 0 0 0 0 0 0 0
11 19 0 0 0 0 0 0 0
11 20 0 0 0 0 0 0 0
11 21 0 0 0 0 0 0 0
11 22 0 0 0 0 0 0 0
11 23 0 0 0 0 0 0 0
12 0 285 0.079867 1.09255 0.0645996 2.96451 0.0137315 0.00870818
12 1 312 0.0781622 1.05514 0.159565 3.24136 0.0152386 0.00961261
12 2 326 0.0754093 1.05171 0.204934 3.57643 0.0158878 0.00993622
12 3 283 0.0781791 1.10169 0.293785 3.10572 0.0133288 0.00840838
12 4 274 0.0719577 1.08929 0.368314 3.75932 0.0128432 0.00794567
12 5 243 0.0706619 1.09829 0.463459 3.77576 0.0111552 0.00687337
12 6 260 0.0664485 1.19707 0.600722 4.32096 0.0111108 0.00675589
12 7 243 0.0726575 1.16393 0.646937 3.4676 0.0104228 0.00646242
12 8 229 0.0651874 1.2046 0.771248 4.32748 0.00937239 0.00567628
12 9 177 0.0637077 1.23891 0.909666 4.23577 0.0068948 0.00415634
12 10 174 0.0575569 1.27268 0.987901 5.18624 0.00655438 0.00387516
12 11 138 0.0493861 1.3018 1.12144 6.58379 0.00495822 0.00285667
12 12 110 0.046557 1.28644 1.28098 7.02103 0.00379089 0.00216465
12 13 86 0.0522999 1.36075 1.42602 5.35201 0.00277927 0.00161611
12 14 72 0.0461859 1.49565 1.62887 6.53789 0.00211905 0.00120858
12 15 27 0.0388628 1.6063 1.74358 7.7973 0.000749545 0.000417704
12 16 21 0.0323124 1.71539 2.31323 10.2516 0.000492038 0.000268585
12 17 0 0 0 0 0 0 0
12 18 0 0 0 0 0 0 0
12 19 0 0 0 0 0 0 0
12 20 0 0 0 0 0 0 0
12 21 0 0 0 0 0 0 0
12 22 0 0 0 0 0 0 0
12 23 0 0 0 0 0 0 0
13 0 292 0.0700523 1.183 0.036462 4.03945 0.0134609 0.00827821
13 1 280 0.0708611 1.18812 0.171006 3.88889 0.0128014 0.00789263
13 2 276 0.0845444 1.2886 0.238209 2.38389 0.0119596 0.0076958
13 3 279 0.0743266 1.25538 0.286646 3.43482 0.0122232 0.00761854
13 4 272 0.0709355 1.21843 0.388467 3.81241 0.0119677 0.00738035
13 5 243 0.06711 1.22236 0.489496 4.17392 0.0104978 0.00639645
13 6 212 0.0607857 1.32799 0.548038 4.91542 0.00865109 0.00516722
13 7 199 0.0616272 1.33895 0.668577 4.68989 0.00789709 0.0047294
13 8 188 0.0606304 1.37407 0.828308 4.74342 0.007103 0.00424048
13 9 157 0.0552427 1.39958 0.931001 5.48116 0.00573353 0.00336514
13 10 131 0.0559377 1.39226 1.00673 5.15172 0.00470697 0.0027687
13 11 111 0.0486146 1.42579 1.15686 6.50059 0.00379223 0.00217956
13 12 77 0.046904 1.43786 1.24001 6.53882 0.00256298 0.0014651
13 13 40 0.0553156 1.58075 1.5766 3.87606 0.00116794 0.000685649
13 14 15 0.0418473 1.45954 1.45967 6.297 0.000467125 0.000262788
13 15 0 0 0 0 0 0 0
13 16 0 0 0 0 0 0 0
13 17 0 0 0 0 0 0 0
13 18 0 0 0 0 0 0 0
13 19 0 0 0 0 0 0 0
13 20 0 0 0 0 0 0 0
13 21 0 0 0 0 0 0 0
13 22 0 0 0 0 0 0 0
13 23 0 0 0 0 0 0 0
14 0 232 0.071595 1.34549 0.0328636 3.54088 0.0098832 0.00610748
14 1 246 0.0682261 1.32219 0.139481 4.03124 0.0105621 0.00645832
14 2 222 0.063482 1.40148 0.228098 4.55026 0.00913053 0.00550017
14 3 233 0.0701327 1.36682 0.310853 3.69817 0.0096656 0.00594565
14 4 216 0.0743232 1.37297 0.438628 3.10604 0.00879489 0.00548164
14 5 195 0.067086 1.41365 0.502932 3.87041 0.00772459 0.00470636
14 6 186 0.0638742 1.47703 0.609547 4.2331 0.00704818 0.00425102
14 7 191 0.0618283 1.44949 0.699317 4.5659 0.00720035 0.00431488
14 8 145 0.0603789 1.42042 0.793633 4.51455 0.00542307 0.003235
14 9 143 0.0592885 1.6283 0.960027 4.569 0.00477648 0.00283949
14 10 82 0.0567321 1.5392 1.12932 4.45507 0.0027178 0.00160267
14 11 84 0.0561601 1.69463 1.29137 4.49684 0.00254929 0.00150059
14 12 58 0.0447948 1.61648 1.37872 6.73732 0.0017643 0.00100183
14 13 32 0.0308703 1.70824 1.41626 11.6853 0.000939115 0.0005103
14 14 20 0.035398 1.75772 1.78533 8.84558 0.000529573 0.000291904
14 15 0 0 0 0 0 0 0
14 16 0 0 0 0 0 0 0
14 17 0 0 0 0 0 0 0
14 18 0 0 0 0 0 0 0
14 19 0 0 0 0 0 0 0
14 20 0 0 0 0 0 0 0
14 21 0 0 0 0 0 0 0
14 22 0 0 0 0 0 0 0
14 23 0 0 0 0 0 0 0
15 0 218 0.073862 1.54871 0.0635453 3.11737 0.00844165 0.00525387
15 1 209 0.0646532 1.49717 0.128288 4.27914 0.00827073 0.00500065
15 2 210 0.0600265 1.52943 0.221691 4.97976 0.00814894 0.00485564
15 3 212 0.0607049 1.49503 0.302241 4.88738 0.00830263 0.00495783
15 4 166 0.0579351 1.6007 0.433211 5.05107 0.00612307 0.00362449
15 5 183 0.0652277 1.62713 0.572888 3.96431 0.00655561 0.00397084
15 6 125 0.0561382 1.58653 0.600403 5.07678 0.00453423 0.00266879
15 7 115 0.0502256 1.59712 0.69531 6.19596 0.00408968 0.00236253
15 8 111 0.0530621 1.67349 0.882589 5.47959 0.00370497 0.00215959
15 9 92 0.0516065 1.80653 1.04503 5.52271 0.00283958 0.00164756
15 10 61 0.0439408 1.81186 1.14137 7.0273 0.0018436 0.00104404
15 11 45 0.0393229 1.61488 1.19537 8.27689 0.00143222 0.000799304
15 12 27 0.0396984 1.91359 1.5449 7.46372 0.000726417 0.000405887
15 13 14 0.0315648 1.85116 1.48216 10.4151 0.000388556 0.000211598
15 14 0 0 0 0 0 0 0
15 15 0 0 0 0 0 0 0
15 16 0 0 0 0 0 0 0
15 17 0 0 0 0 0 0 0
15 18 0 0 0 0 0 0 0
15 19 0 0 0 0 0 0 0
15 20 0 0 0 0 0 0 0
15 21 0 0 0 0 0 0 0
15 22 0 0 0 0 0 0 0
15 23 0 0 0 0 0 0 0
16 0 155 0.0577678 1.63719 -0.0034644 5.02145 0.00577107 0.00341432
16 1 155 0.0527897 1.74484 0.131143 5.93016 0.00549353 0.00319936
16 2 142 0.0588696 1.69812 0.249875 4.707 0.00510597 0.00303136
16 3 128 0.0589045 1.70418 0.35502 4.58666 0.00455424 0.0027041
16 4 129 0.0529184 1.77044 0.510864 5.68023 0.00439502 0.00256065
16 5 122 0.0529863 1.75071 0.562654 5.6119 0.0041631 0.00242605
16 6 83 0.0417597 1.75132 0.704934 8.10703 0.00277508 0.00156073
16 7 88 0.0502819 1.87642 0.82939 5.7877 0.00275413 0.00159129
16 8 56 0.0498421 2.00863 0.917876 5.37668 0.00164998 0.000952009
16 9 46 0.043946 1.91706 1.07282 6.72248 0.00136126 0.000770902
16 10 41 0.0414378 2.15049 1.39732 7.25287 0.00106391 0.000597741
16 11 20 0.0433944 1.93864 1.36755 5.98871 0.000554873 0.000313684
16 12 0 0 0 0 0 0 0
16 13 0 0 0 0 0 0 0
16 14 0 0 0 0 0 0 0
16 15 0 0 0 0 0 0 0
16 16 0 0 0 0 0 0 0
16 17 0 0 0 0 0 0 0
16 18 0 0 0 0 0 0 0
16 19 0 0 0 0 0 0 0
16 20 0 0 0 0 0 0 0
16 21 0 0 0 0 0 0 0
16 22 0 0 0 0 0 0 0
16 23 0 0 0 0 0 0 0
17 0 106 0.0557068 1.83009 0.0400645 4.93546 0.00362987 0.00213358
17 1 114 0.0516321 1.84579 0.127637 5.82718 0.00387175 0.00224662
17 2 81 0.054066 1.81367 0.255175 4.98542 0.0027726 0.00162126
17 3 94 0.0566056 1.84707 0.3255 4.62873 0.00315896 0.00186207
17 4 87 0.0504814 1.91394 0.479464 5.76211 0.00280932 0.00162421
17 5 79 0.0442571 2.04974 0.569095 7.19916 0.0024006 0.00136083
17 6 52 0.0441103 2.05922 0.717763 6.80314 0.00154821 0.00087723
17 7 47 0.0424229 1.98211 0.736793 7.23692 0.0014352 0.000808864
17 8 38 0.0491432 2.24726 0.97485 5.06591 0.00102586 0.000590597
17 9 20 0.0383612 2.20942 1.13421 7.64479 0.000533585 0.000296883
17 10 18 0.0346383 1.95711 1.31859 9.13249 0.000501644 0.000275847
17 11 0 0 0 0 0 0 0
17 12 0 0 0 0 0 0 0
17 13 0 0 0 0 0 0 0
17 14 0 0 0 0 0 0 0
17 15 0 0 0 0 0 0 0
17 16 0 0 0 0 0 0 0
17 17 0 0 0 0 0 0 0
17 18 0 0 0 0 0 0 0
17 19 0 0 0 0 0 0 0
17 20 0 0 0 0 0 0 0
17 21 0 0 0 0 0 0 0
17 22 0 0 0 0 0 0 0
17 23 0 0 0 0 0 0 0
18 0 63 0.0486236 2.08119 0.0612103 5.8324 0.00194823 0.00111977
18 1 54 0.0434891 2.0163 0.128367 7.08643 0.001711 0.000967564
18 2 43 0.0449316 1.8956 0.226926 6.48523 0.00142514 0.000809598
18 3 51 0.0386212 1.97944 0.439945 8.65225 0.00161123 0.000897216
18 4 39 0.0474077 2.02803 0.482416 5.65441 0.00120486 0.000689846
18 5 28 0.0434768 2.38027 0.648395 6.2671 0.000751322 0.000424852
18 6 33 0.039412 2.17709 0.754653 7.82203 0.000938421 0.00052387
18 7 17 0.036998 2.42359 1.00638 7.96776 0.00043239 0.000239545
18 8 11 0.0402316 2.48485 0.927636 6.31358 0.000277186 0.00015514
18 9 0 0 0 0 0 0 0
18 10 0 0 0 0 0 0 0
18 11 0 0 0 0 0 0 0
18 12 0 0 0 0 0 0 0
18 13 0 0 0 0 0 0 0
18 14 0 0 0 0 0 0 0
18 15 0 0 0 0 0 0 0
18 16 0 0 0 0 0 0 0
18 17 0 0 0 0 0 0 0
18 18 0 0 0 0 0 0 0
18 19 0 0 0 0 0 0 0
18 20 0 0 0 0 0 0 0
18 21 0 0 0 0 0 0 0
18 22 0 0 0 0 0 0 0
18 23 0 0 0 0 0 0 0
19 0 44 0.0452824 2.33755 0.105679 6.24409 0.00123508 0.000702405
19 1 31 0.0359502 2.1123 0.24464 9.18247 0.000942321 0.00052032
19 2 27 0.726612 2.14351 0.217649 -10.0207 0.00081193 0.000436873
19 3 18 0.0344073 2.42452 0.392899 9.20496 0.000484825 0.000266403
19 4 20 0.0357069 2.46017 0.527142 8.70716 0.000527644 0.000291125
19 5 15 0.0411917 2.31683 0.607643 6.38709 0.000412793 0.000231741
19 6 0 0 0 0 0 0 0
19 7 0 0 0 0 0 0 0
19 8 0 0 0 0 0 0 0
19 9 0 0 0 0 0 0 0
19 10 0 0 0 0 0 0 0
19 11 0 0 0 0 0 0 0
19 12 0 0 0 0 0 0 0
19 13 0 0 0 0 0 0 0
19 14 0 0 0 0 0 0 0
19 15 0 0 0 0 0 0 0
19 16 0 0 0 0 0 0 0
19 17 0 0 0 0 0 0 0
19 18 0 0 0 0 0 0 0
19 19 0 0 0 0 0 0 0
19 20 0 0 0 0 0 0 0
19 21 0 0 0 0 0 0 0
19 22 0 0 0 0 0 0 0
19 23 0 0 0 0 0 0 0
20 0 0 0 0 0 0 0 0
20 1 0 0 0 0 0 0 0
20 2 0 0 0 0 0 0 0
20 3 0 0 0 0 0 0 0
20 4 0 0 0 0 0 0 0
20 5 0 0 0 0 0 0 0
20 6 0 0 0 0 0 0 0
20 7 0 0 0 0 0 0 0
20 8 0 0 0 0 0 0 0
20 9 0 0 0 0 0 0 0
20 10 0 0 0 0 0 0 0
20 11 0 0 0 0 0 0 0
20 12 0 0 0 0 0 0 0
20 13 0 0 0 0 0 0 0
20 14 0 0 0 0 0 0 0
20 15 0 0 0 0 0 0 0
20 16 0 0 0 0 0 0 0
20 17 0 0 0 0 0 0 0
20 18 0 0 0 0 0 0 0
20 19 0 0 0 0 0 0 0
20 20 0 0 0 0 0 0 0
20 21 0 0 0 0 0 0 0
20 22 0 0 0 0 0 0 0
20 23 0 0 0 0 0 0 0
21 0 0 0 0 0 0 0 0
21 1 0 0 0 0 0 0 0
21 2 0 0 0 0 0 0 0
21 3 0 0 0 0 0 0 0
21 4 0 0 0 0 0 0 0
21 5 0 0 0 0 0 0 0
21 6 0 0 0 0 0 0 0
21 7 0 0 0 0 0 0 0
21 8 0 0 0 0 0 0 0
21 9 0 0 0 0 0 0 0
21 10 0 0 0 0 0 0 0
21 11 0 0 0 0 0 0 0
21 12 0 0 0 0 0 0 0
21 13 0 0 0 0 0 0 0
21 14 0 0 0 0 0 0 0
21 15 0 0 0 0 0 0 0
21 16 0 0 0 0 0 0 0
21 17 0 0 0 0 0 0 0
21 18 0 0 0 0 0 0 0
21 19 0 0 0 0 0 0 0
21 20 0 0 0 0 0 0 0
21 21 0 0 0 0 0 0 0
21 22 0 0 0 0 0 0 0
21 23 0 0 0 0 0 0 0
22 0 0 0 0 0 0 0 0
22 1 0 0 0 0 0 0 0
22 2 0 0 0 0 0 0 0
22 3 0 0 0 0 0 0 0
22 4 0 0 0 0 0 0 0
22 5 0 0 0 0 0 0 0
22 6 0 0 0 0 0 0 0
22 7 0 0 0 0 0 0 0
22 8 0 0 0 0 0 0 0
22 9 0 0 0 0 0 0 0
22 10 0 0 0 0 0 0 0
22 11 0 0 0 0 0 0 0
22 12 0 0 0 0 0 0 0
22 13 0 0 0 0 0 0 0
22 14 0 0 0 0 0 0 0
22 15 0 0 0 0 0 0 0
22 16 0 0 0 0 0 0 0
22 17 0 0 0 0 0 0 0
22 18 0 0 0 0 0 0 0
22 19 0 0 0 0 0 0 0
22 20 0 0 0 0 0 0 0
22 21 0 0 0 0 0 0 0
22 22 0 0 0 0 0 0 0
22 23 0 0 0 0 0 0 0
23 0 0 0 0 0 0 0 0
23 1 0 0 0 0 0 0 0
23 2 0 0 0 0 0 0 0
23 3 0 0 0 0 0 0 0
23 4 0 0 0 0 0 0 0
23 5 0 0 0 0 0 0 0
23 6 0 0 0 0 0 0 0
23 7 0 0 0 0 0 0 0
23 8 0 0 0 0 0 0 0
23 9 0 0 0 0 0 0 0
23 10 0 0 0 0 0 0 0
23 11 0 0 0 0 0 0 0
23 12 0 0 0 0 0 0 0
23 13 0 0 0 0 0 0 0
23 14 0 0 0 0 0 0 0
23 15 0 0 0 0 0 0 0
23 16 0 0 0 0 0 0 0
23 17 0 0 0 0 0 0 0
23 18 0 0 0 0 0 0 0
23 19 0 0 0 0 0 0 0
23 20 0 0 0 0 0 0 0
23 21 0 0 0 0 0 0 0
23 22 0 0 0 0 0 0 0
23 23 0 0 0 0 0 0 0
