#  ix    iy     NK     E/N         TK    Uxpi    UyK      muK      rho      epsilon
0 0 69 0.0317549 -0.0533169 0.0230645 12.2314 0.00264938 0.00144365
0 1 99 0.0313753 0.00846845 0.0378844 12.8009 0.00380483 0.00207078
0 2 78 0.0350786 0.0219141 0.122346 10.7139 0.00297709 0.00163934
0 3 85 0.725184 0.0242214 0.1326 -8.63052 0.00323993 0.00173987
0 4 99 0.729616 0.00136788 0.1525 -8.49998 0.00376417 0.00203375
0 5 87 0.0343482 0.0518947 0.228234 11.1375 0.0032581 0.00178994
0 6 87 0.0311468 0.0355776 0.285869 12.7598 0.0032154 0.00174872
0 7 90 0.0324811 -0.0104408 0.322523 12.0652 0.00329427 0.00179917
0 8 85 0.0335641 0.00968945 0.363821 11.4519 0.00307209 0.00168358
0 9 102 0.0354145 0.0401731 0.445683 10.7496 0.00358089 0.00197392
0 10 88 0.0395341 0.0484085 0.489097 8.95287 0.00303757 0.00169636
0 11 76 0.731066 -0.0122831 0.460674 -8.85549 0.00265474 0.00143719
0 12 94 0.035056 0.0531964 0.489196 10.8099 0.00324391 0.00178613
0 13 104 0.731223 -0.0204446 0.600668 -8.60042 0.00342843 0.00185644
0 14 102 0.729371 0.0109702 0.617077 -8.61893 0.00333845 0.00180313
0 15 110 0.0352054 0.0414458 0.765355 10.7777 0.00335787 0.00184976
0 16 83 0.0369492 0.0581185 0.844376 9.71658 0.0024367 0.00134973
0 17 77 0.0314268 0.039563 0.838992 12.2549 0.00226775 0.00123442
0 18 109 0.0350283 0.0115699 0.896829 10.7836 0.00312092 0.00171826
0 19 100 0.733125 0.0441872 0.994743 -8.83817 0.00272546 0.00147963
0 20 104 0.0326236 0.000788441 1.03424 11.8222 0.00278043 0.00151922
0 21 123 0.0321451 0.0328931 1.10597 12.2031 0.00317204 0.00173058
0 22 127 0.0311416 0.0225408 1.23287 12.7186 0.00307672 0.00167327
0 23 119 0.0327374 0.0232637 1.20129 11.8156 0.00292789 0.00160037
1 0 97 0.730847 0.095329 0.0295777 -8.51923 0.00371232 0.00200912
1 1 96 0.0316271 0.0949725 0.0563895 12.6267 0.00366999 0.00199898
1 2 84 0.0338517 0.042114 0.137404 11.3533 0.00319791 0.00175412
1 3 86 0.0351322 0.0830126 0.136185 10.7827 0.00326641 0.00179895
1 4 89 0.0328853 0.0692542 0.194125 11.876 0.00335261 0.00183337
1 5 97 0.033168 0.070696 0.225401 11.8139 0.00363084 0.00198729
1 6 79 0.0341216 0.0489861 0.276798 11.1359 0.00292509 0.00160584
1 7 86 0.0354597 0.0595465 0.342888 10.5932 0.00312392 0.00172226
1 8 103 0.0342151 0.0397534 0.392494 11.3229 0.00368514 0.0020237
1 9 107 0.0329898 0.0865788 0.414704 11.9457 0.00378936 0.00207289
1 10 94 0.725508 0.0577636 0.460494 -8.61983 0.00327942 0.00176187
1 11 79 0.730452 0.049647 0.540548 -8.84693 0.0026704 0.00144445
1 12 84 0.0323841 0.0371829 0.507114 11.9811 0.00287986 0.00157236
1 13 103 0.0319176 0.0666324 0.586257 12.3969 0.0034119 0.00186011
1 14 117 0.0316119 0.073881 0.6087 12.6792 0.00383625 0.00208944
1 15 105 0.0367764 0.0805481 0.737156 10.0732 0.00324389 0.00179586
1 16 105 0.0328507 0.0435998 0.703464 11.8779 0.00330095 0.00180493
1 17 100 0.0360149 0.0659808 0.825306 10.3003 0.00296254 0.00163616
1 18 121 0.0321155 0.0614452 0.905491 12.3016 0.00344617 0.00187996
1 19 117 0.0347576 0.0810128 0.930859 10.9582 0.00328803 0.00180872
1 20 98 0.037297 0.0826129 1.02167 9.65386 0.00263214 0.00145959
1 21 108 0.0390668 0.0971094 1.09301 9.03953 0.00279791 0.00156022
1 22 105 0.031223 0.0704992 1.22478 12.4859 0.00255157 0.00138802
1 23 105 0.729148 0.0195941 1.23748 -8.89205 0.00253808 0.00137042
2 0 95 0.0406363 0.0871479 0.00837558 8.74998 0.00363992 0.00203986
2 1 92 0.0319846 0.0933917 0.0726923 12.3906 0.00351394 0.00191614
2 2 103 0.730231 0.0748628 0.118178 -8.46125 0.00392333 0.00212153
2 3 89 0.0322037 0.0666037 0.158786 12.2338 0.00337343 0.0018408
2 4 106 0.0331877 0.115326 0.20219 11.8936 0.00397077 0.00217349
2 5 94 0.0357707 0.0835512 0.240233 10.5728 0.00350382 0.00193361
2 6 83 0.0308888 0.0789109 0.29706 12.8532 0.00305142 0.00165819
2 7 100 0.731208 0.119577 0.374898 -8.55737 0.00357902 0.00193794
2 8 100 0.0326353 0.11862 0.36691 12.0714 0.0035886 0.00196087
2 9 88 0.0334069 0.0898592 0.407367 11.5454 0.00312371 0.00171102
2 10 99 0.0320314 0.124956 0.440336 12.3508 0.00346224 0.00188823
2 11 93 0.0341256 0.140814 0.484366 11.2218 0.00319363 0.00175329
2 12 89 0.730323 0.0914831 0.52918 -8.72476 0.00301572 0.00163095
2 13 79 0.03111 0.104762 0.606569 12.5632 0.00258754 0.00140709
2 14 121 0.0348372 0.121432 0.707483 11.0616 0.00378064 0.00208023
2 15 94 0.729871 0.100326 0.739246 -8.76266 0.00289783 0.00156622
2 16 92 0.0310826 0.132657 0.798686 12.6395 0.00275011 0.00149537
2 17 91 0.0340513 0.100303 0.874824 11.0615 0.00262677 0.00144175
2 18 96 0.728472 0.0903379 0.898131 -8.81224 0.00274084 0.00147853
2 19 97 0.0366678 0.099343 0.984141 9.9164 0.00265241 0.00146791
2 20 110 0.0312753 0.078356 1.01494 12.6069 0.00296486 0.00161312
2 21 107 0.0335097 0.134907 1.11697 11.3618 0.00273399 0.00149803
2 22 137 0.0352359 0.143005 1.20614 10.7616 0.00334919 0.00184515
2 23 97 0.0329709 0.134211 1.23296 11.474 0.00234172 0.00128092
3 0 76 0.0346514 0.0924302 0.0287881 10.8844 0.00290947 0.00159994
3 1 98 0.0310545 0.115014 0.0636287 12.962 0.00373709 0.00203185
3 2 107 0.724363 0.194665 0.0861306 -8.40988 0.0040252 0.00215913
3 3 88 0.0350528 0.130459 0.139167 10.8359 0.00332467 0.00183058
3 4 83 0.0313381 0.10697 0.172414 12.6257 0.00312856 0.00170252
3 5 82 0.0323248 0.137507 0.248758 12.0641 0.00303368 0.00165604
3 6 98 0.0343571 0.105115 0.289587 11.2338 0.00360216 0.00197902
3 7 94 0.0357172 0.1714 0.34427 10.5583 0.00337445 0.00186189
3 8 106 0.732621 0.177803 0.386075 -8.51631 0.00375205 0.00203555
3 9 108 0.0329218 0.139529 0.385153 11.9943 0.00384383 0.00210224
3 10 79 0.0330012 0.128878 0.465229 11.6144 0.0027363 0.00149689
3 11 113 0.0372587 0.165689 0.486351 10.0535 0.00386575 0.00214339
3 12 100 0.729924 0.181271 0.574569 -8.63462 0.00329443 0.00178071
3 13 105 0.0319403 0.138028 0.598277 12.3934 0.00344153 0.00187639
3 14 95 0.0313547 0.14096 0.659619 12.5843 0.00302917 0.00164852
3 15 114 0.0348447 0.178395 0.691469 11.0004 0.0035682 0.00196338
3 16 101 0.0321643 0.154972 0.766936 12.1568 0.00305941 0.00166923
3 17 112 0.0320752 0.180225 0.787573 12.2948 0.00335074 0.00182767
3 18 99 0.0375726 0.155523 0.94215 9.58997 0.00275383 0.0015284
3 19 83 0.0346191 0.116102 0.948366 10.6676 0.00230813 0.00126913
3 20 103 0.0401314 0.174861 1.00459 8.65159 0.00277378 0.00155198
3 21 101 0.0374706 0.194871 1.14365 9.54785 0.00253625 0.00140719
3 22 119 0.0353179 0.179106 1.16601 10.6016 0.00295954 0.0016309
3 23 118 0.0350643 0.211349 1.29655 10.6406 0.00274897 0.00151365
4 0 90 0.72877 0.170209 0.0792043 -8.59741 0.00340211 0.001836
4 1 87 0.0338437 0.122774 0.0715476 11.3924 0.00331287 0.00181713
4 2 76 0.0390462 0.167549 0.0517738 9.07571 0.00287914 0.00160541
4 3 84 0.730375 0.204831 0.156188 -8.68822 0.00312864 0.00169214
4 4 103 0.0315314 0.196192 0.185233 12.7202 0.00382476 0.00208265
4 5 91 0.733132 0.237122 0.231916 -8.64026 0.00332204 0.00180352
4 6 110 0.0345795 0.21105 0.250753 11.2407 0.00402034 0.00221032
4 7 91 0.727372 0.165266 0.337589 -8.629 0.00327621 0.00176467
4 8 80 0.0380768 0.178474 0.354401 9.43204 0.00285999 0.00158985
4 9 107 0.732393 0.176105 0.383974 -8.50499 0.00379101 0.00205605
4 10 100 0.732759 0.165916 0.484908 -8.60875 0.00342281 0.00185728
4 11 86 0.0311914 0.164833 0.48672 12.6459 0.00294198 0.00160025
4 12 92 0.0320161 0.170197 0.558686 12.234 0.00305551 0.00166633
4 13 74 0.0364217 0.193409 0.577937 9.93092 0.00243038 0.00134398
4 14 105 0.0333214 0.218506 0.658613 11.6478 0.0033179 0.00181689
4 15 90 0.0311099 0.197406 0.690234 12.6464 0.00281194 0.00152912
4 16 111 0.0344786 0.138084 0.759776 11.1134 0.003379 0.00185713
4 17 112 0.0355409 0.204921 0.846388 10.5968 0.00324855 0.00179143
4 18 104 0.0316799 0.205751 0.882061 12.3845 0.0029647 0.00161509
4 19 85 0.0363917 0.279983 1.04138 9.85422 0.00222296 0.00122916
4 20 124 0.0345385 0.250131 1.02051 11.0585 0.00328794 0.00180742
4 21 112 0.721804 0.223622 1.12071 -8.74851 0.0028367 0.00151624
4 22 110 0.728762 0.225357 1.1666 -8.81956 0.00272429 0.00147019
4 23 106 0.0353802 0.246341 1.29779 10.3895 0.00246074 0.0013563
5 0 75 0.0326814 0.170765 0.0018969 11.815 0.00284345 0.00155394
5 1 85 0.0356977 0.217238 0.105274 10.5067 0.00317794 0.00175336
5 2 117 0.0330871 0.23226 0.096911 12.0382 0.00436392 0.00238793
5 3 104 0.73194 0.207173 0.116433 -8.47682 0.00389162 0.00210931
5 4 89 0.0340237 0.235893 0.172745 11.2984 0.00328552 0.00180316
5 5 97 0.730356 0.224723 0.245083 -8.56456 0.00354019 0.00191467
5 6 81 0.0306925 0.225324 0.239774 12.935 0.00295931 0.00160714
5 7 96 0.0307951 0.166207 0.341855 13.0299 0.00345137 0.00187498
5 8 100 0.0331308 0.209878 0.386637 11.8016 0.00352054 0.0019267
5 9 71 0.0383823 0.284587 0.478022 9.13471 0.00238634 0.00132784
5 10 92 0.0332777 0.228149 0.46929 11.6133 0.00313706 0.00171762
5 11 88 0.0389195 0.266114 0.461656 9.15895 0.00298701 0.00166489
5 12 98 0.0331754 0.227368 0.530146 11.704 0.00326496 0.00178708
5 13 96 0.0370479 0.262513 0.6107 9.90928 0.00307493 0.00170378
5 14 107 0.0336709 0.158488 0.672409 11.4974 0.00338597 0.00185621
5 15 125 0.0411515 0.245792 0.736393 8.61961 0.00379763 0.00213171
5 16 102 0.726907 0.249251 0.774042 -8.70056 0.00304374 0.0016384
5 17 98 0.0318693 0.250944 0.891804 12.2125 0.00276501 0.0015072
5 18 103 0.0334593 0.266723 0.898325 11.4422 0.00289069 0.00158364
5 19 115 0.037206 0.270305 0.980182 9.85431 0.00310147 0.00171935
5 20 98 0.0327367 0.24627 1.03597 11.6896 0.00258028 0.00141036
5 21 114 0.0314566 0.296027 1.12856 12.4682 0.00285337 0.00155334
5 22 104 0.0353029 0.289123 1.23783 10.4287 0.00247318 0.00136282
5 23 104 0.0371231 0.311917 1.29343 9.63251 0.00240325 0.00133193
6 0 94 0.0312883 0.269675 0.111923 12.7571 0.00347048 0.00188829
6 1 77 0.0321493 0.321171 0.055671 12.0817 0.00281573 0.00153621
6 2 93 0.0359188 0.303848 0.0914726 10.4818 0.00340939 0.00188237
6 3 86 0.0329602 0.277145 0.138349 11.7789 0.00315958 0.00172823
6 4 94 0.0324204 0.239846 0.200475 12.1431 0.00345072 0.00188426
6 5 108 0.0338144 0.248207 0.231477 11.5782 0.00393347 0.00215734
6 6 100 0.0312308 0.259638 0.299994 12.8188 0.00357506 0.00194484
6 7 99 0.0332175 0.272145 0.285631 11.7645 0.003542 0.00193898
6 8 93 0.729284 0.236965 0.358739 -8.63436 0.00328608 0.00177464
6 9 102 0.0379722 0.275907 0.451666 9.66481 0.00346737 0.00192685
6 10 73 0.0403128 0.329071 0.469269 8.45898 0.00243595 0.00136374
6 11 133 0.0336161 0.265205 0.53183 11.7853 0.00439745 0.0024103
6 12 94 0.0342327 0.312109 0.605855 11.1048 0.00298754 0.0016407
6 13 105 0.0317471 0.321151 0.61954 12.4588 0.00331181 0.00180457
6 14 106 0.0372626 0.300088 0.669265 9.88992 0.00328745 0.00182277
6 15 103 0.0336007 0.290302 0.686331 11.4676 0.00317653 0.00174101
6 16 92 0.0322965 0.266038 0.772966 11.9769 0.00273958 0.00149536
6 17 120 0.0336683 0.303068 0.846598 11.5122 0.00343194 0.0018814
6 18 104 0.727198 0.295743 0.935048 -8.76555 0.00285585 0.00153788
6 19 109 0.0361689 0.302756 0.965013 10.2299 0.00294757 0.00162869
6 20 107 0.0331579 0.356557 1.02985 11.5528 0.00278236 0.00152284
6 21 99 0.0378861 0.345102 1.16607 9.33783 0.00241847 0.0013436
6 22 106 0.0336733 0.33543 1.22048 11.2038 0.00252738 0.00138554
6 23 110 0.732268 0.332573 1.22606 -8.8751 0.00261686 0.00141901
7 0 102 0.0346558 0.329179 0.0134517 11.1297 0.00372607 0.00204902
7 1 92 0.0317745 0.319869 0.0485099 12.4605 0.00336665 0.00183461
7 2 89 0.0354333 0.289485 0.106514 10.6508 0.003271 0.0018032
7 3 95 0.727165 0.29725 0.1649 -8.57367 0.00345944 0.00186283
7 4 95 0.0320579 0.309694 0.204652 12.3261 0.00342546 0.00186833
7 5 98 0.0350863 0.325411 0.245178 10.8696 0.00349062 0.00192216
7 6 78 0.0316926 0.288868 0.275346 12.3156 0.00278632 0.00151797
7 7 98 0.0336659 0.317763 0.290886 11.522 0.00346167 0.00189768
7 8 105 0.034589 0.337635 0.35306 11.1338 0.00362862 0.00199501
7 9 93 0.0382901 0.32246 0.438193 9.44472 0.00314202 0.00174781
7 10 101 0.03359 0.322533 0.409108 11.554 0.00344514 0.00188817
7 11 107 0.0324547 0.349102 0.514064 12.1382 0.00349549 0.00190891
7 12 101 0.0321314 0.314777 0.565715 12.2379 0.00326091 0.00177899
7 13 95 0.0351734 0.357445 0.615031 10.6717 0.00297737 0.00163998
7 14 105 0.0369793 0.358446 0.718267 9.96091 0.0031493 0.00174461
7 15 102 0.0362985 0.319882 0.736779 10.2124 0.00305859 0.00169072
7 16 106 0.0377427 0.359319 0.863694 9.60139 0.0029773 0.00165332
7 17 112 0.038251 0.373595 0.820748 9.47757 0.00319905 0.00177931
7 18 114 0.037955 0.366192 0.958604 9.54649 0.0030601 0.00170043
7 19 111 0.0374342 0.389068 1.0543 9.67469 0.00283802 0.00157444
7 20 103 0.0331771 0.38606 0.994224 11.5167 0.00270962 0.00148312
7 21 118 0.0339524 0.420889 1.11774 11.2121 0.00291353 0.00159864
7 22 102 0.0350547 0.440057 1.19729 10.5176 0.00242038 0.00133268
7 23 106 0.0333456 0.424194 1.28023 11.3237 0.00242823 0.00132981
8 0 75 0.730777 0.381596 0.0144087 -8.83925 0.00269482 0.0014583
8 1 80 0.0333581 0.336212 0.0588409 11.4992 0.00291197 0.00159479
8 2 85 0.0310522 0.343796 0.0437468 12.7728 0.00308898 0.00167947
8 3 89 0.0338317 0.350772 0.140439 11.3642 0.00320213 0.00175632
8 4 80 0.033878 0.341505 0.196647 11.23 0.00286266 0.00157036
8 5 89 0.0379394 0.355116 0.218355 9.5845 0.00315953 0.0017556
8 6 92 0.0315697 0.315779 0.283535 12.5386 0.00325727 0.00177386
8 7 98 0.0358223 0.356165 0.352339 10.5116 0.00336996 0.00186004
8 8 101 0.0320328 0.368088 0.3497 12.3505 0.00346374 0.00188906
8 9 103 0.0363192 0.389867 0.423957 10.3191 0.00343285 0.00189773
8 10 92 0.0333043 0.373504 0.465881 11.5681 0.00303806 0.00166356
8 11 74 0.033283 0.368743 0.481839 11.3566 0.00243329 0.00133231
8 12 100 0.0395877 0.362046 0.587088 8.97519 0.00316607 0.00176843
8 13 99 0.0361941 0.34924 0.651049 10.2576 0.00306253 0.00169234
8 14 101 0.0327238 0.435422 0.696354 11.8475 0.00300196 0.00164079
8 15 122 0.0390604 0.420033 0.729636 9.29103 0.00358956 0.00200163
8 16 109 0.0378969 0.38704 0.803272 9.59124 0.00312907 0.00173844
8 17 110 0.0352458 0.407021 0.870293 10.6639 0.00305085 0.00168084
8 18 116 0.0323792 0.406863 0.864032 12.0973 0.00322649 0.00176159
8 19 121 0.0349388 0.434886 0.996098 10.8335 0.00315102 0.00173434
8 20 111 0.0354976 0.446728 1.06007 10.4675 0.00280089 0.00154436
8 21 109 0.0328539 0.447478 1.14552 11.6547 0.00264487 0.0014462
8 22 105 0.033002 0.435688 1.25245 11.4959 0.00243155 0.00133018
8 23 95 0.0353923 0.477215 1.28664 10.2501 0.00215187 0.0011861
9 0 93 0.0394439 0.439541 0.0229628 9.06009 0.00327384 0.00182779
9 1 109 0.0336035 0.399257 0.0590474 11.6682 0.00388762 0.00213077
9 2 91 0.0327557 0.409367 0.11261 11.9019 0.00322165 0.00176104
9 3 105 0.0335965 0.4046 0.146088 11.6248 0.00370979 0.00203326
9 4 101 0.0320021 0.38822 0.173234 12.3985 0.00357498 0.00194954
9 5 86 0.0360855 0.413259 0.251036 10.2755 0.00297785 0.00164498
9 6 108 0.0312236 0.408478 0.288987 12.8612 0.00371477 0.0020208
9 7 97 0.731026 0.424257 0.293836 -8.63311 0.00331531 0.0017947
9 8 112 0.0354611 0.420359 0.372222 10.7769 0.00375613 0.00207081
9 9 98 0.035667 0.441863 0.412328 10.535 0.00322586 0.00177963
9 10 97 0.0336051 0.412979 0.438644 11.4714 0.00319563 0.00175151
9 11 98 0.728123 0.450378 0.557621 -8.69941 0.00306352 0.00165181
9 12 111 0.732275 0.461071 0.587107 -8.60714 0.0034211 0.00185513
9 13 118 0.0354093 0.462839 0.639178 10.7468 0.00356271 0.00196386
9 14 110 0.0309207 0.450037 0.677176 12.9081 0.00328263 0.00178401
9 15 92 0.0322487 0.451102 0.753549 11.972 0.00265867 0.00145098
9 16 94 0.0380532 0.452423 0.86604 9.34035 0.00258591 0.00143738
9 17 116 0.0327733 0.486137 0.909309 11.8564 0.00310611 0.00169798
9 18 100 0.0312626 0.480616 0.922132 12.5077 0.00266598 0.00145045
9 19 102 0.0372183 0.514349 1.04663 9.65503 0.00255371 0.00141574
9 20 129 0.0356909 0.4921 1.04936 10.5293 0.00324117 0.00178821
9 21 119 0.0376768 0.500729 1.1839 9.5694 0.00281034 0.00156027
9 22 119 0.0311071 0.5066 1.223 12.6289 0.0027588 0.00150021
9 23 110 0.0323924 0.52872 1.34846 11.7961 0.00240373 0.00131244
10 0 84 0.0323334 0.459198 0.0190045 12.0267 0.00293558 0.00160253
10 1 89 0.0357758 0.522329 0.0781639 10.4242 0.00302686 0.00167042
10 2 94 0.731515 0.424407 0.129275 -8.63844 0.00330474 0.00179017
10 3 79 0.0342546 0.461638 0.124591 11.0085 0.00274121 0.00150553
10 4 92 0.730852 0.439388 0.210095 -8.67364 0.00318122 0.0017217
10 5 74 0.0354959 0.395505 0.195681 10.3953 0.00260391 0.00143574
10 6 92 0.0350233 0.451479 0.3056 10.7813 0.00310675 0.00171044
10 7 109 0.0364732 0.458172 0.357706 10.3091 0.00362448 0.00200464
10 8 96 0.0307205 0.469154 0.409182 12.9765 0.00313455 0.00170246
10 9 104 0.0338027 0.465137 0.429368 11.4321 0.00337976 0.00185358
10 10 97 0.0336419 0.427212 0.487939 11.4329 0.00313014 0.00171581
10 11 113 0.0370679 0.468855 0.562925 10.0324 0.00350598 0.00194274
10 12 117 0.0327506 0.459157 0.608815 12.0095 0.00357833 0.00195598
10 13 124 0.0355115 0.47814 0.682275 10.7301 0.00366418 0.00202044
10 14 121 0.033664 0.496229 0.693269 11.5457 0.00354146 0.00194141
10 15 101 0.0329695 0.486189 0.780626 11.6743 0.00285931 0.00156403
10 16 117 0.0338985 0.513408 0.820798 11.3418 0.00323307 0.00177367
10 17 119 0.0330145 0.512575 0.876785 11.7678 0.0032112 0.00175676
10 18 132 0.0342284 0.532445 0.93286 11.2534 0.00345944 0.00189983
10 19 108 0.732321 0.511828 0.965648 -8.80624 0.00280407 0.00152063
10 20 100 0.0341318 0.585036 1.07094 10.9489 0.00243781 0.00133837
10 21 113 0.0393141 0.60236 1.16686 8.88902 0.00263311 0.00146947
10 22 111 0.0374068 0.572238 1.30675 9.53875 0.00245056 0.00135937
10 23 97 0.0334593 0.620576 1.37962 11.1021 0.00205732 0.00112709
11 0 91 0.0329572 0.50387 0.0313751 11.7692 0.00312442 0.00170897
11 1 88 0.0326984 0.468517 0.0492562 11.8803 0.00306186 0.00167339
11 2 97 0.0315812 0.465533 0.126011 12.5635 0.00336037 0.00183007
11 3 94 0.73203 0.450162 0.162669 -8.65398 0.00326107 0.00176776
11 4 81 0.0345763 0.448804 0.240675 10.8719 0.00277612 0.00152625
11 5 116 0.0372233 0.512732 0.250181 10.0701 0.00387523 0.00214841
11 6 104 0.0331685 0.508711 0.341286 11.7511 0.00341089 0.00186691
11 7 100 0.731899 0.501324 0.407038 -8.66267 0.00323103 0.00175116
11 8 99 0.0335653 0.547438 0.417349 11.472 0.00313641 0.00171883
11 9 96 0.0324491 0.483746 0.444924 12.0163 0.00308554 0.00168501
11 10 119 0.0310464 0.51671 0.492985 12.9633 0.00372462 0.00202502
11 11 108 0.0404742 0.514339 0.552136 8.71193 0.00331577 0.00185724
11 12 100 0.0323766 0.530665 0.61084 12.0226 0.00298994 0.00163243
11 13 116 0.0338132 0.517673 0.67367 11.433 0.0034001 0.0018648
11 14 109 0.0314261 0.562779 0.750376 12.5542 0.00305773 0.00166444
11 15 125 0.733097 0.576798 0.76432 -8.59581 0.00347247 0.0018851
11 16 123 0.0335649 0.587916 0.829762 11.5282 0.00331696 0.00181777
11 17 118 0.0330611 0.613869 0.867461 11.7125 0.0031102 0.00170175
11 18 120 0.0331891 0.585855 0.963385 11.6332 0.00306244 0.0016763
11 19 119 0.0310316 0.623393 1.05556 12.7189 0.00289307 0.00157285
11 20 91 0.034639 0.623878 1.04198 10.6217 0.00222477 0.00122337
11 21 111 0.0387678 0.698823 1.23042 9.02244 0.0024639 0.00137266
11 22 107 0.0314962 0.63967 1.23246 12.2756 0.002405 0.00130942
11 23 103 0.0331035 0.623674 1.35211 11.349 0.00220865 0.00120863
12 0 106 0.0315492 0.567246 0.0227802 12.6346 0.00354544 0.00193066
12 1 115 0.0366631 0.568399 0.0413062 10.2891 0.00384284 0.00212668
12 2 104 0.0342773 0.576262 0.086534 11.2296 0.00345603 0.00189826
12 3 102 0.732209 0.548578 0.152588 -8.61036 0.00340915 0.00184849
12 4 111 0.0332229 0.538617 0.184689 11.8082 0.00370997 0.00203096
12 5 99 0.0332941 0.570688 0.2566 11.6338 0.00322787 0.00176744
12 6 104 0.732544 0.562892 0.322543 -8.62762 0.00335568 0.00182033
12 7 110 0.0343574 0.560792 0.323576 11.2195 0.0035514 0.00195113
12 8 109 0.0356965 0.594195 0.3565 10.5882 0.00344587 0.00190118
12 9 122 0.0329312 0.569808 0.49098 11.9648 0.00374996 0.00205096
12 10 113 0.038331 0.569451 0.52545 9.51852 0.00343554 0.00191133
12 11 114 0.0329679 0.571147 0.535228 11.8637 0.00345269 0.0018886
12 12 126 0.0374585 0.63342 0.620735 9.90998 0.0036257 0.00201157
12 13 94 0.0340719 0.576778 0.606189 11.1059 0.00277276 0.00152197
12 14 129 0.0312596 0.566173 0.724289 12.8243 0.00365259 0.0019872
12 15 120 0.0350595 0.626262 0.80875 10.8029 0.00322645 0.00177654
12 16 122 0.0336986 0.643192 0.840315 11.4347 0.00322282 0.00176693
12 17 137 0.0309785 0.568542 0.87168 12.9816 0.00365086 0.0019845
12 18 126 0.0322773 0.600981 0.900547 12.1695 0.00328814 0.00179467
12 19 128 0.0345554 0.682749 0.990002 11.0071 0.00314765 0.00173039
12 20 122 0.0320894 0.675643 1.13607 12.1188 0.00283103 0.00154427
12 21 111 0.0387244 0.722406 1.24212 9.02828 0.00243867 0.00135842
12 22 109 0.0349659 0.739045 1.31129 10.5151 0.00231989 0.00127699
12 23 91 0.0338199 0.702879 1.37864 10.8477 0.00189962 0.00104188
13 0 115 0.0367446 0.621932 -0.00250204 10.2327 0.00375592 0.00207912
13 1 95 0.0332535 0.510844 0.0805796 11.6593 0.00324552 0.00177687
13 2 128 0.0314471 0.599109 0.0915974 12.8625 0.00421019 0.00229191
13 3 99 0.0322105 0.552041 0.177511 12.2063 0.00329395 0.00179746
13 4 90 0.732003 0.576083 0.187782 -8.75057 0.00296049 0.00160476
13 5 111 0.731283 0.580494 0.265348 -8.55222 0.00359868 0.00194878
13 6 112 0.0314011 0.549741 0.299784 12.7454 0.003651 0.00198722
13 7 116 0.728653 0.57013 0.372959 -8.51644 0.00368716 0.00198951
13 8 95 0.0320808 0.641736 0.418017 12.1477 0.00290083 0.00158229
13 9 117 0.0336814 0.64461 0.430976 11.5414 0.00355616 0.00194958
13 10 124 0.0335948 0.608604 0.487743 11.6392 0.00376068 0.00206114
13 11 101 0.0329594 0.61873 0.519713 11.7346 0.00302149 0.00165269
13 12 123 0.0361137 0.65353 0.616087 10.4307 0.0035196 0.00194442
13 13 126 0.0313985 0.689475 0.656052 12.7075 0.00351043 0.00191069
13 14 120 0.0327948 0.69551 0.722531 11.8935 0.00325886 0.0017816
13 15 110 0.032003 0.704646 0.772539 12.197 0.00292415 0.00159462
13 16 122 0.0326091 0.637835 0.762621 12.0093 0.00332761 0.00181811
13 17 127 0.0339604 0.684484 0.868398 11.3256 0.0032764 0.00179779
13 18 136 0.0356832 0.701919 1.03855 10.5391 0.00326206 0.00179969
13 19 104 0.0393245 0.779756 1.0479 8.80564 0.00243157 0.00135704
13 20 124 0.0334776 0.791806 1.17952 11.3816 0.0027452 0.00150402
13 21 115 0.0310019 0.811849 1.26188 12.5707 0.00245294 0.00133344
13 22 93 0.0381572 0.750193 1.30651 9.03258 0.00197812 0.0010999
13 23 105 0.031025 0.828377 1.40926 12.4058 0.00210742 0.0011457
14 0 113 0.0350078 0.689977 -0.00896044 10.9293 0.00357717 0.00196933
14 1 109 0.0312126 0.663831 0.0821866 12.8033 0.00348462 0.00189553
14 2 116 0.731753 0.680339 0.0784726 -8.53164 0.00368104 0.00199466
14 3 93 0.0315601 0.612041 0.205162 12.4633 0.0030052 0.00163653
14 4 114 0.0389499 0.666611 0.23722 9.32866 0.00357926 0.00199519
14 5 119 0.0336281 0.667652 0.295206 11.6059 0.00369671 0.00202629
14 6 128 0.0391791 0.646607 0.292379 9.35976 0.00401488 0.00223964
14 7 130 0.0324718 0.641078 0.344675 12.2747 0.00404255 0.00220778
14 8 89 0.0342244 0.61807 0.394631 11.0296 0.00276042 0.00151593
14 9 106 0.0332207 0.654052 0.43613 11.663 0.00320512 0.00175457
14 10 119 0.0343252 0.680679 0.518253 11.2135 0.00347785 0.00191053
14 11 122 0.733156 0.718132 0.551786 -8.59448 0.003478 0.00188825
14 12 112 0.729736 0.66542 0.579971 -8.6537 0.00322952 0.00174517
14 13 110 0.0343232 0.711247 0.696491 11.0661 0.00299838 0.00164712
14 14 125 0.0358041 0.720855 0.716249 10.5201 0.00337214 0.00186113
14 15 122 0.035082 0.785513 0.839033 10.7464 0.00307998 0.00169601
14 16 105 0.0354812 0.79239 0.94063 10.3799 0.0025477 0.00140468
14 17 116 0.0362521 0.803595 0.974241 10.1326 0.00276964 0.00153077
14 18 122 0.729803 0.744647 0.983398 -8.74284 0.00295496 0.00159695
14 19 119 0.0321098 0.804836 1.08295 12.0699 0.00272526 0.00148666
14 20 122 0.0306827 0.813635 1.13087 12.8623 0.00273621 0.00148593
14 21 104 0.0363753 0.868301 1.2611 9.84492 0.00218729 0.00120938
14 22 102 0.035526 0.875335 1.36588 10.1472 0.00205856 0.00113515
14 23 92 0.0348729 0.893471 1.4506 10.2984 0.00179119 0.000985677
15 0 136 0.0309276 0.719886 0.00156845 13.1613 0.00424517 0.00230718
15 1 125 0.0307638 0.728244 0.075334 13.1647 0.00387917 0.00210717
15 2 98 0.035734 0.746374 0.112221 10.4362 0.00300849 0.00166006
15 3 117 0.0309732 0.737564 0.194822 12.9644 0.00357779 0.00194475
15 4 115 0.0365958 0.707103 0.210122 10.2402 0.00355943 0.00196942
15 5 137 0.0371006 0.719458 0.251523 10.1977 0.0041908 0.00232246
15 6 101 0.0345583 0.739974 0.314763 10.9668 0.00302725 0.00166422
15 7 123 0.0335315 0.740033 0.359351 11.6411 0.00365337 0.00200192
15 8 117 0.0317304 0.703592 0.413969 12.5191 0.00348595 0.00189936
15 9 97 0.0348845 0.783452 0.494117 10.7172 0.00273704 0.00150623
15 10 116 0.0350582 0.747611 0.52268 10.8249 0.00329616 0.00181491
15 11 145 0.0350249 0.789875 0.59707 11.024 0.00396295 0.00218183
15 12 114 0.0350095 0.799536 0.604809 10.7842 0.00309648 0.00170471
15 13 129 0.0345351 0.774413 0.721814 11.0956 0.00340701 0.00187285
15 14 120 0.0353937 0.822115 0.717066 10.6206 0.00311875 0.00171905
15 15 118 0.0371253 0.796573 0.828434 9.84644 0.00297911 0.00165109
15 16 114 0.0348153 0.823053 0.931545 10.7526 0.00274835 0.00151212
15 17 120 0.0361237 0.857701 0.960097 10.2088 0.00283124 0.00156418
15 18 112 0.0334156 0.884189 1.01757 11.3446 0.00256645 0.00140581
15 19 107 0.0327808 0.919602 1.17236 11.5492 0.00229338 0.00125372
15 20 105 0.0334232 0.926316 1.226 11.1881 0.00220279 0.00120664
15 21 127 0.0342231 0.907116 1.27953 10.9803 0.00262597 0.00144209
15 22 99 0.729196 0.975112 1.35885 -9.1538 0.00195399 0.00105512
15 23 94 0.73034 1.04987 1.43294 -9.2557 0.00177353 0.000959178
16 0 110 0.0427731 0.790302 0.0244647 7.96634 0.00331871 0.00187246
16 1 121 0.728835 0.72605 0.0796805 -8.49817 0.00375812 0.00202831
16 2 127 0.0361514 0.775411 0.142516 10.5007 0.00383585 0.00211939
16 3 107 0.726213 0.750808 0.132616 -8.62499 0.00327268 0.00175996
16 4 111 0.032092 0.760923 0.239354 12.282 0.00333748 0.00182054
16 5 113 0.0355646 0.785052 0.279 10.614 0.0033391 0.0018415
16 6 118 0.0323641 0.768244 0.295315 12.1878 0.0035042 0.00191312
16 7 125 0.0337744 0.784747 0.377656 11.5158 0.00362553 0.00198819
16 8 92 0.0310633 0.816274 0.449104 12.59 0.00258897 0.00140766
16 9 119 0.0310036 0.833404 0.471845 12.868 0.00330552 0.00179692
16 10 102 0.031163 0.801003 0.513898 12.6272 0.00284184 0.00154564
16 11 127 0.03607 0.801931 0.565188 10.4398 0.00348676 0.00192601
16 12 105 0.0384121 0.899343 0.678123 9.23997 0.00268121 0.00149205
16 13 124 0.0406282 0.875014 0.70638 8.61425 0.00316921 0.00177602
16 14 104 0.0344858 0.849411 0.789999 10.8526 0.00261176 0.00143548
16 15 123 0.0395135 0.939181 0.829217 8.9314 0.00295117 0.00164801
16 16 107 0.0360649 0.873718 0.889029 10.139 0.00257526 0.00142249
16 17 128 0.0326866 0.896658 0.960465 11.8597 0.0029815 0.00162941
16 18 123 0.0347458 0.944358 1.10093 10.761 0.00268523 0.00147707
16 19 111 0.0383162 1.00373 1.18549 9.12762 0.00231095 0.00128562
16 20 111 0.0386262 0.995905 1.24712 8.99175 0.00226679 0.00126228
16 21 112 0.0342509 0.994994 1.32279 10.8027 0.00222752 0.00122338
16 22 84 0.0422784 1.0469 1.4239 7.38537 0.00159101 0.000896268
16 23 97 0.73242 1.07426 1.52267 -9.2701 0.00176409 0.000956787
17 0 105 0.036994 0.796316 0.00818311 9.95808 0.00315911 0.00175013
17 1 145 0.0349326 0.816304 0.058149 11.1509 0.0043159 0.00237545
17 2 122 0.0312039 0.900226 0.129933 12.8044 0.00347123 0.00188819
17 3 116 0.0354882 0.842309 0.151966 10.6624 0.00338952 0.00186886
17 4 107 0.035959 0.853899 0.25843 10.3601 0.0030709 0.0016957
17 5 108 0.0349936 0.888613 0.289845 10.7712 0.00303464 0.00167058
17 6 119 0.0329975 0.900002 0.34084 11.803 0.00329781 0.00180405
17 7 115 0.033407 0.89767 0.364054 11.5623 0.00317694 0.00174017
17 8 111 0.0404095 0.924947 0.454334 8.625 0.00297311 0.00166497
17 9 117 0.0384378 0.859479 0.454951 9.41528 0.00322609 0.00179541
17 10 132 0.0393847 0.886089 0.558578 9.14981 0.00350578 0.00195692
17 11 131 0.0350963 0.922181 0.604065 10.8345 0.00338517 0.00186415
17 12 122 0.0342441 0.857457 0.640143 11.1694 0.00320384 0.00175955
17 13 117 0.0365491 0.947676 0.701084 10.0585 0.00291105 0.00161044
17 14 130 0.0370973 0.931124 0.800451 9.91585 0.00315741 0.00174976
17 15 117 0.0362543 0.986795 0.834482 10.126 0.00275389 0.00152208
17 16 108 0.0389545 0.963195 0.9378 8.95973 0.00247921 0.00138201
17 17 113 0.0350143 0.989914 0.957478 10.5893 0.0025536 0.00140586
17 18 105 0.0377639 1.10385 1.14977 9.26584 0.00214628 0.00119192
17 19 101 0.0347311 1.0586 1.20439 10.5005 0.00205561 0.00113068
17 20 113 0.0382905 1.05064 1.20947 9.13317 0.0023013 0.00128015
17 21 93 0.0309371 1.17746 1.32225 12.2749 0.00175907 0.000956054
17 22 94 0.0345311 1.07857 1.38663 10.4531 0.00178855 0.000983165
17 23 80 0.728412 1.1619 1.50971 -9.46251 0.00143009 0.000771389
18 0 116 0.0343254 0.90981 0.0408956 11.1605 0.00329858 0.00181205
18 1 128 0.0309509 0.916712 0.0723656 12.9898 0.00362383 0.00196963
18 2 110 0.0347324 0.898729 0.133265 10.9208 0.00313135 0.00172239
18 3 110 0.035926 0.931466 0.183923 10.3733 0.00306815 0.00169401
18 4 128 0.0329246 0.920764 0.190321 11.9236 0.00358668 0.00196162
18 5 129 0.0349009 0.911696 0.26021 10.9839 0.00360052 0.00198152
18 6 127 0.0321261 0.93399 0.319222 12.3047 0.00347641 0.00189652
18 7 133 0.0353072 0.951836 0.393147 10.792 0.00356358 0.0019637
18 8 128 0.0339731 0.935835 0.421861 11.367 0.00343528 0.00188505
18 9 122 0.0362403 1.00052 0.486593 10.262 0.00313671 0.00173358
18 10 86 0.0321943 0.94969 0.594149 11.8124 0.00220272 0.00120193
18 11 119 0.0407973 1.05539 0.622745 8.46612 0.00289374 0.00162251
18 12 107 0.0336271 1.03844 0.70821 11.2398 0.00256217 0.0014044
18 13 137 0.03092 1.01368 0.707712 12.9179 0.00331378 0.00180094
18 14 92 0.0367507 1.02954 0.805704 9.67227 0.00214981 0.00119007
18 15 137 0.0350643 1.04591 0.87994 10.7644 0.0031113 0.00171316
18 16 111 0.0327662 1.04701 0.924484 11.637 0.00248527 0.00135856
18 17 122 0.0365289 1.0981 1.01571 9.95685 0.00260785 0.00144261
18 18 114 0.0313852 1.09007 1.08616 12.3301 0.00238917 0.00130034
18 19 107 0.728176 1.21014 1.25905 -9.10379 0.00204504 0.00110274
18 20 95 0.724245 1.13786 1.23199 -9.1753 0.0018713 0.00100361
18 21 99 0.731485 1.18181 1.32741 -9.20924 0.00186717 0.0010114
18 22 84 0.727043 1.19434 1.45221 -9.39747 0.00151705 0.000816761
18 23 69 0.031152 1.27117 1.55506 11.7568 0.00118281 0.000643291
19 0 114 0.732277 0.99299 0.0436859 -8.70256 0.00310978 0.00168632
19 1 128 0.0381 0.932505 0.0696552 9.65212 0.00359587 0.00199907
19 2 99 0.0375626 0.96735 0.131574 9.58323 0.0027246 0.00151213
19 3 132 0.0363196 1.02238 0.201387 10.3427 0.0035153 0.00194331
19 4 118 0.0331438 1.0026 0.230417 11.6881 0.0031634 0.00173132
19 5 143 0.0412086 0.997996 0.308864 8.60213 0.00380316 0.0021352
19 6 118 0.0358815 1.01039 0.35624 10.4016 0.00309679 0.00170958
19 7 127 0.0368398 0.97646 0.37342 10.0873 0.0033764 0.00186959
19 8 147 0.034939 0.991342 0.431561 11.0309 0.00383896 0.00211299
19 9 118 0.0373812 1.04714 0.522361 9.73385 0.00294844 0.00163542
19 10 124 0.0420806 1.03084 0.568118 8.11112 0.00308794 0.00173844
19 11 124 0.726976 1.03333 0.660902 -8.71082 0.00301357 0.00162232
19 12 105 0.0348056 1.0117 0.674391 10.6881 0.00256528 0.00141135
19 13 134 0.0388604 1.12131 0.791744 9.19657 0.00303472 0.00169117
19 14 126 0.0396213 1.12479 0.804014 8.85457 0.00284009 0.00158652
19 15 115 0.0331054 1.11932 0.88933 11.4859 0.00253523 0.00138735
19 16 106 0.0353559 1.18275 1.02071 10.2873 0.00219789 0.00121133
19 17 115 0.0315629 1.17778 1.05052 12.2232 0.00236736 0.0012892
19 18 88 0.032733 1.26443 1.14409 11.2814 0.00171217 0.00093585
19 19 128 0.0336023 1.1923 1.21837 11.2237 0.00249098 0.00136528
19 20 115 0.0326306 1.26873 1.34256 11.5406 0.00210571 0.00115058
19 21 98 0.0322834 1.30368 1.37303 11.5414 0.00176032 0.000960805
19 22 88 0.0325164 1.38628 1.5475 11.2386 0.00146789 0.000801783
19 23 63 0.731784 1.47282 1.68318 -9.846 0.000989026 0.000535951
20 0 124 0.0354538 1.05935 0.0531055 10.642 0.00327163 0.00180366
20 1 137 0.0392403 1.09764 0.0690173 9.21304 0.00354481 0.0019778
20 2 106 0.0326615 1.09821 0.11095 11.7871 0.00273726 0.00149581
20 3 120 0.0358911 1.02745 0.19448 10.4271 0.00318987 0.00176102
20 4 145 0.0378255 1.07272 0.222362 9.80251 0.00375981 0.00208839
20 5 125 0.0373629 1.05708 0.286795 9.8359 0.00324159 0.00179792
20 6 138 0.0346635 1.02119 0.32607 11.0974 0.00362053 0.00199103
20 7 126 0.0359038 1.10301 0.383853 10.4097 0.00315192 0.00174014
20 8 117 0.0328435 1.12809 0.424071 11.743 0.00287352 0.00157118
20 9 132 0.0370661 1.19849 0.505511 9.90825 0.00309435 0.00171464
20 10 115 0.0313653 1.05597 0.598143 12.5043 0.00281271 0.00153077
20 11 121 0.0363564 1.12602 0.624192 10.1191 0.00285477 0.00157834
20 12 114 0.0327195 1.08212 0.687747 11.7424 0.00269651 0.00147381
20 13 152 0.0390569 1.16275 0.759327 9.24282 0.00341619 0.00190493
20 14 126 0.0377289 1.22719 0.856397 9.50626 0.00269255 0.00149513
20 15 119 0.729859 1.19265 0.857978 -8.8806 0.00257531 0.00139188
20 16 110 0.0358982 1.22187 0.967292 10.0904 0.00228486 0.00126142
20 17 114 0.0336705 1.31098 1.05878 11.0834 0.00223761 0.00122667
20 18 114 0.0339482 1.27694 1.14613 10.9367 0.00220777 0.00121137
20 19 93 0.0322584 1.38376 1.32579 11.4927 0.00165476 0.000903116
20 20 84 0.731501 1.35202 1.37877 -9.43787 0.00148567 0.000804769
20 21 80 0.0355616 1.46346 1.44866 9.70532 0.00134412 0.000741271
20 22 51 0.0328116 1.41269 1.53888 10.5374 0.000846951 0.000463047
20 23 53 0.730977 1.47901 1.67797 -10.0154 0.000831987 0.000450354
21 0 109 0.0315337 1.0724 0.00805821 12.4279 0.00285905 0.00155682
21 1 140 0.0349146 1.15369 0.104214 10.9548 0.00351864 0.00193654
21 2 113 0.0351361 1.15692 0.155751 10.6367 0.00282747 0.00155723
21 3 131 0.038867 1.07628 0.177806 9.30916 0.00340468 0.00189738
21 4 135 0.0371834 1.15872 0.277101 9.9369 0.00333814 0.00185042
21 5 147 0.0388587 1.21292 0.300677 9.34911 0.00353256 0.00196859
21 6 113 0.0377271 1.23564 0.356649 9.49772 0.0026678 0.00148137
21 7 152 0.0356727 1.16353 0.409546 10.6646 0.00368161 0.00203109
21 8 125 0.0346718 1.17526 0.480502 10.8972 0.00297468 0.00163591
21 9 141 0.0390616 1.26635 0.548853 9.17003 0.00318186 0.00177429
21 10 143 0.0380337 1.2861 0.621688 9.54648 0.00315419 0.00175315
21 11 149 0.0346132 1.19795 0.630734 11.0591 0.00340484 0.00187212
21 12 93 0.0368611 1.25348 0.702184 9.57635 0.00204336 0.00113153
21 13 116 0.0327702 1.28922 0.833267 11.6147 0.00243527 0.00133124
21 14 110 0.0384279 1.36253 0.954588 9.02689 0.00217962 0.00121298
21 15 92 0.0311207 1.30744 0.945457 12.2292 0.00186408 0.00101371
21 16 110 0.0313345 1.39246 1.01053 12.2414 0.00212601 0.00115693
21 17 104 0.732962 1.36539 1.11853 -9.16117 0.00197176 0.00107021
21 18 69 0.0311242 1.4058 1.19986 11.8379 0.00126288 0.000686781
21 19 97 0.0334587 1.49945 1.33205 10.8906 0.00166468 0.000911976
21 20 78 0.0341516 1.50379 1.39469 10.3221 0.00131476 0.000721855
21 21 74 0.729014 1.45469 1.44161 -9.60069 0.0012488 0.000674159
21 22 55 0.0326196 1.54401 1.62735 10.6523 0.000861291 0.000470602
21 23 38 0.731379 1.78021 1.86744 -10.4715 0.000528197 0.00028607
22 0 138 0.0347352 1.22084 0.0289145 10.9908 0.00336275 0.00184969
22 1 127 0.041451 1.29304 0.0856194 8.27993 0.00298415 0.00167667
22 2 123 0.0342369 1.23041 0.152453 11.0969 0.00297001 0.0016311
22 3 138 0.0348419 1.26346 0.18499 10.9151 0.00327253 0.00180067
22 4 136 0.0366687 1.22867 0.259597 10.1218 0.00325842 0.00180329
22 5 123 0.0347363 1.2585 0.316985 10.838 0.00288746 0.00158826
22 6 131 0.0363179 1.29102 0.375271 10.1872 0.003007 0.0016623
22 7 136 0.0354734 1.20141 0.421177 10.621 0.00323111 0.00178143
22 8 140 0.0364634 1.30869 0.514473 10.1635 0.00312061 0.0017259
22 9 141 0.039853 1.33548 0.620115 8.84284 0.00304684 0.00170326
22 10 128 0.0343373 1.34134 0.632006 10.974 0.00275268 0.00151222
22 11 112 0.0324659 1.3732 0.712032 11.7305 0.00233869 0.00127722
22 12 94 0.0381831 1.37049 0.774132 9.00261 0.00193874 0.0010781
22 13 108 0.032817 1.34248 0.803648 11.5059 0.00223697 0.00122302
22 14 141 0.0365792 1.38133 0.905491 10.0102 0.00280872 0.00155398
22 15 115 0.0348795 1.46051 1.00984 10.4875 0.00217045 0.00119441
22 16 103 0.0337498 1.45453 1.01604 10.905 0.00194511 0.00106659
22 17 103 0.0370817 1.47847 1.09043 9.41105 0.001894 0.00104955
22 18 81 0.724279 1.51884 1.25421 -9.4583 0.00141028 0.000756389
22 19 79 0.724087 1.47926 1.24073 -9.4666 0.00139744 0.000749302
22 20 61 0.709932 1.55647 1.36787 -9.71864 0.00101971 0.000536078
22 21 52 0.724844 1.68641 1.54982 -10.0274 0.000800261 0.000429546
22 22 48 0.722665 1.60417 1.61773 -10.0934 0.000742007 0.000397081
22 23 34 0.726496 1.99097 1.96578 -10.6326 0.000440118 0.000236775
23 0 120 0.0348838 1.24798 -0.00977593 10.7705 0.002886 0.0015882
23 1 135 0.032071 1.20909 0.0741695 12.2835 0.00330553 0.00180299
23 2 123 0.0363621 1.31794 0.147089 10.1145 0.0028483 0.00157479
23 3 137 0.0398651 1.34339 0.223464 8.86189 0.00311868 0.00174349
23 4 148 0.0370481 1.32847 0.254663 10.0049 0.00338391 0.00187499
23 5 143 0.0360004 1.33599 0.288888 10.3983 0.00324749 0.00179345
23 6 141 0.0352623 1.33201 0.357309 10.6992 0.00318349 0.00175401
23 7 114 0.0357893 1.36084 0.448787 10.2309 0.00250926 0.00138483
23 8 132 0.0340034 1.37651 0.500192 11.1703 0.00286281 0.00157106
23 9 132 0.0334061 1.42742 0.555541 11.4276 0.00277541 0.00152023
23 10 119 0.0341978 1.35292 0.602339 10.9672 0.0025613 0.00140646
23 11 133 0.0330278 1.42982 0.654251 11.6043 0.00274512 0.00150184
23 12 87 0.0370693 1.49596 0.783464 9.31093 0.00170498 0.000944774
23 13 90 0.031628 1.44812 0.859793 11.8954 0.00176731 0.000962626
23 14 93 0.0394406 1.5238 0.888689 8.44288 0.00176399 0.000984832
23 15 91 0.0367402 1.56248 1.0372 9.41 0.00164678 0.000911576
23 16 85 0.0313305 1.55872 1.11544 11.903 0.0015122 0.0008229
23 17 93 0.037446 1.63724 1.14655 9.09717 0.00160043 0.000887896
23 18 72 0.732016 1.75006 1.3184 -9.69641 0.00114977 0.000623256
23 19 65 0.0358841 1.84245 1.45862 9.24882 0.000978911 0.000540411
23 20 50 0.727156 1.77148 1.49228 -10.0862 0.000762248 0.000410448
23 21 40 0.730421 1.89551 1.68413 -10.401 0.000564434 0.000305296
23 22 44 0.719369 1.99257 1.91841 -10.3331 0.000575382 0.000306508
23 23 27 0.702583 1.84828 1.72702 -10.6678 0.000381779 0.00019863
