#  ix    iy     NK     E/N         TK    Uxpi    UyK      muK      rho      epsilon
0 0 128 0.0430397 0.0422295 -0.00698189 8.48214 0.00603221 0.00340634
0 1 157 0.0458024 0.00842768 0.114305 7.88596 0.00735749 0.0041912
0 2 142 0.0496396 0.00882691 0.129563 6.81659 0.00664234 0.00383005
0 3 141 0.0467109 -0.0105714 0.187394 7.52546 0.0065368 0.00373442
0 4 145 0.0482653 0.0271197 0.227162 7.15039 0.00666737 0.0038278
0 5 141 0.0486019 0.0396087 0.283447 7.02614 0.00639422 0.00367489
0 6 158 0.0509737 0.0136624 0.315188 6.57963 0.00710751 0.00411561
0 7 133 0.0490596 0.0331154 0.379382 6.82898 0.00586284 0.00337438
0 8 122 0.0418689 -0.0275756 0.433747 8.71473 0.00527779 0.0029693
0 9 116 0.0498565 0.0349822 0.521303 6.45149 0.00484966 0.00279829
0 10 137 0.0455722 0.0162791 0.548291 7.68749 0.00566585 0.0032252
0 11 166 0.04093 0.0324905 0.649674 9.24057 0.00656371 0.00368181
0 12 156 0.0477529 0.0559077 0.599464 7.2219 0.0063041 0.00361338
0 13 135 0.0520428 0.0525234 0.794265 5.9906 0.00498222 0.00289474
0 14 138 0.0399703 0.000314812 0.815446 9.30592 0.00504478 0.00282121
0 15 165 0.0452744 0.00734172 0.88211 7.79931 0.00583662 0.00331928
0 16 151 0.0484083 0.0345117 0.998191 6.83532 0.00503952 0.00289455
0 17 183 0.0432996 0.0237837 1.10059 8.36482 0.00580412 0.00328023
0 18 148 0.0418665 0.037794 1.05271 8.62196 0.00480643 0.00270409
0 19 144 0.0420816 0.0193411 1.29197 8.40815 0.00415725 0.00234045
0 20 128 0.0401467 0.0472828 1.35611 8.90196 0.00358193 0.00200425
0 21 152 0.0443402 0.0224452 1.47466 7.69162 0.00402371 0.00228152
0 22 113 0.0480427 0.023567 1.59184 6.35035 0.00283517 0.00162655
0 23 96 0.0452487 0.0710515 1.65993 6.8904 0.00233516 0.0013279
1 0 147 0.0465628 0.103903 -0.01734 7.61781 0.00689581 0.00393767
1 1 149 0.0486696 0.0305541 0.096966 7.09909 0.00699226 0.00401946
1 2 136 0.0495671 0.087358 0.112908 6.78868 0.00635071 0.00366105
1 3 139 0.0493477 0.0757398 0.17467 6.85448 0.00644091 0.00371048
1 4 145 0.0451753 0.061176 0.196644 7.96467 0.00669904 0.00380855
1 5 140 0.0527644 0.10644 0.338872 6.0601 0.00622288 0.00362384
1 6 149 0.0411986 0.0660868 0.326503 9.16694 0.00666805 0.00374351
1 7 152 0.0407643 0.0333658 0.373028 9.31893 0.00671437 0.00376434
1 8 130 0.0476085 0.102724 0.45427 7.13247 0.00555876 0.0031847
1 9 138 0.0448752 0.0934114 0.482824 7.91178 0.0058413 0.00331775
1 10 166 0.0480274 0.0725855 0.531115 7.24376 0.00690118 0.00395905
1 11 146 0.0513911 0.0558808 0.612474 6.29536 0.00586615 0.00340129
1 12 171 0.0462647 0.0917572 0.710261 7.64652 0.00655778 0.00374111
1 13 129 0.0461233 0.0606394 0.799421 7.36131 0.00474753 0.00270718
1 14 138 0.0466538 0.0883046 0.810417 7.28144 0.00504535 0.00288185
1 15 134 0.0436355 0.0739372 0.907975 8.04742 0.00467258 0.00264355
1 16 154 0.0509664 0.0644214 1.03234 6.23932 0.00504909 0.00292361
1 17 148 0.0454926 0.0818047 1.08217 7.52896 0.00473063 0.00269217
1 18 150 0.0394627 0.0875675 1.1262 9.41282 0.00468997 0.00261858
1 19 144 0.0454903 0.106264 1.22897 7.42889 0.00427743 0.00243423
1 20 143 0.0419374 0.109306 1.33512 8.42431 0.00403504 0.00227062
1 21 136 0.0429027 0.0967206 1.52428 7.98367 0.00351398 0.00198345
1 22 136 0.0414521 0.0704569 1.57277 8.42161 0.00343955 0.00193255
1 23 105 0.0353014 0.120491 1.72168 10.4333 0.00248304 0.00136825
2 0 156 0.0477374 0.139225 0.0301104 7.37039 0.00728496 0.00417538
2 1 148 0.0463976 0.136474 0.107412 7.65891 0.00687817 0.00392554
2 2 127 0.0412911 0.138257 0.130134 9.01156 0.00588542 0.0033051
2 3 144 0.0470468 0.164207 0.155339 7.45155 0.0066253 0.003789
2 4 162 0.0456735 0.132965 0.240611 7.92252 0.00736816 0.00419557
2 5 134 0.04852 0.113411 0.22508 7.00374 0.00612908 0.0035216
2 6 148 0.04494 0.135934 0.316936 8.0156 0.00659971 0.00374928
2 7 134 0.0456329 0.109477 0.401354 7.70045 0.00583589 0.00332263
2 8 147 0.0495053 0.0969863 0.415946 6.80729 0.0063767 0.00367532
2 9 156 0.0456161 0.128131 0.496625 7.82011 0.00654753 0.00372761
2 10 148 0.0454954 0.12078 0.593428 7.76111 0.00597148 0.00339836
2 11 153 0.0432659 0.106006 0.608409 8.43131 0.00614039 0.00346991
2 12 147 0.0467837 0.136476 0.695398 7.36195 0.0056574 0.00323277
2 13 166 0.0431624 0.116388 0.762158 8.47244 0.00620111 0.00350307
2 14 132 0.0423041 0.112299 0.79747 8.49176 0.00484936 0.00273202
2 15 143 0.0473999 0.158444 0.939078 7.05612 0.00488459 0.00279662
2 16 167 0.0498564 0.120521 0.990302 6.59122 0.0055768 0.00321785
2 17 146 0.0436151 0.138998 1.11349 8.03388 0.00458186 0.00259205
2 18 144 0.0427376 0.179387 1.19954 8.24121 0.00432099 0.00243769
2 19 161 0.0441688 0.134901 1.21845 7.91774 0.00480039 0.00272044
2 20 124 0.0399545 0.153565 1.2997 8.96039 0.00355122 0.00198586
2 21 121 0.0397166 0.150841 1.45602 8.94615 0.00321955 0.00179903
2 22 118 0.034826 0.202662 1.60583 10.8103 0.00292554 0.00160966
2 23 114 0.0382235 0.177024 1.77717 9.29104 0.00262712 0.00146108
3 0 147 0.0450789 0.178231 0.0267789 8.01009 0.00682401 0.00387841
3 1 139 0.0519211 0.206235 0.0914679 6.26654 0.00639585 0.00371464
3 2 136 0.0500417 0.163958 0.105508 6.66974 0.00629653 0.00363528
3 3 152 0.0475472 0.158074 0.178839 7.37477 0.00697391 0.00399469
3 4 157 0.0481218 0.176045 0.212779 7.25412 0.00713845 0.00409639
3 5 152 0.0452489 0.167522 0.310268 7.95354 0.00676178 0.00384511
3 6 160 0.0450047 0.189581 0.268962 8.08018 0.00716901 0.00407353
3 7 150 0.0473893 0.174372 0.390763 7.34529 0.00650496 0.00372421
3 8 155 0.0443259 0.155514 0.475845 8.18116 0.00653784 0.00370692
3 9 131 0.0479648 0.159292 0.509775 7.02337 0.00545058 0.00312625
3 10 156 0.0504127 0.207639 0.557191 6.58926 0.00632481 0.00365589
3 11 156 0.0461813 0.209783 0.596194 7.61596 0.00622027 0.00354763
3 12 171 0.0462361 0.172806 0.687766 7.65747 0.00657957 0.00375321
3 13 153 0.0437484 0.172912 0.761616 8.21058 0.00568785 0.00321909
3 14 155 0.0483035 0.210794 0.81871 6.96355 0.00558341 0.00320587
3 15 135 0.044819 0.193205 0.903166 7.70557 0.00467795 0.00265652
3 16 140 0.0445887 0.206806 0.930158 7.79276 0.00478087 0.00271298
3 17 149 0.0478875 0.231012 1.09423 6.89127 0.0046848 0.00268637
3 18 150 0.0401994 0.22849 1.13073 9.14132 0.00463454 0.00259367
3 19 134 0.0426446 0.231365 1.24148 8.17361 0.0039239 0.00221302
3 20 141 0.0441715 0.231241 1.36987 7.70552 0.00388551 0.00220199
3 21 124 0.0375634 0.268376 1.39576 9.79422 0.00336565 0.00186791
3 22 112 0.0380427 0.251915 1.62205 9.40538 0.00274855 0.00152774
3 23 126 0.0380503 0.300432 1.83592 9.42599 0.00281401 0.00156416
4 0 145 0.0501098 0.176623 -0.0316556 6.72094 0.0067321 0.00388759
4 1 145 0.0443378 0.193985 0.117316 8.19781 0.00667036 0.0037822
4 2 137 0.0486759 0.209913 0.109608 6.99146 0.00628835 0.00361489
4 3 161 0.0482335 0.206701 0.193141 7.24992 0.00730756 0.00419491
4 4 130 0.045987 0.216899 0.209796 7.61027 0.00587061 0.00334615
4 5 151 0.0488591 0.205486 0.32909 7.00164 0.00664038 0.00381947
4 6 139 0.0485291 0.213614 0.344348 6.99294 0.00607665 0.00349157
4 7 129 0.0489328 0.263723 0.407471 6.79078 0.00547417 0.00314941
4 8 143 0.0406419 0.24215 0.424155 9.25798 0.006061 0.00339672
4 9 149 0.0474153 0.283761 0.520749 7.26539 0.0060452 0.00346128
4 10 136 0.0511425 0.285487 0.557047 6.27434 0.00543768 0.00315038
4 11 159 0.0458646 0.23335 0.594456 7.71726 0.00632101 0.00360147
4 12 151 0.0446987 0.249815 0.705505 7.9377 0.00570241 0.00323705
4 13 146 0.0426435 0.259318 0.801755 8.46821 0.00526637 0.00297015
4 14 142 0.0472108 0.288416 0.826883 7.13561 0.005039 0.00288329
4 15 152 0.0415896 0.231841 0.905341 8.79743 0.00523834 0.0029445
4 16 147 0.0464248 0.286878 1.04686 7.27053 0.00469821 0.00268161
4 17 145 0.0508816 0.280952 1.1054 6.14513 0.00450909 0.00261023
4 18 141 0.0472708 0.230169 1.1276 6.97604 0.00436236 0.0024966
4 19 157 0.0492583 0.301127 1.28079 6.5129 0.0044812 0.0025808
4 20 138 0.0410491 0.320179 1.39648 8.63448 0.00372566 0.00209063
4 21 131 0.0439752 0.33518 1.53782 7.60358 0.00331373 0.00187678
4 22 117 0.0411035 0.31527 1.64975 8.33905 0.0028233 0.00158455
4 23 104 0.0413841 0.358283 1.81216 8.05673 0.00233543 0.0013119
5 0 147 0.0460185 0.309266 0.0145568 7.72249 0.00662376 0.00377581
5 1 140 0.0495602 0.302735 0.0730222 6.78311 0.00630511 0.00363469
5 2 149 0.0477034 0.289025 0.15943 7.29138 0.00667412 0.00382486
5 3 140 0.0542097 0.25113 0.159386 5.7822 0.00632971 0.00370294
5 4 125 0.0462911 0.211811 0.171207 7.49738 0.00568901 0.00324576
5 5 140 0.0453481 0.253753 0.295814 7.83168 0.00615298 0.00350001
5 6 135 0.0439218 0.293456 0.361997 8.17419 0.00577197 0.00326849
5 7 146 0.0500889 0.285499 0.40014 6.64027 0.00618048 0.00356881
5 8 149 0.0507629 0.271666 0.487913 6.47987 0.0061363 0.00355086
5 9 162 0.0506335 0.332004 0.523724 6.56568 0.00649427 0.00375647
5 10 152 0.0525954 0.278677 0.587835 6.06075 0.00600998 0.00349799
5 11 148 0.0428681 0.330874 0.627399 8.47697 0.00569417 0.0032137
5 12 154 0.0439556 0.308134 0.697395 8.16506 0.00577666 0.0032715
5 13 166 0.049598 0.308692 0.786683 6.72141 0.00598062 0.00344804
5 14 166 0.0480592 0.301058 0.874136 7.05326 0.00574949 0.00329868
5 15 143 0.0474351 0.296332 0.860795 7.06808 0.00498792 0.00285609
5 16 167 0.0445021 0.340441 1.02968 7.92812 0.00533994 0.00302941
5 17 152 0.0441314 0.359967 1.09149 7.9088 0.00470626 0.00266678
5 18 156 0.0352868 0.352767 1.17123 11.0688 0.00465743 0.0025663
5 19 147 0.0439798 0.419208 1.33601 7.79788 0.00402984 0.0022824
5 20 123 0.0400561 0.375599 1.43408 8.83455 0.00324454 0.00181495
5 21 151 0.0428199 0.401862 1.56288 8.0746 0.00375183 0.00211715
5 22 117 0.0411717 0.424913 1.69121 8.28849 0.00274548 0.00154121
5 23 101 0.0372847 0.434564 1.72209 9.54002 0.00233738 0.00129608
6 0 135 0.0487556 0.320601 0.0222198 6.93559 0.00606255 0.00348597
6 1 123 0.0432705 0.336081 0.0597395 8.3181 0.00549081 0.00310288
6 2 132 0.0499113 0.315196 0.156323 6.63032 0.00587349 0.00338964
6 3 165 0.0520146 0.292232 0.191258 6.38519 0.00734777 0.00426877
6 4 159 0.0481924 0.320978 0.237287 7.21213 0.00696558 0.00399808
6 5 146 0.0478986 0.294932 0.290549 7.19469 0.00636303 0.00364883
6 6 154 0.041618 0.314244 0.29173 9.03076 0.00667629 0.00375312
6 7 123 0.0531346 0.314997 0.411427 5.79421 0.00515139 0.00300338
6 8 162 0.0500242 0.313046 0.440526 6.73924 0.00672261 0.00388105
6 9 131 0.0499434 0.343453 0.52923 6.50609 0.00522607 0.00301631
6 10 167 0.0502608 0.374356 0.61458 6.63477 0.0063939 0.00369405
6 11 153 0.0466546 0.309711 0.675667 7.41927 0.00579225 0.00330847
6 12 163 0.0505758 0.388881 0.716783 6.49264 0.00595859 0.00344599
6 13 157 0.0448744 0.351877 0.76408 7.88176 0.00566717 0.00321884
6 14 140 0.0499832 0.372373 0.886886 6.40335 0.00475939 0.0027473
6 15 167 0.0458144 0.386986 0.92051 7.60514 0.00557418 0.00317546
6 16 154 0.045313 0.40486 1.0016 7.62072 0.0049345 0.00280659
6 17 145 0.0472343 0.413823 1.07405 7.01329 0.00448577 0.00256693
6 18 130 0.0388109 0.38741 1.11768 9.48068 0.00395881 0.00220579
6 19 134 0.044871 0.424513 1.27389 7.47651 0.00377535 0.0021443
6 20 133 0.0404914 0.444684 1.31431 8.80702 0.00366811 0.00205471
6 21 105 0.0409216 0.427534 1.49432 8.34758 0.00267984 0.00150317
6 22 101 0.0405761 0.500337 1.66575 8.34333 0.00237465 0.00133053
6 23 95 0.041776 0.492867 1.80335 7.82952 0.00211361 0.00118877
7 0 139 0.0495175 0.3583 0.068021 6.7698 0.00615975 0.00355041
7 1 125 0.046845 0.382756 0.0352518 7.31839 0.00550366 0.00314553
7 2 144 0.0498857 0.354439 0.140163 6.71381 0.00634705 0.00366264
7 3 150 0.0506635 0.381422 0.20592 6.55855 0.00649184 0.00375542
7 4 144 0.0488232 0.382564 0.25944 6.9361 0.00616563 0.003546
7 5 165 0.0398992 0.381765 0.315614 9.65471 0.00697431 0.00389939
7 6 171 0.048566 0.36813 0.35515 7.15094 0.0071811 0.00412666
7 7 166 0.0455499 0.403755 0.398419 7.87768 0.00681078 0.00387666
7 8 142 0.047505 0.373063 0.449817 7.19823 0.00578303 0.00331211
7 9 152 0.0466688 0.402594 0.557817 7.4352 0.00590705 0.0033742
7 10 146 0.0487006 0.458727 0.589077 6.85486 0.00551837 0.00317252
7 11 158 0.0482739 0.407535 0.656905 7.02539 0.00589639 0.00338526
7 12 156 0.0484661 0.432232 0.748711 6.92065 0.00556664 0.00319789
7 13 144 0.0460427 0.401397 0.773911 7.45845 0.00511992 0.00291879
7 14 161 0.0490837 0.4301 0.904439 6.73466 0.00536599 0.00308865
7 15 156 0.0447447 0.461714 0.945338 7.80701 0.00506959 0.00287824
7 16 152 0.0476548 0.481743 1.0603 6.94674 0.00467081 0.00267637
7 17 155 0.0475904 0.495589 1.13685 6.94539 0.0045893 0.00262914
7 18 135 0.0422477 0.496449 1.24718 8.26679 0.00380425 0.00214285
7 19 151 0.0401217 0.474119 1.30447 9.06115 0.00416363 0.00232955
7 20 129 0.042739 0.513272 1.37438 8.00903 0.00342717 0.00193345
7 21 109 0.0458775 0.566886 1.55215 6.84896 0.00266198 0.00151676
7 22 91 0.0338373 0.593388 1.71802 10.9248 0.00206911 0.0011349
7 23 83 0.0360299 0.606023 1.74238 9.83156 0.00186578 0.00103048
8 0 154 0.0466549 0.475358 0.057681 7.54241 0.00655175 0.00374229
8 1 132 0.0424442 0.415087 0.069596 8.61619 0.00573884 0.00323457
8 2 177 0.0463778 0.464207 0.122483 7.75426 0.00752659 0.00429534
8 3 152 0.0528203 0.422107 0.180418 6.09447 0.00651606 0.00379524
8 4 155 0.0446255 0.444943 0.226097 8.09584 0.00654182 0.00371269
8 5 145 0.0486153 0.46682 0.352366 6.94311 0.00590395 0.00339327
8 6 126 0.0508619 0.449193 0.356117 6.28367 0.00515631 0.00298471
8 7 156 0.0473922 0.422022 0.417872 7.31679 0.00632681 0.00362226
8 8 155 0.047052 0.466753 0.536491 7.34408 0.00595839 0.00340766
8 9 167 0.0509663 0.454066 0.522227 6.48848 0.00647756 0.00375075
8 10 142 0.0489247 0.46502 0.624912 6.7574 0.00528417 0.00304003
8 11 166 0.0471423 0.48237 0.71407 7.31631 0.00593166 0.00339334
8 12 164 0.052523 0.527329 0.784789 6.00911 0.0056211 0.0032709
8 13 167 0.0416692 0.443554 0.774714 8.88657 0.00587646 0.00330402
8 14 182 0.0457786 0.522418 0.856037 7.69871 0.00606178 0.00345284
8 15 155 0.039797 0.552013 0.852061 9.38369 0.00513062 0.00286764
8 16 166 0.0496852 0.542975 1.06473 6.52684 0.00502464 0.00289768
8 17 176 0.0389514 0.516829 1.06168 9.73288 0.00536524 0.00299077
8 18 156 0.044494 0.559082 1.18401 7.75176 0.0044663 0.00253371
8 19 151 0.0429332 0.554722 1.33637 8.11617 0.00404957 0.00228598
8 20 126 0.0394746 0.608267 1.40221 9.043 0.00325395 0.00181686
8 21 115 0.0372544 0.604601 1.46134 9.76747 0.00289909 0.0016074
8 22 114 0.0358322 0.684535 1.70454 10.2368 0.00257115 0.00141918
8 23 84 0.033882 0.708122 1.8605 10.7521 0.00177859 0.000975689
9 0 147 0.0454418 0.485357 0.026769 7.81927 0.00623622 0.00354842
9 1 166 0.045445 0.506577 0.0401734 7.93114 0.00698058 0.00397199
9 2 166 0.0511505 0.490968 0.141911 6.52117 0.0069724 0.00403963
9 3 143 0.0464863 0.485417 0.188299 7.49599 0.00598291 0.00341556
9 4 157 0.0471353 0.486043 0.23832 7.41157 0.00651267 0.00372563
9 5 167 0.0466771 0.487681 0.285545 7.58228 0.006858 0.0039175
9 6 167 0.0473257 0.510279 0.362077 7.38778 0.00667792 0.00382247
9 7 163 0.04252 0.518267 0.428072 8.69858 0.00638104 0.00359739
9 8 176 0.047001 0.501774 0.467509 7.49622 0.00684648 0.00391493
9 9 174 0.049331 0.54598 0.536629 6.8702 0.00651708 0.00375415
9 10 143 0.0492424 0.5144 0.648569 6.66466 0.00519599 0.0029923
9 11 167 0.0450319 0.557076 0.66647 7.88568 0.00594706 0.00337949
9 12 171 0.0448375 0.57988 0.736871 7.92971 0.00588395 0.00334158
9 13 160 0.0443013 0.569046 0.767397 8.00757 0.00545707 0.00309389
9 14 152 0.0460263 0.601485 0.919258 7.40383 0.00482641 0.00275132
9 15 144 0.0411293 0.658678 0.990992 8.76733 0.00437004 0.00245285
9 16 172 0.0477526 0.616385 1.03628 7.02543 0.00517931 0.00296867
9 17 160 0.041248 0.663678 1.12216 8.77792 0.00459331 0.00257914
9 18 130 0.0440744 0.605562 1.22251 7.66443 0.00362519 0.00205383
9 19 114 0.0353244 0.623311 1.28795 10.6388 0.00308041 0.00169755
9 20 117 0.043626 0.683849 1.43842 7.5851 0.00293461 0.00166023
9 21 106 0.0441097 0.749479 1.58382 7.27381 0.00247834 0.00140425
9 22 94 0.0324998 0.753962 1.64579 11.626 0.00214396 0.001171
9 23 74 0.0349922 0.77386 1.95248 10.0676 0.00150057 0.000826062
10 0 150 0.0466637 0.631276 0.045483 7.44858 0.00597863 0.00341503
10 1 151 0.0527839 0.545291 0.0928244 6.05761 0.0062327 0.00362978
10 2 160 0.0468787 0.56554 0.16537 7.47638 0.00650236 0.00371671
10 3 181 0.0461799 0.57186 0.176901 7.77988 0.00732558 0.00417801
10 4 156 0.0470165 0.562708 0.233665 7.40646 0.00628394 0.00359343
10 5 154 0.0458856 0.614055 0.318798 7.65507 0.00597373 0.00340383
10 6 153 0.0478585 0.638174 0.404064 7.10494 0.0057588 0.00330192
10 7 157 0.0535629 0.580516 0.430442 5.85929 0.00600229 0.00350422
10 8 171 0.0393143 0.549141 0.459703 9.80141 0.00655779 0.00365973
10 9 188 0.0456807 0.578175 0.533146 7.86505 0.00697046 0.0039692
10 10 173 0.0476321 0.538338 0.608975 7.2568 0.00633243 0.00362822
10 11 183 0.045417 0.632699 0.644832 7.85286 0.00640536 0.00364437
10 12 154 0.0440285 0.644373 0.75497 8.02999 0.00515565 0.00292047
10 13 190 0.0453052 0.593367 0.812046 7.87022 0.00631913 0.00359404
10 14 188 0.042816 0.641175 0.853541 8.55568 0.0060625 0.00342102
10 15 158 0.0438574 0.664678 0.959642 8.01878 0.0048486 0.00274505
10 16 172 0.0481205 0.74497 1.11326 6.86865 0.00485349 0.00278515
10 17 149 0.0420688 0.705092 1.15167 8.41831 0.00418269 0.00235468
10 18 144 0.0485631 0.703256 1.27287 6.52792 0.00384869 0.00221165
10 19 127 0.0392064 0.778139 1.3668 9.12743 0.00321422 0.00179316
10 20 105 0.038751 0.787748 1.4644 9.06402 0.00255253 0.00142196
10 21 114 0.0428455 0.810504 1.64041 7.69184 0.00257888 0.00145538
10 22 82 0.0385479 0.838621 1.73997 8.77834 0.00177833 0.000990036
10 23 76 0.0366376 0.853987 1.83456 9.41601 0.00158822 0.000878872
11 0 203 0.0451926 0.607821 0.067095 8.15827 0.00816912 0.00464457
11 1 179 0.0466345 0.610614 0.0920934 7.6399 0.00718403 0.00410318
11 2 150 0.0444657 0.607309 0.136867 8.05618 0.00600662 0.00340723
11 3 174 0.0477326 0.630952 0.206242 7.30831 0.00683811 0.00391921
11 4 164 0.046582 0.60417 0.225504 7.55384 0.00650123 0.00371258
11 5 178 0.0480813 0.616812 0.324585 7.22846 0.00688814 0.00395224
11 6 165 0.0484353 0.635009 0.382953 7.04425 0.00625169 0.00359108
11 7 162 0.0482718 0.62945 0.425719 7.05726 0.00608418 0.00349305
11 8 176 0.0479857 0.692268 0.531816 7.15567 0.00625412 0.00358737
11 9 173 0.0532717 0.677569 0.562051 5.93909 0.00612507 0.00357261
11 10 177 0.0475852 0.670022 0.604684 7.2472 0.00619798 0.00355066
11 11 179 0.0518701 0.69601 0.714893 6.20982 0.00597711 0.00347088
11 12 158 0.0497638 0.697402 0.737257 6.54873 0.00523097 0.00301742
11 13 162 0.0458079 0.740347 0.889815 7.49729 0.00499554 0.00284576
11 14 177 0.0443352 0.682737 0.879426 8.01989 0.00557905 0.00316338
11 15 143 0.0440497 0.767421 0.994376 7.81912 0.00420129 0.00238003
11 16 166 0.0379484 0.74776 1.08317 9.98598 0.00473696 0.00263218
11 17 134 0.0420786 0.766085 1.1672 8.2873 0.00368056 0.00207207
11 18 127 0.0472475 0.795042 1.28064 6.70646 0.00331171 0.00189517
11 19 127 0.040453 0.855193 1.40081 8.65735 0.00311703 0.00174581
11 20 123 0.0386825 0.856237 1.49047 9.22311 0.00291753 0.00162495
11 21 98 0.0351012 0.871811 1.57671 10.4208 0.00224335 0.00123539
11 22 83 0.0348953 1.01448 1.86734 10.2164 0.00166696 0.000917381
11 23 52 0.0377715 1.13375 2.2567 8.39714 0.000903016 0.000501497
12 0 175 0.0425327 0.667137 0.0305708 8.76768 0.00686463 0.00387018
12 1 180 0.0493685 0.678997 0.112681 6.93196 0.00699403 0.00402938
12 2 156 0.0480409 0.688256 0.129783 7.105 0.00602722 0.00345782
12 3 172 0.0445383 0.642551 0.169154 8.15317 0.00675752 0.00383406
12 4 191 0.0470733 0.691443 0.258171 7.53463 0.00724885 0.00414596
12 5 177 0.0450219 0.758526 0.342643 7.96456 0.0064171 0.00364649
12 6 174 0.0479455 0.701904 0.366572 7.19414 0.00643448 0.00369036
12 7 163 0.047023 0.746109 0.423173 7.33081 0.0058359 0.00333729
12 8 177 0.0455143 0.745344 0.534394 7.78589 0.00615314 0.00350195
12 9 170 0.0470523 0.79618 0.576249 7.30302 0.00571907 0.00327078
12 10 169 0.0456454 0.732759 0.658154 7.66988 0.00567945 0.0032337
12 11 151 0.0527641 0.75948 0.701151 5.83183 0.00495247 0.00288402
12 12 159 0.0507824 0.840319 0.803266 6.24867 0.00489103 0.00283044
12 13 142 0.0497501 0.807477 0.879237 6.35624 0.0043012 0.00248099
12 14 167 0.0483623 0.791556 0.950213 6.82929 0.00495298 0.00284442
12 15 172 0.0448973 0.845466 1.02243 7.72646 0.00488343 0.00277389
12 16 149 0.0506041 0.87403 1.1174 6.09997 0.00404936 0.00234204
12 17 148 0.0427198 0.892303 1.27812 8.1102 0.00376957 0.00212649
12 18 140 0.0345117 0.882115 1.29012 11.1501 0.00355921 0.00195637
12 19 135 0.0380974 0.962565 1.4151 9.54038 0.00321258 0.00178597
12 20 111 0.0411084 0.988004 1.52364 8.22602 0.00252564 0.00141752
12 21 122 0.0368067 0.980865 1.67235 9.85398 0.00263799 0.00146056
12 22 83 0.0319956 1.05978 1.86259 11.6321 0.00165556 0.000902803
12 23 48 0.727529 1.16012 2.07671 -9.94712 0.000877434 0.000472714
13 0 181 0.0467493 0.771772 0.0426274 7.54826 0.00675506 0.00385957
13 1 187 0.04538 0.736927 0.105942 7.96255 0.00707523 0.00402502
13 2 175 0.046983 0.782277 0.122124 7.44461 0.00647181 0.00370047
13 3 171 0.048833 0.778289 0.220789 6.95067 0.00627089 0.00360665
13 4 185 0.0509194 0.80719 0.241038 6.5288 0.00667393 0.00386388
13 5 169 0.0462193 0.804655 0.309495 7.576 0.00603768 0.00344391
13 6 165 0.0543917 0.772214 0.408588 5.6692 0.00586125 0.00343086
13 7 171 0.0458905 0.829502 0.478992 7.62852 0.00582494 0.00331911
13 8 170 0.0520466 0.870119 0.513059 6.11407 0.00564159 0.00327788
13 9 160 0.0498507 0.801955 0.589528 6.55086 0.00534914 0.00308644
13 10 156 0.0504285 0.856942 0.625885 6.35989 0.0050466 0.0029172
13 11 179 0.0466249 0.826039 0.707629 7.41359 0.00571456 0.00326379
13 12 164 0.0483245 0.883209 0.821313 6.83547 0.00493761 0.00283526
13 13 143 0.0469178 0.868878 0.894353 7.03391 0.00422008 0.00241247
13 14 185 0.0428865 0.924916 0.975941 8.38203 0.00520766 0.00293929
13 15 139 0.0414894 0.890895 1.01606 8.53508 0.0039002 0.00219163
13 16 136 0.0455286 0.93544 1.17685 7.2328 0.00355298 0.00202221
13 17 151 0.0419185 0.983697 1.24723 8.3689 0.00379463 0.0021352
13 18 117 0.0457195 1.02846 1.3287 6.95042 0.00282253 0.00160743
13 19 119 0.0407514 1.07538 1.51515 8.3975 0.00266028 0.0014914
13 20 90 0.039152 1.11412 1.61595 8.63565 0.00192718 0.00107495
13 21 75 0.0326957 1.00788 1.55523 11.2814 0.00167996 0.000918137
13 22 66 0.032374 1.26686 1.99091 11.1232 0.0012147 0.000663187
13 23 41 0.0317612 1.30002 2.23876 10.8925 0.000696858 0.000379727
14 0 165 0.0465271 0.887556 0.0367438 7.45738 0.00581875 0.00332227
14 1 174 0.0499712 0.860516 0.132688 6.66896 0.00619002 0.00357299
14 2 177 0.0492471 0.837984 0.104372 6.86866 0.00637888 0.00367357
14 3 169 0.0486546 0.838408 0.19848 6.95622 0.0060393 0.00347149
14 4 176 0.0495521 0.877583 0.253283 6.7568 0.00612973 0.00353349
14 5 179 0.0422762 0.819729 0.349978 8.76273 0.00630308 0.0035507
14 6 178 0.0549691 0.898366 0.389095 5.57941 0.00599967 0.0035183
14 7 153 0.0502616 0.919895 0.478135 6.39075 0.00501032 0.0028947
14 8 165 0.0434912 0.866898 0.531302 8.24571 0.00545751 0.00308621
14 9 161 0.0458057 0.881605 0.586818 7.54067 0.00521387 0.00297011
14 10 154 0.0457356 0.903868 0.653991 7.48708 0.0048485 0.00276137
14 11 177 0.0538399 0.926249 0.737967 5.69492 0.00538645 0.00314744
14 12 157 0.0466514 0.980335 0.782889 7.19311 0.00461596 0.00263656
14 13 160 0.0428274 0.935459 0.885835 8.28211 0.00462765 0.00261144
14 14 154 0.0433349 0.981389 0.933456 8.05764 0.00431469 0.00243874
14 15 158 0.0445656 1.01088 1.07753 7.66442 0.0041774 0.00237036
14 16 141 0.0407508 1.04396 1.1781 8.69082 0.00356643 0.0019994
14 17 114 0.0355758 1.11185 1.2566 10.4161 0.002753 0.00151833
14 18 117 0.0365827 1.05413 1.34343 10.0017 0.00278888 0.00154301
14 19 112 0.0326555 1.20755 1.49017 11.6762 0.00244239 0.00133465
14 20 80 0.0346547 1.19083 1.66309 10.3201 0.00165739 0.00091142
14 21 53 0.0315893 1.24831 1.77785 11.3914 0.00104539 0.000569339
14 22 55 0.0341254 1.33038 2.07223 10.0366 0.000976112 0.000535881
14 23 22 0.0322141 1.40181 2.21804 10.0169 0.000369566 0.000201669
15 0 189 0.0499102 0.923445 0.0280137 6.73934 0.00654825 0.00377903
15 1 171 0.0435127 0.89654 0.0663652 8.3338 0.00599844 0.00339234
15 2 161 0.0515817 0.976544 0.170863 6.16959 0.0053932 0.00312896
15 3 193 0.0532937 0.924779 0.244328 6.00603 0.0065788 0.00383753
15 4 166 0.0511428 0.938327 0.243646 6.30761 0.00562201 0.00325717
15 5 185 0.0481607 0.925005 0.328052 7.10805 0.00622799 0.00357436
15 6 177 0.047312 0.998387 0.400844 7.23016 0.00568417 0.0032535
15 7 199 0.0495765 0.941588 0.428601 6.81338 0.00652382 0.00376096
15 8 182 0.0419987 0.985913 0.496938 8.76117 0.00576315 0.00324369
15 9 187 0.0479796 0.996788 0.637121 7.06345 0.00569435 0.00326622
15 10 167 0.0473235 1.02122 0.724634 7.08196 0.00491568 0.00281374
15 11 171 0.0442637 1.00957 0.727285 7.94151 0.00505297 0.00286444
15 12 159 0.0420224 1.07614 0.839919 8.49102 0.0044321 0.00249472
15 13 144 0.0452976 1.09508 0.903954 7.39253 0.003911 0.00222435
15 14 161 0.0440371 1.09118 1.0049 7.83314 0.00424503 0.00240471
15 15 145 0.0418154 1.0957 1.06784 8.38805 0.00374201 0.00210491
15 16 130 0.0403193 1.24478 1.28093 8.66352 0.00299562 0.0016771
15 17 127 0.0391655 1.20264 1.33796 9.043 0.00291049 0.0016235
15 18 94 0.0397377 1.23502 1.3802 8.51449 0.00210658 0.0011772
15 19 102 0.0413465 1.27635 1.47441 8.00722 0.00219538 0.00123309
15 20 74 0.0358627 1.30227 1.67407 9.67717 0.0014886 0.000821729
15 21 68 0.0344155 1.40944 1.91112 10.1441 0.00124487 0.000684056
15 22 46 0.721901 1.40756 1.99936 -9.98838 0.000821363 0.000439084
15 23 24 0.0375564 1.52193 2.07915 7.69074 0.000409594 0.000227316
16 0 178 0.0544904 1.06034 0.0261015 5.63224 0.00575976 0.0033725
16 1 190 0.046165 1.01453 0.100303 7.62921 0.00627586 0.00357916
16 2 165 0.0478026 1.02645 0.180671 7.05248 0.00538849 0.00308905
16 3 188 0.0450301 1.02957 0.2858 7.90493 0.00605957 0.00344341
16 4 192 0.0455098 1.00203 0.288769 7.8057 0.00626839 0.00356749
16 5 195 0.0496139 1.04052 0.335304 6.75504 0.00620827 0.00357947
16 6 180 0.0529392 1.0463 0.406828 5.92663 0.00564753 0.00329061
16 7 195 0.0493224 1.08725 0.471325 6.77819 0.00593209 0.00341708
16 8 168 0.0500015 1.06916 0.55284 6.4612 0.0050641 0.00292336
16 9 162 0.0487086 1.07885 0.594978 6.71672 0.00481569 0.00276861
16 10 167 0.0463389 1.16706 0.7355 7.27725 0.00462336 0.00263817
16 11 166 0.0503613 1.12511 0.731826 6.29941 0.00467824 0.00270369
16 12 167 0.0423255 1.13759 0.86629 8.41347 0.00451459 0.00254359
16 13 142 0.0437117 1.20884 0.943631 7.78019 0.00365862 0.00207039
16 14 151 0.0378261 1.28525 1.11316 9.76187 0.00361086 0.00200566
16 15 128 0.0384079 1.25221 1.13239 9.37924 0.00307698 0.00171227
16 16 135 0.0371926 1.17728 1.1818 9.91384 0.00327416 0.001815
16 17 94 0.0461226 1.33701 1.40122 6.51396 0.00203422 0.00115997
16 18 89 0.03835 1.30337 1.41219 8.93874 0.00193788 0.00107818
16 19 70 0.0335086 1.35959 1.56491 10.7175 0.0014346 0.000786054
16 20 59 0.0352415 1.54259 1.90405 9.60059 0.00105151 0.000579311
16 21 32 0.0315246 1.36545 1.76139 10.901 0.000617927 0.000336465
16 22 13 0.717611 1.75595 2.14663 -11.3428 0.000208 0.000110532
16 23 13 0.694543 1.50002 2.14115 -11.1863 0.000219078 0.000112676
17 0 173 0.046651 1.12059 0.0393937 7.35592 0.00543148 0.00310237
17 1 198 0.0475793 1.09504 0.0944845 7.2627 0.0062853 0.00360062
17 2 146 0.0495124 1.13384 0.17152 6.46286 0.00452627 0.00260885
17 3 192 0.0484934 1.18592 0.245461 6.94926 0.00576648 0.00331298
17 4 187 0.0467038 1.10132 0.284997 7.4118 0.00582368 0.00332694
17 5 176 0.0489833 1.12846 0.353727 6.75767 0.00536047 0.00308449
17 6 178 0.0495988 1.20169 0.43834 6.5758 0.00517124 0.00298141
17 7 181 0.0466644 1.17906 0.480757 7.32286 0.00527331 0.00301215
17 8 175 0.0419577 1.20355 0.608231 8.61548 0.00491694 0.00276706
17 9 160 0.0495409 1.10676 0.625358 6.48663 0.00466622 0.00268976
17 10 145 0.0487343 1.20653 0.711583 6.5184 0.00397406 0.00228493
17 11 141 0.0443444 1.18572 0.779449 7.64143 0.00383132 0.00217247
17 12 141 0.0430754 1.36939 0.890573 7.91905 0.00347254 0.00196113
17 13 134 0.0417657 1.27543 1.00338 8.28317 0.00331594 0.00186495
17 14 122 0.0429955 1.30946 1.06461 7.77476 0.00293361 0.00165635
17 15 132 0.0392232 1.34651 1.15728 9.07068 0.00305555 0.00170473
17 16 112 0.038647 1.43687 1.31176 9.04732 0.00241505 0.00134494
17 17 79 0.730123 1.37676 1.35838 -9.29037 0.00171147 0.000925339
17 18 68 0.0334737 1.43314 1.51452 10.7008 0.00138705 0.000759916
17 19 70 0.0343702 1.5231 1.6949 10.229 0.00132687 0.000729008
17 20 33 0.033416 1.60299 1.90676 9.85702 0.000579898 0.000317649
17 21 30 0.717521 1.69217 1.98513 -10.4523 0.000506549 0.000269147
17 22 10 0.728946 1.98167 2.49912 -11.7807 0.000141119 7.61757e-05
17 23 14 0.711531 2.18693 2.9383 -11.4945 0.000173926 9.16417e-05
18 0 164 0.0468375 1.21272 0.00411464 7.20856 0.00492149 0.00281273
18 1 178 0.0429215 1.25933 0.100926 8.37191 0.00521102 0.00294152
18 2 186 0.0488935 1.25373 0.197913 6.79207 0.00542966 0.00312342
18 3 179 0.0465523 1.22048 0.197307 7.35923 0.00530988 0.00303196
18 4 192 0.0491054 1.19637 0.323023 6.78767 0.0056875 0.00327394
18 5 182 0.0524741 1.28159 0.382855 5.93005 0.00514052 0.00299079
18 6 173 0.0456942 1.22423 0.426464 7.52597 0.00498418 0.00283827
18 7 179 0.0401847 1.27453 0.519511 9.21491 0.004963 0.00277736
18 8 170 0.0488501 1.24966 0.575845 6.66124 0.00471434 0.00271156
18 9 166 0.0425364 1.27726 0.645775 8.34082 0.00448471 0.00252844
18 10 145 0.0446719 1.34291 0.772134 7.51533 0.00370952 0.00210558
18 11 133 0.0432052 1.33019 0.871679 7.84058 0.00333945 0.00188675
18 12 128 0.0443459 1.35407 0.881371 7.45393 0.00317762 0.00180181
18 13 120 0.0444648 1.41984 1.03758 7.2925 0.00279801 0.00158716
18 14 131 0.0358264 1.39331 1.03131 10.4223 0.00308772 0.00170428
18 15 106 0.0352688 1.38854 1.14614 10.4252 0.00242773 0.00133764
18 16 86 0.0393196 1.55868 1.24715 8.516 0.00181692 0.00101399
18 17 88 0.0332353 1.49443 1.4103 11.0879 0.00181642 0.000994408
18 18 67 0.0393354 1.57121 1.54803 8.17936 0.00130497 0.00072832
18 19 49 0.0332592 1.70338 1.70803 10.3571 0.000885123 0.000484601
18 20 33 0.030983 1.99079 2.03049 11.0232 0.000516402 0.000280704
18 21 15 0.723832 2.17514 2.1615 -11.3171 0.000219366 0.000117582
18 22 11 0.719781 2.04439 2.24886 -11.6013 0.000162171 8.64385e-05
18 23 0 0 0 0 0 0 0
19 0 177 0.047557 1.26465 0.0399744 7.07434 0.00517694 0.00296547
19 1 165 0.0487504 1.33402 0.0380784 6.67525 0.00466707 0.00268352
19 2 201 0.0492089 1.27223 0.183352 6.78636 0.00582181 0.00335235
19 3 194 0.04422 1.35327 0.244516 8.0172 0.00538185 0.00305046
19 4 164 0.0479038 1.41302 0.334709 6.82164 0.00438755 0.00251605
19 5 174 0.051186 1.40717 0.389452 6.1056 0.00463785 0.00268736
19 6 179 0.0462927 1.33876 0.459907 7.34186 0.00487171 0.00277949
19 7 162 0.0483889 1.43454 0.559675 6.64875 0.00416189 0.00239031
19 8 132 0.0503724 1.37104 0.565464 6.00126 0.00348095 0.00201182
19 9 170 0.0420483 1.38952 0.614458 8.47747 0.00440869 0.00248175
19 10 154 0.0374249 1.44886 0.76076 9.96702 0.00378776 0.00210125
19 11 128 0.0384798 1.52192 0.857032 9.32678 0.0029999 0.00166975
19 12 127 0.0462023 1.56956 0.938773 6.83824 0.00287397 0.00163923
19 13 115 0.0450468 1.57201 1.01519 7.0373 0.00255663 0.0014529
19 14 98 0.0471891 1.56235 1.13245 6.27869 0.00212698 0.00121697
19 15 97 0.0324561 1.62587 1.19744 11.5943 0.00203058 0.00110892
19 16 81 0.729724 1.5817 1.32036 -9.31418 0.00166829 0.000901498
19 17 55 0.0376186 1.64957 1.40955 8.64129 0.0010859 0.000602768
19 18 39 0.726981 1.67468 1.70841 -10.1572 0.000709479 0.000381941
19 19 35 0.0345958 1.9414 1.87107 9.2869 0.000574091 0.000315642
19 20 14 0.724968 1.82245 1.73487 -11.2161 0.000243898 0.000130937
19 21 0 0 0 0 0 0 0
19 22 0 0 0 0 0 0 0
19 23 0 0 0 0 0 0 0
20 0 191 0.0435818 1.45463 0.0144338 8.15167 0.00510373 0.00288698
20 1 163 0.0478662 1.49438 0.117732 6.80314 0.00426686 0.00244655
20 2 157 0.0417665 1.40694 0.1869 8.53472 0.00426543 0.00239896
20 3 153 0.0418552 1.51424 0.20483 8.42986 0.00395199 0.0022233
20 4 182 0.0470469 1.44402 0.298085 7.13311 0.00481868 0.0027558
20 5 174 0.0403997 1.42298 0.384824 9.06649 0.00460767 0.00258027
20 6 165 0.0459879 1.48675 0.454874 7.27758 0.00421022 0.00239976
20 7 144 0.0473628 1.5093 0.513262 6.76303 0.00360942 0.00206629
20 8 137 0.0404642 1.49518 0.592037 8.74411 0.00341252 0.00191138
20 9 154 0.0420894 1.58022 0.714577 8.26966 0.00362858 0.00204287
20 10 136 0.0420897 1.59585 0.765174 8.12995 0.00315581 0.00177671
20 11 118 0.0370398 1.54613 0.879302 9.79277 0.00272777 0.00151139
20 12 113 0.0374491 1.54451 0.945732 9.5721 0.00257647 0.0014294
20 13 85 0.039468 1.6997 1.04422 8.45148 0.00179678 0.00100322
20 14 91 0.0367434 1.6571 1.04941 9.57753 0.00194965 0.00107924
20 15 63 0.0414003 1.79941 1.29749 7.40306 0.00122122 0.000686043
20 16 47 0.0331948 1.7977 1.43373 10.388 0.000884159 0.000483974
20 17 44 0.72595 1.90639 1.62549 -10.0716 0.000769404 0.000413614
20 18 25 0.712854 1.91284 1.62033 -10.5793 0.000436925 0.000230644
20 19 16 0.7008 1.93907 1.91657 -11.0442 0.000259889 0.00013487
20 20 13 0.711665 1.67267 1.76099 -11.2007 0.000233463 0.000123035
20 21 0 0 0 0 0 0 0
20 22 0 0 0 0 0 0 0
20 23 0 0 0 0 0 0 0
21 0 168 0.0457421 1.52922 0.0326946 7.37367 0.00433637 0.00246975
21 1 147 0.0489087 1.54871 0.148658 6.41805 0.00374913 0.0021568
21 2 164 0.043524 1.52638 0.171188 7.97896 0.00422079 0.0023871
21 3 150 0.0380138 1.52974 0.264594 9.74865 0.00383152 0.0021295
21 4 151 0.0439328 1.624 0.333834 7.72049 0.0036787 0.00208321
21 5 161 0.0449998 1.62022 0.391641 7.47452 0.00390688 0.00221991
21 6 147 0.0429364 1.60956 0.471457 7.98381 0.003551 0.00200456
21 7 142 0.0417428 1.68213 0.538824 8.28571 0.00329996 0.00185583
21 8 121 0.0482521 1.71338 0.641022 6.26351 0.00273763 0.00157163
21 9 119 0.0376052 1.6386 0.706607 9.57361 0.0027441 0.00152315
21 10 112 0.0379208 1.74658 0.811055 9.33107 0.00243471 0.00135278
21 11 101 0.0426081 1.71338 0.895954 7.6011 0.00218861 0.0012342
21 12 83 0.0374241 1.92964 1.04388 9.12033 0.00162381 0.000900805
21 13 75 0.038021 1.75169 1.00204 8.85422 0.00157078 0.000873031
21 14 71 0.0368746 1.84569 1.22342 9.17719 0.0013784 0.000763336
21 15 46 0.0397204 1.99598 1.35628 7.59001 0.000830654 0.000464162
21 16 39 0.0353894 1.95921 1.48469 9.11858 0.000693195 0.000382083
21 17 22 0.0341758 1.99227 1.66262 9.0513 0.000373165 0.000204898
21 18 19 0.718128 2.3396 1.85365 -11.0312 0.0002847 0.000151399
21 19 0 0 0 0 0 0 0
21 20 0 0 0 0 0 0 0
21 21 0 0 0 0 0 0 0
21 22 0 0 0 0 0 0 0
21 23 0 0 0 0 0 0 0
22 0 126 0.0378049 1.64177 0.0537514 9.6145 0.00309054 0.00171653
22 1 127 0.0420313 1.69529 0.117202 8.11055 0.00303821 0.00171019
22 2 155 0.0419165 1.72816 0.176279 8.33004 0.00364765 0.00205248
22 3 148 0.0466279 1.79418 0.244562 6.88613 0.00337489 0.00192754
22 4 148 0.0411293 1.72867 0.354407 8.52859 0.00344191 0.0019319
22 5 102 0.0412126 1.68972 0.414998 8.13942 0.00239747 0.00134603
22 6 122 0.045272 1.76957 0.477432 7.04969 0.00275623 0.00156745
22 7 124 0.0398872 1.82412 0.552076 8.71648 0.00271764 0.0015194
22 8 112 0.0398226 1.79124 0.61203 8.64274 0.00246775 0.0013794
22 9 91 0.0378595 1.91296 0.723994 9.09908 0.00188534 0.00104733
22 10 91 0.0373947 1.83663 0.895414 9.28216 0.00188691 0.00104666
22 11 75 0.0351343 1.91901 0.90063 10.0098 0.00150936 0.000831274
22 12 79 0.0322737 2.00368 1.07079 11.3873 0.00150125 0.000819377
22 13 57 0.036612 2.18846 1.23067 8.95877 0.000994861 0.000550482
22 14 57 0.72217 1.98966 1.28386 -9.7478 0.00104601 0.000559383
22 15 29 0.720656 2.20907 1.51768 -10.5238 0.000478186 0.000255187
22 16 26 0.716992 2.00312 1.40842 -10.5384 0.000463669 0.000246182
22 17 14 0.71029 2.41896 1.94105 -11.336 0.000202651 0.000106591
22 18 0 0 0 0 0 0 0
22 19 0 0 0 0 0 0 0
22 20 0 0 0 0 0 0 0
22 21 0 0 0 0 0 0 0
22 22 0 0 0 0 0 0 0
22 23 0 0 0 0 0 0 0
23 0 127 0.0387342 1.85791 0.0449046 9.17649 0.00283858 0.00158123
23 1 127 0.0451626 1.84313 0.0699911 7.1154 0.00285524 0.0016232
23 2 120 0.0377572 1.81188 0.173863 9.50739 0.00272551 0.00151357
23 3 112 0.0419479 1.89521 0.293553 7.91897 0.0024426 0.00137456
23 4 117 0.0365665 1.87512 0.367488 9.92237 0.00255901 0.00141576
23 5 117 0.0418119 1.96669 0.397734 7.9704 0.0024617 0.00138471
23 6 110 0.0428429 1.95449 0.51147 7.57895 0.00230174 0.00129896
23 7 91 0.0381922 1.92367 0.590524 8.98432 0.00191027 0.00106229
23 8 89 0.0404934 1.95876 0.692326 8.10594 0.00182078 0.00101993
23 9 87 0.0443465 2.02221 0.814465 6.83467 0.00171099 0.000970186
23 10 61 0.726259 1.85327 0.812395 -9.56801 0.00127479 0.000685591
23 11 65 0.725898 2.06334 0.92097 -9.59342 0.00124084 0.000666999
23 12 44 0.036849 2.25588 1.14342 8.5964 0.000763145 0.000422584
23 13 27 0.730914 2.30822 1.27448 -10.6261 0.000451632 0.000244447
23 14 24 0.726915 2.31573 1.32875 -10.7373 0.000397081 0.000213745
23 15 14 0.713502 2.51367 1.59291 -11.3132 0.000210351 0.000111141
23 16 11 0.72343 2.49037 1.90376 -11.6454 0.000157695 8.44789e-05
23 17 0 0 0 0 0 0 0
23 18 0 0 0 0 0 0 0
23 19 0 0 0 0 0 0 0
23 20 0 0 0 0 0 0 0
23 21 0 0 0 0 0 0 0
23 22 0 0 0 0 0 0 0
23 23 0 0 0 0 0 0 0
