#  ix    iy     NB       E/N    TB    UxB       UyB       muB       rhoB     epsilonB
0 0 29 0.005 0.0674239 0.0179871 207.632 0.001476 0.00153233
0 1 25 0.005 0.0132196 0.0319976 209.361 0.00127475 0.00133441
0 2 18 0.005 0.0265852 0.143813 208.055 0.000908701 0.0009453
0 3 23 0.005 0.0969761 0.193931 203.404 0.00114682 0.00116634
0 4 20 0.005 0.0349485 0.194496 203.716 0.00100105 0.00101965
0 5 26 0.005 -0.00821143 0.216838 201.271 0.00129636 0.0013046
0 6 23 0.005 0.00414357 0.293666 209.712 0.00112591 0.00118059
0 7 23 0.005 -0.0271103 0.451799 206.738 0.00106906 0.00110508
0 8 19 0.005 0.0322667 0.458626 204.971 0.00088076 0.000902649
0 9 26 0.005 0.0229728 0.579693 200.208 0.00114742 0.00114861
0 10 28 0.005 0.0993563 0.587034 201.121 0.00122748 0.00123436
0 11 35 0.005 -0.0546114 0.609939 202.582 0.00152286 0.00154252
0 12 26 0.005 0.00392226 0.696644 206.016 0.00108844 0.00112118
0 13 26 0.005 -0.0300404 0.824736 209.36 0.00102311 0.00107099
0 14 32 0.005 0.0510099 0.891144 201.599 0.00121801 0.00122775
0 15 26 0.005 0.00153307 0.919015 204.761 0.000976714 0.000999963
0 16 32 0.005 0.0495216 0.940281 200.199 0.00118866 0.00118984
0 17 27 0.005 0.0290122 1.17509 203.354 0.000892619 0.000907588
0 18 20 0.005 0.101922 1.04456 203.345 0.000703897 0.000715668
0 19 20 0.005 0.0470138 1.34895 201.033 0.000607442 0.00061058
0 20 30 0.005 0.0658019 1.37494 204.071 0.000899615 0.000917929
0 21 25 0.005 0.0938763 1.34426 200.011 0.000760117 0.000760158
0 22 21 0.005 -0.0208502 1.48888 196.945 0.000597343 0.00058822
0 23 12 0.005 0.0416754 1.84345 199.434 0.000291875 0.00029105
1 0 29 0.005 0.0329053 0.140101 202.05 0.0014645 0.00147952
1 1 23 0.005 0.0488429 0.0850936 204.089 0.00116786 0.00119174
1 2 19 0.005 0.155146 0.10434 202.647 0.000952876 0.000965485
1 3 18 0.005 0.114221 0.10863 208.144 0.000907166 0.000944105
1 4 24 0.005 0.0611702 0.152615 204.071 0.00120827 0.00123286
1 5 28 0.005 -0.00583303 0.293947 210.317 0.00137056 0.00144126
1 6 24 0.005 0.192524 0.391133 201.814 0.00112246 0.00113265
1 7 24 0.005 0.0646871 0.398206 209.471 0.00113556 0.00118934
1 8 26 0.005 0.0172693 0.39542 203.654 0.00123343 0.00125597
1 9 27 0.005 0.0392047 0.516969 201.299 0.00122296 0.00123091
1 10 20 0.005 -0.0150153 0.631341 204.355 0.000862767 0.000881552
1 11 21 0.005 -0.0236125 0.598974 200.032 0.00091897 0.000919116
1 12 31 0.005 -0.0327084 0.701342 200.328 0.00129444 0.00129657
1 13 20 0.005 0.0788902 0.804193 204.303 0.000793678 0.000810754
1 14 31 0.005 0.0600409 0.87812 204.246 0.00118725 0.00121246
1 15 23 0.005 0.0666238 0.857738 198.537 0.000889566 0.000883061
1 16 21 0.005 0.0917706 0.976594 199.605 0.000764885 0.000763373
1 17 33 0.005 0.0950646 0.944946 205.068 0.00122084 0.00125177
1 18 20 0.005 0.124375 1.18097 198.79 0.000657281 0.000653304
1 19 24 0.005 0.107 1.26022 199.342 0.000759455 0.000756956
1 20 13 0.005 0.125773 1.37812 201.471 0.000388478 0.000391335
1 21 28 0.005 0.0738512 1.5421 197.561 0.000776635 0.000767165
1 22 22 0.005 0.106261 1.62014 200.028 0.000588636 0.000588717
1 23 10 0.005 0.0712762 1.75535 200.492 0.000252393 0.000253014
2 0 26 0.005 0.143987 0.0180893 207.176 0.00131278 0.00135988
2 1 22 0.005 0.1116 0.0837662 209.117 0.00111168 0.00116235
2 2 24 0.005 0.129598 0.126447 203.977 0.0012049 0.00122886
2 3 24 0.005 0.112023 0.201973 204.201 0.00119308 0.00121814
2 4 22 0.005 0.110623 0.258159 200.859 0.00108064 0.00108527
2 5 29 0.005 0.154219 0.286281 205.084 0.00140707 0.00144283
2 6 18 0.005 0.109829 0.4229 208.957 0.000841546 0.000879232
2 7 19 0.005 0.108622 0.405774 206.723 0.000893739 0.000923783
2 8 29 0.005 0.153069 0.42528 203.787 0.00134827 0.0013738
2 9 20 0.005 0.0703772 0.424852 202.792 0.000937199 0.000950282
2 10 23 0.005 0.0761197 0.565023 212.293 0.00101943 0.00108209
2 11 30 0.005 0.191122 0.639235 205.089 0.00127324 0.00130563
2 12 35 0.005 0.158655 0.71228 204.92 0.00144248 0.00147796
2 13 27 0.005 0.218178 0.785822 198.775 0.00106754 0.001061
2 14 28 0.005 0.1649 0.784502 203.688 0.00111463 0.00113519
2 15 26 0.005 0.140769 0.939326 204.419 0.000961822 0.000983073
2 16 23 0.005 0.0807552 0.868499 198.834 0.000884332 0.000879175
2 17 26 0.005 0.233815 1.10251 200.2 0.000880411 0.000881291
2 18 22 0.005 0.156102 1.01839 196.318 0.000781767 0.000767373
2 19 30 0.005 0.166908 1.32966 203.192 0.000915396 0.000930003
2 20 31 0.005 0.194824 1.31267 200.866 0.000951848 0.000955969
2 21 26 0.005 0.172285 1.61424 204.739 0.000695726 0.000712213
2 22 11 0.005 0.0852618 1.46674 196.941 0.000315784 0.000310954
2 23 18 0.005 0.173127 1.64288 196.894 0.000475574 0.000468188
3 0 28 0.005 0.17014 -0.0416795 207.874 0.00140715 0.00146254
3 1 21 0.005 0.104237 0.119514 201.935 0.0010582 0.00106844
3 2 21 0.005 0.183622 0.129752 204.884 0.00104533 0.00107086
3 3 34 0.005 0.130207 0.17311 204.184 0.00169538 0.00173085
3 4 28 0.005 0.166564 0.239837 205.026 0.0013713 0.00140577
3 5 24 0.005 0.181876 0.28377 208.154 0.00116035 0.00120766
3 6 21 0.005 0.158909 0.222601 199.391 0.00103347 0.00103033
3 7 27 0.005 0.167778 0.456845 203.025 0.00123865 0.00125738
3 8 21 0.005 0.143524 0.454318 205.758 0.000967253 0.0009951
3 9 33 0.005 0.193125 0.503295 202.362 0.00148205 0.00149955
3 10 35 0.005 0.238883 0.623421 203.857 0.00148515 0.00151379
3 11 39 0.005 0.175421 0.603848 203.634 0.00168445 0.00171506
3 12 31 0.005 0.190385 0.669129 200.808 0.00129835 0.0013036
3 13 26 0.005 0.268113 0.718669 204.257 0.00105255 0.00107495
3 14 28 0.005 0.18394 0.918435 201.861 0.00104263 0.00105233
3 15 27 0.005 0.232212 0.879129 203.925 0.00101921 0.00103921
3 16 26 0.005 0.200573 1.00098 203.644 0.000928259 0.00094517
3 17 36 0.005 0.20842 1.13278 199.504 0.00120415 0.00120117
3 18 25 0.005 0.257932 1.13581 205.528 0.000830888 0.000853854
3 19 21 0.005 0.324694 1.37356 199.386 0.000619406 0.000617504
3 20 19 0.005 0.135687 1.4089 197.859 0.000559358 0.000553371
3 21 20 0.005 0.164362 1.43501 194.683 0.000580841 0.000565399
3 22 15 0.005 0.293348 1.65003 202.6 0.000392148 0.000397247
3 23 11 0.005 0.263153 1.83499 197.857 0.000266452 0.000263597
4 0 24 0.005 0.16475 0.00560396 203.206 0.00120818 0.00122755
4 1 33 0.005 0.227917 0.0409406 204.662 0.00164027 0.00167851
4 2 23 0.005 0.204966 0.14532 206.666 0.0011381 0.00117603
4 3 23 0.005 0.249871 0.17937 205.922 0.00112161 0.00115482
4 4 26 0.005 0.225337 0.205962 204.473 0.00126873 0.0012971
4 5 16 0.005 0.209586 0.221451 210.674 0.000780837 0.000822511
4 6 24 0.005 0.128591 0.290481 211.238 0.00116702 0.0012326
4 7 25 0.005 0.258802 0.380236 200.754 0.00115881 0.00116318
4 8 29 0.005 0.217502 0.496133 206.532 0.00130097 0.00134345
4 9 27 0.005 0.310921 0.565082 202.279 0.00115765 0.00117084
4 10 49 0.005 0.271875 0.538256 203.407 0.00214087 0.00217734
4 11 36 0.005 0.262255 0.686621 204.812 0.00147997 0.00151558
4 12 36 0.005 0.260927 0.639701 205 0.00151117 0.00154894
4 13 24 0.005 0.273645 0.747628 206.537 0.00095797 0.000989281
4 14 22 0.005 0.361772 0.859821 202.703 0.000820779 0.000831873
4 15 22 0.005 0.197941 0.877689 201.517 0.000834421 0.00084075
4 16 39 0.005 0.296354 1.01769 205.302 0.00136547 0.00140167
4 17 31 0.005 0.287528 1.09377 201.183 0.00104769 0.00105389
4 18 30 0.005 0.29577 1.1022 199.755 0.00100875 0.00100751
4 19 27 0.005 0.4102 1.33299 201.71 0.000802706 0.000809569
4 20 22 0.005 0.343645 1.3894 197.771 0.000642868 0.000635704
4 21 15 0.005 0.289186 1.34692 195.582 0.000449572 0.000439642
4 22 11 0.005 0.396275 1.68918 201.828 0.000280249 0.000282811
4 23 0 0 0 0 0 0 0
5 0 30 0.005 0.320863 -0.0636134 205.218 0.00145476 0.00149271
5 1 21 0.005 0.290445 0.173853 201.008 0.00101486 0.00101997
5 2 26 0.005 0.361259 0.178634 205.069 0.00123037 0.00126155
5 3 34 0.005 0.324381 0.171896 203.793 0.00162843 0.00165932
5 4 30 0.005 0.333086 0.226299 205.086 0.00141982 0.00145592
5 5 38 0.005 0.274572 0.272376 206.911 0.00180825 0.00187073
5 6 24 0.005 0.207567 0.311507 204.247 0.00114678 0.00117113
5 7 23 0.005 0.28895 0.427132 205.092 0.00104296 0.00106951
5 8 21 0.005 0.354571 0.399622 205.842 0.00094502 0.000972622
5 9 28 0.005 0.246556 0.475246 201.888 0.00125942 0.00127131
5 10 31 0.005 0.306127 0.528317 212.062 0.00134989 0.0014313
5 11 37 0.005 0.334761 0.683686 203.728 0.00150206 0.00153006
5 12 28 0.005 0.288679 0.734587 204.588 0.00112137 0.00114709
5 13 30 0.005 0.350263 0.884547 204.282 0.00110893 0.00113268
5 14 32 0.005 0.270658 0.826867 201.922 0.00123172 0.00124356
5 15 27 0.005 0.283202 0.854503 200.865 0.00102382 0.00102824
5 16 20 0.005 0.333056 0.926154 202.5 0.000727253 0.000736345
5 17 20 0.005 0.334309 1.08037 202.462 0.000675934 0.000684255
5 18 24 0.005 0.368301 1.13679 202.717 0.000785846 0.000796522
5 19 28 0.005 0.375532 1.34322 199.232 0.000832417 0.000829222
5 20 31 0.005 0.361469 1.43617 196.586 0.000885094 0.000869984
5 21 21 0.005 0.372885 1.46017 199.237 0.000592399 0.000590139
5 22 15 0.005 0.432612 1.74594 202.617 0.000371865 0.000376731
5 23 12 0.005 0.461116 1.9804 197.034 0.000270191 0.000266184
6 0 23 0.005 0.295971 -0.0327421 201.832 0.00112467 0.00113497
6 1 33 0.005 0.326735 0.056339 206.198 0.00159812 0.00164765
6 2 26 0.005 0.3063 0.179332 204.27 0.00125012 0.00127681
6 3 34 0.005 0.416715 0.277839 208.813 0.00155103 0.00161938
6 4 30 0.005 0.331601 0.277329 203.766 0.00140496 0.00143142
6 5 28 0.005 0.271396 0.238236 201.129 0.00134364 0.00135122
6 6 26 0.005 0.446208 0.474653 202.477 0.00111148 0.00112525
6 7 19 0.005 0.311021 0.397334 209.143 0.000865453 0.000905018
6 8 29 0.005 0.406251 0.451777 205.007 0.0012645 0.00129615
6 9 29 0.005 0.358907 0.543367 204.763 0.00123987 0.0012694
6 10 26 0.005 0.47258 0.686928 206.524 0.00101884 0.00105207
6 11 23 0.005 0.393897 0.691261 202.063 0.000918288 0.000927761
6 12 28 0.005 0.329799 0.696583 203.164 0.00113151 0.00114941
6 13 29 0.005 0.402432 0.775191 202.899 0.00111438 0.00113053
6 14 28 0.005 0.417345 0.889296 201.248 0.0010191 0.00102546
6 15 31 0.005 0.397293 0.869492 199.782 0.00114328 0.00114203
6 16 28 0.005 0.325521 0.993351 198.591 0.000987523 0.000980568
6 17 28 0.005 0.367665 1.11911 201.728 0.000924533 0.000932522
6 18 37 0.005 0.407771 1.19117 200.694 0.00117409 0.00117817
6 19 21 0.005 0.453188 1.28519 202.303 0.000633872 0.00064117
6 20 36 0.005 0.413977 1.28815 202.497 0.00109169 0.00110532
6 21 10 0.005 0.487434 1.59968 197.68 0.000261847 0.00025881
6 22 16 0.005 0.471507 1.43111 198.494 0.000451402 0.000448004
6 23 11 0.005 0.50133 1.77921 201.031 0.000267041 0.000268417
7 0 27 0.005 0.356389 0.0199454 208.391 0.00129738 0.00135181
7 1 28 0.005 0.322355 0.0938332 204.758 0.00135428 0.0013865
7 2 18 0.005 0.313503 0.1254 203.129 0.000870106 0.000883718
7 3 36 0.005 0.433 0.111245 205.215 0.0016768 0.00172052
7 4 29 0.005 0.308411 0.289383 204.942 0.00136273 0.0013964
7 5 34 0.005 0.368829 0.267257 205.1 0.00157865 0.0016189
7 6 31 0.005 0.438229 0.329389 203.393 0.00138689 0.00141043
7 7 26 0.005 0.392635 0.431312 207.125 0.00114587 0.00118668
7 8 29 0.005 0.444015 0.4719 205.095 0.00124172 0.00127335
7 9 35 0.005 0.412354 0.509581 204.286 0.00149344 0.00152545
7 10 40 0.005 0.477394 0.58385 205.404 0.00162938 0.0016734
7 11 31 0.005 0.426444 0.627289 201.905 0.00126014 0.00127214
7 12 31 0.005 0.392743 0.708288 200.617 0.0012291 0.00123289
7 13 20 0.005 0.397953 0.715654 200.071 0.000789491 0.00078977
7 14 33 0.005 0.466434 0.891426 201.389 0.00118692 0.00119516
7 15 35 0.005 0.442256 0.930362 203.882 0.00124381 0.00126796
7 16 26 0.005 0.533813 1.12591 202.792 0.000830276 0.000841867
7 17 34 0.005 0.426164 1.01316 200.631 0.00116738 0.00117106
7 18 28 0.005 0.595934 1.30427 203.962 0.000817159 0.000833347
7 19 24 0.005 0.525501 1.19857 195.599 0.000743453 0.000727092
7 20 15 0.005 0.617684 1.49432 202.833 0.00040254 0.000408241
7 21 27 0.005 0.52685 1.62044 201.8 0.000697246 0.000703521
7 22 0 0 0 0 0 0 0
7 23 11 0.005 0.610367 1.73125 195.014 0.000268477 0.000261785
8 0 32 0.005 0.402356 -0.000468168 203.491 0.00151465 0.00154109
8 1 26 0.005 0.441759 0.0681661 207.122 0.00121105 0.00125418
8 2 40 0.005 0.536516 0.131463 203.341 0.00178639 0.00181623
8 3 42 0.005 0.481659 0.192598 207.767 0.00190216 0.00197603
8 4 22 0.005 0.400412 0.234298 201.177 0.00101821 0.0010242
8 5 23 0.005 0.460895 0.313574 204.228 0.00102497 0.00104664
8 6 33 0.005 0.464319 0.341414 201.993 0.00145875 0.00147328
8 7 24 0.005 0.402199 0.374991 207.427 0.00107297 0.00111281
8 8 29 0.005 0.363602 0.515584 209.193 0.00125136 0.00130888
8 9 39 0.005 0.54006 0.605231 201.727 0.00154533 0.00155867
8 10 33 0.005 0.384337 0.611007 207.19 0.00136517 0.00141425
8 11 31 0.005 0.420955 0.652307 201.019 0.00124933 0.0012557
8 12 29 0.005 0.389099 0.640964 204.102 0.00118377 0.00120806
8 13 30 0.005 0.499428 0.776633 202.036 0.00112454 0.00113599
8 14 28 0.005 0.482678 0.873496 198.423 0.00101117 0.0010032
8 15 24 0.005 0.560744 0.97902 203.382 0.000812201 0.000825937
8 16 31 0.005 0.580135 1.00158 207.033 0.00103401 0.00107037
8 17 30 0.005 0.585867 1.09399 201.295 0.000960381 0.000966601
8 18 17 0.005 0.640285 1.37828 199.142 0.000476765 0.00047472
8 19 26 0.005 0.569324 1.35266 203.821 0.000746963 0.000761235
8 20 19 0.005 0.581077 1.42482 199.47 0.000528235 0.000526836
8 21 16 0.005 0.630368 1.52365 195.966 0.00042331 0.000414772
8 22 14 0.005 0.577574 1.49009 195.023 0.000378893 0.000369464
8 23 0 0 0 0 0 0 0
9 0 18 0.005 0.541678 0.0440759 205.083 0.000806903 0.00082741
9 1 31 0.005 0.550049 0.141878 204.756 0.00137524 0.00140794
9 2 29 0.005 0.421833 0.147945 200.281 0.00135077 0.00135267
9 3 25 0.005 0.468721 0.199094 203.407 0.00113661 0.00115597
9 4 29 0.005 0.46208 0.24057 208.796 0.00131221 0.00136992
9 5 21 0.005 0.507652 0.361913 201.079 0.000909202 0.000914105
9 6 30 0.005 0.504506 0.278235 204.9 0.00132624 0.00135874
9 7 35 0.005 0.493969 0.394803 201.94 0.00150927 0.00152391
9 8 33 0.005 0.479178 0.464459 204.31 0.00140047 0.00143065
9 9 29 0.005 0.58762 0.555204 201.447 0.00115062 0.00115895
9 10 31 0.005 0.575074 0.525769 199.466 0.00124761 0.00124428
9 11 31 0.005 0.527114 0.644948 202.67 0.00121527 0.0012315
9 12 30 0.005 0.534944 0.752832 201.053 0.00112444 0.00113036
9 13 42 0.005 0.586836 0.836259 204.455 0.00149894 0.00153233
9 14 29 0.005 0.492461 0.816381 204.315 0.00107088 0.00109398
9 15 27 0.005 0.588725 0.97107 205.1 0.000910396 0.000933611
9 16 31 0.005 0.627489 1.07057 200.678 0.000992433 0.000995799
9 17 22 0.005 0.67662 1.13439 199.607 0.000677522 0.000676191
9 18 14 0.005 0.698662 1.2833 201.247 0.000403417 0.000405932
9 19 24 0.005 0.639717 1.27611 198.36 0.00070256 0.000696799
9 20 20 0.005 0.690027 1.3705 199.842 0.000557141 0.000556701
9 21 18 0.005 0.755101 1.59426 194.938 0.000452895 0.000441433
9 22 10 0.005 0.772003 1.69362 196.289 0.000241472 0.000236991
9 23 11 0.005 0.818289 1.87981 197.126 0.000246035 0.0002425
10 0 49 0.005 0.492665 0.0336064 203.087 0.00224159 0.00227619
10 1 37 0.005 0.614495 0.127755 203.75 0.00159892 0.0016289
10 2 27 0.005 0.576593 0.150269 205.283 0.0011834 0.00121466
10 3 20 0.005 0.487821 0.175002 203.263 0.000905967 0.000920746
10 4 29 0.005 0.551803 0.257035 203.984 0.00126385 0.00128902
10 5 26 0.005 0.570501 0.260474 207.157 0.00112381 0.00116403
10 6 23 0.005 0.533267 0.44106 203.964 0.000964942 0.00098407
10 7 33 0.005 0.568104 0.432714 201.582 0.00137016 0.001381
10 8 28 0.005 0.663981 0.43983 204.665 0.00111746 0.00114353
10 9 36 0.005 0.494795 0.487936 205.97 0.00150831 0.00155333
10 10 18 0.005 0.686716 0.713446 203.334 0.000652559 0.000663437
10 11 30 0.005 0.697203 0.693003 207.132 0.00109153 0.00113045
10 12 27 0.005 0.645988 0.694771 205.299 0.000999379 0.00102586
10 13 32 0.005 0.668912 0.846204 201.709 0.00110998 0.00111946
10 14 34 0.005 0.658736 0.931114 205.105 0.0011436 0.00117279
10 15 23 0.005 0.66779 0.943049 199.118 0.000767895 0.00076451
10 16 30 0.005 0.683955 0.965558 199.927 0.000987986 0.000987626
10 17 13 0.005 0.779902 1.20353 196.247 0.000379366 0.000372248
10 18 21 0.005 0.801737 1.38059 201.559 0.000568751 0.000573185
10 19 15 0.005 0.689464 1.25297 194.601 0.000438552 0.000426713
10 20 14 0.005 0.860964 1.51111 200.104 0.000356045 0.00035623
10 21 13 0.005 0.714367 1.46885 193.303 0.000346324 0.000334727
10 22 0 0 0 0 0 0 0
10 23 0 0 0 0 0 0 0
11 0 27 0.005 0.524278 0.0561385 205.601 0.00121854 0.00125266
11 1 43 0.005 0.597791 0.129672 206.845 0.00187151 0.00193556
11 2 33 0.005 0.688336 0.125576 204.888 0.00137952 0.00141323
11 3 27 0.005 0.655957 0.208537 210.866 0.00113473 0.00119638
11 4 41 0.005 0.666985 0.220963 202.522 0.00171158 0.00173316
11 5 28 0.005 0.635937 0.262702 202.437 0.00117689 0.00119123
11 6 33 0.005 0.633756 0.394456 203.786 0.00134921 0.00137475
11 7 36 0.005 0.570166 0.430716 209.389 0.00149441 0.00156457
11 8 33 0.005 0.645838 0.471174 202.838 0.00131508 0.00133374
11 9 34 0.005 0.621951 0.589592 200.463 0.00131717 0.00132022
11 10 27 0.005 0.669683 0.542187 203.241 0.00104359 0.0010605
11 11 32 0.005 0.695537 0.689857 204.407 0.00116628 0.00119198
11 12 28 0.005 0.638311 0.750812 201.811 0.00101752 0.00102673
11 13 21 0.005 0.69056 0.755755 202.359 0.000748676 0.000757506
11 14 27 0.005 0.823951 1.00441 202.808 0.000840261 0.00085206
11 15 26 0.005 0.788665 1.06103 205.788 0.000800251 0.000823411
11 16 23 0.005 0.753368 0.996451 200.451 0.00073335 0.000735005
11 17 28 0.005 0.812527 1.15135 200.936 0.000826745 0.000830616
11 18 22 0.005 0.800225 1.28896 202.444 0.000617721 0.000625269
11 19 18 0.005 0.872639 1.37381 198.189 0.00048077 0.000476418
11 20 14 0.005 0.746005 1.34401 198.305 0.000389507 0.000386206
11 21 0 0 0 0 0 0 0
11 22 0 0 0 0 0 0 0
11 23 0 0 0 0 0 0 0
12 0 35 0.005 0.679399 0.0744392 202.074 0.00147428 0.00148956
12 1 27 0.005 0.777527 0.0453601 203.058 0.00108681 0.00110343
12 2 27 0.005 0.747719 0.220573 205.138 0.00108643 0.00111434
12 3 27 0.005 0.780597 0.254717 204.376 0.00106464 0.00108793
12 4 40 0.005 0.737032 0.267862 206.542 0.00160591 0.00165844
12 5 31 0.005 0.690752 0.327639 202.277 0.0012565 0.0012708
12 6 34 0.005 0.67903 0.389351 205.929 0.001366 0.00140649
12 7 32 0.005 0.68972 0.410234 205.418 0.00127333 0.00130783
12 8 35 0.005 0.71837 0.560133 204.626 0.00132011 0.00135065
12 9 30 0.005 0.732424 0.618291 204.067 0.00110499 0.00112746
12 10 31 0.005 0.838325 0.622032 202.531 0.00109411 0.00110796
12 11 22 0.005 0.767091 0.749213 197.601 0.000765549 0.000756368
12 12 38 0.005 0.831071 0.804515 204.124 0.00126798 0.00129413
12 13 23 0.005 0.860721 0.924753 196.519 0.000728314 0.000715639
12 14 32 0.005 0.820846 0.935337 199.936 0.00102268 0.00102235
12 15 24 0.005 0.805564 1.03275 200.231 0.000743069 0.000743928
12 16 25 0.005 0.859634 1.06432 201.705 0.00075268 0.000759095
12 17 18 0.005 0.913978 1.27171 201.546 0.000494245 0.000498066
12 18 24 0.005 0.875856 1.21736 201.726 0.000679321 0.000685182
12 19 14 0.005 0.954402 1.31312 198.932 0.000374636 0.000372635
12 20 10 0.005 0.927971 1.44231 204.31 0.000256992 0.000262531
12 21 10 0.005 1.1025 1.80669 194.152 0.000217956 0.000211583
12 22 0 0 0 0 0 0 0
12 23 0 0 0 0 0 0 0
13 0 37 0.005 0.86977 0.0428288 205.861 0.00142362 0.00146534
13 1 37 0.005 0.81046 0.0997715 205.974 0.00146219 0.00150586
13 2 33 0.005 0.770533 0.134116 203.031 0.00132622 0.00134632
13 3 36 0.005 0.784819 0.281073 204.131 0.00141081 0.00143995
13 4 35 0.005 0.830678 0.336235 201.457 0.00132986 0.00133954
13 5 36 0.005 0.803227 0.348492 210.521 0.00138189 0.00145459
13 6 28 0.005 0.820494 0.425412 200.621 0.00104912 0.00105238
13 7 28 0.005 0.851225 0.432439 201.434 0.00103325 0.00104066
13 8 29 0.005 0.769192 0.480537 204.364 0.00109597 0.00111989
13 9 30 0.005 0.869356 0.644493 204.297 0.00103877 0.00106109
13 10 34 0.005 0.845102 0.650135 200.494 0.00118668 0.00118961
13 11 26 0.005 0.735347 0.591669 200.917 0.000964703 0.000969127
13 12 32 0.005 0.872473 0.81537 201.49 0.0010482 0.00105601
13 13 28 0.005 0.929667 0.960441 204.393 0.000855765 0.000874561
13 14 27 0.005 0.911249 0.904445 202.604 0.000846479 0.000857501
13 15 22 0.005 0.978047 1.11134 200.504 0.000628289 0.000629873
13 16 14 0.005 1.04724 1.22938 204.795 0.00037604 0.000385055
13 17 21 0.005 0.933579 1.22062 198.222 0.000584383 0.000579188
13 18 18 0.005 1.13599 1.37688 195.062 0.000448852 0.000437769
13 19 12 0.005 1.04917 1.57749 198.525 0.000285795 0.000283687
13 20 0 0 0 0 0 0 0
13 21 0 0 0 0 0 0 0
13 22 0 0 0 0 0 0 0
13 23 0 0 0 0 0 0 0
14 0 40 0.005 0.856188 0.0489268 204.49 0.00154917 0.00158394
14 1 41 0.005 0.816846 0.0966422 202.246 0.00161553 0.00163368
14 2 35 0.005 0.912314 0.116301 208.913 0.00131436 0.00137294
14 3 25 0.005 0.962603 0.245809 204.198 0.000904862 0.000923853
14 4 34 0.005 0.89401 0.2623 204.566 0.00126919 0.00129817
14 5 34 0.005 0.857387 0.244 203.685 0.00129489 0.00131875
14 6 40 0.005 0.854618 0.414849 204.841 0.0014796 0.00151542
14 7 29 0.005 0.888351 0.51821 201.49 0.00103145 0.00103914
14 8 35 0.005 0.993845 0.608181 204.47 0.00116299 0.00118898
14 9 38 0.005 0.905795 0.613868 201.476 0.00130793 0.00131758
14 10 33 0.005 0.910734 0.605929 205.378 0.00113601 0.00116656
14 11 30 0.005 0.981986 0.709344 206.474 0.000974405 0.00100595
14 12 28 0.005 1.03015 0.79994 204.398 0.000869221 0.000888336
14 13 30 0.005 0.974633 0.925242 204.295 0.00091374 0.000933364
14 14 23 0.005 1.00408 0.830182 202.806 0.000714497 0.000724523
14 15 22 0.005 1.03024 1.06481 196.697 0.000627938 0.000617568
14 16 21 0.005 1.11607 1.16906 201.264 0.000563729 0.00056729
14 17 13 0.005 1.07176 1.26076 198.676 0.00034305 0.00034078
14 18 20 0.005 1.19994 1.42875 198.097 0.000482035 0.000477449
14 19 0 0 0 0 0 0 0
14 20 0 0 0 0 0 0 0
14 21 0 0 0 0 0 0 0
14 22 0 0 0 0 0 0 0
14 23 0 0 0 0 0 0 0
15 0 39 0.005 1.03773 0.0265891 206.783 0.00138048 0.0014273
15 1 34 0.005 1.02513 0.161897 207.278 0.00120363 0.00124743
15 2 45 0.005 0.949364 0.170245 202.374 0.00165252 0.00167214
15 3 37 0.005 0.966086 0.175705 203.034 0.00134696 0.00136739
15 4 30 0.005 0.959237 0.262006 200.774 0.00108535 0.00108955
15 5 34 0.005 0.938271 0.293057 201.278 0.0012371 0.00124501
15 6 34 0.005 0.967053 0.423146 203.138 0.00119301 0.00121173
15 7 29 0.005 0.977469 0.458816 210.164 0.00100535 0.00105644
15 8 34 0.005 1.04784 0.537221 202.604 0.00112289 0.0011375
15 9 25 0.005 1.07585 0.521723 204.008 0.0008183 0.000834701
15 10 31 0.005 0.999456 0.716397 197.632 0.000997893 0.000986077
15 11 28 0.005 1.00433 0.788307 203.812 0.000880877 0.000897665
15 12 24 0.005 1.03216 0.768147 201.393 0.000751431 0.000756664
15 13 32 0.005 1.09606 0.945074 201.935 0.000928105 0.000937085
15 14 30 0.005 1.03227 1.00794 199.376 0.000871933 0.000869211
15 15 27 0.005 1.18143 1.08522 200.564 0.000728722 0.000730777
15 16 14 0.005 1.22156 1.21698 198.632 0.000358343 0.000355893
15 17 11 0.005 1.18636 1.14587 192.802 0.000290963 0.00028049
15 18 12 0.005 1.35256 1.29462 197.965 0.00028844 0.000285505
15 19 0 0 0 0 0 0 0
15 20 0 0 0 0 0 0 0
15 21 0 0 0 0 0 0 0
15 22 0 0 0 0 0 0 0
15 23 0 0 0 0 0 0 0
16 0 42 0.005 1.06456 -0.0155154 206.535 0.00146705 0.00151498
16 1 36 0.005 0.980767 0.0602457 201.262 0.00131011 0.00131837
16 2 36 0.005 0.97337 0.0903508 207.866 0.00131342 0.00136508
16 3 36 0.005 1.04647 0.227406 201.83 0.00125357 0.00126505
16 4 41 0.005 1.09224 0.300594 206.204 0.00138434 0.00142728
16 5 30 0.005 1.02228 0.378931 202.956 0.00103461 0.0010499
16 6 26 0.005 1.09283 0.568442 201.22 0.000836068 0.000841166
16 7 27 0.005 1.15148 0.485145 206.248 0.000860757 0.000887646
16 8 26 0.005 1.09993 0.57519 203.08 0.000832228 0.000845045
16 9 26 0.005 1.13294 0.658593 200.003 0.000804729 0.000804741
16 10 28 0.005 1.14781 0.725414 204.559 0.000847152 0.000866465
16 11 31 0.005 1.11218 0.738367 199.872 0.000948235 0.000947628
16 12 28 0.005 1.20786 0.775545 198.543 0.000816608 0.000810659
16 13 23 0.005 1.26653 0.963462 201.266 0.000624365 0.000628317
16 14 14 0.005 1.31326 1.11843 201.903 0.00035824 0.000361649
16 15 21 0.005 1.20971 1.00374 198.154 0.000575101 0.000569794
16 16 11 0.005 1.38245 1.35282 192.188 0.000257744 0.000247677
16 17 0 0 0 0 0 0 0
16 18 0 0 0 0 0 0 0
16 19 0 0 0 0 0 0 0
16 20 0 0 0 0 0 0 0
16 21 0 0 0 0 0 0 0
16 22 0 0 0 0 0 0 0
16 23 0 0 0 0 0 0 0
17 0 47 0.005 1.10681 0.0246875 203.191 0.00160737 0.00163302
17 1 43 0.005 1.10345 0.0606591 201.489 0.00147201 0.00148296
17 2 31 0.005 1.13578 0.178937 200.799 0.00103794 0.00104209
17 3 40 0.005 1.1517 0.170786 205.083 0.0013297 0.0013635
17 4 28 0.005 1.27289 0.264227 204.51 0.000871006 0.000890646
17 5 32 0.005 1.23026 0.325712 201.979 0.00100873 0.00101871
17 6 31 0.005 1.20347 0.471463 202.283 0.000967832 0.000978881
17 7 34 0.005 1.19316 0.482976 204.114 0.00106423 0.00108612
17 8 34 0.005 1.152 0.553306 201.068 0.001069 0.0010747
17 9 27 0.005 1.307 0.636808 199.275 0.000780664 0.000777834
17 10 27 0.005 1.20097 0.6784 202.284 0.00080857 0.000817805
17 11 24 0.005 1.18617 0.762081 204.163 0.000708406 0.000723152
17 12 22 0.005 1.2934 0.882016 200.879 0.000604232 0.000606888
17 13 28 0.005 1.3055 0.963301 196.68 0.000749571 0.000737128
17 14 14 0.005 1.25269 1.03351 195.163 0.000374522 0.000365464
17 15 10 0.005 1.15338 0.954194 193.718 0.000283413 0.000274511
17 16 0 0 0 0 0 0 0
17 17 0 0 0 0 0 0 0
17 18 0 0 0 0 0 0 0
17 19 0 0 0 0 0 0 0
17 20 0 0 0 0 0 0 0
17 21 0 0 0 0 0 0 0
17 22 0 0 0 0 0 0 0
17 23 0 0 0 0 0 0 0
18 0 22 0.005 1.23575 0.0700552 199.647 0.000705403 0.000704158
18 1 41 0.005 1.15521 0.11751 199.994 0.00136505 0.00136501
18 2 35 0.005 1.14888 0.112237 202.545 0.00116923 0.0011841
18 3 40 0.005 1.23937 0.233747 202.633 0.00126794 0.00128463
18 4 34 0.005 1.21791 0.308222 201.51 0.00108033 0.00108849
18 5 37 0.005 1.17037 0.3819 203.179 0.00119021 0.00120913
18 6 23 0.005 1.28351 0.449169 202.689 0.000695206 0.000704552
18 7 29 0.005 1.26884 0.563251 200.381 0.000864797 0.000866447
18 8 27 0.005 1.20955 0.516542 199.753 0.000833758 0.000832728
18 9 18 0.005 1.34285 0.578896 199.8 0.000518399 0.00051788
18 10 18 0.005 1.3017 0.749921 199.162 0.000508887 0.000506754
18 11 17 0.005 1.30538 0.803702 196.898 0.000473885 0.000466536
18 12 19 0.005 1.35556 0.933135 201.351 0.000503398 0.000506799
18 13 15 0.005 1.26523 0.955243 195.42 0.000408299 0.000398949
18 14 24 0.005 1.43498 1.12357 201.742 0.000589025 0.000594156
18 15 10 0.005 1.26508 1.08203 197.925 0.000262726 0.00026
18 16 0 0 0 0 0 0 0
18 17 0 0 0 0 0 0 0
18 18 0 0 0 0 0 0 0
18 19 0 0 0 0 0 0 0
18 20 0 0 0 0 0 0 0
18 21 0 0 0 0 0 0 0
18 22 0 0 0 0 0 0 0
18 23 0 0 0 0 0 0 0
19 0 42 0.005 1.31447 0.0265147 203.315 0.00129727 0.00131877
19 1 22 0.005 1.45641 0.160772 201.374 0.000632732 0.00063708
19 2 31 0.005 1.28185 0.199691 201.615 0.000965591 0.000973386
19 3 43 0.005 1.29478 0.238401 202.699 0.00132699 0.0013449
19 4 32 0.005 1.45222 0.314152 197.877 0.000911594 0.000901919
19 5 30 0.005 1.18036 0.321871 200.069 0.000968656 0.00096899
19 6 25 0.005 1.31072 0.41449 205.589 0.000750329 0.000771298
19 7 26 0.005 1.4293 0.462291 205.432 0.000735079 0.000755043
19 8 31 0.005 1.42159 0.583988 201.424 0.0008626 0.000868743
19 9 37 0.005 1.48946 0.664355 200.496 0.000986765 0.000989215
19 10 20 0.005 1.41489 0.715587 200.004 0.000544344 0.000544356
19 11 13 0.005 1.6801 0.973564 196.213 0.000303671 0.000297921
19 12 0 0 0 0 0 0 0
19 13 17 0.005 1.54502 1.08183 203.658 0.000406286 0.000413717
19 14 0 0 0 0 0 0 0
19 15 0 0 0 0 0 0 0
19 16 0 0 0 0 0 0 0
19 17 0 0 0 0 0 0 0
19 18 0 0 0 0 0 0 0
19 19 0 0 0 0 0 0 0
19 20 0 0 0 0 0 0 0
19 21 0 0 0 0 0 0 0
19 22 0 0 0 0 0 0 0
19 23 0 0 0 0 0 0 0
20 0 30 0.005 1.35984 0.0650393 198.982 0.000906115 0.000901502
20 1 34 0.005 1.48117 0.132741 199.527 0.000967987 0.000965698
20 2 27 0.005 1.5009 0.270393 204.276 0.000755369 0.00077152
20 3 31 0.005 1.48537 0.142184 201.496 0.000880515 0.000887102
20 4 28 0.005 1.40548 0.287873 200.757 0.000816894 0.000819984
20 5 14 0.005 1.44891 0.304361 196.646 0.000399799 0.000393094
20 6 17 0.005 1.36421 0.448307 200.667 0.000495663 0.000497317
20 7 31 0.005 1.51539 0.526664 201.727 0.000836647 0.000843872
20 8 17 0.005 1.46383 0.491828 199.86 0.000471447 0.000471116
20 9 13 0.005 1.68423 0.896197 203.345 0.000307919 0.00031307
20 10 13 0.005 1.48693 0.727892 197.058 0.00034293 0.000337885
20 11 18 0.005 1.68446 0.879105 197.174 0.000427716 0.000421673
20 12 10 0.005 1.78417 1.10579 194.012 0.000219434 0.000212865
20 13 0 0 0 0 0 0 0
20 14 0 0 0 0 0 0 0
20 15 0 0 0 0 0 0 0
20 16 0 0 0 0 0 0 0
20 17 0 0 0 0 0 0 0
20 18 0 0 0 0 0 0 0
20 19 0 0 0 0 0 0 0
20 20 0 0 0 0 0 0 0
20 21 0 0 0 0 0 0 0
20 22 0 0 0 0 0 0 0
20 23 0 0 0 0 0 0 0
21 0 18 0.005 1.42147 0.0380769 204.684 0.000528284 0.000540656
21 1 20 0.005 1.58182 0.0760877 205.449 0.000544814 0.000559658
21 2 28 0.005 1.53833 0.240785 202.755 0.000771982 0.000782616
21 3 29 0.005 1.59069 0.193603 199.67 0.000783328 0.000782034
21 4 22 0.005 1.50545 0.307173 198.195 0.000612278 0.000606752
21 5 16 0.005 1.74311 0.351252 197.736 0.000400151 0.00039562
21 6 20 0.005 1.71968 0.457823 198.891 0.000499882 0.00049711
21 7 0 0 0 0 0 0 0
21 8 17 0.005 1.68859 0.600632 199.569 0.000422613 0.000421703
21 9 10 0.005 1.55828 0.56362 195.757 0.000263613 0.00025802
21 10 0 0 0 0 0 0 0
21 11 0 0 0 0 0 0 0
21 12 0 0 0 0 0 0 0
21 13 0 0 0 0 0 0 0
21 14 0 0 0 0 0 0 0
21 15 0 0 0 0 0 0 0
21 16 0 0 0 0 0 0 0
21 17 0 0 0 0 0 0 0
21 18 0 0 0 0 0 0 0
21 19 0 0 0 0 0 0 0
21 20 0 0 0 0 0 0 0
21 21 0 0 0 0 0 0 0
21 22 0 0 0 0 0 0 0
21 23 0 0 0 0 0 0 0
22 0 12 0.005 1.66246 0.0208233 195.088 0.000315565 0.000307815
22 1 18 0.005 1.7157 0.0282871 199.224 0.000462408 0.000460614
22 2 13 0.005 1.66285 0.174374 197.932 0.000340451 0.000336931
22 3 25 0.005 1.72626 0.222101 200.352 0.000635432 0.00063655
22 4 17 0.005 1.70439 0.353843 202 0.000432049 0.000436369
22 5 0 0 0 0 0 0 0
22 6 15 0.005 1.90987 0.561222 205.535 0.000343544 0.000353052
22 7 10 0.005 1.83356 0.455236 198.759 0.000238685 0.000237204
22 8 0 0 0 0 0 0 0
22 9 13 0.005 2.0302 0.858797 204.924 0.00027401 0.000280756
22 10 0 0 0 0 0 0 0
22 11 0 0 0 0 0 0 0
22 12 0 0 0 0 0 0 0
22 13 0 0 0 0 0 0 0
22 14 0 0 0 0 0 0 0
22 15 0 0 0 0 0 0 0
22 16 0 0 0 0 0 0 0
22 17 0 0 0 0 0 0 0
22 18 0 0 0 0 0 0 0
22 19 0 0 0 0 0 0 0
22 20 0 0 0 0 0 0 0
22 21 0 0 0 0 0 0 0
22 22 0 0 0 0 0 0 0
22 23 0 0 0 0 0 0 0
23 0 0 0 0 0 0 0 0
23 1 12 0.005 1.89513 0.134358 195.402 0.000285164 0.000278609
23 2 0 0 0 0 0 0 0
23 3 10 0.005 1.72244 0.296885 199.42 0.000253368 0.000252633
23 4 14 0.005 1.87635 0.328673 201.812 0.000332002 0.00033501
23 5 0 0 0 0 0 0 0
23 6 0 0 0 0 0 0 0
23 7 0 0 0 0 0 0 0
23 8 0 0 0 0 0 0 0
23 9 0 0 0 0 0 0 0
23 10 0 0 0 0 0 0 0
23 11 0 0 0 0 0 0 0
23 12 0 0 0 0 0 0 0
23 13 0 0 0 0 0 0 0
23 14 0 0 0 0 0 0 0
23 15 0 0 0 0 0 0 0
23 16 0 0 0 0 0 0 0
23 17 0 0 0 0 0 0 0
23 18 0 0 0 0 0 0 0
23 19 0 0 0 0 0 0 0
23 20 0 0 0 0 0 0 0
23 21 0 0 0 0 0 0 0
23 22 0 0 0 0 0 0 0
23 23 0 0 0 0 0 0 0
