#  ix    iy     Npi     E/N       Tpi    Uxpi    Uypi     mupi     rho    epsilon
0 0 279 0.0376462 0.0514584 0.0145158 3.35857 0.0103956 0.00219129
0 1 300 0.0400104 0.0200739 0.0402434 3.0967 0.0111827 0.00241551
0 2 266 0.037968 0.0192622 0.122872 3.25707 0.00984949 0.00208313
0 3 258 0.0402692 -0.0328442 0.147561 2.90085 0.00951871 0.00206155
0 4 297 0.0392435 0.0135292 0.241641 3.16428 0.0107711 0.00230831
0 5 307 0.0403033 0.00646367 0.298472 3.03879 0.0109765 0.0023781
0 6 260 0.0382835 0.089105 0.35646 3.13263 0.00910626 0.00193225
0 7 300 0.0367282 0.0595683 0.394803 3.49788 0.010396 0.00217052
0 8 300 0.0390528 0.0253974 0.441687 3.14005 0.0102369 0.00218952
0 9 289 0.0391797 0.0654752 0.436928 3.08518 0.00986379 0.00211247
0 10 301 0.0415032 0.0317162 0.512271 2.78847 0.00999209 0.00219155
0 11 321 0.0435057 -0.00803758 0.655981 2.54505 0.0100149 0.0022416
0 12 286 0.0454205 0.0440093 0.660703 2.20782 0.00889778 0.0020302
0 13 324 0.0421332 0.0243822 0.720177 2.69064 0.00980834 0.00216508
0 14 329 0.0402573 6.13305e-05 0.772196 2.923 0.00971641 0.0021041
0 15 334 0.0434019 0.0190081 0.884847 2.48678 0.00933249 0.00208668
0 16 312 0.041937 0.0360547 0.967488 2.55583 0.00836407 0.0018426
0 17 357 0.0377211 0.0725989 1.05175 3.22171 0.00916735 0.00193389
0 18 326 0.0391658 0.0118484 1.09626 2.90208 0.00819751 0.00175536
0 19 360 0.0406237 0.0439345 1.25824 2.72339 0.00835466 0.00181602
0 20 376 0.0417254 0.0473293 1.25527 2.62619 0.00873808 0.00192085
0 21 379 0.0421709 0.0397497 1.39984 2.50907 0.00821816 0.00181476
0 22 377 0.0414637 0.0550567 1.42736 2.57956 0.00806755 0.00176873
0 23 350 0.0392842 0.00911731 1.54868 2.73962 0.0070842 0.00151882
1 0 297 0.039672 0.0959761 0.0512765 3.12775 0.0110171 0.00237146
1 1 269 0.0363612 0.0793273 0.0811813 3.51365 0.00997328 0.00207429
1 2 286 0.0392151 0.0923582 0.099165 3.14986 0.010575 0.00226561
1 3 289 0.0396166 0.0511656 0.168867 3.09858 0.0106195 0.00228459
1 4 269 0.0383207 0.094855 0.18744 3.203 0.00982291 0.00208512
1 5 272 0.0419065 0.0645685 0.27657 2.71432 0.00976314 0.00215015
1 6 298 0.0409303 0.0806121 0.32278 2.91663 0.0105508 0.0023006
1 7 308 0.0389249 0.0924346 0.366822 3.20687 0.0107491 0.00229603
1 8 308 0.0380745 0.0881622 0.448306 3.30097 0.0104532 0.00221324
1 9 258 0.0403632 0.0695834 0.535011 2.77187 0.00847244 0.00183672
1 10 318 0.0406447 0.0510613 0.556736 2.93547 0.010357 0.00225174
1 11 311 0.0392537 0.10042 0.634225 3.06477 0.00976468 0.00209284
1 12 312 0.042703 0.0707298 0.681939 2.59925 0.00960185 0.00213179
1 13 336 0.0396597 0.0540303 0.755957 3.03176 0.00999191 0.00215052
1 14 339 0.0392051 0.0965866 0.768783 3.09525 0.009999 0.00214199
1 15 374 0.0404889 0.0746025 0.86673 2.97249 0.0105288 0.00228544
1 16 392 0.041124 0.0752476 0.950516 2.89484 0.010586 0.00231285
1 17 311 0.043172 0.048563 1.04121 2.36433 0.00803375 0.00179213
1 18 372 0.0416593 0.0847338 1.09185 2.70328 0.00935977 0.00205613
1 19 381 0.0415656 0.100942 1.21972 2.67541 0.00899502 0.00197412
1 20 375 0.0405724 0.124784 1.31033 2.74324 0.00846474 0.00183899
1 21 393 0.0432133 0.0991236 1.3814 2.42568 0.00858436 0.00191575
1 22 405 0.0411663 0.0748293 1.49249 2.65861 0.00840445 0.00183701
1 23 404 0.0398513 0.0850908 1.60471 2.77888 0.00796461 0.00171757
2 0 285 0.0389754 0.0924756 0.0162594 3.18462 0.0105878 0.00226275
2 1 244 0.0403432 0.109554 0.0738346 2.83784 0.00902605 0.00195633
2 2 270 0.0394518 0.116587 0.137565 3.05257 0.00991472 0.00212934
2 3 294 0.0390987 0.124153 0.181994 3.17911 0.0107132 0.00229248
2 4 294 0.0403205 0.151222 0.256703 2.9934 0.0105135 0.00227818
2 5 289 0.0380411 0.153313 0.280388 3.28836 0.0102718 0.0021741
2 6 298 0.0358562 0.126171 0.308678 3.65004 0.0105484 0.00218233
2 7 301 0.0362447 0.134966 0.389364 3.57239 0.0103842 0.00215712
2 8 321 0.0400299 0.145817 0.411919 3.07537 0.0109755 0.00237123
2 9 317 0.0393382 0.125985 0.508432 3.12354 0.0104779 0.00224767
2 10 294 0.0402439 0.108499 0.527558 2.91879 0.00965834 0.00209124
2 11 343 0.0408984 0.112954 0.561913 2.97189 0.011104 0.00242042
2 12 362 0.039271 0.133591 0.594383 3.22902 0.0115354 0.0024728
2 13 337 0.042406 0.135888 0.713503 2.6935 0.0101741 0.00225206
2 14 347 0.0391367 0.116286 0.745484 3.13792 0.0103358 0.00221259
2 15 347 0.0388409 0.105864 0.910755 3.09975 0.00954345 0.00203673
2 16 354 0.0404507 0.15014 0.951817 2.87597 0.00951172 0.00206387
2 17 324 0.04059 0.120004 1.0574 2.71871 0.00827879 0.00179891
2 18 385 0.0413342 0.145239 1.12495 2.75957 0.00950016 0.00208007
2 19 358 0.0432312 0.146215 1.20261 2.4141 0.00850369 0.00189809
2 20 360 0.0404782 0.151744 1.31083 2.71328 0.00811313 0.0017609
2 21 398 0.0422169 0.161747 1.44355 2.52775 0.00842107 0.00186044
2 22 384 0.0408315 0.139462 1.48625 2.64955 0.00797449 0.00173708
2 23 415 0.0421556 0.138206 1.6244 2.49607 0.00809663 0.00178765
3 0 264 0.0396583 0.133234 0.00712395 3.00891 0.00976422 0.00210148
3 1 277 0.0415706 0.199417 0.0776041 2.79134 0.010107 0.00221828
3 2 288 0.0394479 0.142165 0.0751088 3.12089 0.01061 0.00227857
3 3 291 0.0391744 0.18204 0.170761 3.15175 0.010535 0.0022561
3 4 281 0.0409877 0.188327 0.194726 2.86751 0.0101203 0.00220802
3 5 283 0.0389688 0.158172 0.262896 3.13792 0.0100952 0.00215734
3 6 302 0.0421074 0.137511 0.303425 2.78002 0.010691 0.00235931
3 7 304 0.0421919 0.171965 0.362872 2.754 0.0105263 0.00232495
3 8 309 0.041755 0.125424 0.415123 2.81354 0.010578 0.00232602
3 9 316 0.0414511 0.164752 0.502313 2.83744 0.0104241 0.00228509
3 10 324 0.0399179 0.172661 0.527709 3.05282 0.0105696 0.0022809
3 11 330 0.0396842 0.162935 0.611064 3.06911 0.0104069 0.00224041
3 12 358 0.0403599 0.202655 0.672206 3.02726 0.0109327 0.00236999
3 13 335 0.0392335 0.17457 0.700182 3.10494 0.0101364 0.00217206
3 14 344 0.0406946 0.182774 0.774086 2.8984 0.0100457 0.00218519
3 15 326 0.0410911 0.190517 0.912004 2.72561 0.00889997 0.00194383
3 16 352 0.0407924 0.220014 0.928878 2.82978 0.00950063 0.00206869
3 17 383 0.0387398 0.232087 1.05867 3.12943 0.00969103 0.00206607
3 18 357 0.0389896 0.217212 1.13375 2.98878 0.00872199 0.00186428
3 19 399 0.0422361 0.179377 1.20154 2.6419 0.00946181 0.00209078
3 20 385 0.041558 0.220351 1.27023 2.65501 0.0088048 0.00193222
3 21 363 0.0403226 0.237615 1.48749 2.65422 0.00749133 0.00162335
3 22 391 0.042707 0.243335 1.49314 2.42188 0.0080451 0.00178623
3 23 371 0.0398395 0.260287 1.64666 2.66851 0.00712092 0.00153545
4 0 286 0.0390927 0.259458 0.0274199 3.14313 0.010326 0.00220947
4 1 274 0.0375491 0.196343 0.125781 3.32991 0.00995678 0.00209668
4 2 278 0.037173 0.187308 0.160706 3.39794 0.010071 0.00211243
4 3 285 0.039248 0.200725 0.202917 3.11171 0.010226 0.00219158
4 4 277 0.0394947 0.242756 0.236129 3.03396 0.00978968 0.00210342
4 5 277 0.0373513 0.21255 0.298834 3.33386 0.00970391 0.00203922
4 6 286 0.0374984 0.225961 0.381438 3.31711 0.00975585 0.00205328
4 7 284 0.0402005 0.215606 0.404985 2.92184 0.00963166 0.00208454
4 8 343 0.0380562 0.265442 0.441545 3.38836 0.0113774 0.00240847
4 9 323 0.0364644 0.221178 0.473052 3.56621 0.0106833 0.00222436
4 10 307 0.0368545 0.233266 0.597024 3.40332 0.00964413 0.0020162
4 11 307 0.0427327 0.198578 0.622115 2.59453 0.00959122 0.00213007
4 12 346 0.0381997 0.256164 0.665403 3.28835 0.010512 0.0022286
4 13 314 0.0390282 0.230513 0.720616 3.05219 0.00934351 0.00199792
4 14 352 0.0414867 0.246809 0.803382 2.79683 0.0100548 0.00220494
4 15 355 0.0408677 0.23201 0.925237 2.82878 0.00958494 0.00208865
4 16 363 0.0393018 0.244035 1.00552 3.02139 0.00941283 0.00201843
4 17 370 0.0431119 0.24466 1.0059 2.5488 0.0095919 0.00213841
4 18 386 0.0436928 0.292542 1.1018 2.47002 0.009498 0.00212992
4 19 352 0.0412024 0.25919 1.2369 2.62323 0.00815013 0.00178208
4 20 384 0.0424304 0.261389 1.28449 2.5329 0.00869064 0.00192416
4 21 375 0.0435887 0.272833 1.3452 2.34012 0.00823947 0.00184576
4 22 386 0.041498 0.286059 1.53386 2.53783 0.00777174 0.00170447
4 23 340 0.0426996 0.307681 1.69151 2.19066 0.00637857 0.00141611
5 0 299 0.03653 0.29879 0.00460956 3.55655 0.0106896 0.00222721
5 1 290 0.0365458 0.260635 0.0840115 3.53013 0.0104367 0.00217486
5 2 266 0.0381583 0.24552 0.0990227 3.20308 0.00959484 0.00203328
5 3 295 0.0358545 0.239998 0.185734 3.64888 0.0105331 0.00217913
5 4 282 0.0393796 0.273714 0.225522 3.0628 0.00991717 0.00212828
5 5 269 0.038147 0.231928 0.268532 3.19051 0.00945949 0.00200436
5 6 334 0.0390036 0.2623 0.368069 3.25077 0.0113566 0.00242776
5 7 275 0.0415785 0.259191 0.445826 2.68756 0.00911992 0.00200179
5 8 316 0.0384687 0.275723 0.435122 3.24662 0.010482 0.00222845
5 9 298 0.0403342 0.260293 0.516803 2.9032 0.00962426 0.00208579
5 10 316 0.0401163 0.252474 0.511772 2.99446 0.0102409 0.00221447
5 11 304 0.0421836 0.27815 0.63889 2.63188 0.00930669 0.0020554
5 12 342 0.0417622 0.298472 0.750328 2.74925 0.00992833 0.00218332
5 13 354 0.042144 0.250512 0.726388 2.75497 0.0104741 0.00231229
5 14 302 0.0435546 0.303825 0.829088 2.36901 0.00844693 0.00189159
5 15 333 0.0399116 0.331929 0.870971 2.90279 0.00908933 0.00196133
5 16 358 0.0404477 0.311968 0.965986 2.86184 0.00937458 0.00203405
5 17 352 0.0436068 0.323839 1.06401 2.40171 0.00878166 0.00196758
5 18 365 0.0427356 0.32244 1.13955 2.50656 0.00878663 0.00195144
5 19 410 0.0439053 0.341818 1.25295 2.42766 0.00933333 0.00209748
5 20 442 0.0424769 0.397231 1.35476 2.61968 0.00953282 0.00211162
5 21 369 0.0423135 0.359354 1.38038 2.45241 0.0079039 0.0017479
5 22 385 0.0386176 0.372637 1.57087 2.89911 0.00756456 0.00161068
5 23 389 0.0438279 0.429711 1.67689 2.18555 0.00726054 0.00163039
6 0 284 0.0378717 0.347599 0.0494156 3.28626 0.00999867 0.00211257
6 1 276 0.0400698 0.383355 0.12685 2.9308 0.00954937 0.00206396
6 2 306 0.0377499 0.346205 0.141568 3.37151 0.0106943 0.00225669
6 3 304 0.0376856 0.311147 0.187683 3.37795 0.0106613 0.00224821
6 4 298 0.0404646 0.302494 0.235723 2.96167 0.0103821 0.00225306
6 5 262 0.0383772 0.286748 0.277176 3.11628 0.00908061 0.00192868
6 6 317 0.0397454 0.295968 0.328641 3.09945 0.0108176 0.00233029
6 7 311 0.0399585 0.329452 0.362785 3.03312 0.0104205 0.00224966
6 8 289 0.0420365 0.310744 0.453824 2.66533 0.00944868 0.00208364
6 9 306 0.0410307 0.32083 0.527243 2.82119 0.00971634 0.00212082
6 10 320 0.037009 0.325436 0.594757 3.4041 0.00988307 0.00206948
6 11 333 0.0418604 0.344272 0.661448 2.74017 0.00996092 0.00219267
6 12 337 0.0404656 0.322124 0.690716 2.92416 0.0100011 0.00217039
6 13 313 0.0409219 0.344124 0.75836 2.75592 0.00897456 0.00195673
6 14 384 0.0419219 0.36515 0.817836 2.80153 0.0106732 0.00235094
6 15 336 0.042168 0.363509 0.934684 2.58378 0.00885245 0.00195477
6 16 347 0.0398738 0.338036 0.967287 2.90284 0.0090433 0.00195065
6 17 377 0.0422188 0.410759 1.06632 2.62292 0.00926403 0.00204671
6 18 358 0.04356 0.370569 1.13345 2.3844 0.0085834 0.00192225
6 19 412 0.0402755 0.420117 1.27192 2.86558 0.00919659 0.00199191
6 20 367 0.0404716 0.427087 1.35529 2.68513 0.00788106 0.00171041
6 21 397 0.038847 0.412976 1.41798 2.95994 0.00830536 0.00177261
6 22 372 0.0412074 0.426344 1.50082 2.53815 0.0074902 0.00163786
6 23 384 0.0398905 0.471301 1.64893 2.67505 0.00721751 0.00155709
7 0 325 0.0373524 0.343282 0.0353014 3.50033 0.0114635 0.00240902
7 1 303 0.0349165 0.364887 0.0957073 3.80741 0.0105783 0.00216702
7 2 294 0.0375594 0.366908 0.11711 3.35615 0.0102371 0.00215594
7 3 295 0.0380279 0.34429 0.184642 3.28843 0.0102528 0.00216977
7 4 301 0.0371702 0.398012 0.240017 3.40963 0.010185 0.00213629
7 5 315 0.0368566 0.403756 0.287637 3.49094 0.0105308 0.0022016
7 6 297 0.039107 0.330877 0.350486 3.10734 0.00998297 0.00213639
7 7 296 0.0380092 0.344934 0.396011 3.24378 0.00977833 0.00206896
7 8 312 0.0369431 0.39688 0.500329 3.40693 0.00981166 0.00205312
7 9 313 0.0397235 0.37935 0.526514 3.00335 0.00979701 0.00210996
7 10 350 0.0394999 0.377725 0.528444 3.14545 0.010952 0.00235329
7 11 328 0.0412501 0.410722 0.633844 2.79799 0.00976623 0.00213649
7 12 349 0.0395175 0.384439 0.68588 3.07551 0.010237 0.00220004
7 13 367 0.0400419 0.387441 0.709903 3.04342 0.0106477 0.00230068
7 14 359 0.0403523 0.354736 0.761692 2.96435 0.0102558 0.00222307
7 15 358 0.0421675 0.460617 0.899195 2.64355 0.00939713 0.00207504
7 16 365 0.0429517 0.450525 0.952563 2.54523 0.00937521 0.00208672
7 17 367 0.0432028 0.433282 1.01888 2.49389 0.00917875 0.00204818
7 18 423 0.0387407 0.44971 1.15395 3.1522 0.00991555 0.00211395
7 19 362 0.0404284 0.440828 1.30229 2.69895 0.00794516 0.00172356
7 20 380 0.0444757 0.435099 1.27327 2.26332 0.00845775 0.00191164
7 21 422 0.0417625 0.537011 1.49341 2.58139 0.00839441 0.001846
7 22 411 0.0388215 0.522422 1.574 2.9159 0.00791897 0.0016897
7 23 398 0.0406901 0.567685 1.72355 2.56141 0.00716758 0.00155905
8 0 309 0.0399245 0.407256 0.0233524 3.06192 0.0106758 0.00230397
8 1 302 0.0410027 0.426493 0.101822 2.88512 0.0103201 0.00225197
8 2 298 0.0406541 0.403368 0.13251 2.92239 0.0102351 0.00222546
8 3 272 0.0412795 0.456717 0.201368 2.72146 0.00908089 0.00198716
8 4 283 0.0386529 0.446903 0.197847 3.12054 0.00948723 0.0020208
8 5 308 0.0416724 0.405642 0.307178 2.79178 0.0102428 0.00225042
8 6 310 0.0398649 0.384729 0.286572 3.04663 0.0104292 0.00224937
8 7 310 0.0403206 0.407918 0.400581 2.94749 0.0100419 0.00217599
8 8 344 0.0412299 0.446934 0.446616 2.90594 0.0108513 0.00237337
8 9 300 0.040811 0.429362 0.516249 2.80529 0.00929336 0.00202394
8 10 317 0.0419011 0.431969 0.56946 2.70054 0.00962297 0.00211916
8 11 356 0.0401354 0.463586 0.642769 3.00834 0.0104107 0.00225163
8 12 319 0.040495 0.475962 0.703425 2.82281 0.00907239 0.00196944
8 13 334 0.0416699 0.465604 0.800643 2.67856 0.00914345 0.00200883
8 14 381 0.0408699 0.473137 0.874393 2.87903 0.0100818 0.00219696
8 15 380 0.0438514 0.494558 0.952242 2.46907 0.00966703 0.00217129
8 16 389 0.040783 0.488045 0.979003 2.86136 0.00979346 0.00213224
8 17 379 0.0400715 0.517476 1.05469 2.88966 0.00916647 0.00198123
8 18 388 0.0389691 0.522473 1.19508 3.00158 0.00880885 0.00188244
8 19 396 0.0435347 0.582091 1.24925 2.3983 0.00867767 0.00194287
8 20 405 0.0392279 0.587828 1.38765 2.9125 0.0083555 0.00179034
8 21 384 0.044385 0.562229 1.46696 2.17905 0.00769402 0.00173743
8 22 406 0.0422691 0.646869 1.64543 2.39986 0.00745819 0.00164859
8 23 360 0.0390956 0.649548 1.74937 2.65571 0.00634487 0.00135767
9 0 305 0.0406405 0.486647 0.0182645 2.92386 0.0102318 0.00222444
9 1 317 0.03971 0.454422 0.0592425 3.0983 0.010753 0.00231553
9 2 275 0.0403829 0.483246 0.0828039 2.8531 0.0092134 0.00199775
9 3 321 0.0402439 0.446132 0.178222 3.03018 0.0107964 0.00233765
9 4 299 0.0421271 0.484493 0.251311 2.68983 0.00979303 0.00216157
9 5 314 0.0392497 0.50321 0.307013 3.09842 0.0100933 0.00216319
9 6 317 0.0390747 0.496943 0.362007 3.12118 0.0100763 0.00215564
9 7 308 0.0390906 0.510266 0.385147 3.07912 0.0096829 0.00207183
9 8 335 0.0392378 0.497609 0.477725 3.11933 0.0102894 0.00220495
9 9 345 0.0388514 0.536112 0.534155 3.17115 0.0102649 0.00219094
9 10 365 0.0416285 0.533544 0.62556 2.82405 0.0105201 0.00231032
9 11 318 0.0413756 0.495296 0.609871 2.73625 0.00933045 0.00204377
9 12 347 0.0422906 0.513489 0.72414 2.65825 0.00968289 0.00214081
9 13 361 0.0387824 0.509384 0.777035 3.1415 0.00986816 0.00210476
9 14 373 0.0397533 0.544746 0.869984 2.99058 0.00971212 0.00209231
9 15 361 0.0427105 0.516168 0.862448 2.58773 0.00950053 0.00210946
9 16 349 0.043156 0.54621 1.00573 2.43068 0.00856841 0.00191109
9 17 396 0.0422175 0.535844 1.03949 2.65899 0.00960283 0.00212154
9 18 402 0.0414162 0.587041 1.19791 2.69467 0.00899704 0.00197156
9 19 407 0.0430324 0.640365 1.33027 2.43945 0.00851664 0.00189717
9 20 406 0.0438437 0.629268 1.40083 2.31348 0.0082667 0.00185663
9 21 391 0.0421315 0.672183 1.44508 2.45585 0.00775418 0.00171162
9 22 376 0.0390639 0.696162 1.66373 2.72991 0.00680336 0.0014553
9 23 403 0.0389201 0.717856 1.77424 2.77339 0.00696347 0.00148734
10 0 275 0.0391788 0.573268 -0.00904945 2.98269 0.00890187 0.00190645
10 1 309 0.0410895 0.528934 0.0551948 2.86018 0.0101798 0.00222332
10 2 284 0.0424257 0.510238 0.116374 2.61077 0.00938898 0.00207868
10 3 317 0.0372148 0.497356 0.204301 3.42548 0.0104179 0.00218616
10 4 316 0.0377515 0.536855 0.264295 3.31588 0.0101179 0.0021351
10 5 323 0.037887 0.503619 0.287311 3.3259 0.0104264 0.00220329
10 6 321 0.0384721 0.588416 0.380774 3.17971 0.00980842 0.00208531
10 7 347 0.0372059 0.544822 0.391676 3.45836 0.0107516 0.00225598
10 8 352 0.0411022 0.559691 0.452617 2.90462 0.01066 0.00232848
10 9 351 0.0389907 0.562985 0.518377 3.16466 0.0104008 0.00222314
10 10 358 0.0405151 0.566147 0.605531 2.94551 0.0102841 0.00223293
10 11 314 0.0424525 0.597664 0.671576 2.53276 0.00871304 0.00192955
10 12 337 0.0442871 0.571778 0.712765 2.37802 0.00928285 0.00209416
10 13 389 0.0410022 0.60727 0.794181 2.87981 0.0102649 0.0022399
10 14 362 0.0418993 0.625762 0.844196 2.66788 0.00931163 0.00205056
10 15 396 0.0423644 0.637974 0.978984 2.64131 0.00960741 0.00212571
10 16 394 0.0384042 0.596048 1.0292 3.15344 0.00946118 0.00201007
10 17 403 0.0412766 0.670225 1.09647 2.73864 0.00923484 0.00202079
10 18 406 0.04181 0.670082 1.19072 2.63918 0.00894728 0.00196854
10 19 391 0.0416582 0.683787 1.2821 2.57978 0.00827119 0.00181697
10 20 381 0.0440047 0.731607 1.39338 2.21384 0.00762435 0.00171514
10 21 383 0.0416955 0.769689 1.54959 2.42956 0.00715121 0.00157154
10 22 428 0.0411943 0.756159 1.60357 2.58622 0.00784585 0.0017154
10 23 421 0.0386725 0.812175 1.87726 2.79928 0.00689964 0.00146994
11 0 338 0.0401675 0.589147 0.0659729 3.04526 0.0108488 0.00234717
11 1 331 0.0371828 0.539811 0.0764022 3.4704 0.0108439 0.00227479
11 2 300 0.0436697 0.560371 0.0801651 2.49804 0.00974152 0.00218403
11 3 294 0.0396949 0.607153 0.177977 2.952 0.00927044 0.00199596
11 4 356 0.039186 0.616331 0.260872 3.1969 0.0110393 0.00236439
11 5 350 0.0399053 0.556203 0.29635 3.09884 0.0110486 0.00238396
11 6 337 0.0381042 0.570118 0.356374 3.29492 0.0104353 0.00221015
11 7 351 0.0403233 0.585363 0.433515 2.99993 0.0105863 0.00229403
11 8 356 0.039393 0.598179 0.444589 3.13231 0.0106508 0.00228605
11 9 330 0.0412873 0.616193 0.540303 2.76807 0.0095238 0.00208425
11 10 326 0.0373532 0.651129 0.58898 3.2738 0.00914092 0.00192095
11 11 391 0.0415991 0.65516 0.669307 2.8399 0.0106484 0.00233779
11 12 431 0.0420208 0.596275 0.656879 2.90884 0.0120303 0.00265252
11 13 370 0.0444718 0.685024 0.828516 2.36972 0.00940314 0.00212523
11 14 326 0.0397789 0.642407 0.886342 2.81837 0.00820428 0.00176794
11 15 381 0.0429016 0.723231 0.968721 2.51722 0.00906132 0.00201583
11 16 415 0.0417628 0.723145 1.06853 2.70362 0.00948613 0.00208609
11 17 385 0.0432803 0.782151 1.1196 2.40626 0.00848681 0.00189526
11 18 416 0.0430972 0.732464 1.1994 2.48679 0.00899932 0.002006
11 19 405 0.0394437 0.729952 1.24151 2.91363 0.00861898 0.00185091
11 20 392 0.0425309 0.738351 1.43003 2.40208 0.0077196 0.00171091
11 21 410 0.0428025 0.855986 1.57899 2.33234 0.00744197 0.00165392
11 22 377 0.0410367 0.881571 1.71985 2.41296 0.00646465 0.00141115
11 23 383 0.0417794 0.829867 1.66134 2.36502 0.00677558 0.00149026
12 0 293 0.0423658 0.647261 0.0320144 2.59506 0.00917472 0.00203001
12 1 352 0.0399192 0.594146 0.054862 3.11761 0.0112791 0.00243405
12 2 322 0.0408006 0.671758 0.163215 2.86819 0.00988323 0.00215218
12 3 305 0.0408849 0.677889 0.185501 2.79755 0.00931103 0.00202932
12 4 330 0.0425494 0.668046 0.287888 2.65438 0.00995754 0.00220732
12 5 341 0.0410256 0.638774 0.300739 2.8893 0.0103943 0.00226868
12 6 344 0.0394606 0.662097 0.371019 3.08212 0.0102245 0.00219607
12 7 330 0.0400323 0.701461 0.442918 2.92823 0.00947685 0.0020475
12 8 360 0.0405908 0.730928 0.508799 2.91063 0.0100314 0.00217976
12 9 328 0.0426845 0.65822 0.522356 2.57706 0.00936992 0.00207991
12 10 356 0.0422264 0.657253 0.573366 2.6995 0.0100108 0.00221187
12 11 384 0.0417079 0.71972 0.679046 2.78164 0.010185 0.00223853
12 12 363 0.0417331 0.716984 0.780873 2.68692 0.0092942 0.00204326
12 13 366 0.0388371 0.747017 0.800009 3.06489 0.00921144 0.0019658
12 14 395 0.0426694 0.736859 0.938108 2.58937 0.00946858 0.00210149
12 15 401 0.0413476 0.828248 1.02969 2.70699 0.00902898 0.00197717
12 16 374 0.0411436 0.786764 1.06135 2.66366 0.00842228 0.00184048
12 17 361 0.0445135 0.834288 1.14898 2.17239 0.00775609 0.00175371
12 18 372 0.0418511 0.808863 1.1892 2.51258 0.00792408 0.00174414
12 19 408 0.0408446 0.863418 1.35972 2.65478 0.00803002 0.00174941
12 20 404 0.0427482 0.913207 1.50272 2.34028 0.007452 0.00165524
12 21 374 0.0410369 0.993415 1.60262 2.4243 0.00653854 0.00142728
12 22 400 0.0399123 0.924193 1.67459 2.62933 0.00691525 0.00149221
12 23 397 0.0406399 0.981523 1.88753 2.43922 0.00630151 0.00136996
13 0 297 0.041469 0.681054 0.0218624 2.70567 0.00915809 0.00200793
13 1 304 0.0420059 0.688924 0.0779949 2.65564 0.00932192 0.00205505
13 2 333 0.0443507 0.735974 0.169938 2.43657 0.00991483 0.00223816
13 3 350 0.0396936 0.690451 0.176646 3.08952 0.0106351 0.00228976
13 4 321 0.0389943 0.725958 0.225956 3.07721 0.0095347 0.00203809
13 5 321 0.0429769 0.760069 0.28776 2.53359 0.009295 0.00206939
13 6 353 0.0414257 0.715626 0.33619 2.83182 0.0103322 0.00226436
13 7 320 0.0381518 0.776657 0.403815 3.13828 0.00898437 0.00190378
13 8 340 0.0408717 0.695066 0.45598 2.84594 0.00975591 0.002126
13 9 331 0.0402805 0.761591 0.56114 2.84022 0.00897223 0.00194341
13 10 351 0.0422998 0.826294 0.61499 2.59755 0.00912296 0.0020172
13 11 371 0.0411669 0.761376 0.627415 2.81771 0.00985457 0.00215398
13 12 359 0.0421304 0.798014 0.759797 2.60525 0.00900242 0.00198713
13 13 385 0.0433737 0.787841 0.833253 2.50176 0.0094417 0.0021105
13 14 397 0.0400111 0.802441 0.863736 2.94214 0.00958211 0.00206979
13 15 405 0.0412274 0.795134 1.00304 2.75238 0.00930369 0.00203483
13 16 372 0.0433358 0.923254 1.14294 2.31654 0.00781003 0.0017451
13 17 409 0.0424217 0.933891 1.24231 2.48288 0.00825776 0.00182816
13 18 402 0.0408606 0.90001 1.23105 2.67675 0.0082255 0.00179229
13 19 397 0.0438453 0.924883 1.36212 2.24097 0.00768993 0.00172712
13 20 428 0.0400089 0.994238 1.59633 2.69715 0.00749781 0.00161953
13 21 403 0.0408796 1.08343 1.72985 2.4565 0.00661583 0.00144183
13 22 400 0.0412116 1.12277 1.79754 2.37545 0.00636896 0.00139275
13 23 415 0.0433538 1.08811 1.93948 2.10755 0.00635063 0.00141927
14 0 326 0.0423771 0.756765 0.0297075 2.64903 0.00969703 0.00214582
14 1 351 0.0375951 0.792767 0.113548 3.34942 0.0102228 0.00215372
14 2 348 0.0401929 0.777243 0.122373 2.98066 0.0102049 0.00220844
14 3 379 0.0396462 0.738623 0.19881 3.15065 0.0112325 0.0024172
14 4 324 0.0369302 0.741902 0.278203 3.37406 0.00947562 0.00198253
14 5 344 0.0406802 0.789328 0.280102 2.87962 0.0098403 0.00214019
14 6 361 0.0409365 0.847362 0.340034 2.85694 0.00994752 0.00216919
14 7 402 0.0438928 0.788166 0.435309 2.60671 0.0111473 0.00250481
14 8 380 0.0429081 0.764756 0.475799 2.66718 0.0105356 0.00234397
14 9 357 0.040601 0.804506 0.514315 2.86888 0.00963425 0.00209368
14 10 416 0.042146 0.853543 0.634852 2.76967 0.0106318 0.00234717
14 11 405 0.043213 0.840676 0.697703 2.59851 0.0102035 0.00227708
14 12 366 0.0417277 0.871848 0.765234 2.64615 0.00891682 0.00196019
14 13 375 0.039751 0.888777 0.863473 2.89084 0.00878747 0.00189307
14 14 398 0.04372 0.919088 0.951075 2.40812 0.00895653 0.00200905
14 15 390 0.0397896 0.977931 1.04488 2.83274 0.00833514 0.00179634
14 16 395 0.0430931 0.934801 1.10136 2.41705 0.0083889 0.00186986
14 17 421 0.0413529 0.99482 1.15959 2.65797 0.00860287 0.00188396
14 18 415 0.0391777 1.01353 1.29931 2.88021 0.00803356 0.00172047
14 19 396 0.0398492 1.04873 1.43829 2.68339 0.00723721 0.00156067
14 20 401 0.0407071 1.07987 1.56926 2.52903 0.00695473 0.00151302
14 21 383 0.0419139 1.14892 1.68199 2.27501 0.00629793 0.0013871
14 22 394 0.0407532 1.19146 1.83504 2.3937 0.00611134 0.00133016
14 23 380 0.0364354 1.23441 1.98462 2.92085 0.00557763 0.00116096
15 0 346 0.0411804 0.872082 0.0287932 2.80302 0.00972787 0.00212658
15 1 348 0.044864 0.808494 0.0786902 2.3946 0.0100788 0.00228691
15 2 339 0.0461603 0.828316 0.148203 2.21113 0.00967858 0.00222469
15 3 342 0.0409602 0.844919 0.190249 2.82311 0.00964633 0.00210402
15 4 367 0.0391496 0.860786 0.265634 3.12038 0.0101744 0.00217833
15 5 380 0.039753 0.822266 0.296606 3.08519 0.0106755 0.00229985
15 6 363 0.0422352 0.888668 0.35207 2.67623 0.00979122 0.00216354
15 7 373 0.0395397 0.883286 0.470073 3.03275 0.00983859 0.00211491
15 8 381 0.0409745 0.947194 0.537134 2.81811 0.00961603 0.00209772
15 9 367 0.0432867 0.915208 0.613401 2.48657 0.00920355 0.00205546
15 10 416 0.0435814 0.882679 0.657622 2.57747 0.0104377 0.00233803
15 11 413 0.0440841 0.886451 0.718594 2.4914 0.0101565 0.00228659
15 12 401 0.0426336 0.955561 0.776906 2.58984 0.00943182 0.00209257
15 13 390 0.04206 1.00016 0.916739 2.57223 0.00863405 0.00190446
15 14 378 0.0411924 1.04225 0.986827 2.61376 0.00806286 0.00176282
15 15 377 0.0416778 1.09207 1.06591 2.50706 0.00771016 0.00169407
15 16 443 0.0426236 1.0725 1.18786 2.51709 0.00875923 0.00194315
15 17 397 0.0397485 1.08647 1.20532 2.76833 0.0077716 0.00167418
15 18 379 0.041335 1.12991 1.33261 2.45762 0.0070249 0.00153812
15 19 412 0.0413762 1.13711 1.41741 2.50596 0.0074118 0.00162352
15 20 385 0.0426406 1.08906 1.48818 2.26885 0.00684801 0.00151942
15 21 403 0.0390638 1.20879 1.77927 2.65927 0.00633918 0.001356
15 22 379 0.039676 1.25889 1.86435 2.47599 0.00574443 0.00123656
15 23 366 0.0409062 1.39752 2.04682 2.19476 0.00510998 0.00111396
16 0 361 0.0402568 0.850787 0.0386804 2.97702 0.010255 0.00222073
16 1 355 0.0415787 0.910953 0.0566945 2.7578 0.00978378 0.00214751
16 2 384 0.0395348 0.922344 0.14371 3.09603 0.0104741 0.0022514
16 3 379 0.0422311 0.938346 0.195254 2.71859 0.0102096 0.00225591
16 4 349 0.0448355 0.903231 0.259974 2.33751 0.00948894 0.00215246
16 5 365 0.0410663 0.934276 0.332867 2.81179 0.00966992 0.00211146
16 6 354 0.0430016 0.946409 0.42128 2.5175 0.00917384 0.00204293
16 7 407 0.038335 0.928003 0.445843 3.27529 0.0105811 0.00224639
16 8 364 0.0397625 1.00471 0.564073 2.90228 0.00890247 0.00191807
16 9 360 0.0431543 0.939475 0.577665 2.48258 0.00902303 0.00201245
16 10 373 0.0406303 1.07065 0.697607 2.74882 0.00857734 0.00186455
16 11 404 0.0424534 0.937928 0.703793 2.64834 0.00978164 0.00216622
16 12 398 0.042784 1.02834 0.784814 2.53383 0.0090827 0.00201818
16 13 405 0.0406783 1.02071 0.855552 2.79876 0.00907364 0.00197341
16 14 416 0.042556 1.04854 0.937255 2.55192 0.00899508 0.0019941
16 15 407 0.0422936 1.11919 1.06372 2.49839 0.00825541 0.00182526
16 16 424 0.0446234 1.09207 1.14672 2.24526 0.00844747 0.00191214
16 17 430 0.0442047 1.14904 1.20405 2.27118 0.00826343 0.00186264
16 18 460 0.0412219 1.22179 1.3931 2.62091 0.00815172 0.00178278
16 19 449 0.0413085 1.21739 1.46528 2.564 0.0077869 0.0017045
16 20 387 0.0430728 1.2575 1.61224 2.14014 0.00634433 0.00141384
16 21 372 0.041033 1.36785 1.76586 2.28259 0.0056718 0.00123803
16 22 418 0.0415125 1.32033 1.76543 2.34849 0.00644305 0.00141328
16 23 382 0.0404209 1.45437 2.08941 2.27823 0.00521139 0.00113043
17 0 399 0.0408598 0.9387 0.0520842 2.95351 0.0108471 0.0023635
17 1 363 0.0417629 1.01575 0.0950016 2.70311 0.00948143 0.00208505
17 2 384 0.0425514 0.963305 0.138081 2.68489 0.0102686 0.00227632
17 3 400 0.0415785 1.01312 0.214737 2.81578 0.0103676 0.00227565
17 4 380 0.0410496 1.018 0.277949 2.82251 0.00975303 0.00212924
17 5 385 0.0445596 0.976863 0.368541 2.41489 0.00993675 0.00224781
17 6 418 0.0430646 1.05603 0.395031 2.63048 0.0103492 0.00230615
17 7 410 0.0434328 1.00483 0.451916 2.57999 0.0102818 0.00229965
17 8 375 0.0436621 0.972517 0.497232 2.46842 0.00944875 0.00211823
17 9 434 0.0423197 1.11731 0.601801 2.68916 0.0100228 0.00221662
17 10 422 0.0424957 1.15139 0.725579 2.59519 0.00932374 0.0020657
17 11 426 0.0445786 1.05899 0.722963 2.39635 0.00977536 0.00221173
17 12 420 0.0414192 1.21043 0.869011 2.6645 0.00873303 0.00191376
17 13 419 0.0412551 1.14555 0.89124 2.70113 0.00887028 0.00194059
17 14 455 0.0423653 1.15209 0.994118 2.61124 0.00932388 0.002063
17 15 481 0.0442545 1.2155 1.08461 2.39318 0.00938938 0.0021175
17 16 420 0.0434385 1.20695 1.16528 2.33137 0.00802397 0.00179477
17 17 406 0.0425743 1.29788 1.36036 2.31503 0.00711376 0.00157733
17 18 432 0.0393379 1.33322 1.42385 2.76952 0.00735377 0.00157749
17 19 412 0.0354713 1.41281 1.59754 3.23245 0.00652662 0.00134483
17 20 367 0.0411411 1.44485 1.70572 2.25443 0.00559193 0.00122195
17 21 384 0.03965 1.49919 1.78672 2.46229 0.00564619 0.00121509
17 22 347 0.0357249 1.57651 2.03122 2.86138 0.00469317 0.000969623
17 23 341 0.0366892 1.64252 2.19172 2.63587 0.00436387 0.000910734
18 0 399 0.0426422 1.05164 0.046598 2.67237 0.0102539 0.00227516
18 1 379 0.0412479 1.0692 0.146541 2.78234 0.00961192 0.00210268
18 2 401 0.0417048 1.10259 0.180155 2.7616 0.00997922 0.00219323
18 3 426 0.0427416 1.09374 0.203474 2.69592 0.0106262 0.00236014
18 4 377 0.0420278 1.13011 0.303864 2.63304 0.0091386 0.00201509
18 5 415 0.0421127 1.11094 0.359327 2.7198 0.0100729 0.00222302
18 6 427 0.0428083 1.12841 0.418221 2.6452 0.0101828 0.00226319
18 7 398 0.0419997 1.21081 0.469804 2.62792 0.0090601 0.00199721
18 8 405 0.0456369 1.18914 0.542117 2.21556 0.00918331 0.00209988
18 9 408 0.0413697 1.23706 0.630972 2.68935 0.00889626 0.00194855
18 10 407 0.0452643 1.10727 0.649033 2.27299 0.00933379 0.00212636
18 11 431 0.0409691 1.24093 0.77614 2.76061 0.00907231 0.001979
18 12 466 0.0439658 1.24846 0.836344 2.45223 0.00963314 0.00216618
18 13 433 0.0428687 1.27025 0.922566 2.47822 0.00868006 0.00193037
18 14 420 0.0430573 1.3047 1.03898 2.3812 0.00805878 0.00179563
18 15 447 0.0430495 1.33021 1.11852 2.41383 0.00831822 0.00185329
18 16 396 0.0413396 1.31128 1.15555 2.50064 0.00733802 0.00160675
18 17 407 0.0395914 1.43619 1.3518 2.66615 0.00686759 0.00147705
18 18 434 0.0404865 1.40588 1.40626 2.60324 0.00727569 0.00157927
18 19 432 0.0414533 1.52722 1.579 2.39192 0.00667846 0.00146403
18 20 431 0.0406504 1.54857 1.74641 2.44287 0.00633329 0.00137702
18 21 382 0.0410751 1.70464 1.95654 2.17584 0.00512544 0.00111925
18 22 353 0.0398606 1.60782 1.96284 2.27738 0.00482966 0.00104162
18 23 387 0.0355238 1.76953 2.28291 2.90068 0.00472427 0.00097399
19 0 420 0.04448 1.19539 0.0416171 2.4355 0.010052 0.00227206
19 1 402 0.0402065 1.16458 0.0996427 2.93339 0.00975144 0.00211059
19 2 421 0.040489 1.20559 0.140914 2.91982 0.00998871 0.00216822
19 3 424 0.0430892 1.17553 0.21719 2.60819 0.0101511 0.00226256
19 4 404 0.0416944 1.2256 0.271577 2.70234 0.00939262 0.00206409
19 5 394 0.0408964 1.16903 0.35647 2.79591 0.00930978 0.00202929
19 6 411 0.0409582 1.27601 0.407834 2.77316 0.00917385 0.00200092
19 7 410 0.0406173 1.23731 0.485482 2.82035 0.00919757 0.00199911
19 8 431 0.0399544 1.29052 0.560361 2.92173 0.00931696 0.00201134
19 9 442 0.0413039 1.31346 0.657949 2.74007 0.00928059 0.00203136
19 10 464 0.0402429 1.30617 0.708727 2.9197 0.00966587 0.00209285
19 11 451 0.0427203 1.34176 0.798177 2.54089 0.00907667 0.00201554
19 12 442 0.0441223 1.35993 0.897102 2.32383 0.00862761 0.00194312
19 13 424 0.0405668 1.37342 0.962352 2.70028 0.00810274 0.00176024
19 14 416 0.0433541 1.4194 1.11967 2.27563 0.00751324 0.0016791
19 15 433 0.0437817 1.4235 1.1624 2.2526 0.00772216 0.00173324
19 16 393 0.0404283 1.4666 1.26215 2.53338 0.00673267 0.00146053
19 17 429 0.0411756 1.55332 1.38739 2.46431 0.00692862 0.00151457
19 18 407 0.0396821 1.64259 1.53704 2.54642 0.00616881 0.001328
19 19 392 0.0406603 1.65589 1.67081 2.34013 0.00572236 0.00124432
19 20 399 0.0390916 1.75086 1.84261 2.50436 0.00545064 0.00116627
19 21 381 0.0399418 1.72207 1.87305 2.3403 0.00520018 0.00112247
19 22 342 0.0365766 1.85373 2.10233 2.63586 0.00428815 0.00089388
19 23 297 0.0355349 1.94932 2.29066 2.59785 0.00349626 0.000720898
20 0 452 0.0433554 1.29633 0.0527877 2.59056 0.0102961 0.00230105
20 1 441 0.0434531 1.2982 0.102274 2.552 0.0100222 0.00224204
20 2 417 0.043248 1.31973 0.179859 2.50613 0.00934213 0.00208559
20 3 403 0.0440573 1.26424 0.207244 2.4013 0.00925262 0.00208252
20 4 446 0.0420347 1.30735 0.282649 2.71875 0.00996487 0.00219743
20 5 440 0.0461724 1.36097 0.396907 2.18735 0.00946349 0.00217551
20 6 424 0.0432266 1.29316 0.421337 2.51187 0.00937185 0.00209177
20 7 449 0.044151 1.34274 0.551171 2.41738 0.00950514 0.00214138
20 8 451 0.0447374 1.32978 0.553716 2.35989 0.00959676 0.00217478
20 9 395 0.0428211 1.39009 0.629926 2.41207 0.00807785 0.00179558
20 10 479 0.0457591 1.35966 0.727432 2.25947 0.00972484 0.00222641
20 11 425 0.044089 1.38264 0.784061 2.30626 0.00844473 0.0019013
20 12 459 0.0429225 1.43605 0.876812 2.47976 0.00875025 0.00194704
20 13 456 0.0413119 1.51597 0.978774 2.62103 0.00824748 0.00180538
20 14 426 0.0406804 1.55606 1.11516 2.58911 0.00735959 0.00160066
20 15 430 0.042544 1.57098 1.18295 2.34082 0.00727258 0.00161205
20 16 422 0.0390989 1.60614 1.29149 2.73532 0.00687378 0.00147089
20 17 412 0.0398468 1.66485 1.42311 2.55843 0.00638501 0.00137687
20 18 370 0.0409161 1.7239 1.53594 2.26465 0.00548697 0.00119626
20 19 379 0.0391776 1.82665 1.76985 2.44035 0.00517456 0.00110818
20 20 341 0.0406586 1.88718 1.8043 2.11131 0.00455093 0.000989574
20 21 347 0.0351518 1.92431 1.95868 2.89785 0.00443079 0.000909919
20 22 302 0.036165 2.12981 2.29989 2.4758 0.00342489 0.000710864
20 23 264 0.0332863 2.14068 2.42053 2.80236 0.00291225 0.000586395
21 0 474 0.0418578 1.37334 0.0330538 2.7845 0.010409 0.00229125
21 1 491 0.0434547 1.44298 0.127511 2.58961 0.0104082 0.00232844
21 2 488 0.0429213 1.37239 0.152437 2.67923 0.0106803 0.00237648
21 3 390 0.0433136 1.38418 0.178896 2.40097 0.00847558 0.00189339
21 4 399 0.0421635 1.45119 0.315504 2.52177 0.00831554 0.00183613
21 5 428 0.0441569 1.46617 0.387183 2.33868 0.00879185 0.0019808
21 6 463 0.0450562 1.38497 0.41722 2.34745 0.00982453 0.00223351
21 7 421 0.0414785 1.52036 0.500661 2.60886 0.0083232 0.00182505
21 8 430 0.0455037 1.43839 0.57307 2.17672 0.00870487 0.00198783
21 9 442 0.0458384 1.46316 0.639424 2.14561 0.00875371 0.00200567
21 10 447 0.0450823 1.46289 0.706468 2.22792 0.00874325 0.00198821
21 11 483 0.0433505 1.59126 0.857721 2.42546 0.0087239 0.00194959
21 12 423 0.0433222 1.61917 0.959099 2.26508 0.00740631 0.00165467
21 13 468 0.0408695 1.59673 0.980793 2.6751 0.00822148 0.00179157
21 14 402 0.0405987 1.73171 1.19735 2.46572 0.00643566 0.00139854
21 15 428 0.0412897 1.672 1.22567 2.45104 0.00693839 0.00151848
21 16 413 0.0419489 1.7936 1.3702 2.26176 0.00624235 0.00137535
21 17 387 0.039193 1.97137 1.58277 2.46431 0.00531143 0.00113768
21 18 394 0.0399398 1.95837 1.63101 2.37267 0.00536987 0.00115907
21 19 371 0.0382891 1.95634 1.75617 2.51651 0.00492167 0.00104439
21 20 318 0.040527 2.07987 1.95646 1.97991 0.0039219 0.000851645
21 21 325 0.0368403 2.29326 2.23245 2.42471 0.00361668 0.000755988
21 22 315 0.0354304 2.21038 2.3186 2.61674 0.00350247 0.000721386
21 23 241 0.0341291 2.42791 2.65515 2.46224 0.00240813 0.000489235
22 0 479 0.0431001 1.53759 0.0416756 2.56575 0.00974204 0.00217162
22 1 507 0.0437975 1.58103 0.0958837 2.51912 0.0100993 0.00226716
22 2 475 0.0466557 1.55004 0.177063 2.14626 0.00956444 0.00220929
22 3 498 0.0441582 1.5812 0.239182 2.45239 0.00985208 0.0022197
22 4 451 0.0461065 1.48094 0.33712 2.17209 0.00925413 0.00212599
22 5 428 0.0436282 1.43673 0.371549 2.41532 0.00892445 0.002
22 6 436 0.0455257 1.55403 0.500386 2.15018 0.00849749 0.0019409
22 7 456 0.0433561 1.53688 0.511954 2.44901 0.00893777 0.0019975
22 8 459 0.0427249 1.57041 0.637021 2.49839 0.00870384 0.00193284
22 9 447 0.0432034 1.61674 0.700312 2.38506 0.00823292 0.00183714
22 10 438 0.0424929 1.66978 0.789866 2.41463 0.00778072 0.00172379
22 11 437 0.0460706 1.67989 0.854432 1.98464 0.0076426 0.00175514
22 12 429 0.0420336 1.75482 0.969682 2.38619 0.00714471 0.00157552
22 13 453 0.0414447 1.73269 1.02397 2.51185 0.00752119 0.00164863
22 14 425 0.0432508 1.75803 1.10124 2.20078 0.00688616 0.00153735
22 15 455 0.039026 2.00373 1.3267 2.69309 0.00652258 0.00139469
22 16 371 0.040761 1.91122 1.40243 2.26532 0.00538051 0.00117119
22 17 413 0.0413118 2.00599 1.55802 2.24197 0.00564542 0.00123579
22 18 376 0.0387604 2.17646 1.7656 2.40605 0.00471494 0.00100541
22 19 376 0.035824 2.05097 1.75647 2.88283 0.00487228 0.00100767
22 20 326 0.0373644 2.31199 2.0338 2.38304 0.00375723 0.000789669
22 21 294 0.0315706 2.40121 2.19762 3.22902 0.00322159 0.000636936
22 22 270 0.0310923 2.50794 2.43988 3.17351 0.00276847 0.000544556
22 23 240 0.0314144 2.61909 2.64586 2.93315 0.00232308 0.000458526
23 0 446 0.0408961 1.67786 0.0437456 2.70704 0.00851787 0.00185667
23 1 472 0.0454773 1.69551 0.0951941 2.20592 0.00893672 0.00204024
23 2 468 0.0437422 1.59354 0.188631 2.43622 0.00923583 0.00207217
23 3 476 0.0449958 1.57891 0.264956 2.31103 0.00940923 0.0021378
23 4 478 0.0456266 1.72741 0.361735 2.17322 0.00879263 0.00201033
23 5 508 0.0425425 1.70324 0.406901 2.59757 0.00939967 0.00208351
23 6 461 0.0403246 1.75452 0.48249 2.75459 0.00828456 0.00179527
23 7 423 0.0413138 1.75298 0.60086 2.5252 0.00749565 0.00164084
23 8 455 0.0424835 1.81936 0.620786 2.42272 0.00783498 0.00173565
23 9 458 0.0404467 1.85954 0.797956 2.64833 0.00757137 0.00164278
23 10 420 0.045056 1.8039 0.831477 2.01522 0.00704715 0.0016021
23 11 448 0.0411559 1.84311 0.870534 2.52761 0.00736263 0.00160912
23 12 437 0.0423026 1.82913 0.96808 2.3457 0.00709433 0.00156869
23 13 448 0.0417939 1.91677 1.09596 2.38089 0.00689658 0.0015171
23 14 436 0.044281 1.88569 1.13625 2.05684 0.00672806 0.00151772
23 15 424 0.0408787 1.97847 1.28949 2.38668 0.00616898 0.00134443
23 16 381 0.040825 2.04036 1.46886 2.23321 0.00525432 0.00114447
23 17 366 0.0404815 2.30689 1.63318 2.13558 0.00455502 0.000988667
23 18 356 0.039604 2.25819 1.7438 2.2178 0.00439376 0.00094511
23 19 294 0.0355893 2.4721 1.97328 2.53328 0.00330686 0.000682235
23 20 309 0.0343004 2.34517 2.05119 2.81311 0.00352359 0.000717149
23 21 266 0.0329364 2.68236 2.39998 2.77475 0.00265695 0.000533005
23 22 213 0.0395195 2.57295 2.44481 1.51718 0.00215536 0.000463222
23 23 204 0.031991 2.83958 2.70573 2.60822 0.00188054 0.000373473
