#  ix    iy     NB       E/N    TB    UxB       UyB       muB       rhoB     epsilonB
0 0 43 0.005 0.013212 -0.0590781 226.708 0.00397421 0.00450491
0 1 57 0.005 0.011982 0.0526826 233.877 0.00527009 0.00616276
0 2 55 0.005 -0.0328924 0.130218 244.331 0.00504727 0.00616602
0 3 49 0.005 0.053596 0.271727 233.27 0.00437243 0.00509979
0 4 54 0.005 0.0376001 0.320834 223.817 0.00475792 0.00532451
0 5 58 0.005 0.06366 0.39317 232.163 0.0049892 0.00579155
0 6 48 0.005 0.0665614 0.558533 229.071 0.00387369 0.00443676
0 7 62 0.005 0.00369537 0.595734 228.107 0.00493188 0.00562497
0 8 56 0.005 0.0642763 0.74026 222.094 0.004162 0.00462178
0 9 54 0.005 0.0216816 0.731788 221.7 0.00403438 0.00447211
0 10 45 0.005 0.0365526 0.83093 220.571 0.00320344 0.00353293
0 11 61 0.005 0.054413 1.02175 218.611 0.00394779 0.00431514
0 12 27 0.005 -0.0133469 1.04665 209.978 0.00172695 0.00181311
0 13 29 0.005 -0.00179328 1.20672 204.982 0.00171335 0.00175602
0 14 24 0.005 0.191304 1.42261 205.4 0.00127028 0.00130457
0 15 17 0.005 -0.033721 1.72248 199.103 0.000790197 0.000786654
0 16 0 0 0 0 0 0 0
0 17 0 0 0 0 0 0 0
0 18 0 0 0 0 0 0 0
0 19 0 0 0 0 0 0 0
0 20 0 0 0 0 0 0 0
0 21 0 0 0 0 0 0 0
0 22 0 0 0 0 0 0 0
0 23 0 0 0 0 0 0 0
1 0 57 0.005 0.0987167 0.0486975 230.618 0.00524609 0.00604922
1 1 62 0.005 0.0990779 0.129437 225.734 0.00566596 0.00639501
1 2 60 0.005 0.132117 0.202784 228.807 0.00539966 0.0061774
1 3 53 0.005 0.189611 0.189913 225.975 0.0047397 0.00535526
1 4 68 0.005 0.0889941 0.455554 230.736 0.00571106 0.00658874
1 5 46 0.005 0.202661 0.333227 232.937 0.00396814 0.00462164
1 6 73 0.005 0.139991 0.490557 225.628 0.00602104 0.00679257
1 7 54 0.005 0.081748 0.586739 220.571 0.00430181 0.00474428
1 8 58 0.005 0.106995 0.682801 231.573 0.0044179 0.00511534
1 9 48 0.005 0.09352 0.78329 217.08 0.00348942 0.00378742
1 10 58 0.005 0.182547 0.91951 215.593 0.00391797 0.00422344
1 11 56 0.005 0.149302 1.02082 222.86 0.00360888 0.00402137
1 12 31 0.005 0.0952481 1.08691 212.166 0.00193942 0.0020574
1 13 38 0.005 0.147398 1.23577 207.917 0.00220388 0.00229112
1 14 22 0.005 0.0488617 1.37129 208.458 0.00119975 0.00125048
1 15 13 0.005 0.164363 1.54022 200.798 0.000652869 0.000655475
1 16 0 0 0 0 0 0 0
1 17 0 0 0 0 0 0 0
1 18 0 0 0 0 0 0 0
1 19 0 0 0 0 0 0 0
1 20 0 0 0 0 0 0 0
1 21 0 0 0 0 0 0 0
1 22 0 0 0 0 0 0 0
1 23 0 0 0 0 0 0 0
2 0 56 0.005 0.352864 0.0228624 233.517 0.00488856 0.0057078
2 1 65 0.005 0.187242 0.135545 233.265 0.0058639 0.00683921
2 2 64 0.005 0.202365 0.169859 234.636 0.00572934 0.00672154
2 3 53 0.005 0.128222 0.281933 235.91 0.00468772 0.0055294
2 4 61 0.005 0.212131 0.322361 231.342 0.00526941 0.00609518
2 5 59 0.005 0.226556 0.345628 232.883 0.00504882 0.00587892
2 6 63 0.005 0.134811 0.419134 220.508 0.00533879 0.00588623
2 7 58 0.005 0.190426 0.543714 230.199 0.0046534 0.00535605
2 8 60 0.005 0.218046 0.634685 223.932 0.00461305 0.00516506
2 9 45 0.005 0.261005 0.707293 219.348 0.00332707 0.00364892
2 10 48 0.005 0.255589 0.924474 215.763 0.00320752 0.00346032
2 11 42 0.005 0.236658 1.09559 212.703 0.00258896 0.0027534
2 12 59 0.005 0.20771 1.10547 211.928 0.00362973 0.0038462
2 13 31 0.005 0.211642 1.29941 210.913 0.00173619 0.00183093
2 14 24 0.005 0.267646 1.37393 207.794 0.00129179 0.00134213
2 15 0 0 0 0 0 0 0
2 16 0 0 0 0 0 0 0
2 17 0 0 0 0 0 0 0
2 18 0 0 0 0 0 0 0
2 19 0 0 0 0 0 0 0
2 20 0 0 0 0 0 0 0
2 21 0 0 0 0 0 0 0
2 22 0 0 0 0 0 0 0
2 23 0 0 0 0 0 0 0
3 0 63 0.005 0.297212 0.0318013 238.353 0.005589 0.00666078
3 1 69 0.005 0.302505 0.16159 241.739 0.00604336 0.00730457
3 2 55 0.005 0.238641 0.190064 236.104 0.00487096 0.00575026
3 3 51 0.005 0.215503 0.297887 230.637 0.00443215 0.00511108
3 4 72 0.005 0.223345 0.287705 229.83 0.00626411 0.0071984
3 5 54 0.005 0.254327 0.471623 227.384 0.00440719 0.00501063
3 6 50 0.005 0.200736 0.545877 225.675 0.00400196 0.00451572
3 7 60 0.005 0.264523 0.576882 232.082 0.00469067 0.0054431
3 8 60 0.005 0.295399 0.722008 223.924 0.00438036 0.00490434
3 9 38 0.005 0.367317 0.864091 221.641 0.00256507 0.00284262
3 10 51 0.005 0.332071 0.926899 214.784 0.00336494 0.00361368
3 11 42 0.005 0.357337 1.01454 213.25 0.0026479 0.00282333
3 12 42 0.005 0.35776 1.18669 211.339 0.00244192 0.00258036
3 13 22 0.005 0.391943 1.3552 211.142 0.00117801 0.00124364
3 14 24 0.005 0.434708 1.62311 211.219 0.00113647 0.00120023
3 15 0 0 0 0 0 0 0
3 16 0 0 0 0 0 0 0
3 17 0 0 0 0 0 0 0
3 18 0 0 0 0 0 0 0
3 19 0 0 0 0 0 0 0
3 20 0 0 0 0 0 0 0
3 21 0 0 0 0 0 0 0
3 22 0 0 0 0 0 0 0
3 23 0 0 0 0 0 0 0
4 0 64 0.005 0.335096 0.120132 234.43 0.00558275 0.00654383
4 1 74 0.005 0.313131 0.15658 236.214 0.00646698 0.00763795
4 2 60 0.005 0.398802 0.134 228.503 0.00512082 0.0058506
4 3 55 0.005 0.383557 0.334442 229.562 0.0045387 0.00520957
4 4 49 0.005 0.323174 0.293753 238.868 0.00415782 0.00496584
4 5 57 0.005 0.302288 0.416188 236.245 0.00469328 0.00554381
4 6 61 0.005 0.38034 0.500783 242.859 0.00478135 0.00580597
4 7 52 0.005 0.324537 0.635766 230.245 0.00391886 0.00451149
4 8 58 0.005 0.360585 0.752371 224.422 0.00412364 0.00462718
4 9 60 0.005 0.400324 0.725259 217.219 0.00427824 0.00464657
4 10 43 0.005 0.433009 0.89852 215.42 0.00281897 0.00303631
4 11 39 0.005 0.37324 1.02967 214.257 0.00243487 0.00260845
4 12 41 0.005 0.390834 1.10886 207.643 0.00245957 0.00255356
4 13 22 0.005 0.536509 1.47655 207.003 0.00109385 0.00113215
4 14 20 0.005 0.505478 1.428 204.887 0.00102023 0.00104516
4 15 0 0 0 0 0 0 0
4 16 0 0 0 0 0 0 0
4 17 0 0 0 0 0 0 0
4 18 0 0 0 0 0 0 0
4 19 0 0 0 0 0 0 0
4 20 0 0 0 0 0 0 0
4 21 0 0 0 0 0 0 0
4 22 0 0 0 0 0 0 0
4 23 0 0 0 0 0 0 0
5 0 79 0.005 0.395663 0.0376755 232.018 0.00679759 0.00788583
5 1 68 0.005 0.446067 0.0494374 232.523 0.00574431 0.00667841
5 2 64 0.005 0.439808 0.164298 230.129 0.00536415 0.00617222
5 3 65 0.005 0.419168 0.241377 228.607 0.00541799 0.00619294
5 4 60 0.005 0.458089 0.346697 232.889 0.0048172 0.00560936
5 5 52 0.005 0.404772 0.369715 232.178 0.00422201 0.0049013
5 6 56 0.005 0.344249 0.484274 220.559 0.0044577 0.00491592
5 7 70 0.005 0.420374 0.540509 224.4 0.0053479 0.00600035
5 8 64 0.005 0.435988 0.711913 222.769 0.00454912 0.00506701
5 9 49 0.005 0.481803 0.878856 217.864 0.00320455 0.00349078
5 10 43 0.005 0.474346 0.942088 214.379 0.00273932 0.00293626
5 11 43 0.005 0.526267 1.02608 209.685 0.00260847 0.00273478
5 12 25 0.005 0.545239 1.23954 203.99 0.00137511 0.00140254
5 13 25 0.005 0.616033 1.38424 207.765 0.00127511 0.00132462
5 14 19 0.005 0.688389 1.58617 200.625 0.000880752 0.000883503
5 15 0 0 0 0 0 0 0
5 16 0 0 0 0 0 0 0
5 17 0 0 0 0 0 0 0
5 18 0 0 0 0 0 0 0
5 19 0 0 0 0 0 0 0
5 20 0 0 0 0 0 0 0
5 21 0 0 0 0 0 0 0
5 22 0 0 0 0 0 0 0
5 23 0 0 0 0 0 0 0
6 0 71 0.005 0.562436 0.0167469 228.341 0.00572935 0.00654122
6 1 78 0.005 0.513424 0.140603 231.55 0.00637521 0.00738091
6 2 55 0.005 0.604443 0.17609 236.203 0.00430963 0.00508973
6 3 75 0.005 0.569949 0.201222 229.212 0.00594317 0.00681122
6 4 71 0.005 0.525711 0.320112 223.007 0.00559857 0.00624261
6 5 54 0.005 0.480174 0.406279 225.317 0.00423238 0.00476813
6 6 71 0.005 0.554666 0.521381 221.845 0.00523089 0.00580223
6 7 54 0.005 0.479788 0.586814 222.186 0.00398467 0.00442668
6 8 60 0.005 0.489131 0.693481 213.312 0.00423587 0.0045178
6 9 56 0.005 0.651676 0.71079 215.06 0.00373247 0.00401353
6 10 36 0.005 0.622095 0.880793 215.973 0.00226658 0.0024476
6 11 37 0.005 0.750441 1.08929 210.585 0.00206602 0.00217536
6 12 41 0.005 0.61555 1.16466 208.019 0.00229538 0.00238742
6 13 16 0.005 0.59906 1.34747 207.239 0.000831488 0.000861584
6 14 15 0.005 0.689424 1.64203 199.83 0.000680015 0.000679436
6 15 0 0 0 0 0 0 0
6 16 0 0 0 0 0 0 0
6 17 0 0 0 0 0 0 0
6 18 0 0 0 0 0 0 0
6 19 0 0 0 0 0 0 0
6 20 0 0 0 0 0 0 0
6 21 0 0 0 0 0 0 0
6 22 0 0 0 0 0 0 0
6 23 0 0 0 0 0 0 0
7 0 66 0.005 0.607433 0.0895126 232.071 0.00520781 0.00604292
7 1 83 0.005 0.628952 0.189486 227.584 0.00642334 0.00730924
7 2 74 0.005 0.625038 0.186072 233.402 0.00573926 0.00669777
7 3 66 0.005 0.558538 0.242894 237.027 0.00521924 0.0061855
7 4 59 0.005 0.609018 0.318028 222.538 0.00450265 0.00501004
7 5 57 0.005 0.598486 0.449747 226.144 0.00422498 0.00477728
7 6 48 0.005 0.654466 0.527554 225.452 0.0034021 0.00383505
7 7 57 0.005 0.70275 0.655481 213.772 0.00380543 0.00406747
7 8 41 0.005 0.707606 0.731104 217.122 0.00266106 0.00288887
7 9 35 0.005 0.673985 0.91556 211.962 0.00214037 0.00226838
7 10 43 0.005 0.833835 1.05904 216.425 0.00237226 0.00256708
7 11 22 0.005 0.617404 1.04334 209.589 0.0012962 0.00135835
7 12 24 0.005 0.719607 1.13616 200.628 0.00132597 0.00133014
7 13 0 0 0 0 0 0 0
7 14 0 0 0 0 0 0 0
7 15 0 0 0 0 0 0 0
7 16 0 0 0 0 0 0 0
7 17 0 0 0 0 0 0 0
7 18 0 0 0 0 0 0 0
7 19 0 0 0 0 0 0 0
7 20 0 0 0 0 0 0 0
7 21 0 0 0 0 0 0 0
7 22 0 0 0 0 0 0 0
7 23 0 0 0 0 0 0 0
8 0 66 0.005 0.747945 0.020361 231.751 0.00489306 0.00566986
8 1 55 0.005 0.63034 0.124248 231.826 0.00428454 0.00496633
8 2 72 0.005 0.708229 0.185773 227.2 0.00537897 0.00611052
8 3 60 0.005 0.683201 0.370943 228.651 0.00438608 0.0050144
8 4 68 0.005 0.70587 0.257345 222.292 0.00503385 0.00559491
8 5 66 0.005 0.794058 0.471394 221.72 0.00448965 0.00497723
8 6 63 0.005 0.724333 0.493988 218.547 0.00438623 0.004793
8 7 48 0.005 0.891598 0.766495 212.242 0.00287942 0.00305567
8 8 63 0.005 0.836714 0.836177 216.553 0.00376596 0.00407765
8 9 35 0.005 0.755077 0.83287 212.253 0.00215389 0.00228586
8 10 26 0.005 0.850989 1.05103 206.252 0.00143135 0.00147609
8 11 23 0.005 1.03751 1.24187 205.036 0.00111952 0.0011477
8 12 16 0.005 0.898888 1.1577 203.768 0.00083495 0.000850678
8 13 0 0 0 0 0 0 0
8 14 0 0 0 0 0 0 0
8 15 0 0 0 0 0 0 0
8 16 0 0 0 0 0 0 0
8 17 0 0 0 0 0 0 0
8 18 0 0 0 0 0 0 0
8 19 0 0 0 0 0 0 0
8 20 0 0 0 0 0 0 0
8 21 0 0 0 0 0 0 0
8 22 0 0 0 0 0 0 0
8 23 0 0 0 0 0 0 0
9 0 77 0.005 0.819291 0.0363493 225.829 0.00551285 0.0062248
9 1 72 0.005 0.864781 0.14404 226.079 0.00501297 0.00566662
9 2 54 0.005 0.818393 0.242675 222.911 0.0038029 0.00423854
9 3 58 0.005 0.835486 0.31711 223.708 0.0040044 0.00447908
9 4 59 0.005 0.807001 0.31919 214.67 0.00412592 0.00442855
9 5 37 0.005 0.818792 0.492538 222.49 0.00247696 0.00275549
9 6 58 0.005 1.00764 0.563468 224.252 0.0035161 0.00394246
9 7 40 0.005 0.848253 0.707608 212.445 0.00248563 0.0026403
9 8 38 0.005 0.906509 0.775537 206.704 0.00226029 0.00233605
9 9 26 0.005 1.07326 0.870047 207.621 0.00141152 0.0014653
9 10 25 0.005 1.15745 1.1476 211.065 0.00121052 0.00127749
9 11 14 0.005 0.995651 1.07436 206.022 0.000730894 0.0007529
9 12 11 0.005 1.0327 1.25967 200.345 0.00053288 0.0005338
9 13 0 0 0 0 0 0 0
9 14 0 0 0 0 0 0 0
9 15 0 0 0 0 0 0 0
9 16 0 0 0 0 0 0 0
9 17 0 0 0 0 0 0 0
9 18 0 0 0 0 0 0 0
9 19 0 0 0 0 0 0 0
9 20 0 0 0 0 0 0 0
9 21 0 0 0 0 0 0 0
9 22 0 0 0 0 0 0 0
9 23 0 0 0 0 0 0 0
10 0 64 0.005 0.940186 0.119364 224.149 0.00430116 0.00482051
10 1 72 0.005 0.912314 0.120171 226.402 0.00490573 0.00555335
10 2 54 0.005 0.923075 0.217678 216.366 0.0036279 0.00392478
10 3 44 0.005 0.920919 0.248827 214.278 0.00294789 0.00315834
10 4 53 0.005 1.06025 0.428886 225.019 0.00323018 0.00363425
10 5 57 0.005 1.01219 0.529259 216.035 0.00347656 0.00375529
10 6 37 0.005 1.01322 0.657144 215.123 0.00218498 0.0023502
10 7 34 0.005 1.06078 0.727887 214.834 0.00193204 0.00207534
10 8 26 0.005 1.05202 0.734809 204.969 0.00147978 0.00151655
10 9 23 0.005 1.08661 0.912721 203.853 0.00122673 0.00125036
10 10 0 0 0 0 0 0 0
10 11 10 0.005 1.16258 1.08665 206.551 0.000492653 0.00050879
10 12 0 0 0 0 0 0 0
10 13 0 0 0 0 0 0 0
10 14 0 0 0 0 0 0 0
10 15 0 0 0 0 0 0 0
10 16 0 0 0 0 0 0 0
10 17 0 0 0 0 0 0 0
10 18 0 0 0 0 0 0 0
10 19 0 0 0 0 0 0 0
10 20 0 0 0 0 0 0 0
10 21 0 0 0 0 0 0 0
10 22 0 0 0 0 0 0 0
10 23 0 0 0 0 0 0 0
11 0 50 0.005 1.07017 0.0626321 211.822 0.00315799 0.00334465
11 1 59 0.005 1.05915 0.148688 222.621 0.003731 0.00415299
11 2 52 0.005 1.01564 0.269953 212.232 0.00331907 0.00352207
11 3 48 0.005 1.23174 0.331459 214.041 0.0027421 0.00293461
11 4 35 0.005 1.16461 0.448299 216.84 0.00202653 0.00219717
11 5 53 0.005 1.10063 0.490771 213.631 0.0031338 0.00334738
11 6 44 0.005 1.16717 0.571682 210.17 0.00248442 0.00261075
11 7 29 0.005 1.09814 0.602702 205.577 0.00167525 0.00172196
11 8 23 0.005 1.29795 0.921967 201.611 0.00113273 0.00114186
11 9 14 0.005 1.30074 0.980023 201.525 0.000678293 0.000683465
11 10 0 0 0 0 0 0 0
11 11 0 0 0 0 0 0 0
11 12 0 0 0 0 0 0 0
11 13 0 0 0 0 0 0 0
11 14 0 0 0 0 0 0 0
11 15 0 0 0 0 0 0 0
11 16 0 0 0 0 0 0 0
11 17 0 0 0 0 0 0 0
11 18 0 0 0 0 0 0 0
11 19 0 0 0 0 0 0 0
11 20 0 0 0 0 0 0 0
11 21 0 0 0 0 0 0 0
11 22 0 0 0 0 0 0 0
11 23 0 0 0 0 0 0 0
12 0 37 0.005 1.16223 -0.00310505 213.678 0.00223446 0.00238727
12 1 35 0.005 1.21783 0.178951 206.416 0.00204344 0.002109
12 2 42 0.005 1.16965 0.158947 211.639 0.00251376 0.00266004
12 3 46 0.005 1.26034 0.338568 218.629 0.00259063 0.00283193
12 4 29 0.005 1.31964 0.421497 219.899 0.00157162 0.00172799
12 5 29 0.005 1.341 0.463565 214.772 0.0015469 0.00166115
12 6 22 0.005 1.38208 0.548865 207.196 0.00113672 0.00117761
12 7 24 0.005 1.29748 0.763802 207.503 0.00122948 0.00127561
12 8 10 0.005 1.52381 0.867295 202.889 0.000458728 0.000465354
12 9 13 0.005 1.36187 0.911295 210.812 0.000627036 0.000660935
12 10 0 0 0 0 0 0 0
12 11 0 0 0 0 0 0 0
12 12 0 0 0 0 0 0 0
12 13 0 0 0 0 0 0 0
12 14 0 0 0 0 0 0 0
12 15 0 0 0 0 0 0 0
12 16 0 0 0 0 0 0 0
12 17 0 0 0 0 0 0 0
12 18 0 0 0 0 0 0 0
12 19 0 0 0 0 0 0 0
12 20 0 0 0 0 0 0 0
12 21 0 0 0 0 0 0 0
12 22 0 0 0 0 0 0 0
12 23 0 0 0 0 0 0 0
13 0 31 0.005 1.43913 0.0657805 207.201 0.00163676 0.0016957
13 1 28 0.005 1.33787 0.214656 205.245 0.00153951 0.00157988
13 2 24 0.005 1.43715 0.245334 217.38 0.00125696 0.00136619
13 3 19 0.005 1.34384 0.385332 220.18 0.00102352 0.00112679
13 4 17 0.005 1.45949 0.494205 202.735 0.000856901 0.000868619
13 5 11 0.005 1.36529 0.484479 208.47 0.000578597 0.0006031
13 6 14 0.005 1.63117 0.73512 201.107 0.000632443 0.000635945
13 7 0 0 0 0 0 0 0
13 8 0 0 0 0 0 0 0
13 9 0 0 0 0 0 0 0
13 10 0 0 0 0 0 0 0
13 11 0 0 0 0 0 0 0
13 12 0 0 0 0 0 0 0
13 13 0 0 0 0 0 0 0
13 14 0 0 0 0 0 0 0
13 15 0 0 0 0 0 0 0
13 16 0 0 0 0 0 0 0
13 17 0 0 0 0 0 0 0
13 18 0 0 0 0 0 0 0
13 19 0 0 0 0 0 0 0
13 20 0 0 0 0 0 0 0
13 21 0 0 0 0 0 0 0
13 22 0 0 0 0 0 0 0
13 23 0 0 0 0 0 0 0
14 0 19 0.005 1.81588 0.0946045 206.47 0.000847763 0.000875188
14 1 15 0.005 1.4161 0.173824 209.378 0.000797164 0.000834543
14 2 14 0.005 1.45796 0.233384 204.956 0.000726914 0.000744929
14 3 14 0.005 1.81615 0.223402 209.532 0.000621648 0.000651276
14 4 0 0 0 0 0 0 0
14 5 0 0 0 0 0 0 0
14 6 10 0.005 1.56114 0.714798 194.67 0.000465996 0.000453578
14 7 0 0 0 0 0 0 0
14 8 0 0 0 0 0 0 0
14 9 0 0 0 0 0 0 0
14 10 0 0 0 0 0 0 0
14 11 0 0 0 0 0 0 0
14 12 0 0 0 0 0 0 0
14 13 0 0 0 0 0 0 0
14 14 0 0 0 0 0 0 0
14 15 0 0 0 0 0 0 0
14 16 0 0 0 0 0 0 0
14 17 0 0 0 0 0 0 0
14 18 0 0 0 0 0 0 0
14 19 0 0 0 0 0 0 0
14 20 0 0 0 0 0 0 0
14 21 0 0 0 0 0 0 0
14 22 0 0 0 0 0 0 0
14 23 0 0 0 0 0 0 0
15 0 0 0 0 0 0 0 0
15 1 0 0 0 0 0 0 0
15 2 0 0 0 0 0 0 0
15 3 0 0 0 0 0 0 0
15 4 0 0 0 0 0 0 0
15 5 0 0 0 0 0 0 0
15 6 0 0 0 0 0 0 0
15 7 0 0 0 0 0 0 0
15 8 0 0 0 0 0 0 0
15 9 0 0 0 0 0 0 0
15 10 0 0 0 0 0 0 0
15 11 0 0 0 0 0 0 0
15 12 0 0 0 0 0 0 0
15 13 0 0 0 0 0 0 0
15 14 0 0 0 0 0 0 0
15 15 0 0 0 0 0 0 0
15 16 0 0 0 0 0 0 0
15 17 0 0 0 0 0 0 0
15 18 0 0 0 0 0 0 0
15 19 0 0 0 0 0 0 0
15 20 0 0 0 0 0 0 0
15 21 0 0 0 0 0 0 0
15 22 0 0 0 0 0 0 0
15 23 0 0 0 0 0 0 0
16 0 0 0 0 0 0 0 0
16 1 0 0 0 0 0 0 0
16 2 0 0 0 0 0 0 0
16 3 0 0 0 0 0 0 0
16 4 0 0 0 0 0 0 0
16 5 0 0 0 0 0 0 0
16 6 0 0 0 0 0 0 0
16 7 0 0 0 0 0 0 0
16 8 0 0 0 0 0 0 0
16 9 0 0 0 0 0 0 0
16 10 0 0 0 0 0 0 0
16 11 0 0 0 0 0 0 0
16 12 0 0 0 0 0 0 0
16 13 0 0 0 0 0 0 0
16 14 0 0 0 0 0 0 0
16 15 0 0 0 0 0 0 0
16 16 0 0 0 0 0 0 0
16 17 0 0 0 0 0 0 0
16 18 0 0 0 0 0 0 0
16 19 0 0 0 0 0 0 0
16 20 0 0 0 0 0 0 0
16 21 0 0 0 0 0 0 0
16 22 0 0 0 0 0 0 0
16 23 0 0 0 0 0 0 0
17 0 0 0 0 0 0 0 0
17 1 0 0 0 0 0 0 0
17 2 0 0 0 0 0 0 0
17 3 0 0 0 0 0 0 0
17 4 0 0 0 0 0 0 0
17 5 0 0 0 0 0 0 0
17 6 0 0 0 0 0 0 0
17 7 0 0 0 0 0 0 0
17 8 0 0 0 0 0 0 0
17 9 0 0 0 0 0 0 0
17 10 0 0 0 0 0 0 0
17 11 0 0 0 0 0 0 0
17 12 0 0 0 0 0 0 0
17 13 0 0 0 0 0 0 0
17 14 0 0 0 0 0 0 0
17 15 0 0 0 0 0 0 0
17 16 0 0 0 0 0 0 0
17 17 0 0 0 0 0 0 0
17 18 0 0 0 0 0 0 0
17 19 0 0 0 0 0 0 0
17 20 0 0 0 0 0 0 0
17 21 0 0 0 0 0 0 0
17 22 0 0 0 0 0 0 0
17 23 0 0 0 0 0 0 0
18 0 0 0 0 0 0 0 0
18 1 0 0 0 0 0 0 0
18 2 0 0 0 0 0 0 0
18 3 0 0 0 0 0 0 0
18 4 0 0 0 0 0 0 0
18 5 0 0 0 0 0 0 0
18 6 0 0 0 0 0 0 0
18 7 0 0 0 0 0 0 0
18 8 0 0 0 0 0 0 0
18 9 0 0 0 0 0 0 0
18 10 0 0 0 0 0 0 0
18 11 0 0 0 0 0 0 0
18 12 0 0 0 0 0 0 0
18 13 0 0 0 0 0 0 0
18 14 0 0 0 0 0 0 0
18 15 0 0 0 0 0 0 0
18 16 0 0 0 0 0 0 0
18 17 0 0 0 0 0 0 0
18 18 0 0 0 0 0 0 0
18 19 0 0 0 0 0 0 0
18 20 0 0 0 0 0 0 0
18 21 0 0 0 0 0 0 0
18 22 0 0 0 0 0 0 0
18 23 0 0 0 0 0 0 0
19 0 0 0 0 0 0 0 0
19 1 0 0 0 0 0 0 0
19 2 0 0 0 0 0 0 0
19 3 0 0 0 0 0 0 0
19 4 0 0 0 0 0 0 0
19 5 0 0 0 0 0 0 0
19 6 0 0 0 0 0 0 0
19 7 0 0 0 0 0 0 0
19 8 0 0 0 0 0 0 0
19 9 0 0 0 0 0 0 0
19 10 0 0 0 0 0 0 0
19 11 0 0 0 0 0 0 0
19 12 0 0 0 0 0 0 0
19 13 0 0 0 0 0 0 0
19 14 0 0 0 0 0 0 0
19 15 0 0 0 0 0 0 0
19 16 0 0 0 0 0 0 0
19 17 0 0 0 0 0 0 0
19 18 0 0 0 0 0 0 0
19 19 0 0 0 0 0 0 0
19 20 0 0 0 0 0 0 0
19 21 0 0 0 0 0 0 0
19 22 0 0 0 0 0 0 0
19 23 0 0 0 0 0 0 0
20 0 0 0 0 0 0 0 0
20 1 0 0 0 0 0 0 0
20 2 0 0 0 0 0 0 0
20 3 0 0 0 0 0 0 0
20 4 0 0 0 0 0 0 0
20 5 0 0 0 0 0 0 0
20 6 0 0 0 0 0 0 0
20 7 0 0 0 0 0 0 0
20 8 0 0 0 0 0 0 0
20 9 0 0 0 0 0 0 0
20 10 0 0 0 0 0 0 0
20 11 0 0 0 0 0 0 0
20 12 0 0 0 0 0 0 0
20 13 0 0 0 0 0 0 0
20 14 0 0 0 0 0 0 0
20 15 0 0 0 0 0 0 0
20 16 0 0 0 0 0 0 0
20 17 0 0 0 0 0 0 0
20 18 0 0 0 0 0 0 0
20 19 0 0 0 0 0 0 0
20 20 0 0 0 0 0 0 0
20 21 0 0 0 0 0 0 0
20 22 0 0 0 0 0 0 0
20 23 0 0 0 0 0 0 0
21 0 0 0 0 0 0 0 0
21 1 0 0 0 0 0 0 0
21 2 0 0 0 0 0 0 0
21 3 0 0 0 0 0 0 0
21 4 0 0 0 0 0 0 0
21 5 0 0 0 0 0 0 0
21 6 0 0 0 0 0 0 0
21 7 0 0 0 0 0 0 0
21 8 0 0 0 0 0 0 0
21 9 0 0 0 0 0 0 0
21 10 0 0 0 0 0 0 0
21 11 0 0 0 0 0 0 0
21 12 0 0 0 0 0 0 0
21 13 0 0 0 0 0 0 0
21 14 0 0 0 0 0 0 0
21 15 0 0 0 0 0 0 0
21 16 0 0 0 0 0 0 0
21 17 0 0 0 0 0 0 0
21 18 0 0 0 0 0 0 0
21 19 0 0 0 0 0 0 0
21 20 0 0 0 0 0 0 0
21 21 0 0 0 0 0 0 0
21 22 0 0 0 0 0 0 0
21 23 0 0 0 0 0 0 0
22 0 0 0 0 0 0 0 0
22 1 0 0 0 0 0 0 0
22 2 0 0 0 0 0 0 0
22 3 0 0 0 0 0 0 0
22 4 0 0 0 0 0 0 0
22 5 0 0 0 0 0 0 0
22 6 0 0 0 0 0 0 0
22 7 0 0 0 0 0 0 0
22 8 0 0 0 0 0 0 0
22 9 0 0 0 0 0 0 0
22 10 0 0 0 0 0 0 0
22 11 0 0 0 0 0 0 0
22 12 0 0 0 0 0 0 0
22 13 0 0 0 0 0 0 0
22 14 0 0 0 0 0 0 0
22 15 0 0 0 0 0 0 0
22 16 0 0 0 0 0 0 0
22 17 0 0 0 0 0 0 0
22 18 0 0 0 0 0 0 0
22 19 0 0 0 0 0 0 0
22 20 0 0 0 0 0 0 0
22 21 0 0 0 0 0 0 0
22 22 0 0 0 0 0 0 0
22 23 0 0 0 0 0 0 0
23 0 0 0 0 0 0 0 0
23 1 0 0 0 0 0 0 0
23 2 0 0 0 0 0 0 0
23 3 0 0 0 0 0 0 0
23 4 0 0 0 0 0 0 0
23 5 0 0 0 0 0 0 0
23 6 0 0 0 0 0 0 0
23 7 0 0 0 0 0 0 0
23 8 0 0 0 0 0 0 0
23 9 0 0 0 0 0 0 0
23 10 0 0 0 0 0 0 0
23 11 0 0 0 0 0 0 0
23 12 0 0 0 0 0 0 0
23 13 0 0 0 0 0 0 0
23 14 0 0 0 0 0 0 0
23 15 0 0 0 0 0 0 0
23 16 0 0 0 0 0 0 0
23 17 0 0 0 0 0 0 0
23 18 0 0 0 0 0 0 0
23 19 0 0 0 0 0 0 0
23 20 0 0 0 0 0 0 0
23 21 0 0 0 0 0 0 0
23 22 0 0 0 0 0 0 0
23 23 0 0 0 0 0 0 0
