#  ix    iy     Npi     E/N       Tpi    Uxpi    Uypi     mupi     rho    epsilon
0 0 10 104.014 0.201987 0.0630109 0.690468 0.0627141 23.4722
0 1 0 0 0 0 0 0 0
0 2 0 0 0 0 0 0 0
0 3 0 0 0 0 0 0 0
0 4 0 0 0 0 0 0 0
0 5 0 0 0 0 0 0 0
0 6 12 89.1827 0.0427575 0.583394 1.31319 0.0663975 22.2729
0 7 0 0 0 0 0 0 0
0 8 11 104.065 0.0958717 0.905432 0.504025 0.0521388 19.5212
0 9 10 65.5071 0.0270233 0.538291 2.37547 0.0564285 15.5598
0 10 0 0 0 0 0 0 0
0 11 0 0 0 0 0 0 0
0 12 10 61.311 -0.267014 1.49385 2.18821 0.0352719 9.36584
0 13 0 0 0 0 0 0 0
0 14 0 0 0 0 0 0 0
0 15 0 0 0 0 0 0 0
0 16 13 88.6261 0.285851 1.68889 0.879117 0.0420143 14.0332
0 17 11 55.1884 0.13998 1.44352 2.78138 0.040027 10.0418
0 18 0 0 0 0 0 0 0
0 19 0 0 0 0 0 0 0
0 20 0 0 0 0 0 0 0
0 21 0 0 0 0 0 0 0
0 22 0 0 0 0 0 0 0
0 23 0 0 0 0 0 0 0
1 0 0 0 0 0 0 0 0
1 1 0 0 0 0 0 0 0
1 2 12 62.7159 0.332356 0.0935317 2.81398 0.0727112 19.5547
1 3 0 0 0 0 0 0 0
1 4 0 0 0 0 0 0 0
1 5 10 79.8326 0.0655878 0.724022 1.49004 0.0518491 16.1504
1 6 0 0 0 0 0 0 0
1 7 0 0 0 0 0 0 0
1 8 0 0 0 0 0 0 0
1 9 10 77.0806 0.413028 1.05631 1.42643 0.0423936 12.91
1 10 0 0 0 0 0 0 0
1 11 0 0 0 0 0 0 0
1 12 12 74.6617 0.304778 1.38246 1.59896 0.0443813 13.2452
1 13 0 0 0 0 0 0 0
1 14 0 0 0 0 0 0 0
1 15 0 0 0 0 0 0 0
1 16 0 0 0 0 0 0 0
1 17 0 0 0 0 0 0 0
1 18 10 48.2873 0.544944 2.72603 2.79679 0.0216976 5.09329
1 19 0 0 0 0 0 0 0
1 20 0 0 0 0 0 0 0
1 21 0 0 0 0 0 0 0
1 22 0 0 0 0 0 0 0
1 23 0 0 0 0 0 0 0
2 0 0 0 0 0 0 0 0
2 1 0 0 0 0 0 0 0
2 2 10 104.612 0.121192 0.188252 0.667284 0.0625539 23.5114
2 3 0 0 0 0 0 0 0
2 4 0 0 0 0 0 0 0
2 5 0 0 0 0 0 0 0
2 6 0 0 0 0 0 0 0
2 7 0 0 0 0 0 0 0
2 8 0 0 0 0 0 0 0
2 9 0 0 0 0 0 0 0
2 10 12 104.073 0.131637 0.911548 0.585538 0.0565818 21.1858
2 11 0 0 0 0 0 0 0
2 12 10 64.0222 0.362077 0.971201 2.23515 0.0445078 12.1113
2 13 10 75.4713 0.56278 2.1619 1.0285 0.0261904 7.86954
2 14 0 0 0 0 0 0 0
2 15 0 0 0 0 0 0 0
2 16 0 0 0 0 0 0 0
2 17 0 0 0 0 0 0 0
2 18 0 0 0 0 0 0 0
2 19 0 0 0 0 0 0 0
2 20 0 0 0 0 0 0 0
2 21 0 0 0 0 0 0 0
2 22 0 0 0 0 0 0 0
2 23 0 0 0 0 0 0 0
3 0 0 0 0 0 0 0 0
3 1 0 0 0 0 0 0 0
3 2 0 0 0 0 0 0 0
3 3 0 0 0 0 0 0 0
3 4 0 0 0 0 0 0 0
3 5 10 56.7643 0.0189661 0.277405 3.08794 0.0617596 15.7252
3 6 0 0 0 0 0 0 0
3 7 0 0 0 0 0 0 0
3 8 0 0 0 0 0 0 0
3 9 0 0 0 0 0 0 0
3 10 0 0 0 0 0 0 0
3 11 0 0 0 0 0 0 0
3 12 0 0 0 0 0 0 0
3 13 0 0 0 0 0 0 0
3 14 0 0 0 0 0 0 0
3 15 10 58.8472 0.471175 1.82746 2.20604 0.0300135 7.79144
3 16 0 0 0 0 0 0 0
3 17 11 54.6152 0.557321 2.39474 2.41901 0.0265654 6.62857
3 18 0 0 0 0 0 0 0
3 19 0 0 0 0 0 0 0
3 20 0 0 0 0 0 0 0
3 21 0 0 0 0 0 0 0
3 22 0 0 0 0 0 0 0
3 23 0 0 0 0 0 0 0
4 0 0 0 0 0 0 0 0
4 1 10 89.5279 0.519055 0.316681 1.1062 0.0547724 18.4222
4 2 11 80.7798 0.341482 0.489544 1.59921 0.0605475 19.0056
4 3 0 0 0 0 0 0 0
4 4 0 0 0 0 0 0 0
4 5 0 0 0 0 0 0 0
4 6 15 72.8321 0.256342 0.365835 2.38075 0.0877926 25.799
4 7 0 0 0 0 0 0 0
4 8 11 65.4998 0.159105 0.999795 2.246 0.0495525 13.6629
4 9 0 0 0 0 0 0 0
4 10 11 59.786 0.18812 1.16297 2.55541 0.045631 11.9487
4 11 0 0 0 0 0 0 0
4 12 14 75.5052 0.35722 1.25787 1.75984 0.054517 16.3856
4 13 0 0 0 0 0 0 0
4 14 0 0 0 0 0 0 0
4 15 0 0 0 0 0 0 0
4 16 13 94.2262 0.451703 1.24467 0.828813 0.0502224 17.5048
4 17 0 0 0 0 0 0 0
4 18 12 48.6727 0.424803 2.36101 3.06869 0.0295971 6.97393
4 19 0 0 0 0 0 0 0
4 20 0 0 0 0 0 0 0
4 21 0 0 0 0 0 0 0
4 22 0 0 0 0 0 0 0
4 23 0 0 0 0 0 0 0
5 0 0 0 0 0 0 0 0
5 1 0 0 0 0 0 0 0
5 2 0 0 0 0 0 0 0
5 3 15 95.2024 0.386343 0.267951 1.34037 0.0870158 30.5507
5 4 0 0 0 0 0 0 0
5 5 0 0 0 0 0 0 0
5 6 0 0 0 0 0 0 0
5 7 0 0 0 0 0 0 0
5 8 0 0 0 0 0 0 0
5 9 11 64.6185 0.187886 0.668179 2.45934 0.0579267 15.847
5 10 0 0 0 0 0 0 0
5 11 0 0 0 0 0 0 0
5 12 11 87.1062 0.300119 0.918306 1.13264 0.0507121 16.7395
5 13 10 91.5312 0.32723 1.33166 0.651677 0.0377701 12.8997
5 14 0 0 0 0 0 0 0
5 15 0 0 0 0 0 0 0
5 16 14 79.6768 0.486727 1.39114 1.46908 0.0503878 15.6753
5 17 0 0 0 0 0 0 0
5 18 0 0 0 0 0 0 0
5 19 0 0 0 0 0 0 0
5 20 0 0 0 0 0 0 0
5 21 0 0 0 0 0 0 0
5 22 0 0 0 0 0 0 0
5 23 0 0 0 0 0 0 0
6 0 0 0 0 0 0 0 0
6 1 11 81.1451 0.73716 -0.0762784 1.51518 0.0566515 17.8353
6 2 0 0 0 0 0 0 0
6 3 0 0 0 0 0 0 0
6 4 10 61.5647 0.653817 0.724105 2.43336 0.0458836 12.2117
6 5 13 58.3994 0.244239 0.305148 3.18991 0.0776154 20.0655
6 6 11 85.2198 0.502229 0.520477 1.33515 0.0571346 18.5824
6 7 0 0 0 0 0 0 0
6 8 10 59.6044 0.759922 1.43508 2.26307 0.033613 8.787
6 9 12 69.0868 1.14392 1.38534 1.74295 0.0374113 10.6455
6 10 15 77.587 0.573717 1.08967 1.7581 0.0606129 18.5357
6 11 0 0 0 0 0 0 0
6 12 11 56.7357 0.368563 0.724634 2.96905 0.0547132 13.9273
6 13 11 58.1475 0.839011 1.34289 2.48567 0.0376514 9.71111
6 14 15 56.9293 0.933549 1.80445 2.70032 0.0424631 10.8286
6 15 0 0 0 0 0 0 0
6 16 12 113.197 0.96073 2.03424 -0.307407 0.031245 12.4585
6 17 0 0 0 0 0 0 0
6 18 10 34.3817 1.14068 2.95394 4.49991 0.019304 3.93228
6 19 0 0 0 0 0 0 0
6 20 0 0 0 0 0 0 0
6 21 0 0 0 0 0 0 0
6 22 0 0 0 0 0 0 0
6 23 0 0 0 0 0 0 0
7 0 14 61.2707 0.729405 0.114192 2.9074 0.0721987 19.164
7 1 0 0 0 0 0 0 0
7 2 0 0 0 0 0 0 0
7 3 0 0 0 0 0 0 0
7 4 0 0 0 0 0 0 0
7 5 0 0 0 0 0 0 0
7 6 0 0 0 0 0 0 0
7 7 0 0 0 0 0 0 0
7 8 16 80.7278 0.479224 0.790922 1.81977 0.0753006 23.6266
7 9 0 0 0 0 0 0 0
7 10 0 0 0 0 0 0 0
7 11 11 80.6259 0.870996 1.17325 1.18765 0.0398234 12.4848
7 12 0 0 0 0 0 0 0
7 13 0 0 0 0 0 0 0
7 14 0 0 0 0 0 0 0
7 15 0 0 0 0 0 0 0
7 16 0 0 0 0 0 0 0
7 17 0 0 0 0 0 0 0
7 18 0 0 0 0 0 0 0
7 19 0 0 0 0 0 0 0
7 20 0 0 0 0 0 0 0
7 21 0 0 0 0 0 0 0
7 22 0 0 0 0 0 0 0
7 23 0 0 0 0 0 0 0
8 0 10 102.608 0.617919 -0.0681536 0.598056 0.0544403 20.173
8 1 12 98.7141 0.660269 0.266351 0.879173 0.0626635 22.5773
8 2 15 81.7404 0.682684 0.22627 1.80744 0.0780616 24.6941
8 3 0 0 0 0 0 0 0
8 4 0 0 0 0 0 0 0
8 5 0 0 0 0 0 0 0
8 6 0 0 0 0 0 0 0
8 7 0 0 0 0 0 0 0
8 8 0 0 0 0 0 0 0
8 9 0 0 0 0 0 0 0
8 10 10 81.8926 0.925871 0.807954 1.14308 0.040461 12.8152
8 11 0 0 0 0 0 0 0
8 12 0 0 0 0 0 0 0
8 13 0 0 0 0 0 0 0
8 14 0 0 0 0 0 0 0
8 15 10 48.8334 1.87462 2.74733 2.58052 0.0184572 4.3559
8 16 0 0 0 0 0 0 0
8 17 0 0 0 0 0 0 0
8 18 0 0 0 0 0 0 0
8 19 0 0 0 0 0 0 0
8 20 0 0 0 0 0 0 0
8 21 0 0 0 0 0 0 0
8 22 0 0 0 0 0 0 0
8 23 0 0 0 0 0 0 0
9 0 0 0 0 0 0 0 0
9 1 0 0 0 0 0 0 0
9 2 0 0 0 0 0 0 0
9 3 12 77.1595 0.696255 0.529353 1.73413 0.057901 17.6439
9 4 12 90.6157 0.730021 0.464538 1.12109 0.0581695 19.7286
9 5 11 71.9416 0.941339 0.635983 1.79692 0.0465901 13.5876
9 6 0 0 0 0 0 0 0
9 7 0 0 0 0 0 0 0
9 8 0 0 0 0 0 0 0
9 9 0 0 0 0 0 0 0
9 10 0 0 0 0 0 0 0
9 11 0 0 0 0 0 0 0
9 12 11 80.2847 1.05071 1.2485 1.12638 0.0368439 11.5188
9 13 10 54.5889 1.43269 1.83052 2.37368 0.025332 6.31924
9 14 0 0 0 0 0 0 0
9 15 0 0 0 0 0 0 0
9 16 0 0 0 0 0 0 0
9 17 0 0 0 0 0 0 0
9 18 0 0 0 0 0 0 0
9 19 0 0 0 0 0 0 0
9 20 0 0 0 0 0 0 0
9 21 0 0 0 0 0 0 0
9 22 0 0 0 0 0 0 0
9 23 0 0 0 0 0 0 0
10 0 0 0 0 0 0 0 0
10 1 15 79.6088 0.983908 0.184979 1.77147 0.0679521 21.1278
10 2 11 96.574 1.13783 0.388255 0.630333 0.0450914 15.9931
10 3 0 0 0 0 0 0 0
10 4 12 71.9651 1.31877 0.227735 1.78381 0.0460443 13.4311
10 5 17 83.7585 0.953331 0.425736 1.67844 0.0753775 24.2335
10 6 0 0 0 0 0 0 0
10 7 11 85.2647 1.62413 1.23285 0.723276 0.0310484 10.1017
10 8 0 0 0 0 0 0 0
10 9 0 0 0 0 0 0 0
10 10 0 0 0 0 0 0 0
10 11 0 0 0 0 0 0 0
10 12 0 0 0 0 0 0 0
10 13 10 75.872 1.3932 1.75271 1.00558 0.0261415 7.88117
10 14 13 83.6412 1.66544 2.28029 0.687035 0.0278189 8.93527
10 15 0 0 0 0 0 0 0
10 16 0 0 0 0 0 0 0
10 17 0 0 0 0 0 0 0
10 18 0 0 0 0 0 0 0
10 19 0 0 0 0 0 0 0
10 20 0 0 0 0 0 0 0
10 21 0 0 0 0 0 0 0
10 22 0 0 0 0 0 0 0
10 23 0 0 0 0 0 0 0
11 0 13 97.4663 1.35332 -0.0188365 0.690296 0.0495206 17.6798
11 1 11 90.3912 0.645306 0.233886 1.12979 0.0581358 19.6834
11 2 11 65.0583 1.41321 0.348163 2.05862 0.0399305 10.9667
11 3 0 0 0 0 0 0 0
11 4 0 0 0 0 0 0 0
11 5 15 56.937 1.42214 0.561905 2.9143 0.0526271 13.4215
11 6 0 0 0 0 0 0 0
11 7 0 0 0 0 0 0 0
11 8 11 65.7186 0.892038 0.768412 2.14989 0.0456474 12.6106
11 9 12 62.9309 1.24119 0.666878 2.30878 0.0445209 11.9966
11 10 0 0 0 0 0 0 0
11 11 0 0 0 0 0 0 0
11 12 0 0 0 0 0 0 0
11 13 0 0 0 0 0 0 0
11 14 0 0 0 0 0 0 0
11 15 0 0 0 0 0 0 0
11 16 0 0 0 0 0 0 0
11 17 0 0 0 0 0 0 0
11 18 0 0 0 0 0 0 0
11 19 0 0 0 0 0 0 0
11 20 0 0 0 0 0 0 0
11 21 0 0 0 0 0 0 0
11 22 0 0 0 0 0 0 0
11 23 0 0 0 0 0 0 0
12 0 14 102.079 1.28471 -0.0394168 0.628927 0.0551079 20.3434
12 1 10 89.1722 1.0603 -0.0626962 0.90083 0.0439412 14.7388
12 2 11 81.6446 1.20263 0.283527 1.24682 0.04436 14.0221
12 3 0 0 0 0 0 0 0
12 4 13 73.8819 1.20623 0.438496 1.78427 0.0512175 15.1854
12 5 12 69.2032 1.14511 0.297497 2.01916 0.049656 14.1441
12 6 0 0 0 0 0 0 0
12 7 0 0 0 0 0 0 0
12 8 12 50.8762 1.82862 0.913277 2.98971 0.0338048 8.13822
12 9 10 60.203 1.59529 1.24266 2.05135 0.0284153 7.46918
12 10 0 0 0 0 0 0 0
12 11 11 89.5805 2.31391 1.95071 0.197396 0.0221224 7.44368
12 12 0 0 0 0 0 0 0
12 13 0 0 0 0 0 0 0
12 14 0 0 0 0 0 0 0
12 15 0 0 0 0 0 0 0
12 16 0 0 0 0 0 0 0
12 17 0 0 0 0 0 0 0
12 18 0 0 0 0 0 0 0
12 19 0 0 0 0 0 0 0
12 20 0 0 0 0 0 0 0
12 21 0 0 0 0 0 0 0
12 22 0 0 0 0 0 0 0
12 23 0 0 0 0 0 0 0
13 0 11 52.5419 1.69944 0.205043 2.88935 0.0355683 8.70131
13 1 0 0 0 0 0 0 0
13 2 0 0 0 0 0 0 0
13 3 0 0 0 0 0 0 0
13 4 11 66.0085 2.07786 0.75961 1.67924 0.0290431 8.04416
13 5 0 0 0 0 0 0 0
13 6 11 81.9121 1.45889 0.838908 1.0259 0.0360203 11.4105
13 7 0 0 0 0 0 0 0
13 8 12 85.8342 1.40406 1.0579 0.900824 0.0380335 12.43
13 9 0 0 0 0 0 0 0
13 10 0 0 0 0 0 0 0
13 11 10 55.7929 1.94294 1.8156 2.15875 0.0225632 5.69289
13 12 0 0 0 0 0 0 0
13 13 0 0 0 0 0 0 0
13 14 0 0 0 0 0 0 0
13 15 0 0 0 0 0 0 0
13 16 0 0 0 0 0 0 0
13 17 0 0 0 0 0 0 0
13 18 0 0 0 0 0 0 0
13 19 0 0 0 0 0 0 0
13 20 0 0 0 0 0 0 0
13 21 0 0 0 0 0 0 0
13 22 0 0 0 0 0 0 0
13 23 0 0 0 0 0 0 0
14 0 11 92.2619 2.00815 0.18311 0.435022 0.0313276 10.7589
14 1 14 69.909 1.91036 0.0256022 1.80087 0.041617 11.927
14 2 12 80.6032 1.42853 -0.0123064 1.29102 0.0441123 13.8269
14 3 0 0 0 0 0 0 0
14 4 0 0 0 0 0 0 0
14 5 0 0 0 0 0 0 0
14 6 0 0 0 0 0 0 0
14 7 0 0 0 0 0 0 0
14 8 0 0 0 0 0 0 0
14 9 0 0 0 0 0 0 0
14 10 0 0 0 0 0 0 0
14 11 0 0 0 0 0 0 0
14 12 0 0 0 0 0 0 0
14 13 0 0 0 0 0 0 0
14 14 0 0 0 0 0 0 0
14 15 0 0 0 0 0 0 0
14 16 0 0 0 0 0 0 0
14 17 0 0 0 0 0 0 0
14 18 0 0 0 0 0 0 0
14 19 0 0 0 0 0 0 0
14 20 0 0 0 0 0 0 0
14 21 0 0 0 0 0 0 0
14 22 0 0 0 0 0 0 0
14 23 0 0 0 0 0 0 0
15 0 0 0 0 0 0 0 0
15 1 0 0 0 0 0 0 0
15 2 13 55.6181 1.78197 0.298422 2.75432 0.040354 10.1649
15 3 0 0 0 0 0 0 0
15 4 15 77.1223 1.6613 0.639664 1.5294 0.0470919 14.3456
15 5 0 0 0 0 0 0 0
15 6 0 0 0 0 0 0 0
15 7 12 49.5809 2.82379 1.30937 2.75018 0.023529 5.59356
15 8 0 0 0 0 0 0 0
15 9 0 0 0 0 0 0 0
15 10 0 0 0 0 0 0 0
15 11 0 0 0 0 0 0 0
15 12 0 0 0 0 0 0 0
15 13 0 0 0 0 0 0 0
15 14 0 0 0 0 0 0 0
15 15 0 0 0 0 0 0 0
15 16 0 0 0 0 0 0 0
15 17 0 0 0 0 0 0 0
15 18 0 0 0 0 0 0 0
15 19 0 0 0 0 0 0 0
15 20 0 0 0 0 0 0 0
15 21 0 0 0 0 0 0 0
15 22 0 0 0 0 0 0 0
15 23 0 0 0 0 0 0 0
16 0 11 58.5534 1.92257 0.284794 2.30035 0.0322606 8.35206
16 1 0 0 0 0 0 0 0
16 2 10 72.9266 2.07316 0.0373519 1.22723 0.0278459 8.18944
16 3 0 0 0 0 0 0 0
16 4 0 0 0 0 0 0 0
16 5 11 48.1499 2.18555 0.519067 3.08953 0.0286769 6.72252
16 6 0 0 0 0 0 0 0
16 7 0 0 0 0 0 0 0
16 8 0 0 0 0 0 0 0
16 9 0 0 0 0 0 0 0
16 10 0 0 0 0 0 0 0
16 11 0 0 0 0 0 0 0
16 12 0 0 0 0 0 0 0
16 13 0 0 0 0 0 0 0
16 14 0 0 0 0 0 0 0
16 15 0 0 0 0 0 0 0
16 16 0 0 0 0 0 0 0
16 17 0 0 0 0 0 0 0
16 18 0 0 0 0 0 0 0
16 19 0 0 0 0 0 0 0
16 20 0 0 0 0 0 0 0
16 21 0 0 0 0 0 0 0
16 22 0 0 0 0 0 0 0
16 23 0 0 0 0 0 0 0
17 0 11 65.7738 3.40505 -0.0700667 1.31438 0.0198653 5.49073
17 1 0 0 0 0 0 0 0
17 2 0 0 0 0 0 0 0
17 3 0 0 0 0 0 0 0
17 4 0 0 0 0 0 0 0
17 5 0 0 0 0 0 0 0
17 6 0 0 0 0 0 0 0
17 7 0 0 0 0 0 0 0
17 8 0 0 0 0 0 0 0
17 9 0 0 0 0 0 0 0
17 10 0 0 0 0 0 0 0
17 11 0 0 0 0 0 0 0
17 12 0 0 0 0 0 0 0
17 13 0 0 0 0 0 0 0
17 14 0 0 0 0 0 0 0
17 15 0 0 0 0 0 0 0
17 16 0 0 0 0 0 0 0
17 17 0 0 0 0 0 0 0
17 18 0 0 0 0 0 0 0
17 19 0 0 0 0 0 0 0
17 20 0 0 0 0 0 0 0
17 21 0 0 0 0 0 0 0
17 22 0 0 0 0 0 0 0
17 23 0 0 0 0 0 0 0
18 0 0 0 0 0 0 0 0
18 1 0 0 0 0 0 0 0
18 2 0 0 0 0 0 0 0
18 3 0 0 0 0 0 0 0
18 4 0 0 0 0 0 0 0
18 5 0 0 0 0 0 0 0
18 6 0 0 0 0 0 0 0
18 7 0 0 0 0 0 0 0
18 8 0 0 0 0 0 0 0
18 9 0 0 0 0 0 0 0
18 10 0 0 0 0 0 0 0
18 11 0 0 0 0 0 0 0
18 12 0 0 0 0 0 0 0
18 13 0 0 0 0 0 0 0
18 14 0 0 0 0 0 0 0
18 15 0 0 0 0 0 0 0
18 16 0 0 0 0 0 0 0
18 17 0 0 0 0 0 0 0
18 18 0 0 0 0 0 0 0
18 19 0 0 0 0 0 0 0
18 20 0 0 0 0 0 0 0
18 21 0 0 0 0 0 0 0
18 22 0 0 0 0 0 0 0
18 23 0 0 0 0 0 0 0
19 0 0 0 0 0 0 0 0
19 1 0 0 0 0 0 0 0
19 2 0 0 0 0 0 0 0
19 3 0 0 0 0 0 0 0
19 4 0 0 0 0 0 0 0
19 5 0 0 0 0 0 0 0
19 6 0 0 0 0 0 0 0
19 7 0 0 0 0 0 0 0
19 8 0 0 0 0 0 0 0
19 9 0 0 0 0 0 0 0
19 10 0 0 0 0 0 0 0
19 11 0 0 0 0 0 0 0
19 12 0 0 0 0 0 0 0
19 13 0 0 0 0 0 0 0
19 14 0 0 0 0 0 0 0
19 15 0 0 0 0 0 0 0
19 16 0 0 0 0 0 0 0
19 17 0 0 0 0 0 0 0
19 18 0 0 0 0 0 0 0
19 19 0 0 0 0 0 0 0
19 20 0 0 0 0 0 0 0
19 21 0 0 0 0 0 0 0
19 22 0 0 0 0 0 0 0
19 23 0 0 0 0 0 0 0
20 0 0 0 0 0 0 0 0
20 1 0 0 0 0 0 0 0
20 2 0 0 0 0 0 0 0
20 3 0 0 0 0 0 0 0
20 4 0 0 0 0 0 0 0
20 5 0 0 0 0 0 0 0
20 6 0 0 0 0 0 0 0
20 7 0 0 0 0 0 0 0
20 8 0 0 0 0 0 0 0
20 9 0 0 0 0 0 0 0
20 10 0 0 0 0 0 0 0
20 11 0 0 0 0 0 0 0
20 12 0 0 0 0 0 0 0
20 13 0 0 0 0 0 0 0
20 14 0 0 0 0 0 0 0
20 15 0 0 0 0 0 0 0
20 16 0 0 0 0 0 0 0
20 17 0 0 0 0 0 0 0
20 18 0 0 0 0 0 0 0
20 19 0 0 0 0 0 0 0
20 20 0 0 0 0 0 0 0
20 21 0 0 0 0 0 0 0
20 22 0 0 0 0 0 0 0
20 23 0 0 0 0 0 0 0
21 0 0 0 0 0 0 0 0
21 1 0 0 0 0 0 0 0
21 2 0 0 0 0 0 0 0
21 3 0 0 0 0 0 0 0
21 4 0 0 0 0 0 0 0
21 5 0 0 0 0 0 0 0
21 6 0 0 0 0 0 0 0
21 7 0 0 0 0 0 0 0
21 8 0 0 0 0 0 0 0
21 9 0 0 0 0 0 0 0
21 10 0 0 0 0 0 0 0
21 11 0 0 0 0 0 0 0
21 12 0 0 0 0 0 0 0
21 13 0 0 0 0 0 0 0
21 14 0 0 0 0 0 0 0
21 15 0 0 0 0 0 0 0
21 16 0 0 0 0 0 0 0
21 17 0 0 0 0 0 0 0
21 18 0 0 0 0 0 0 0
21 19 0 0 0 0 0 0 0
21 20 0 0 0 0 0 0 0
21 21 0 0 0 0 0 0 0
21 22 0 0 0 0 0 0 0
21 23 0 0 0 0 0 0 0
22 0 0 0 0 0 0 0 0
22 1 0 0 0 0 0 0 0
22 2 0 0 0 0 0 0 0
22 3 0 0 0 0 0 0 0
22 4 0 0 0 0 0 0 0
22 5 0 0 0 0 0 0 0
22 6 0 0 0 0 0 0 0
22 7 0 0 0 0 0 0 0
22 8 0 0 0 0 0 0 0
22 9 0 0 0 0 0 0 0
22 10 0 0 0 0 0 0 0
22 11 0 0 0 0 0 0 0
22 12 0 0 0 0 0 0 0
22 13 0 0 0 0 0 0 0
22 14 0 0 0 0 0 0 0
22 15 0 0 0 0 0 0 0
22 16 0 0 0 0 0 0 0
22 17 0 0 0 0 0 0 0
22 18 0 0 0 0 0 0 0
22 19 0 0 0 0 0 0 0
22 20 0 0 0 0 0 0 0
22 21 0 0 0 0 0 0 0
22 22 0 0 0 0 0 0 0
22 23 0 0 0 0 0 0 0
23 0 0 0 0 0 0 0 0
23 1 0 0 0 0 0 0 0
23 2 0 0 0 0 0 0 0
23 3 0 0 0 0 0 0 0
23 4 0 0 0 0 0 0 0
23 5 0 0 0 0 0 0 0
23 6 0 0 0 0 0 0 0
23 7 0 0 0 0 0 0 0
23 8 0 0 0 0 0 0 0
23 9 0 0 0 0 0 0 0
23 10 0 0 0 0 0 0 0
23 11 0 0 0 0 0 0 0
23 12 0 0 0 0 0 0 0
23 13 0 0 0 0 0 0 0
23 14 0 0 0 0 0 0 0
23 15 0 0 0 0 0 0 0
23 16 0 0 0 0 0 0 0
23 17 0 0 0 0 0 0 0
23 18 0 0 0 0 0 0 0
23 19 0 0 0 0 0 0 0
23 20 0 0 0 0 0 0 0
23 21 0 0 0 0 0 0 0
23 22 0 0 0 0 0 0 0
23 23 0 0 0 0 0 0 0
