#  ix    iy     NK     E/N         TK    Uxpi    UyK      muK      rho      epsilon
0 0 135 0.0456755 0.0387285 0.0406515 7.81296 0.00660724 0.00376231
0 1 163 0.0501218 -0.019292 0.0994808 6.88442 0.00794949 0.00459076
0 2 149 0.0496394 0.0534449 0.109356 6.90424 0.00725041 0.00418067
0 3 155 0.048365 0.00740305 0.184899 7.2397 0.0074712 0.00429064
0 4 159 0.0533496 0.0487843 0.236069 6.13583 0.00757708 0.00442062
0 5 158 0.0531755 -0.00924257 0.30748 6.14836 0.00740276 0.00431654
0 6 168 0.0460586 0.0474874 0.325386 7.87812 0.00782318 0.0044601
0 7 135 0.0463431 0.0128894 0.373264 7.56946 0.00619937 0.00353753
0 8 138 0.0505929 0.0414191 0.503722 6.50191 0.00603739 0.00349175
0 9 137 0.0488081 0.011212 0.563913 6.88711 0.00584941 0.00336398
0 10 169 0.0453713 0.0395934 0.555238 7.98776 0.00723844 0.00411776
0 11 173 0.0494488 0.0337523 0.641038 6.93316 0.00713654 0.00411253
0 12 168 0.0529385 0.0404655 0.644344 6.1298 0.00691866 0.00403124
0 13 147 0.046048 0.0495177 0.800435 7.55047 0.00562145 0.00320476
0 14 156 0.0472695 0.0360707 0.866639 7.25719 0.00577673 0.00330604
0 15 178 0.0503445 0.0269081 0.936752 6.61139 0.00636672 0.00367932
0 16 183 0.0455986 0.0347914 1.04339 7.77123 0.00620529 0.00353256
0 17 150 0.045305 0.0442871 1.07459 7.63749 0.00500687 0.00284768
0 18 157 0.0448479 0.042371 1.19267 7.75249 0.00494288 0.00280722
0 19 147 0.0448921 0.0471662 1.34057 7.60227 0.00430683 0.00244633
0 20 168 0.0473968 0.0135068 1.45317 7.01164 0.00466839 0.00267281
0 21 123 0.047988 0.0315381 1.56688 6.49845 0.00324326 0.00186035
0 22 101 0.0512911 0.0521617 1.5969 5.51388 0.00262667 0.00152251
0 23 107 0.038703 0.0187629 1.7773 9.0894 0.00257189 0.00143253
1 0 161 0.0505403 0.113661 -0.000574734 6.77529 0.00784167 0.0045345
1 1 151 0.0482112 0.0529213 0.0719991 7.26428 0.00737259 0.00423194
1 2 166 0.0573494 0.0780236 0.136122 5.42756 0.00803891 0.00474975
1 3 137 0.0531962 0.0797508 0.169314 6.02945 0.00660107 0.00384933
1 4 184 0.0518767 0.0688397 0.236532 6.5904 0.00875778 0.00508571
1 5 141 0.0533318 0.0721173 0.27107 6.00971 0.00665492 0.00388239
1 6 169 0.0422249 0.0408354 0.323632 9.0017 0.00787589 0.00443599
1 7 153 0.0509857 0.0584758 0.377327 6.56267 0.00700661 0.00405734
1 8 142 0.0492101 0.0629346 0.457434 6.86811 0.00631962 0.00363901
1 9 152 0.0518969 0.0603564 0.490864 6.31506 0.00667883 0.0038787
1 10 167 0.048765 0.060742 0.59007 7.0829 0.00704074 0.00404855
1 11 167 0.0479509 0.0794796 0.63821 7.26049 0.00688523 0.00394894
1 12 165 0.0505471 0.0941699 0.730926 6.58779 0.00651109 0.00376517
1 13 135 0.0524926 0.0662412 0.816514 5.922 0.00511923 0.00297858
1 14 143 0.0436805 0.0594335 0.836781 8.17325 0.00537038 0.00303876
1 15 158 0.0557677 0.0733767 1.01014 5.32881 0.00544167 0.00319915
1 16 151 0.0466709 0.0743474 1.03464 7.29501 0.00513727 0.00293451
1 17 140 0.0426225 0.0906005 1.10473 8.33879 0.00459703 0.00259248
1 18 169 0.0414804 0.0774919 1.1715 8.85816 0.00537172 0.00301843
1 19 145 0.0426173 0.116365 1.24312 8.30641 0.00444337 0.00250578
1 20 140 0.0463603 0.0906806 1.45458 7.09701 0.00388276 0.00221573
1 21 143 0.0420262 0.0857618 1.55226 8.33389 0.00379221 0.00213457
1 22 104 0.0365137 0.112584 1.69219 9.95606 0.00258941 0.00143234
1 23 114 0.0349757 0.104633 1.82997 10.6536 0.00267636 0.00147326
2 0 188 0.0524309 0.13621 0.0121594 6.51369 0.00913071 0.00531158
2 1 159 0.0537614 0.11836 0.0790686 6.07023 0.00771634 0.00450773
2 2 141 0.0486783 0.1559 0.145045 7.06322 0.0067602 0.00388617
2 3 155 0.05344 0.162287 0.191338 6.08958 0.00736963 0.00430082
2 4 155 0.0464795 0.143119 0.254963 7.69576 0.00729271 0.00416321
2 5 160 0.0480338 0.165274 0.219669 7.33368 0.00756259 0.00433857
2 6 158 0.0490966 0.153695 0.379968 7.02092 0.00716648 0.00412518
2 7 150 0.0485249 0.13441 0.393899 7.10472 0.00678845 0.00390052
2 8 155 0.0527552 0.10647 0.448164 6.16548 0.00690107 0.00401866
2 9 155 0.0466456 0.133728 0.512445 7.56939 0.00671451 0.00383515
2 10 165 0.050376 0.0980078 0.56386 6.70187 0.00701987 0.00405719
2 11 158 0.0516705 0.157919 0.658143 6.32362 0.00641409 0.00372228
2 12 169 0.0445409 0.125841 0.720044 8.14213 0.00668808 0.00379469
2 13 164 0.0425527 0.140374 0.799092 8.66652 0.00624293 0.0035199
2 14 157 0.0525382 0.157507 0.843202 6.04436 0.00584144 0.00339928
2 15 176 0.048296 0.139427 0.961601 7.06814 0.00618759 0.0035527
2 16 169 0.0471433 0.181969 1.1031 7.24466 0.00552295 0.00315954
2 17 152 0.0487027 0.153285 1.17602 6.71551 0.00480307 0.00276131
2 18 166 0.0488005 0.158229 1.20837 6.76388 0.00516177 0.00296844
2 19 123 0.0407819 0.135962 1.2885 8.71274 0.00368393 0.00206547
2 20 129 0.0425788 0.174492 1.41172 8.11804 0.00363673 0.00205064
2 21 123 0.0413879 0.170977 1.60191 8.3641 0.00317984 0.00178626
2 22 127 0.038792 0.174591 1.70666 9.25441 0.0031351 0.00174673
2 23 89 0.0405354 0.254145 1.92061 8.18603 0.00200106 0.00112106
3 0 156 0.0464964 0.156542 0.011562 7.72656 0.00755456 0.00431292
3 1 130 0.0534904 0.191949 0.0978253 5.91122 0.00622962 0.0036361
3 2 160 0.0506586 0.172916 0.173518 6.71962 0.0076179 0.00440675
3 3 160 0.0477922 0.181402 0.147949 7.40378 0.0076367 0.00437774
3 4 164 0.0517604 0.141736 0.267984 6.48598 0.00769345 0.00446601
3 5 157 0.0485822 0.147885 0.279004 7.16871 0.00733888 0.00421754
3 6 159 0.049431 0.171887 0.313693 6.96532 0.00733875 0.00422882
3 7 173 0.0538251 0.160663 0.400033 6.06656 0.00778759 0.00455027
3 8 162 0.0522209 0.174366 0.498839 6.29556 0.00702115 0.00408168
3 9 153 0.0511093 0.197178 0.519096 6.46885 0.00655694 0.00379843
3 10 165 0.0485291 0.173555 0.549145 7.13567 0.00700896 0.00402727
3 11 186 0.0495253 0.193681 0.653302 6.96946 0.00753469 0.00434302
3 12 166 0.0462973 0.165727 0.711586 7.63976 0.00657038 0.00374869
3 13 169 0.0522531 0.17514 0.797154 6.19889 0.00641804 0.00373145
3 14 141 0.0440062 0.191507 0.844004 8.05013 0.00522627 0.00296027
3 15 154 0.0492388 0.204069 0.947371 6.70793 0.00542106 0.00312188
3 16 159 0.052796 0.20212 1.00657 5.91874 0.0054383 0.00316726
3 17 145 0.0424511 0.225316 1.10782 8.41633 0.00470932 0.00265436
3 18 151 0.0443574 0.23264 1.17478 7.85141 0.00474424 0.00269023
3 19 154 0.0424434 0.240206 1.35347 8.36004 0.00444093 0.00250303
3 20 145 0.0393536 0.274627 1.39825 9.31344 0.00408301 0.0022789
3 21 129 0.039189 0.247491 1.52968 9.19835 0.00342882 0.00191278
3 22 129 0.0388348 0.316261 1.83634 9.19126 0.00299021 0.00166623
3 23 86 0.0392726 0.266742 1.81262 8.63879 0.0020197 0.001127
4 0 150 0.0504923 0.214539 0.0237703 6.69903 0.00718741 0.00415554
4 1 153 0.0493823 0.194748 0.077664 6.97702 0.0073404 0.00422911
4 2 150 0.0546054 0.237179 0.126098 5.81898 0.00710121 0.00415947
4 3 149 0.0514073 0.221801 0.137992 6.47802 0.00706679 0.00409765
4 4 139 0.0507149 0.207103 0.222126 6.55125 0.0065197 0.00377215
4 5 160 0.0504645 0.23294 0.317325 6.72063 0.00729805 0.00421914
4 6 150 0.0483554 0.252475 0.341957 7.14305 0.00676699 0.00388609
4 7 154 0.0540741 0.243234 0.407396 5.88391 0.00682023 0.00398818
4 8 153 0.0492386 0.242543 0.477858 6.90636 0.00661062 0.00380693
4 9 158 0.0476727 0.325708 0.524045 7.28665 0.00659137 0.00377708
4 10 156 0.0501007 0.281284 0.575386 6.67861 0.00643955 0.00371854
4 11 175 0.0515517 0.263955 0.646736 6.44156 0.00703259 0.00407968
4 12 176 0.0486342 0.264136 0.724239 7.08462 0.0068328 0.00392736
4 13 165 0.0494119 0.272439 0.784881 6.80461 0.00622124 0.00358465
4 14 155 0.0441849 0.273562 0.861575 8.07363 0.00563646 0.00319442
4 15 159 0.0495539 0.29356 0.956031 6.64997 0.00551104 0.00317687
4 16 168 0.0533406 0.309455 1.05886 5.82292 0.00553098 0.00322679
4 17 164 0.0476376 0.246395 1.10371 7.08222 0.0053254 0.00305129
4 18 181 0.0493444 0.311693 1.27403 6.6752 0.00537947 0.00309897
4 19 151 0.043956 0.345389 1.36713 7.86552 0.00428186 0.00242495
4 20 137 0.0469301 0.331006 1.50183 6.88857 0.00366095 0.00209292
4 21 135 0.042513 0.342799 1.62129 8.07682 0.00341912 0.00192753
4 22 108 0.0443246 0.359552 1.74054 7.25792 0.00259605 0.00147194
4 23 82 0.0358714 0.325272 1.86934 9.90375 0.0018741 0.00103456
5 0 164 0.052844 0.290436 0.0463226 6.2581 0.00771257 0.00449248
5 1 142 0.0561274 0.301622 0.12646 5.45661 0.00661593 0.00389392
5 2 138 0.0455082 0.285989 0.139315 7.83412 0.00644638 0.00366877
5 3 171 0.0541657 0.303364 0.201556 6.00956 0.00787621 0.00460701
5 4 158 0.0502651 0.253009 0.211899 6.77381 0.00735492 0.00424933
5 5 143 0.0513837 0.243627 0.265577 6.41403 0.0065946 0.00382357
5 6 168 0.0467581 0.286291 0.336191 7.65501 0.00753351 0.00430447
5 7 135 0.0517792 0.265516 0.418306 6.22151 0.00592974 0.00344238
5 8 155 0.0487068 0.311577 0.485494 7.02952 0.00658145 0.00378375
5 9 150 0.0578879 0.321472 0.5858 5.05787 0.00611366 0.00361837
5 10 169 0.0487742 0.302925 0.598484 7.05755 0.00687987 0.00395616
5 11 160 0.0475712 0.325045 0.700565 7.25227 0.00620744 0.00355593
5 12 172 0.0497699 0.319066 0.706331 6.78945 0.00666411 0.00384419
5 13 178 0.0523646 0.362145 0.87552 6.16203 0.006334 0.00368388
5 14 144 0.0439311 0.281729 0.860247 8.07345 0.00523322 0.0029635
5 15 172 0.05025 0.361961 0.975707 6.54696 0.00584187 0.003375
5 16 168 0.0477268 0.369908 1.02425 7.10467 0.00557008 0.00319239
5 17 148 0.0396536 0.347847 1.13294 9.34225 0.00467858 0.0026138
5 18 141 0.0466018 0.402949 1.23158 7.1171 0.00422269 0.00241155
5 19 127 0.0481763 0.397935 1.34524 6.55985 0.0036136 0.00207401
5 20 146 0.0420458 0.380283 1.49902 8.3521 0.00388611 0.00218756
5 21 120 0.0453905 0.416017 1.61924 7.10814 0.00301956 0.00171786
5 22 95 0.0413385 0.468094 1.73949 8.03899 0.00226026 0.00126949
5 23 95 0.0391655 0.443526 1.84782 8.74879 0.00216864 0.00120969
6 0 133 0.048653 0.334923 0.0258885 6.97967 0.00618023 0.00355248
6 1 152 0.0472825 0.304178 0.0838274 7.46091 0.00710568 0.00406676
6 2 158 0.0551979 0.307092 0.149763 5.73532 0.00732912 0.00430102
6 3 156 0.0561433 0.349562 0.173779 5.52756 0.00712351 0.00419288
6 4 180 0.0500941 0.316691 0.24108 6.92157 0.00819805 0.0047339
6 5 160 0.0488871 0.319358 0.323151 7.06754 0.00714071 0.00410762
6 6 164 0.0525827 0.348044 0.347907 6.2459 0.00721311 0.00419808
6 7 156 0.0532324 0.328769 0.422909 6.04296 0.00674086 0.00393129
6 8 168 0.0514989 0.333838 0.457908 6.47173 0.00716484 0.00415571
6 9 163 0.050654 0.379366 0.598039 6.5651 0.00652056 0.00377192
6 10 192 0.0507289 0.366556 0.608163 6.71111 0.00767387 0.00444012
6 11 150 0.0497468 0.369207 0.655977 6.66873 0.00587461 0.00338852
6 12 182 0.0505839 0.41397 0.760435 6.61473 0.00674478 0.00390076
6 13 157 0.0497435 0.349821 0.792213 6.65978 0.00581773 0.00335567
6 14 158 0.0468096 0.405256 0.945763 7.30823 0.00539797 0.00308478
6 15 169 0.0482377 0.407038 0.978624 6.99783 0.00568515 0.00326361
6 16 157 0.0526531 0.416889 1.02364 5.8968 0.00516337 0.00300578
6 17 129 0.0456561 0.441172 1.15754 7.30937 0.00397202 0.00226162
6 18 145 0.0440431 0.412174 1.22464 7.85587 0.00435024 0.00246435
6 19 142 0.0402062 0.455727 1.28953 9.01848 0.00410841 0.00229927
6 20 129 0.0444138 0.464493 1.41602 7.5377 0.00352349 0.00199836
6 21 102 0.0386283 0.475614 1.57384 9.12743 0.00259826 0.00144688
6 22 105 0.035407 0.505283 1.76681 10.3776 0.00246022 0.00135613
6 23 95 0.0397368 0.55662 1.89822 8.51215 0.00210095 0.00117406
7 0 156 0.0533729 0.393567 0.00768796 6.06822 0.00711561 0.00415169
7 1 143 0.0514744 0.390849 0.0794285 6.38139 0.00651105 0.00377621
7 2 169 0.051107 0.378982 0.148003 6.62662 0.00767352 0.00444523
7 3 156 0.0582292 0.39696 0.194365 5.13248 0.00699433 0.00414406
7 4 173 0.0506016 0.39102 0.262818 6.7395 0.00767159 0.00443702
7 5 173 0.046916 0.393744 0.341059 7.61222 0.00752112 0.00429954
7 6 150 0.0542493 0.379156 0.353205 5.80526 0.0065285 0.00381971
7 7 172 0.0490574 0.396245 0.42979 7.04585 0.0072789 0.00418937
7 8 168 0.0560509 0.391362 0.489584 5.5242 0.00697792 0.00410598
7 9 171 0.0506289 0.416419 0.51665 6.63949 0.00698449 0.00403997
7 10 171 0.0525015 0.439819 0.688651 6.15754 0.00649097 0.00377681
7 11 163 0.0528607 0.42064 0.68668 6.04006 0.00622325 0.00362516
7 12 155 0.0518233 0.415204 0.752758 6.18321 0.00576165 0.00334527
7 13 187 0.051401 0.426677 0.830409 6.42615 0.00670041 0.00388513
7 14 172 0.0458142 0.492996 0.895862 7.66116 0.00589504 0.00335824
7 15 165 0.0505127 0.485344 0.969191 6.42399 0.00548448 0.00317116
7 16 173 0.0471958 0.503217 1.10379 7.20757 0.00539422 0.00308641
7 17 164 0.0440885 0.499862 1.1434 7.98728 0.00502724 0.00284828
7 18 156 0.042297 0.504216 1.29231 8.41294 0.00447181 0.00251926
7 19 138 0.0436823 0.540205 1.40564 7.81151 0.00374224 0.00211751
7 20 123 0.0465765 0.554433 1.42903 6.87552 0.00329445 0.00188129
7 21 110 0.0404988 0.633782 1.68321 8.46808 0.00262025 0.00146778
7 22 90 0.0375056 0.615904 1.69144 9.3653 0.00214247 0.00118884
7 23 85 0.0375312 0.622969 1.89665 9.21713 0.00186613 0.00103558
8 0 154 0.0483881 0.465933 0.0260363 7.14587 0.00684081 0.0039289
8 1 173 0.0492047 0.461724 0.0687492 7.06491 0.00768435 0.00442479
8 2 185 0.0509021 0.47255 0.111861 6.73342 0.00815764 0.00472262
8 3 177 0.0557782 0.427958 0.170687 5.69711 0.00788027 0.00463295
8 4 159 0.0447845 0.427404 0.267293 8.11261 0.00695981 0.00395191
8 5 172 0.045381 0.473156 0.343124 7.99067 0.00727922 0.00414109
8 6 160 0.0526285 0.499494 0.385126 6.15254 0.00663384 0.00386149
8 7 186 0.0481577 0.433605 0.402811 7.33979 0.00784644 0.00450318
8 8 182 0.0490541 0.506983 0.54656 7.02914 0.0071527 0.00411669
8 9 170 0.0483312 0.494378 0.559609 7.13564 0.00667721 0.00383424
8 10 167 0.0508317 0.485473 0.662836 6.49476 0.0063252 0.00366097
8 11 164 0.054114 0.534074 0.718202 5.74618 0.00599033 0.00350334
8 12 178 0.0469602 0.509931 0.784685 7.43479 0.0063709 0.00364252
8 13 174 0.0437592 0.530652 0.796827 8.28731 0.00616115 0.00348708
8 14 157 0.0451246 0.582328 0.941966 7.71739 0.00515783 0.00293187
8 15 181 0.0454008 0.55227 0.984088 7.77251 0.00588447 0.00334783
8 16 173 0.0433333 0.546933 1.09509 8.27604 0.00536523 0.00303251
8 17 155 0.0466111 0.583549 1.17102 7.20326 0.00461392 0.00263506
8 18 148 0.0482827 0.585678 1.30076 6.67544 0.0041644 0.00239095
8 19 125 0.0453595 0.634959 1.38256 7.22522 0.0033656 0.00191453
8 20 116 0.0401873 0.640179 1.47641 8.71101 0.00300126 0.00167955
8 21 115 0.040126 0.654553 1.59632 8.67244 0.00282688 0.00158167
8 22 89 0.03261 0.727202 1.79 11.5024 0.00200538 0.00109569
8 23 83 0.0343479 0.763103 1.95136 10.5175 0.00175246 0.00096277
9 0 159 0.0512715 0.55233 0.0380905 6.47216 0.00681882 0.00395217
9 1 174 0.0536969 0.502936 0.0834393 6.06793 0.00759889 0.00443821
9 2 164 0.0512605 0.51704 0.167788 6.5098 0.00706314 0.00409363
9 3 157 0.0495252 0.538447 0.196614 6.84863 0.00667691 0.00384859
9 4 171 0.0522183 0.483294 0.226615 6.34797 0.0073948 0.00429886
9 5 169 0.0473281 0.541644 0.277981 7.44508 0.00707608 0.00405041
9 6 177 0.0536553 0.547127 0.389834 6.02275 0.00720214 0.00420594
9 7 170 0.0499619 0.543251 0.430963 6.77212 0.00684799 0.00395266
9 8 178 0.0496596 0.506217 0.469337 6.88986 0.00718073 0.00414075
9 9 165 0.0576085 0.575386 0.581478 5.13115 0.00626039 0.00370195
9 10 171 0.0488215 0.555774 0.620568 6.98013 0.00644037 0.00370399
9 11 175 0.0531995 0.570278 0.730248 5.98092 0.00629258 0.00366948
9 12 192 0.0429271 0.586829 0.77366 8.62929 0.00675218 0.00381154
9 13 173 0.0487478 0.612663 0.806117 6.92026 0.00595915 0.00342643
9 14 156 0.0478086 0.603867 0.930233 7.00002 0.00512086 0.00293569
9 15 188 0.0481341 0.65697 1.06162 7.03674 0.00576132 0.00330625
9 16 159 0.0457108 0.639673 1.06777 7.50063 0.00488152 0.00277995
9 17 172 0.0460832 0.632703 1.11612 7.45986 0.00518322 0.00295525
9 18 135 0.040636 0.658412 1.23594 8.80509 0.00384575 0.0021552
9 19 125 0.0394331 0.695633 1.42287 9.0632 0.00327131 0.00182632
9 20 112 0.0472383 0.765557 1.58108 6.51054 0.00271609 0.00155427
9 21 97 0.0398369 0.76109 1.64874 8.56456 0.00229365 0.00128215
9 22 96 0.0428408 0.795464 1.83168 7.49122 0.0021071 0.00118911
9 23 49 0.0354586 0.816985 1.95065 9.48107 0.00102677 0.00056607
10 0 175 0.0469883 0.605049 0.0587082 7.56779 0.0073303 0.00419142
10 1 184 0.0501188 0.590083 0.0895491 6.85904 0.00774503 0.00447265
10 2 175 0.048727 0.56997 0.185955 7.13608 0.00735744 0.00423015
10 3 171 0.0524501 0.573527 0.188755 6.2687 0.00717578 0.0041746
10 4 184 0.0490285 0.603275 0.244176 7.09059 0.00755961 0.00435054
10 5 178 0.0503593 0.604213 0.32447 6.73043 0.0071958 0.00415864
10 6 184 0.0512629 0.593276 0.416518 6.54263 0.00730275 0.00423254
10 7 169 0.0490967 0.642928 0.407772 6.93724 0.00659141 0.00379416
10 8 214 0.0503357 0.55598 0.488596 6.89434 0.0084318 0.0048726
10 9 204 0.0526765 0.604455 0.559742 6.29388 0.00771821 0.00449338
10 10 184 0.0464085 0.599709 0.60552 7.65408 0.00686482 0.00391806
10 11 185 0.0538615 0.693685 0.718344 5.86562 0.00641695 0.00374985
10 12 183 0.0455739 0.667958 0.79892 7.77928 0.00621335 0.00353688
10 13 195 0.0488739 0.655678 0.889092 6.96352 0.00641489 0.00368994
10 14 168 0.0463764 0.695242 0.89475 7.43165 0.00544925 0.00310982
10 15 171 0.0466834 0.731406 0.992473 7.31922 0.00528043 0.0030164
10 16 161 0.0438195 0.755737 1.12641 7.99525 0.00468319 0.00265109
10 17 136 0.0497876 0.711717 1.21831 6.23796 0.00385491 0.00222383
10 18 146 0.0388896 0.779259 1.3062 9.44478 0.00393174 0.00219125
10 19 118 0.0445708 0.842589 1.48814 7.30477 0.00291984 0.00165681
10 20 110 0.037801 0.82269 1.54282 9.47239 0.00267704 0.00148685
10 21 90 0.0403821 0.848595 1.63678 8.28835 0.00210343 0.00117784
10 22 70 0.0345411 0.977066 1.96507 10.2197 0.00142282 0.000782148
10 23 55 0.732941 0.914153 1.99683 -9.72911 0.00111727 0.000606404
11 0 199 0.0449276 0.634288 0.048517 8.23993 0.00823066 0.00467564
11 1 192 0.0538884 0.640317 0.0670296 6.06983 0.00791352 0.00462478
11 2 190 0.0476384 0.619218 0.123747 7.47325 0.00787507 0.00451218
11 3 192 0.0472814 0.657457 0.188885 7.55035 0.00776817 0.00444591
11 4 179 0.050204 0.670552 0.22976 6.76075 0.00715856 0.00413509
11 5 202 0.0571232 0.677141 0.354181 5.44681 0.00786771 0.00464527
11 6 153 0.0524597 0.70542 0.381851 6.06245 0.0058504 0.00340365
11 7 187 0.0486137 0.693445 0.488089 7.11254 0.00699135 0.00401823
11 8 179 0.0495034 0.730911 0.551905 6.82238 0.00647071 0.00372948
11 9 184 0.053943 0.691023 0.588784 5.88912 0.00667811 0.00390347
11 10 183 0.0491566 0.669431 0.637748 6.92222 0.00658666 0.00379214
11 11 172 0.0564764 0.72614 0.735423 5.27093 0.00586286 0.0034545
11 12 166 0.0496918 0.754771 0.781018 6.61781 0.00551166 0.00317861
11 13 187 0.0497755 0.704597 0.874481 6.69905 0.00609599 0.00351653
11 14 158 0.0511818 0.74097 0.932885 6.17759 0.00497945 0.00288525
11 15 163 0.0482982 0.805076 1.05887 6.81396 0.00480141 0.00275682
11 16 147 0.0432343 0.807284 1.16913 8.04847 0.0041475 0.0023435
11 17 140 0.0437363 0.826431 1.30016 7.79397 0.00373649 0.00211462
11 18 138 0.0417434 0.871055 1.37409 8.3564 0.00354233 0.00199213
11 19 119 0.0378087 0.879748 1.41761 9.58296 0.00299893 0.00166567
11 20 128 0.0382554 0.896659 1.55852 9.42808 0.0030497 0.00169627
11 21 90 0.037847 1.05327 1.89228 9.08473 0.00184949 0.00102737
11 22 62 0.0358068 1.11754 2.06276 9.47874 0.00119172 0.000657734
11 23 45 0.035317 1.14733 2.16063 9.33622 0.000834658 0.000459951
12 0 202 0.0508966 0.68785 0.0673754 6.73318 0.00814576 0.00471566
12 1 186 0.0499571 0.723961 0.111023 6.84475 0.0073557 0.00424565
12 2 181 0.0530118 0.728161 0.175516 6.14065 0.00710139 0.00413867
12 3 203 0.0515795 0.723578 0.198215 6.55935 0.00795988 0.00461802
12 4 197 0.049245 0.734302 0.300209 7.03975 0.00756541 0.00435686
12 5 183 0.0504066 0.75126 0.349427 6.67881 0.00690763 0.0039927
12 6 189 0.0493096 0.726826 0.371894 6.97166 0.00717659 0.00413379
12 7 179 0.0520962 0.782157 0.464555 6.24365 0.0064906 0.00377176
12 8 191 0.0521618 0.799883 0.530522 6.26951 0.00675475 0.00392608
12 9 161 0.0512475 0.753807 0.581091 6.30116 0.00571672 0.00331314
12 10 152 0.048372 0.820941 0.669277 6.85912 0.00511509 0.00293761
12 11 194 0.0535697 0.862602 0.774287 5.89223 0.00621197 0.00362671
12 12 159 0.0485852 0.826689 0.811776 6.8026 0.00509257 0.00292665
12 13 159 0.0472835 0.861607 0.982314 7.05515 0.00473694 0.00271108
12 14 179 0.0470579 0.861972 0.959413 7.2398 0.00537649 0.00307492
12 15 152 0.0501346 0.896031 1.12787 6.25506 0.00424907 0.0024539
12 16 156 0.0445828 0.88254 1.1896 7.68349 0.00427884 0.00242805
12 17 136 0.0490862 0.976611 1.2952 6.3063 0.00349846 0.00201372
12 18 136 0.0398105 0.946637 1.35148 8.98361 0.00345529 0.00193134
12 19 125 0.0427508 1.03331 1.55764 7.83507 0.00289044 0.00163071
12 20 115 0.0370143 1.00434 1.59118 9.77245 0.00264553 0.0014657
12 21 77 0.0342717 1.08101 1.84418 10.4617 0.00159937 0.000878453
12 22 46 0.0367578 1.2102 2.01091 8.78055 0.000883877 0.000489297
12 23 34 0.730133 1.21387 2.2027 -10.3126 0.000615792 0.000332943
13 0 204 0.0518071 0.83371 0.0457945 6.47362 0.00767604 0.00445656
13 1 194 0.0532622 0.776884 0.110036 6.1411 0.00748165 0.00436374
13 2 175 0.0505809 0.791956 0.122898 6.60786 0.00669394 0.00387132
13 3 167 0.0484864 0.815597 0.167911 7.03799 0.00629082 0.00361415
13 4 197 0.0527223 0.815244 0.255417 6.23433 0.00734227 0.00427514
13 5 185 0.0485234 0.81667 0.349996 7.10373 0.00677926 0.00389521
13 6 189 0.0567619 0.838175 0.427165 5.35904 0.006748 0.00397962
13 7 166 0.0486858 0.869386 0.492203 6.90071 0.00575665 0.00330935
13 8 186 0.0505591 0.857472 0.505762 6.57745 0.00646162 0.0037367
13 9 172 0.0489107 0.847404 0.612556 6.85862 0.00582748 0.00335245
13 10 192 0.0506844 0.853625 0.693863 6.52873 0.00633086 0.00366254
13 11 181 0.0554729 0.909723 0.740637 5.44095 0.00575589 0.00338073
13 12 176 0.0481654 0.922175 0.825703 6.96824 0.00542168 0.00311165
13 13 159 0.0423336 0.853907 0.895154 8.49279 0.00489968 0.00276063
13 14 181 0.0486882 0.952357 1.00519 6.7974 0.00519459 0.00298626
13 15 160 0.0424183 0.981149 1.09075 8.36259 0.00441743 0.00248958
13 16 117 0.0432032 0.996505 1.24594 7.74917 0.00304596 0.00172092
13 17 142 0.0416042 1.02305 1.25531 8.43342 0.00365728 0.00205587
13 18 102 0.0399872 1.09597 1.4819 8.55062 0.00238442 0.00133352
13 19 95 0.0405928 1.12844 1.55008 8.2399 0.00215352 0.0012067
13 20 67 0.0324064 1.06147 1.54411 11.3477 0.00154636 0.000844347
13 21 60 0.0339351 1.22292 1.85036 10.3406 0.00120888 0.000663271
13 22 41 0.732802 1.27269 2.10952 -10.1193 0.000755874 0.000410176
13 23 26 0.70137 1.27921 2.25111 -10.4776 0.000459187 0.00023849
14 0 180 0.048684 0.93847 0.0439543 7.01188 0.00643068 0.0036968
14 1 181 0.0509763 0.911456 0.100169 6.49576 0.00653953 0.00378675
14 2 179 0.0565424 0.884851 0.157569 5.36592 0.00652603 0.00384605
14 3 199 0.0519056 0.886608 0.209743 6.38983 0.0072109 0.00418781
14 4 181 0.0526124 0.912007 0.273615 6.12404 0.00642564 0.00374011
14 5 193 0.0495103 0.890509 0.348984 6.87581 0.00683701 0.00394068
14 6 171 0.0540865 0.945709 0.402166 5.72727 0.00584579 0.00341851
14 7 173 0.0504658 0.932222 0.460894 6.50393 0.00587803 0.00339821
14 8 187 0.0464879 0.946524 0.544377 7.52975 0.00619108 0.00353441
14 9 193 0.0495474 0.886312 0.613651 6.80636 0.0064341 0.00370889
14 10 165 0.0508566 1.00742 0.723696 6.26922 0.00507638 0.00293839
14 11 185 0.0479854 0.986884 0.744858 7.06348 0.0057028 0.00327113
14 12 168 0.0437098 0.996596 0.850556 8.0924 0.00499646 0.00282745
14 13 161 0.0487602 1.01426 0.920335 6.67006 0.00465394 0.00267605
14 14 162 0.0457629 1.07343 1.02943 7.3896 0.00443097 0.00252379
14 15 149 0.0479435 1.09014 1.10199 6.70907 0.00395949 0.00227086
14 16 138 0.040692 1.15075 1.27551 8.66384 0.0034032 0.00190753
14 17 126 0.0333132 1.05877 1.25648 11.6191 0.00321111 0.00175837
14 18 118 0.0406458 1.22211 1.37543 8.47081 0.00276216 0.001548
14 19 83 0.0389184 1.30466 1.70349 8.60665 0.00171869 0.000957956
14 20 77 0.0399745 1.28954 1.73963 8.14508 0.00158246 0.000884977
14 21 70 0.0343058 1.37488 1.93992 10.2615 0.00133027 0.000730728
14 22 33 0.0349198 1.42527 2.0502 9.18587 0.000601413 0.000331002
14 23 0 0 0 0 0 0 0
15 0 197 0.0563646 0.972006 0.0293431 5.45786 0.00692314 0.00407779
15 1 199 0.0468395 1.00398 0.111977 7.54052 0.00686264 0.00392216
15 2 181 0.0516093 0.973468 0.23063 6.31463 0.00627254 0.00363943
15 3 188 0.0480301 0.987084 0.25027 7.17657 0.00645707 0.0037043
15 4 184 0.0549728 0.964275 0.27783 5.63804 0.00636667 0.00373356
15 5 197 0.0549659 0.999557 0.339776 5.68155 0.00664088 0.00389428
15 6 205 0.0508247 1.03289 0.444104 6.55066 0.00667848 0.00386536
15 7 199 0.0526881 1.02033 0.437413 6.12409 0.00652886 0.0038011
15 8 188 0.0506139 1.0507 0.572625 6.47577 0.0059096 0.00341806
15 9 168 0.0523561 1.08617 0.649001 5.94838 0.00510635 0.0029698
15 10 180 0.0502201 1.08999 0.714714 6.46974 0.00537093 0.00310264
15 11 183 0.046198 1.07338 0.749884 7.47832 0.00544475 0.00310549
15 12 153 0.047012 1.14262 0.929029 7.00787 0.0042133 0.00240932
15 13 158 0.0467752 1.2068 0.991104 7.06072 0.0041767 0.0023866
15 14 139 0.0428895 1.15897 1.10331 8.01496 0.00361102 0.00203814
15 15 143 0.0393359 1.20202 1.18893 9.18515 0.00356863 0.0019917
15 16 137 0.0441277 1.2294 1.32958 7.53856 0.00324645 0.00183956
15 17 114 0.0364455 1.3394 1.37841 9.98049 0.00257931 0.00142645
15 18 83 0.0317001 1.13736 1.40177 11.9656 0.00197159 0.00107414
15 19 78 0.0383341 1.47519 1.80303 8.69408 0.00150819 0.000839078
15 20 52 0.036282 1.38816 1.78981 9.13041 0.00102951 0.000569058
15 21 28 0.724261 1.56438 2.13373 -10.5251 0.000485266 0.000260261
15 22 23 0.0351174 1.57084 2.28475 8.64461 0.000382514 0.000210657
15 23 11 0.716267 1.56454 2.49921 -11.5199 0.000173187 9.18594e-05
16 0 166 0.0527903 1.11769 0.0261854 5.91748 0.00542494 0.00315942
16 1 219 0.0485666 1.04042 0.084852 7.18437 0.00742634 0.0042676
16 2 179 0.0546274 1.10867 0.157988 5.61987 0.00584433 0.00342351
16 3 214 0.0519773 1.07948 0.266048 6.34687 0.00701523 0.0040751
16 4 202 0.0459965 1.04564 0.304088 7.73947 0.00669749 0.00381758
16 5 188 0.0512266 1.09823 0.355651 6.35979 0.00603404 0.00349681
16 6 180 0.0499476 1.12535 0.437644 6.57924 0.00562802 0.00324834
16 7 206 0.0515873 1.13533 0.506354 6.32843 0.00632939 0.00367216
16 8 192 0.0493548 1.11722 0.585891 6.75598 0.00584655 0.00336815
16 9 153 0.0494572 1.1652 0.6645 6.46618 0.0044827 0.00258328
16 10 149 0.0500848 1.15605 0.70746 6.28686 0.00433641 0.00250395
16 11 175 0.0469308 1.22448 0.819738 7.16284 0.00481713 0.0027539
16 12 149 0.0472423 1.18837 0.918343 6.90854 0.00404802 0.00231649
16 13 138 0.0371892 1.24862 1.00969 10.0034 0.003576 0.00198231
16 14 137 0.0444752 1.29172 1.13166 7.47829 0.00337938 0.001917
16 15 132 0.0412019 1.31827 1.1627 8.43157 0.00319961 0.00179631
16 16 107 0.0374469 1.3831 1.3177 9.51549 0.00243253 0.00134954
16 17 81 0.0399945 1.38929 1.45978 8.24721 0.00176495 0.000987096
16 18 69 0.0407575 1.38329 1.511 7.81155 0.00148374 0.000831828
16 19 48 0.730319 1.54685 1.74873 -9.90501 0.000926411 0.000501014
16 20 38 0.728107 1.49732 1.92474 -10.166 0.000706752 0.000381062
16 21 17 0.0340984 1.86403 2.20293 8.77468 0.000272857 0.000149785
16 22 13 0.72098 1.60768 2.19415 -11.3021 0.000219888 0.000117397
16 23 0 0 0 0 0 0 0
17 0 179 0.0498621 1.18282 0.0370015 6.60531 0.0056634 0.00326788
17 1 209 0.0496383 1.17039 0.115732 6.81601 0.00663644 0.00382663
17 2 176 0.0473284 1.18224 0.176619 7.19951 0.00553578 0.00316873
17 3 197 0.0512455 1.18752 0.257014 6.3725 0.00613675 0.00355655
17 4 188 0.0518556 1.1739 0.284189 6.19608 0.00587712 0.00341267
17 5 201 0.0541372 1.21999 0.401951 5.7519 0.00605269 0.00354007
17 6 196 0.042651 1.16653 0.423673 8.60097 0.00602814 0.00339985
17 7 193 0.0477993 1.22568 0.527842 7.10481 0.00567328 0.00325228
17 8 186 0.0498 1.25657 0.586843 6.55956 0.00533264 0.00307642
17 9 173 0.0488736 1.25231 0.700267 6.68375 0.00484899 0.00278921
17 10 139 0.0434433 1.2929 0.799626 7.88336 0.0037446 0.00211724
17 11 150 0.0464018 1.28295 0.838545 7.12018 0.00401787 0.00229313
17 12 115 0.0431025 1.31719 0.936334 7.75322 0.00296627 0.00167536
17 13 140 0.0411627 1.40818 0.998425 8.51698 0.00344005 0.00193106
17 14 125 0.037629 1.30658 1.05124 9.6985 0.00313826 0.00174207
17 15 97 0.040766 1.35145 1.14156 8.26423 0.00233986 0.00131182
17 16 91 0.731407 1.44297 1.30813 -9.12162 0.00203747 0.00110353
17 17 78 0.0374435 1.55891 1.53113 9.09231 0.00159113 0.000882729
17 18 63 0.0352764 1.50789 1.61299 9.77712 0.00127406 0.000701999
17 19 41 0.0332855 1.67819 1.82736 10.1803 0.000751331 0.000411385
17 20 23 0.731148 1.94384 2.01118 -10.8009 0.00037956 0.000205504
17 21 11 0.731086 1.81142 1.98307 -11.5025 0.000188144 0.000101857
17 22 13 0.701941 2.12239 2.64234 -11.4148 0.000180341 9.37407e-05
17 23 0 0 0 0 0 0 0
18 0 182 0.0476588 1.21819 0.0307608 7.13774 0.00565958 0.00324298
18 1 184 0.0553733 1.29601 0.0849784 5.41497 0.00550255 0.00323091
18 2 214 0.0469034 1.27485 0.195981 7.45839 0.00642754 0.00367424
18 3 207 0.0482454 1.28677 0.223309 7.0776 0.00616887 0.00354138
18 4 186 0.0526431 1.34041 0.343438 5.93265 0.00534059 0.00310885
18 5 186 0.0528198 1.35334 0.411208 5.88109 0.00526353 0.00306571
18 6 185 0.0506772 1.3446 0.482242 6.33373 0.00520079 0.0030087
18 7 158 0.0514637 1.30573 0.54335 6.00797 0.00447151 0.00259325
18 8 152 0.0483373 1.33688 0.595818 6.67132 0.00420333 0.00241372
18 9 174 0.0450708 1.35509 0.670981 7.64051 0.00470493 0.00267397
18 10 135 0.0422268 1.36352 0.735829 8.21502 0.00358859 0.00202124
18 11 128 0.0459014 1.50603 0.876176 7.00231 0.00312331 0.00177975
18 12 132 0.0526659 1.5125 0.930779 5.40774 0.00317475 0.00184821
18 13 130 0.0456944 1.49667 1.067 7.03329 0.00304544 0.00173425
18 14 108 0.0395397 1.4946 1.14372 8.74975 0.00248413 0.00138731
18 15 91 0.0348275 1.56795 1.24337 10.4263 0.00199404 0.00109715
18 16 68 0.0376272 1.69889 1.47278 8.85903 0.0013546 0.000751942
18 17 67 0.0413348 1.5323 1.41374 7.57563 0.00142038 0.000797761
18 18 47 0.73122 1.73454 1.65797 -9.95323 0.000886288 0.000479907
18 19 33 0.0342256 2.0274 1.97587 9.39522 0.000538784 0.000295883
18 20 16 0.037126 1.86466 1.89303 7.46809 0.000276253 0.000153107
18 21 0 0 0 0 0 0 0
18 22 0 0 0 0 0 0 0
18 23 0 0 0 0 0 0 0
19 0 196 0.0464132 1.42008 0.0181698 7.43686 0.00553148 0.00315711
19 1 178 0.0487016 1.40923 0.0915632 6.76442 0.00504245 0.00289891
19 2 152 0.0484084 1.34426 0.172643 6.705 0.00442381 0.0025409
19 3 190 0.0468477 1.44335 0.239063 7.27159 0.00525569 0.00300383
19 4 185 0.0485814 1.41237 0.304306 6.81688 0.00516114 0.00296602
19 5 197 0.0427263 1.42517 0.422013 8.46586 0.00539061 0.00304101
19 6 137 0.0485967 1.46829 0.464216 6.4688 0.00365752 0.00210202
19 7 162 0.0481559 1.43836 0.497502 6.75281 0.00436065 0.00250262
19 8 156 0.0442886 1.43763 0.613863 7.73039 0.00412085 0.00233622
19 9 179 0.042515 1.55057 0.707205 8.33761 0.00444063 0.00250343
19 10 134 0.0415879 1.51468 0.760389 8.34734 0.00333797 0.00187628
19 11 126 0.0378864 1.49794 0.892254 9.5772 0.00307293 0.00170719
19 12 105 0.0366443 1.65881 1.01699 9.80619 0.00235275 0.00130197
19 13 87 0.0348282 1.56394 1.02586 10.4343 0.00201078 0.00110636
19 14 95 0.0381007 1.6585 1.15257 9.09784 0.00206634 0.00114875
19 15 50 0.0348348 1.70273 1.33747 9.76007 0.00102767 0.000565453
19 16 63 0.0307818 1.68509 1.41138 12.0447 0.00127885 0.000694713
19 17 36 0.0330803 1.83058 1.6783 10.1514 0.000659146 0.000360676
19 18 17 0.713414 1.721 1.83089 -10.931 0.000308135 0.000162786
19 19 16 0.0452095 1.8534 1.89213 4.76957 0.000277033 0.000157516
19 20 0 0 0 0 0 0 0
19 21 0 0 0 0 0 0 0
19 22 0 0 0 0 0 0 0
19 23 0 0 0 0 0 0 0
20 0 182 0.046821 1.49883 0.0598358 7.21838 0.00494874 0.00282816
20 1 162 0.0492108 1.52676 0.101706 6.49315 0.00434434 0.0025016
20 2 162 0.0443342 1.48208 0.180865 7.7871 0.00441909 0.00250567
20 3 153 0.0411789 1.52655 0.258935 8.67955 0.004069 0.00228424
20 4 165 0.0428178 1.59317 0.348041 8.19476 0.00422818 0.00238594
20 5 164 0.0488856 1.60901 0.407771 6.52484 0.00414857 0.00238641
20 6 164 0.0436462 1.54518 0.443938 7.94853 0.0042461 0.00240234
20 7 138 0.0506802 1.62351 0.556135 5.90974 0.00340582 0.00197031
20 8 140 0.0444403 1.61011 0.670932 7.49828 0.00341324 0.00193599
20 9 123 0.039534 1.60993 0.711641 8.93322 0.00297833 0.00166328
20 10 125 0.0409026 1.63805 0.790904 8.45064 0.00295193 0.00165569
20 11 107 0.0432091 1.75366 0.927961 7.49254 0.00236073 0.0013338
20 12 90 0.04515 1.87082 1.05645 6.69124 0.00186164 0.0010583
20 13 92 0.0356297 1.69709 1.03344 10.0867 0.00202739 0.00111833
20 14 53 0.0401761 1.88666 1.28666 7.65715 0.00104214 0.000583178
20 15 55 0.0393671 2.00893 1.38124 7.92462 0.00102315 0.000571089
20 16 35 0.0308251 1.86262 1.49663 11.362 0.000662371 0.00035987
20 17 26 0.725597 2.11726 1.71876 -10.6316 0.000438784 0.000235766
20 18 20 0.702907 1.94044 1.67451 -10.7382 0.000356346 0.000185483
20 19 10 0.69636 1.90411 1.86316 -11.4351 0.000172269 8.88334e-05
20 20 0 0 0 0 0 0 0
20 21 0 0 0 0 0 0 0
20 22 0 0 0 0 0 0 0
20 23 0 0 0 0 0 0 0
21 0 134 0.043315 1.56698 0.0523569 7.86354 0.00353225 0.00199637
21 1 144 0.0458219 1.64396 0.129882 7.18245 0.00366009 0.0020851
21 2 164 0.0423376 1.70039 0.193668 8.30253 0.00405584 0.00228522
21 3 164 0.0465059 1.71664 0.230788 7.09307 0.00401955 0.00229484
21 4 148 0.0452888 1.67797 0.352652 7.32727 0.00365498 0.00207868
21 5 123 0.0445162 1.75932 0.448578 7.31663 0.00290885 0.0016503
21 6 133 0.0459514 1.70732 0.481559 7.01355 0.00320157 0.00182464
21 7 134 0.041453 1.77729 0.548939 8.32068 0.0031103 0.00174756
21 8 105 0.0391864 1.75783 0.620204 8.8563 0.00243322 0.00135737
21 9 97 0.0419266 1.84723 0.75884 7.78837 0.00212899 0.001198
21 10 89 0.0420694 1.78521 0.878802 7.65965 0.00195907 0.00110288
21 11 86 0.0315559 1.88461 0.944444 11.9569 0.00180684 0.000983935
21 12 74 0.0371116 2.09188 1.14384 9.09896 0.00140305 0.000777568
21 13 60 0.0329334 1.88834 1.19314 10.8257 0.00120179 0.000657299
21 14 51 0.0344442 2.15048 1.41445 9.81236 0.000905344 0.00049753
21 15 36 0.730897 2.02661 1.44832 -10.2505 0.000657448 0.000355838
21 16 22 0.0351726 1.95043 1.47323 8.68538 0.000408351 0.000224925
21 17 12 0.696939 2.3369 1.93398 -11.3709 0.000184171 9.50496e-05
21 18 0 0 0 0 0 0 0
21 19 0 0 0 0 0 0 0
21 20 0 0 0 0 0 0 0
21 21 0 0 0 0 0 0 0
21 22 0 0 0 0 0 0 0
21 23 0 0 0 0 0 0 0
22 0 128 0.0410131 1.8399 0.061959 8.42816 0.00299497 0.00168042
22 1 134 0.0448764 1.78727 0.0666804 7.3114 0.00320562 0.00182074
22 2 129 0.0405651 1.7555 0.167371 8.61982 0.00311924 0.00174767
22 3 131 0.0452971 1.83416 0.308923 7.141 0.00304084 0.00172945
22 4 120 0.0394854 1.8743 0.398892 8.8604 0.00272141 0.00151957
22 5 120 0.046287 1.91832 0.433268 6.74058 0.00266619 0.00152113
22 6 105 0.0455118 1.90918 0.484274 6.81553 0.00233009 0.00132612
22 7 96 0.0376906 1.89034 0.622857 9.27868 0.00211272 0.00117302
22 8 97 0.0464733 1.92767 0.751115 6.43773 0.00206929 0.00118128
22 9 90 0.0378833 2.00201 0.834681 9.06938 0.00184712 0.00102617
22 10 69 0.0326693 1.87944 0.853217 11.1646 0.00147474 0.000805911
22 11 64 0.72545 1.98761 0.948139 -9.54707 0.00129714 0.000696835
22 12 33 0.0400579 2.34335 1.20582 7.10165 0.000573891 0.000321027
22 13 35 0.0369548 2.2431 1.24581 8.35049 0.00062302 0.000345107
22 14 26 0.718226 2.10435 1.36476 -10.526 0.000472012 0.000251043
22 15 14 0.0328105 2.42672 1.73398 9.18159 0.00021816 0.000119273
22 16 0 0 0 0 0 0 0
22 17 0 0 0 0 0 0 0
22 18 0 0 0 0 0 0 0
22 19 0 0 0 0 0 0 0
22 20 0 0 0 0 0 0 0
22 21 0 0 0 0 0 0 0
22 22 0 0 0 0 0 0 0
22 23 0 0 0 0 0 0 0
23 0 117 0.039537 1.88903 0.0408958 8.82767 0.00268283 0.00149827
23 1 110 0.0417868 1.92352 0.101397 7.9877 0.00248452 0.00139744
23 2 99 0.0411331 2.07004 0.220643 8.03388 0.0021013 0.00117945
23 3 78 0.0446485 1.95049 0.32031 6.75692 0.00172606 0.000979666
23 4 77 0.0381624 1.88115 0.331336 8.90847 0.00175067 0.000973449
23 5 85 0.0397185 2.0223 0.494698 8.36626 0.00180403 0.00100807
23 6 101 0.0336484 1.98126 0.540493 11.0622 0.0021675 0.00118815
23 7 62 0.0346608 2.14066 0.660322 10.0263 0.00123885 0.000681275
23 8 77 0.0327027 2.0576 0.728303 11.2115 0.00157215 0.000859233
23 9 35 0.723096 2.08032 0.842213 -10.156 0.000698273 0.0003739
23 10 48 0.0386045 2.13136 0.902966 8.11228 0.000933147 0.000519597
23 11 37 0.030782 2.50573 1.19888 11.3114 0.000614346 0.000333733
23 12 25 0.724898 2.33787 1.16738 -10.6303 0.000437998 0.000235117
23 13 18 0.713575 2.50579 1.3733 -10.9874 0.000291459 0.000154011
23 14 15 0.723307 2.42338 1.42527 -11.1985 0.000246413 0.000131984
23 15 13 0.704753 2.90879 1.94091 -11.4565 0.000175212 9.14394e-05
23 16 0 0 0 0 0 0 0
23 17 0 0 0 0 0 0 0
23 18 0 0 0 0 0 0 0
23 19 0 0 0 0 0 0 0
23 20 0 0 0 0 0 0 0
23 21 0 0 0 0 0 0 0
23 22 0 0 0 0 0 0 0
23 23 0 0 0 0 0 0 0
