#  ix    iy     Npi     E/N       Tpi    Uxpi    Uypi     mupi     rho    epsilon
0 0 939 0.0853422 0.0208337 0.0346389 1.33098 0.0572094 0.0186247
0 1 886 0.0822476 0.0191009 0.117047 1.40848 0.0536484 0.0170406
0 2 921 0.0829428 0.00704197 0.148559 1.4108 0.0555476 0.0177424
0 3 855 0.0830463 0.012004 0.231647 1.31638 0.0507858 0.0162349
0 4 903 0.0818037 0.0224491 0.275507 1.41857 0.0530708 0.016797
0 5 910 0.0798481 0.0213178 0.396997 1.48374 0.0515622 0.0160631
0 6 932 0.0790625 0.0331981 0.447889 1.52777 0.0518409 0.0160467
0 7 884 0.0785633 0.0244616 0.53306 1.46631 0.0475553 0.01466
0 8 882 0.0811245 0.0463463 0.620119 1.3007 0.0456703 0.0143758
0 9 872 0.0775619 0.0183717 0.691657 1.43279 0.0437249 0.0133685
0 10 868 0.0775762 0.0728929 0.825525 1.36164 0.0407515 0.0124609
0 11 899 0.0760579 0.0578886 0.863332 1.4569 0.0414533 0.0125168
0 12 813 0.0738932 0.00985664 1.02511 1.39187 0.0346155 0.010264
0 13 820 0.0707278 0.0543249 1.1701 1.50487 0.0324642 0.00936987
0 14 766 0.0713705 0.0591264 1.26001 1.35574 0.0290162 0.00842107
0 15 734 0.0706654 0.0690676 1.41885 1.27728 0.0257632 0.00743182
0 16 695 0.0651839 0.0625524 1.6196 1.46577 0.0222518 0.0061182
0 17 605 0.064742 0.0101627 1.78233 1.28525 0.0180505 0.00494354
0 18 550 0.0650542 0.0649128 1.96219 1.09444 0.0152213 0.00418031
0 19 482 0.0596527 0.0548593 2.34564 1.18898 0.0115234 0.00301374
0 20 403 0.0558241 0.0586375 2.68586 1.18844 0.00857229 0.0021635
0 21 280 0.0464498 0.0637658 3.05257 1.58049 0.00531407 0.00122499
0 22 203 0.0413704 0.120071 3.93739 1.61735 0.00304566 0.000667095
0 23 85 0.0327398 0.107031 4.2446 2.00652 0.00118817 0.000237858
1 0 899 0.0823275 0.0856508 0.0196134 1.42243 0.0546067 0.0173561
1 1 902 0.0827042 0.0514815 0.0920464 1.40646 0.0546966 0.0174373
1 2 911 0.082726 0.0890586 0.173171 1.4023 0.0545246 0.0173855
1 3 902 0.0811848 0.0989346 0.249259 1.44897 0.0531229 0.0167298
1 4 918 0.0789532 0.0885428 0.28852 1.56634 0.0535883 0.0165727
1 5 930 0.082351 0.101903 0.326002 1.4039 0.0536634 0.0170595
1 6 879 0.0809787 0.104425 0.432677 1.37736 0.0489661 0.015395
1 7 875 0.0810628 0.083136 0.538336 1.32922 0.0468535 0.0147408
1 8 848 0.0821648 0.0895515 0.625787 1.20741 0.0437065 0.0138734
1 9 902 0.078288 0.105049 0.702213 1.42142 0.0448455 0.0137934
1 10 907 0.0766386 0.14522 0.818931 1.45216 0.0425204 0.0129012
1 11 860 0.0772364 0.117353 0.886205 1.33746 0.0390952 0.0119209
1 12 882 0.0749712 0.130536 1.07134 1.38836 0.0365523 0.0109371
1 13 795 0.0727416 0.103214 1.07526 1.40522 0.0329313 0.00966984
1 14 748 0.0693416 0.153819 1.29417 1.42959 0.0277647 0.00791806
1 15 720 0.0675354 0.157707 1.4811 1.41246 0.0244714 0.00686975
1 16 682 0.0692651 0.16103 1.62198 1.18983 0.0217466 0.00619769
1 17 618 0.0618334 0.14168 1.8275 1.48144 0.0180472 0.00481493
1 18 556 0.060016 0.196804 2.15414 1.37312 0.0142264 0.0037331
1 19 491 0.0587845 0.208172 2.27393 1.29485 0.0120102 0.00311601
1 20 382 0.0534779 0.235189 2.73876 1.31085 0.00796307 0.00196557
1 21 300 0.0479814 0.271116 3.0491 1.48754 0.00568038 0.00132941
1 22 168 0.0461075 0.219583 3.6601 0.938442 0.00269534 0.000619216
1 23 101 0.0310303 0.392007 4.39234 2.47681 0.00136198 0.000267722
2 0 898 0.0822023 0.165271 0.0580579 1.41593 0.0539349 0.0171253
2 1 948 0.0836914 0.132742 0.0947301 1.40296 0.0570512 0.0183319
2 2 923 0.084114 0.169236 0.13599 1.34701 0.0549992 0.017732
2 3 958 0.0824768 0.13849 0.227424 1.4486 0.0564478 0.0179628
2 4 882 0.0830217 0.161872 0.285841 1.32358 0.0510944 0.0163303
2 5 894 0.0820548 0.184742 0.390069 1.3481 0.0500495 0.0158728
2 6 900 0.0807735 0.141514 0.485736 1.38724 0.0489677 0.01537
2 7 914 0.0807292 0.216072 0.509739 1.38508 0.0487578 0.0152986
2 8 900 0.0787872 0.190927 0.629708 1.41849 0.0458435 0.0141583
2 9 882 0.074991 0.20057 0.717247 1.55284 0.0431326 0.0129082
2 10 880 0.0767095 0.21257 0.817028 1.41212 0.0410011 0.0124475
2 11 920 0.0757135 0.197363 0.889905 1.47506 0.0414585 0.0124824
2 12 818 0.074635 0.207254 1.04032 1.34021 0.0342144 0.0102087
2 13 849 0.074134 0.219429 1.11115 1.3686 0.0342633 0.0101803
2 14 745 0.0755005 0.259595 1.33393 1.05458 0.0269238 0.00809188
2 15 773 0.0677534 0.21997 1.47665 1.46849 0.0262307 0.00737772
2 16 717 0.0666147 0.303339 1.64747 1.38165 0.0224094 0.00624015
2 17 586 0.0659165 0.312306 1.87589 1.12753 0.0166302 0.00460236
2 18 505 0.0592215 0.291938 2.16547 1.32701 0.0128142 0.00333805
2 19 457 0.0567536 0.338845 2.46272 1.3073 0.0103996 0.00264767
2 20 337 0.0553129 0.351528 2.70603 1.03753 0.00707059 0.00177592
2 21 252 0.0484685 0.402793 3.18961 1.21955 0.00456383 0.00107322
2 22 179 0.0414507 0.396259 3.94136 1.47603 0.00267155 0.000585633
2 23 68 0.0393408 0.404196 4.2569 0.716483 0.000944192 0.000202548
3 0 955 0.0804712 0.184947 0.0774934 1.55538 0.0570951 0.0178771
3 1 882 0.0821448 0.201644 0.0956692 1.39146 0.0524891 0.0166586
3 2 926 0.0824443 0.229301 0.148666 1.41438 0.0544663 0.0173277
3 3 909 0.0824895 0.196277 0.244739 1.38281 0.0528854 0.0168308
3 4 865 0.0812934 0.212958 0.303199 1.37231 0.0494582 0.0155894
3 5 937 0.081771 0.214487 0.373326 1.40886 0.0524768 0.0166047
3 6 888 0.080663 0.228714 0.453728 1.37826 0.0482723 0.0151381
3 7 927 0.082359 0.254245 0.537621 1.30406 0.0485823 0.0154452
3 8 968 0.0802693 0.243733 0.637599 1.40714 0.0487499 0.0152391
3 9 894 0.0790599 0.259161 0.704664 1.35461 0.0435928 0.0134933
3 10 890 0.0778331 0.283828 0.828343 1.3505 0.0408285 0.0125109
3 11 868 0.0744685 0.275793 0.895234 1.47044 0.0386265 0.011509
3 12 818 0.0762601 0.287411 1.05856 1.23644 0.0336037 0.0101637
3 13 828 0.0717075 0.307503 1.16364 1.44272 0.0322646 0.00939087
3 14 770 0.0712495 0.334213 1.35635 1.30276 0.0273296 0.00792336
3 15 680 0.0682237 0.382236 1.50743 1.28311 0.022426 0.00633358
3 16 687 0.0653348 0.365989 1.65392 1.41209 0.0212956 0.00586316
3 17 584 0.0618917 0.393234 1.8557 1.39417 0.0166063 0.00443284
3 18 589 0.0578742 0.420135 2.23755 1.54846 0.0144433 0.00371579
3 19 401 0.0570871 0.432924 2.52523 1.12426 0.00889035 0.00227049
3 20 364 0.0485654 0.465017 2.60439 1.75192 0.00784762 0.00184718
3 21 233 0.0431399 0.577014 3.20894 1.71148 0.00416599 0.000929025
3 22 136 0.0395654 0.607062 3.8158 1.47422 0.00207779 0.000446762
3 23 85 0.0298903 0.665824 3.9676 2.63131 0.00125025 0.00024277
4 0 941 0.081021 0.301225 0.0449548 1.48951 0.0548888 0.017263
4 1 891 0.0836843 0.249331 0.0938584 1.32012 0.0524982 0.0168679
4 2 935 0.0813362 0.266881 0.178906 1.46328 0.0542793 0.0171149
4 3 970 0.0823579 0.289781 0.244196 1.43377 0.0553082 0.0175834
4 4 873 0.0795951 0.287375 0.317286 1.44386 0.0489363 0.0152136
4 5 898 0.0836506 0.299724 0.378938 1.25888 0.0493032 0.0158371
4 6 948 0.0781833 0.321065 0.504927 1.52752 0.0496031 0.0152436
4 7 913 0.0796778 0.315346 0.525363 1.40935 0.0474684 0.0147673
4 8 924 0.0827546 0.341178 0.612784 1.23372 0.0461272 0.0147113
4 9 941 0.0799981 0.345345 0.739555 1.32802 0.044451 0.0138647
4 10 887 0.0765718 0.374167 0.892881 1.36556 0.0388587 0.0117836
4 11 910 0.0752806 0.366182 0.870679 1.47049 0.0403383 0.0121013
4 12 862 0.0770035 0.376908 1.0772 1.22838 0.0346394 0.0105419
4 13 808 0.0707183 0.406429 1.18333 1.4515 0.03076 0.00887726
4 14 784 0.0737175 0.406663 1.32055 1.19032 0.0280275 0.00829825
4 15 746 0.0679538 0.425465 1.51396 1.38423 0.0244082 0.00687718
4 16 706 0.0644197 0.509084 1.68097 1.4719 0.0212997 0.00581665
4 17 602 0.0626977 0.508568 1.8909 1.34386 0.0166952 0.00448923
4 18 527 0.0558463 0.554067 2.17347 1.60957 0.013085 0.00330312
4 19 437 0.0531881 0.603079 2.52244 1.52148 0.00958625 0.0023597
4 20 327 0.0455375 0.663729 2.83021 1.87875 0.00648596 0.00148162
4 21 250 0.0425323 0.708017 3.18632 1.85451 0.00446539 0.000989686
4 22 135 0.0339224 0.80762 3.81371 2.33521 0.0020454 0.000414635
4 23 44 0.0363742 0.580875 3.37647 0.926301 0.000751725 0.000156369
5 0 910 0.0822048 0.342449 0.0312299 1.38832 0.0524721 0.0166612
5 1 975 0.0796129 0.336165 0.0944276 1.5801 0.0561279 0.017452
5 2 957 0.0804394 0.353049 0.196009 1.5032 0.0541086 0.0169376
5 3 910 0.0808728 0.327625 0.260607 1.42673 0.0511837 0.0160784
5 4 927 0.077644 0.349213 0.289249 1.59188 0.0514792 0.01575
5 5 945 0.0791312 0.378069 0.378277 1.50432 0.0508115 0.0157369
5 6 964 0.0809408 0.368394 0.452927 1.4152 0.0507624 0.0159549
5 7 896 0.0794501 0.385663 0.577879 1.3642 0.0448684 0.0139325
5 8 881 0.0775431 0.406718 0.641966 1.41167 0.0427702 0.0130746
5 9 879 0.0762978 0.437796 0.783715 1.40582 0.0398842 0.0120671
5 10 881 0.0778279 0.413928 0.860592 1.30109 0.0388502 0.0119042
5 11 878 0.0777178 0.449692 0.917546 1.26984 0.0374454 0.0114633
5 12 882 0.0764352 0.490456 1.0384 1.27709 0.0353176 0.0106977
5 13 770 0.0708379 0.489562 1.17681 1.38505 0.0289814 0.00837257
5 14 735 0.0682377 0.507982 1.32373 1.4236 0.0258308 0.00729608
5 15 729 0.067569 0.519761 1.56812 1.34919 0.0230186 0.0064638
5 16 645 0.0662957 0.596773 1.72362 1.23178 0.018907 0.00525004
5 17 536 0.0571767 0.643072 2.01817 1.56798 0.0139531 0.00356645
5 18 518 0.0574852 0.700925 2.23467 1.42619 0.0124031 0.00317938
5 19 389 0.054808 0.749475 2.54514 1.24744 0.00836553 0.00209117
5 20 287 0.0492088 0.866603 3.10194 1.27472 0.0051892 0.00122916
5 21 208 0.0453717 0.871912 3.31474 1.295 0.00355224 0.000810117
5 22 94 0.035862 1.07461 3.71819 1.65349 0.00143383 0.000296661
5 23 56 0.0365851 0.947738 4.10992 0.9401 0.000787743 0.000164223
6 0 958 0.082398 0.428074 0.0248269 1.40214 0.0536872 0.0170735
6 1 942 0.0809673 0.419316 0.0971982 1.45251 0.0527591 0.016586
6 2 967 0.0822143 0.42481 0.186953 1.40696 0.0534836 0.0169837
6 3 1010 0.0823764 0.425533 0.25277 1.43085 0.0551948 0.0175499
6 4 953 0.0820746 0.426917 0.327026 1.36948 0.0511786 0.0162335
6 5 936 0.0842556 0.451874 0.394736 1.22384 0.0489397 0.0157961
6 6 980 0.0837166 0.461491 0.476164 1.26591 0.0498018 0.0160057
6 7 941 0.0753484 0.467129 0.596218 1.59256 0.045739 0.0137293
6 8 900 0.0772444 0.495224 0.649813 1.4205 0.0424977 0.0129592
6 9 900 0.080952 0.538684 0.734805 1.19043 0.0405657 0.0127512
6 10 880 0.0785188 0.539299 0.848471 1.24003 0.0378408 0.011661
6 11 816 0.0761003 0.550767 0.945204 1.24376 0.0335703 0.0101401
6 12 803 0.0742905 0.571952 1.0683 1.26537 0.0311648 0.00927186
6 13 776 0.072373 0.608641 1.2243 1.26114 0.0279335 0.00817661
6 14 723 0.0698304 0.627923 1.3561 1.27636 0.0245173 0.00702163
6 15 709 0.064135 0.645663 1.54686 1.52981 0.0221493 0.00603326
6 16 600 0.0650291 0.698141 1.82596 1.18648 0.0166615 0.00457483
6 17 542 0.0621019 0.776068 1.97764 1.21417 0.014075 0.00376431
6 18 485 0.0563433 0.875461 2.23854 1.42821 0.0113596 0.00288098
6 19 334 0.0494371 0.962778 2.67059 1.51786 0.00676648 0.00160635
6 20 267 0.0418275 1.03153 3.21231 1.97744 0.00462652 0.00101808
6 21 174 0.0372653 1.14699 3.60332 2.07217 0.00271248 0.000569503
6 22 82 0.0364445 1.20877 4.09369 1.33212 0.00114051 0.000237416
6 23 30 0.0230442 1.29656 4.57907 3.2842 0.000376159 6.77885e-05
7 0 991 0.0806832 0.526793 0.0241311 1.47918 0.0534501 0.0167646
7 1 956 0.0813208 0.524971 0.115697 1.40842 0.0513441 0.0161874
7 2 1012 0.0810228 0.500415 0.176643 1.48245 0.0545076 0.0171434
7 3 1014 0.0825343 0.521386 0.26276 1.3903 0.0533947 0.0169991
7 4 972 0.0808308 0.535339 0.350512 1.4038 0.0499227 0.015677
7 5 936 0.0844565 0.51979 0.427255 1.18174 0.0473522 0.0153081
7 6 937 0.0818308 0.561279 0.496753 1.26815 0.0457176 0.0144729
7 7 954 0.0789468 0.533937 0.56417 1.41265 0.0459396 0.0142065
7 8 973 0.0753932 0.532215 0.656304 1.58093 0.0453174 0.0136078
7 9 933 0.0774383 0.629673 0.798208 1.34737 0.0398935 0.0121846
7 10 876 0.0747896 0.653254 0.894263 1.37718 0.0357976 0.010695
7 11 823 0.0747341 0.658805 0.986107 1.27887 0.0323496 0.00966034
7 12 852 0.0725104 0.666896 1.09665 1.38717 0.0319291 0.00935712
7 13 799 0.0681995 0.711662 1.28114 1.48708 0.02746 0.00775367
7 14 686 0.068376 0.768949 1.35778 1.28027 0.0225697 0.00638267
7 15 655 0.0662221 0.79091 1.60488 1.26658 0.0194855 0.00540717
7 16 566 0.0605716 0.886468 1.89953 1.37648 0.0148599 0.00391924
7 17 494 0.0596721 0.952367 2.16868 1.20413 0.0117159 0.00306464
7 18 445 0.0571386 0.979884 2.34096 1.23259 0.00994768 0.00254174
7 19 326 0.0528217 1.1176 2.64424 1.17099 0.00653903 0.00160398
7 20 240 0.0454552 1.17771 3.03314 1.4766 0.00429915 0.000981273
7 21 138 0.038856 1.35725 3.44963 1.62639 0.00219157 0.000467791
7 22 74 0.0304876 1.27856 3.76903 2.37518 0.00109954 0.000214881
7 23 30 0.0229605 1.42555 4.27515 3.36478 0.000396274 7.13476e-05
8 0 996 0.0790394 0.583582 0.0472575 1.53982 0.0524095 0.0162196
8 1 972 0.0829627 0.570959 0.0967746 1.33011 0.0512889 0.0163847
8 2 1076 0.0835669 0.61003 0.192497 1.37695 0.0552692 0.0177417
8 3 986 0.0774263 0.63873 0.247208 1.56582 0.0496032 0.0151487
8 4 970 0.0798864 0.599194 0.362762 1.41949 0.0484443 0.0150965
8 5 1024 0.0826112 0.638818 0.400552 1.31812 0.0498551 0.0158819
8 6 927 0.080356 0.641413 0.509508 1.2942 0.0437267 0.0136785
8 7 967 0.0775566 0.663863 0.592989 1.44029 0.0440424 0.013465
8 8 975 0.0770197 0.670564 0.680406 1.44348 0.042988 0.0130844
8 9 876 0.0750448 0.696468 0.772231 1.39726 0.0370238 0.011085
8 10 886 0.0751852 0.751483 0.892213 1.33818 0.0351611 0.0105397
8 11 819 0.073609 0.771878 0.997504 1.29787 0.0310258 0.00917755
8 12 811 0.0701852 0.811292 1.13993 1.415 0.0287544 0.00826041
8 13 757 0.067855 0.825314 1.28491 1.42562 0.0252866 0.0071185
8 14 664 0.0675314 0.921277 1.51599 1.20501 0.0198819 0.00558116
8 15 666 0.0643894 0.889913 1.6154 1.37824 0.0193567 0.0052846
8 16 555 0.0620785 1.03567 1.89934 1.22459 0.0141994 0.00379679
8 17 463 0.0587548 1.13532 2.26924 1.14845 0.0103514 0.0026849
8 18 414 0.0520973 1.20154 2.46746 1.51421 0.00864232 0.00210522
8 19 300 0.051658 1.27971 2.70174 1.15558 0.00580294 0.0014076
8 20 218 0.0457411 1.50235 3.29755 1.24979 0.00353613 0.000809419
8 21 104 0.0355411 1.56397 3.84693 1.74032 0.00148463 0.000306138
8 22 61 0.0229557 1.65418 4.37939 4.03977 0.000777002 0.000139889
8 23 19 0.0260274 1.75059 4.91019 1.82929 0.000218264 4.06429e-05
9 0 1044 0.0815699 0.691869 0.0277301 1.41572 0.0523367 0.0165335
9 1 1026 0.0812348 0.689348 0.112783 1.41143 0.0512878 0.0161584
9 2 1001 0.0795264 0.698504 0.197564 1.45655 0.0493946 0.0153475
9 3 1033 0.0823039 0.727937 0.263075 1.3316 0.0498102 0.0158286
9 4 1000 0.0846553 0.747859 0.352018 1.16525 0.0469988 0.0152178
9 5 1053 0.0788417 0.740167 0.43923 1.4755 0.0486647 0.0150363
9 6 990 0.0802138 0.722997 0.502107 1.33671 0.0453119 0.014158
9 7 915 0.0777126 0.792739 0.606722 1.32315 0.0394855 0.0120874
9 8 937 0.0789918 0.800874 0.709443 1.247 0.0390132 0.012069
9 9 911 0.075035 0.826705 0.818931 1.37541 0.0362045 0.0108388
9 10 807 0.0726804 0.853049 0.937955 1.33105 0.0304734 0.00894346
9 11 816 0.0710224 0.824309 1.00735 1.41937 0.030313 0.00877117
9 12 784 0.0696999 0.938977 1.21764 1.34516 0.026063 0.00745588
9 13 756 0.0700513 0.976068 1.34046 1.23397 0.0238061 0.006831
9 14 615 0.0631851 1.00862 1.5375 1.38125 0.0179157 0.00483861
9 15 636 0.0612748 1.08499 1.74287 1.45985 0.0169822 0.00450784
9 16 509 0.0611248 1.17275 1.93276 1.16843 0.0125551 0.00332814
9 17 442 0.0607393 1.28416 2.27361 0.931572 0.00963873 0.00254608
9 18 347 0.0520132 1.34622 2.53985 1.30412 0.00695196 0.00169209
9 19 253 0.0453592 1.49423 2.94311 1.52687 0.00447303 0.00101998
9 20 173 0.0376495 1.70857 3.52622 1.97549 0.00260854 0.000549873
9 21 81 0.0339147 1.84297 3.91972 1.7263 0.00111107 0.000225213
9 22 32 0.0222668 1.75506 4.04934 3.6926 0.000431191 7.7042e-05
9 23 10 0.018147 1.84702 4.38469 4.23565 0.000125418 2.1407e-05
10 0 1043 0.0782365 0.792798 0.00530882 1.52952 0.0498355 0.0153217
10 1 1025 0.082577 0.814403 0.123923 1.28678 0.0482398 0.0153632
10 2 963 0.0842914 0.830422 0.199591 1.1305 0.0446509 0.0144159
10 3 956 0.0790769 0.811909 0.302931 1.36427 0.044053 0.0136376
10 4 980 0.0810299 0.835999 0.36116 1.27207 0.0441811 0.0138964
10 5 1001 0.0816106 0.814227 0.448006 1.25629 0.0447101 0.0141288
10 6 950 0.0791275 0.837373 0.53107 1.29319 0.0411333 0.012739
10 7 947 0.0794102 0.89214 0.65192 1.21948 0.0387472 0.0120278
10 8 837 0.0740039 0.913256 0.707309 1.35025 0.0334042 0.00991413
10 9 894 0.0742266 0.911763 0.824093 1.36772 0.0344048 0.0102303
10 10 840 0.0776044 1.00587 0.965292 1.04902 0.0298538 0.00913072
10 11 816 0.0719244 0.996692 1.03512 1.30363 0.0284211 0.00828754
10 12 727 0.070065 1.02772 1.22346 1.22097 0.0235174 0.00674895
10 13 725 0.0692338 1.1101 1.41013 1.1811 0.0215178 0.00613081
10 14 625 0.0642184 1.18654 1.60446 1.26402 0.0170737 0.00465419
10 15 492 0.060445 1.22637 1.79953 1.21419 0.0125192 0.00329808
10 16 453 0.0571085 1.33528 2.0201 1.29309 0.0105432 0.00269315
10 17 360 0.0542693 1.46656 2.31857 1.1857 0.00751746 0.00186961
10 18 290 0.0478128 1.66916 2.78141 1.41817 0.00520936 0.00121715
10 19 192 0.0434801 1.68371 2.97296 1.43448 0.0032886 0.000735888
10 20 110 0.0326928 1.78692 3.39621 2.36841 0.0016913 0.000338411
10 21 52 0.0267214 2.01838 4.04919 2.78549 0.000684298 0.000128391
10 22 17 0.0187812 1.9821 4.20216 4.47026 0.000218111 3.74923e-05
10 23 0 0 0 0 0 0 0
11 0 1049 0.0829614 0.929914 0.0427184 1.23896 0.0468177 0.0149562
11 1 1007 0.0817286 0.891266 0.142014 1.27003 0.0455831 0.0144185
11 2 1010 0.0804674 0.928435 0.196732 1.31016 0.0446706 0.0139864
11 3 999 0.0793718 0.925681 0.267617 1.34542 0.0438643 0.013612
11 4 991 0.0810017 0.954577 0.352765 1.23115 0.0423523 0.0133181
11 5 956 0.0753496 0.944741 0.451782 1.46485 0.040258 0.0120842
11 6 980 0.0815474 1.00274 0.53866 1.13385 0.0394393 0.0124569
11 7 937 0.0755506 1.01273 0.686397 1.34684 0.0361582 0.0108718
11 8 933 0.075564 1.04929 0.772987 1.303 0.0346318 0.010414
11 9 816 0.0726485 1.10217 0.908747 1.26707 0.0285342 0.00837206
11 10 809 0.0729377 1.13872 1.02492 1.19439 0.026963 0.00793052
11 11 765 0.0699725 1.17629 1.153 1.25531 0.0242076 0.00694146
11 12 700 0.0688311 1.22245 1.26741 1.18447 0.0210777 0.00598444
11 13 679 0.0654595 1.29751 1.4674 1.28078 0.0188255 0.00518884
11 14 529 0.0636922 1.34866 1.72402 1.05702 0.0134039 0.00363662
11 15 518 0.0592993 1.35041 1.79878 1.32259 0.0128315 0.00334496
11 16 387 0.056576 1.50708 2.04248 1.13711 0.00864952 0.00219845
11 17 312 0.0486665 1.74354 2.53198 1.45401 0.00588485 0.00138656
11 18 228 0.0432501 1.87685 2.92739 1.61741 0.00384225 0.000857784
11 19 131 0.0376314 2.00535 3.26723 1.7206 0.00201618 0.000424926
11 20 96 0.0309446 2.23415 3.96589 2.41336 0.00125603 0.00024667
11 21 41 0.0219265 2.22128 3.82975 4.06171 0.000550802 9.80439e-05
11 22 14 0.0253569 1.96475 3.80158 1.90126 0.000194253 3.59076e-05
11 23 0 0 0 0 0 0 0
12 0 1037 0.0799537 1.03751 0.0533438 1.31659 0.0438509 0.0136726
12 1 1004 0.0812436 1.07033 0.112177 1.20338 0.041672 0.0131298
12 2 1040 0.0792729 1.08889 0.193035 1.31947 0.0425328 0.0131881
12 3 1048 0.0787162 1.07747 0.308599 1.34731 0.0425432 0.0131314
12 4 992 0.0776016 1.0908 0.394454 1.32906 0.0394963 0.0120796
12 5 969 0.0766787 1.10181 0.462247 1.33563 0.0379216 0.0115097
12 6 901 0.0737024 1.17005 0.593704 1.36358 0.0333024 0.00985879
12 7 909 0.0741264 1.11374 0.665562 1.35646 0.0338359 0.0100526
12 8 873 0.0765206 1.13184 0.786012 1.15077 0.0312648 0.00947682
12 9 851 0.0750412 1.17832 0.87323 1.16117 0.0292323 0.00875197
12 10 765 0.0711671 1.3189 1.04298 1.17101 0.0238436 0.00690782
12 11 713 0.0685873 1.43591 1.2718 1.15153 0.0200981 0.00569418
12 12 636 0.0642748 1.37216 1.3675 1.3013 0.0177883 0.00485145
12 13 614 0.0619033 1.47043 1.53979 1.35091 0.0159162 0.00424909
12 14 508 0.0544466 1.64289 1.78565 1.62188 0.0118028 0.00294031
12 15 450 0.0518488 1.75814 2.07987 1.62677 0.00945784 0.00229838
12 16 351 0.0506123 1.78512 2.30065 1.43267 0.00695131 0.0016692
12 17 255 0.0469046 1.91251 2.51899 1.40681 0.00468749 0.00108544
12 18 167 0.0405024 2.06383 2.97425 1.61401 0.0027113 0.000588614
12 19 104 0.0377691 2.23021 3.26589 1.44017 0.00155458 0.00032811
12 20 42 0.0240669 2.452 3.64428 3.36302 0.000568502 0.000103611
12 21 18 0.020264 2.53364 4.29833 3.78396 0.000215685 3.76917e-05
12 22 0 0 0 0 0 0 0
12 23 0 0 0 0 0 0 0
13 0 983 0.0792233 1.20501 0.0430491 1.21613 0.0382633 0.0118595
13 1 1005 0.0788396 1.20046 0.121112 1.25689 0.0391045 0.0120822
13 2 992 0.0783066 1.17854 0.211081 1.27504 0.0387749 0.011928
13 3 944 0.0798156 1.18171 0.311801 1.13851 0.036451 0.0113525
13 4 998 0.0765699 1.21778 0.407132 1.32716 0.0373909 0.0113384
13 5 909 0.0762967 1.28991 0.529146 1.1951 0.0323044 0.0097737
13 6 845 0.0745665 1.30459 0.616629 1.19047 0.0293483 0.00875174
13 7 789 0.0737362 1.34153 0.704854 1.13316 0.0264975 0.00784651
13 8 801 0.072666 1.34039 0.855371 1.17316 0.0260019 0.0076302
13 9 789 0.069243 1.44357 0.970249 1.28886 0.0239792 0.00683266
13 10 713 0.0678737 1.50732 1.1167 1.21225 0.0204514 0.00575826
13 11 665 0.0653049 1.59452 1.28426 1.23448 0.0177958 0.00489828
13 12 572 0.0612211 1.57787 1.35083 1.34813 0.0151295 0.00401408
13 13 520 0.0566914 1.70511 1.66847 1.47661 0.0122577 0.00311891
13 14 428 0.0561272 1.85175 1.88248 1.23929 0.00924266 0.00233934
13 15 351 0.0530345 1.95906 2.20108 1.20288 0.00687806 0.00169058
13 16 285 0.0450302 2.21486 2.54977 1.66156 0.00493365 0.00112133
13 17 202 0.0436188 2.21117 2.79359 1.43016 0.00332852 0.000745863
13 18 128 0.032545 2.33291 2.99407 2.55801 0.00198842 0.000397235
13 19 65 0.0279164 2.47955 3.38246 2.77816 0.000919261 0.000174732
13 20 23 0.01916 2.40957 3.82182 4.6179 0.000303076 5.23176e-05
13 21 11 0.019219 2.82362 4.26142 3.73426 0.000128767 2.22426e-05
13 22 0 0 0 0 0 0 0
13 23 0 0 0 0 0 0 0
14 0 979 0.0775232 1.32917 0.037843 1.23701 0.0358795 0.0109663
14 1 913 0.0792729 1.39785 0.136851 1.04391 0.0322887 0.0100118
14 2 938 0.0752995 1.36767 0.214813 1.28344 0.03349 0.0100484
14 3 945 0.0748465 1.35039 0.321228 1.31322 0.0336819 0.0100677
14 4 889 0.0754391 1.39543 0.412555 1.18912 0.0307015 0.00922253
14 5 826 0.0734833 1.39401 0.532066 1.20356 0.0280402 0.00828558
14 6 870 0.0717174 1.52259 0.673977 1.27553 0.0273123 0.00795014
14 7 837 0.0721987 1.53497 0.757705 1.18927 0.0257438 0.00752444
14 8 737 0.0654863 1.52746 0.880462 1.44263 0.0221712 0.00611245
14 9 707 0.0665102 1.61493 0.964396 1.28623 0.0202367 0.00562995
14 10 580 0.0665171 1.67838 1.13375 1.02919 0.0156567 0.00435602
14 11 547 0.065 1.74036 1.30302 1.00986 0.0139377 0.00382594
14 12 538 0.0599364 1.76721 1.47462 1.29432 0.0130723 0.00342777
14 13 412 0.0566587 1.87974 1.74267 1.18467 0.00913055 0.00232251
14 14 375 0.0537765 2.11854 1.99138 1.21681 0.00743676 0.00184089
14 15 249 0.0491214 2.17444 2.20978 1.17591 0.00466091 0.00110308
14 16 208 0.0440493 2.4231 2.69672 1.39294 0.00337239 0.000758976
14 17 129 0.0373669 2.78081 3.1729 1.65458 0.00181411 0.000381288
14 18 73 0.0292902 2.59671 3.22918 2.58393 0.00104423 0.000201457
14 19 38 0.023223 2.85905 3.46155 3.516 0.000503753 9.09617e-05
14 20 12 0.0162887 3.16546 4.29195 5.36976 0.000134853 2.25449e-05
14 21 0 0 0 0 0 0 0
14 22 0 0 0 0 0 0 0
14 23 0 0 0 0 0 0 0
15 0 866 0.0748248 1.54735 0.0560546 1.15251 0.0286483 0.00856156
15 1 897 0.0753792 1.50782 0.141995 1.17374 0.0301375 0.00904856
15 2 901 0.0728677 1.53699 0.249183 1.29456 0.0296885 0.00872696
15 3 855 0.0724311 1.62117 0.332065 1.22256 0.0269635 0.00789658
15 4 869 0.073148 1.53319 0.423423 1.22775 0.0282027 0.00830998
15 5 842 0.0728149 1.57855 0.543401 1.17942 0.0263824 0.00775167
15 6 755 0.0731704 1.5716 0.642397 1.03828 0.0233637 0.00688547
15 7 759 0.0661801 1.7517 0.821676 1.35589 0.0212493 0.00589442
15 8 678 0.0693663 1.66543 0.915146 1.06198 0.0192522 0.00549162
15 9 590 0.0629965 1.8731 1.1319 1.21316 0.0149513 0.00403116
15 10 559 0.0616449 1.88337 1.1967 1.23636 0.0139395 0.00371265
15 11 487 0.057693 2.02367 1.48532 1.28912 0.0109896 0.0028225
15 12 439 0.0592236 2.09603 1.64716 1.0172 0.00940168 0.00244915
15 13 341 0.0493938 2.18366 1.81897 1.54182 0.00690142 0.00163769
15 14 256 0.0477895 2.33968 2.11425 1.32159 0.00471852 0.00110221
15 15 197 0.0448217 2.46731 2.35758 1.30619 0.00337791 0.000766135
15 16 150 0.0406924 2.91141 2.86926 1.36785 0.00217346 0.000472769
15 17 80 0.0377692 2.6014 2.97896 1.17774 0.00119578 0.00025238
15 18 43 0.0329355 3.03155 3.47929 1.20947 0.000555282 0.000111393
15 19 12 0.0225267 2.89567 3.59298 2.57654 0.000154967 2.7768e-05
15 20 0 0 0 0 0 0 0
15 21 0 0 0 0 0 0 0
15 22 0 0 0 0 0 0 0
15 23 0 0 0 0 0 0 0
16 0 796 0.0722161 1.717 0.0371967 1.13563 0.024423 0.00713947
16 1 770 0.0725528 1.70312 0.195076 1.08497 0.0236577 0.00693561
16 2 812 0.0741257 1.69537 0.212133 1.05424 0.0250097 0.00743034
16 3 788 0.0705334 1.73246 0.364328 1.19855 0.0236314 0.00680912
16 4 679 0.0676216 1.76423 0.46276 1.20059 0.0199044 0.00559189
16 5 710 0.0643004 1.78467 0.574649 1.43532 0.0203738 0.00555786
16 6 653 0.0651428 1.94699 0.726387 1.21471 0.0172655 0.00474545
16 7 645 0.0636824 1.94275 0.84656 1.28255 0.0167839 0.00455325
16 8 560 0.063502 1.96741 0.982966 1.12277 0.0141336 0.00382806
16 9 476 0.0609724 2.07724 1.09619 1.0801 0.0113698 0.00300976
16 10 474 0.0564687 2.14935 1.2937 1.35858 0.0107021 0.00271743
16 11 386 0.0551497 2.26466 1.49909 1.19089 0.00813255 0.00203951
16 12 319 0.0540582 2.28893 1.65172 1.05747 0.00649553 0.00161221
16 13 270 0.0459871 2.49676 1.98822 1.55372 0.00492228 0.00112947
16 14 184 0.0444906 2.46655 2.0748 1.32788 0.00332458 0.00075154
16 15 122 0.0371328 2.76307 2.55777 1.74125 0.00190953 0.000400366
16 16 77 0.0335362 2.99844 2.84668 1.78702 0.00110377 0.000222838
16 17 23 0.0289335 3.70887 3.75533 1.2787 0.000261065 5.01724e-05
16 18 17 0.0245265 3.42181 3.83549 2.16584 0.000197958 3.62609e-05
16 19 0 0 0 0 0 0 0
16 20 0 0 0 0 0 0 0
16 21 0 0 0 0 0 0 0
16 22 0 0 0 0 0 0 0
16 23 0 0 0 0 0 0 0
17 0 710 0.065475 1.99838 0.071555 1.30797 0.0193637 0.00533791
17 1 692 0.0633538 1.91126 0.15254 1.45526 0.0195127 0.00527793
17 2 654 0.0634031 1.97967 0.248727 1.36389 0.0178681 0.00483524
17 3 629 0.0673259 2.00979 0.370529 1.05265 0.0168572 0.00472356
17 4 601 0.0665977 1.97915 0.47618 1.05565 0.016158 0.0044987
17 5 622 0.0613215 2.06404 0.606156 1.39619 0.0159875 0.00424561
17 6 574 0.0606948 2.24531 0.803143 1.27427 0.0135354 0.00357393
17 7 538 0.0656686 2.1419 0.927635 0.890813 0.0129187 0.00356736
17 8 434 0.059384 2.29561 1.09944 1.03416 0.00967688 0.00252457
17 9 456 0.0570027 2.28507 1.22824 1.24856 0.0100006 0.00255204
17 10 391 0.0535499 2.51112 1.40946 1.28667 0.00782116 0.00193187
17 11 315 0.0463612 2.60112 1.61327 1.70553 0.00596499 0.00137383
17 12 243 0.0460291 2.67377 1.83749 1.42891 0.00436449 0.0010019
17 13 162 0.0405858 2.99492 2.20303 1.54779 0.00256569 0.00055748
17 14 127 0.0391878 2.89395 2.38043 1.48667 0.00199671 0.000427661
17 15 93 0.0324748 3.36861 2.80713 2.11573 0.00126086 0.0002517
17 16 34 0.0327157 3.02144 2.81409 1.12116 0.000487999 9.76669e-05
17 17 17 0.0229607 3.14896 3.17559 2.80405 0.0002262 4.07264e-05
17 18 0 0 0 0 0 0 0
17 19 0 0 0 0 0 0 0
17 20 0 0 0 0 0 0 0
17 21 0 0 0 0 0 0 0
17 22 0 0 0 0 0 0 0
17 23 0 0 0 0 0 0 0
18 0 606 0.0637179 2.31333 0.0938032 1.14432 0.0146518 0.00397611
18 1 580 0.062839 2.27121 0.155266 1.17397 0.0142233 0.00382943
18 2 588 0.0636181 2.17089 0.255304 1.16885 0.0149158 0.00404414
18 3 570 0.0614127 2.25998 0.403922 1.24836 0.0138795 0.00368887
18 4 522 0.0588503 2.31135 0.570978 1.31586 0.0123259 0.00319986
18 5 458 0.0600445 2.44386 0.707125 1.03992 0.0102162 0.00268151
18 6 446 0.0578881 2.52735 0.840565 1.13463 0.00955889 0.00245951
18 7 406 0.0532097 2.58721 1.00011 1.38704 0.00839606 0.00206715
18 8 342 0.0594246 2.52593 1.14268 0.71809 0.00707573 0.00184666
18 9 332 0.0501299 2.58696 1.22208 1.43832 0.00667936 0.0015964
18 10 272 0.047258 2.78384 1.52213 1.43148 0.0049856 0.00115851
18 11 230 0.0450904 2.87813 1.71423 1.4479 0.00401152 0.000912292
18 12 171 0.0397672 3.04321 2.0006 1.73083 0.00276082 0.000594859
18 13 98 0.0403901 3.0151 2.28116 1.05542 0.00152797 0.000331335
18 14 72 0.0336159 3.48686 2.61083 1.65617 0.000982313 0.000198486
18 15 43 0.0256855 3.16747 2.62018 2.96797 0.000619755 0.000114974
18 16 17 0.0227545 3.34949 2.82395 2.8946 0.000230673 4.14375e-05
18 17 0 0 0 0 0 0 0
18 18 0 0 0 0 0 0 0
18 19 0 0 0 0 0 0 0
18 20 0 0 0 0 0 0 0
18 21 0 0 0 0 0 0 0
18 22 0 0 0 0 0 0 0
18 23 0 0 0 0 0 0 0
19 0 473 0.0567878 2.56661 0.0784134 1.31099 0.0104663 0.0026655
19 1 462 0.0568628 2.49445 0.17344 1.30454 0.0104607 0.00266593
19 2 448 0.0570669 2.64787 0.314113 1.20184 0.00959239 0.00244932
19 3 423 0.0527815 2.60553 0.435547 1.50845 0.00913137 0.002239
19 4 426 0.0523307 2.64694 0.588596 1.53253 0.00898775 0.00219428
19 5 383 0.0534712 2.7315 0.731812 1.28894 0.007786 0.00192174
19 6 345 0.0506396 2.84244 0.897368 1.39196 0.00669103 0.00160712
19 7 294 0.0527612 2.94828 1.04272 0.995988 0.00546011 0.00133855
19 8 279 0.0484422 2.89027 1.20155 1.34831 0.00517727 0.00121716
19 9 204 0.0398581 3.33895 1.52946 1.88713 0.00326802 0.0007048
19 10 182 0.0469771 3.00756 1.57114 0.997589 0.00313712 0.000726954
19 11 119 0.034643 3.46595 1.94617 2.06599 0.00177028 0.000361607
19 12 90 0.0333099 3.55143 2.20191 1.97384 0.00127724 0.000257242
19 13 66 0.0327281 3.67334 2.42659 1.72134 0.000891413 0.000178429
19 14 29 0.0201604 3.57422 2.4873 4.43525 0.000395782 6.90846e-05
19 15 10 0.0137425 4.59885 3.43841 6.98923 0.000104615 1.69985e-05
19 16 0 0 0 0 0 0 0
19 17 0 0 0 0 0 0 0
19 18 0 0 0 0 0 0 0
19 19 0 0 0 0 0 0 0
19 20 0 0 0 0 0 0 0
19 21 0 0 0 0 0 0 0
19 22 0 0 0 0 0 0 0
19 23 0 0 0 0 0 0 0
20 0 336 0.0503792 2.90348 0.0627705 1.41333 0.00667028 0.0015981
20 1 326 0.0511867 2.8789 0.201925 1.31342 0.00650819 0.0015715
20 2 298 0.0508303 3.01127 0.308237 1.21383 0.00569989 0.00137159
20 3 305 0.0489887 2.95043 0.4523 1.42602 0.00590783 0.00139637
20 4 295 0.0462933 3.07256 0.668872 1.62276 0.00545134 0.00125469
20 5 250 0.0461139 3.12111 0.823188 1.45277 0.0045111 0.00103643
20 6 227 0.0459413 3.18295 0.956904 1.3482 0.00398791 0.000914653
20 7 191 0.0430344 3.48265 1.2516 1.40842 0.00303808 0.000676777
20 8 174 0.0398644 3.30093 1.34971 1.75451 0.00286459 0.000617833
20 9 130 0.0355355 3.39011 1.47561 2.07341 0.00206957 0.00042673
20 10 88 0.0349609 3.58039 1.78914 1.704 0.00130064 0.000266566
20 11 50 0.0343919 3.8858 2.04183 1.14805 0.000677198 0.000137962
20 12 32 0.025288 3.87833 2.4448 2.68221 0.000415827 7.68075e-05
20 13 23 0.0257452 3.57649 2.22667 2.30229 0.000323885 6.01249e-05
20 14 10 0.0243221 4.3602 2.89067 1.6809 0.000114485 2.09237e-05
20 15 0 0 0 0 0 0 0
20 16 0 0 0 0 0 0 0
20 17 0 0 0 0 0 0 0
20 18 0 0 0 0 0 0 0
20 19 0 0 0 0 0 0 0
20 20 0 0 0 0 0 0 0
20 21 0 0 0 0 0 0 0
20 22 0 0 0 0 0 0 0
20 23 0 0 0 0 0 0 0
21 0 231 0.0444667 3.19097 0.0718489 1.567 0.00421117 0.00095173
21 1 207 0.0413427 3.38462 0.223702 1.77952 0.00356921 0.00078155
21 2 215 0.0438365 3.20215 0.337298 1.56006 0.00388831 0.000873216
21 3 219 0.0431898 3.46536 0.496916 1.57813 0.00366775 0.000818329
21 4 178 0.0408651 3.4066 0.647674 1.67001 0.00300744 0.000655334
21 5 138 0.0389573 3.78445 0.971046 1.56294 0.00208645 0.000445819
21 6 151 0.0402126 3.46169 1.04981 1.55259 0.00245329 0.00053102
21 7 108 0.0350275 3.67759 1.34411 1.91829 0.00162956 0.000334213
21 8 85 0.0379959 3.55171 1.40398 1.23776 0.00131284 0.00027774
21 9 63 0.0331207 3.59096 1.53009 1.71588 0.000953355 0.000191625
21 10 37 0.0212842 3.39544 1.62733 4.35595 0.000579111 0.000102353
21 11 21 0.0268296 3.6222 1.83011 1.95351 0.000306361 5.75487e-05
21 12 12 0.0145486 3.97802 2.0928 6.74913 0.0001589 2.60531e-05
21 13 0 0 0 0 0 0 0
21 14 0 0 0 0 0 0 0
21 15 0 0 0 0 0 0 0
21 16 0 0 0 0 0 0 0
21 17 0 0 0 0 0 0 0
21 18 0 0 0 0 0 0 0
21 19 0 0 0 0 0 0 0
21 20 0 0 0 0 0 0 0
21 21 0 0 0 0 0 0 0
21 22 0 0 0 0 0 0 0
21 23 0 0 0 0 0 0 0
22 0 124 0.0364307 3.71333 0.0482965 1.87881 0.00196597 0.000409189
22 1 116 0.0351763 3.7164 0.27695 2.01122 0.00183312 0.000376551
22 2 107 0.0356863 3.93207 0.415587 1.79135 0.00159972 0.000330372
22 3 103 0.0373293 3.75909 0.606087 1.53173 0.00159534 0.000335176
22 4 80 0.0396787 3.86641 0.683042 0.913008 0.00120397 0.000259178
22 5 68 0.0326903 4.08936 0.890001 1.8063 0.000963615 0.000192804
22 6 73 0.028474 4.22151 1.28311 2.71237 0.00098389 0.00018815
22 7 55 0.033583 3.67905 1.18391 1.50564 0.000840069 0.000169685
22 8 35 0.0304223 4.123 1.33315 1.55987 0.0004799 9.372e-05
22 9 20 0.0191979 3.765 1.60543 4.55407 0.000289438 4.99844e-05
22 10 14 0.0293144 4.38541 1.90225 0.791087 0.000174798 3.37317e-05
22 11 11 0.0161177 4.06806 2.13051 5.53526 0.000142715 2.38136e-05
22 12 0 0 0 0 0 0 0
22 13 0 0 0 0 0 0 0
22 14 0 0 0 0 0 0 0
22 15 0 0 0 0 0 0 0
22 16 0 0 0 0 0 0 0
22 17 0 0 0 0 0 0 0
22 18 0 0 0 0 0 0 0
22 19 0 0 0 0 0 0 0
22 20 0 0 0 0 0 0 0
22 21 0 0 0 0 0 0 0
22 22 0 0 0 0 0 0 0
22 23 0 0 0 0 0 0 0
23 0 58 0.0318033 4.15804 0.0777363 1.82309 0.000826826 0.000163878
23 1 54 0.0253733 4.05651 0.295326 3.29451 0.000786148 0.000145345
23 2 53 0.029565 3.89577 0.411565 2.25533 0.000799319 0.000154666
23 3 39 0.0302524 4.64036 0.635494 1.62997 0.00049654 9.67929e-05
23 4 44 0.0315444 4.09129 0.737543 1.59827 0.000627465 0.000124021
23 5 25 0.0210155 3.7981 0.865948 4.03806 0.000379026 6.67904e-05
23 6 17 0.0245328 5.03118 1.22416 2.15683 0.00019656 3.60073e-05
23 7 11 0.018261 5.36867 1.52984 4.1182 0.000118269 2.02124e-05
23 8 10 0.0191501 3.66597 1.4443 3.91922 0.000149996 2.58898e-05
23 9 0 0 0 0 0 0 0
23 10 0 0 0 0 0 0 0
23 11 0 0 0 0 0 0 0
23 12 0 0 0 0 0 0 0
23 13 0 0 0 0 0 0 0
23 14 0 0 0 0 0 0 0
23 15 0 0 0 0 0 0 0
23 16 0 0 0 0 0 0 0
23 17 0 0 0 0 0 0 0
23 18 0 0 0 0 0 0 0
23 19 0 0 0 0 0 0 0
23 20 0 0 0 0 0 0 0
23 21 0 0 0 0 0 0 0
23 22 0 0 0 0 0 0 0
23 23 0 0 0 0 0 0 0
