#  ix    iy     Npi     E/N       Tpi    Uxpi    Uypi     mupi     rho    epsilon
0 0 10 136.022 0.0230505 -0.109156 0.138731 0.0920217 42.3912
0 1 0 0 0 0 0 0 0
0 2 13 139.763 0.0896181 0.210982 0.290037 0.117327 55.2545
0 3 14 139.856 -0.022689 0.345282 0.330962 0.122503 57.7233
0 4 20 138.148 0.141517 0.535309 0.65192 0.162008 75.5772
0 5 11 159.197 -0.0722646 0.428264 -0.371617 0.0934212 49.029
0 6 17 112.179 0.275147 0.755479 1.0921 0.122673 48.58
0 7 12 93.4919 0.0767707 0.805618 1.39998 0.0863713 29.939
0 8 10 116.645 -0.0259041 0.744964 0.45266 0.0742372 30.2885
0 9 0 0 0 0 0 0 0
0 10 0 0 0 0 0 0 0
0 11 0 0 0 0 0 0 0
0 12 10 65.8629 -0.0613864 1.29346 2.35562 0.0565937 15.6547
0 13 11 59.4426 0.409359 2.52795 2.37229 0.0370478 9.67051
0 14 0 0 0 0 0 0 0
0 15 0 0 0 0 0 0 0
0 16 0 0 0 0 0 0 0
0 17 0 0 0 0 0 0 0
0 18 0 0 0 0 0 0 0
0 19 0 0 0 0 0 0 0
0 20 0 0 0 0 0 0 0
0 21 0 0 0 0 0 0 0
0 22 0 0 0 0 0 0 0
0 23 0 0 0 0 0 0 0
1 0 12 100.034 0.524953 0.124879 1.27575 0.0977835 35.5703
1 1 17 117.434 0.137399 -0.0721282 1.16878 0.155546 63.7923
1 2 14 111.603 -0.14457 0.169202 1.14128 0.126534 49.9137
1 3 19 151.198 0.0597753 0.423934 0.347822 0.161727 81.2764
1 4 13 146.444 0.17967 0.522125 0.0258864 0.105374 51.5675
1 5 12 166.797 0.0836048 0.564688 -0.492446 0.0964958 52.694
1 6 12 126.112 0.202697 0.476678 0.466497 0.0986609 42.7796
1 7 0 0 0 0 0 0 0
1 8 11 115.441 0.010463 0.77998 0.5676 0.0803085 32.5056
1 9 13 63.3299 -0.0238802 0.9796 2.93986 0.0859747 23.2501
1 10 10 151.916 0.0173546 1.04271 -0.593615 0.0640852 32.3339
1 11 0 0 0 0 0 0 0
1 12 0 0 0 0 0 0 0
1 13 0 0 0 0 0 0 0
1 14 0 0 0 0 0 0 0
1 15 0 0 0 0 0 0 0
1 16 0 0 0 0 0 0 0
1 17 0 0 0 0 0 0 0
1 18 0 0 0 0 0 0 0
1 19 0 0 0 0 0 0 0
1 20 0 0 0 0 0 0 0
1 21 0 0 0 0 0 0 0
1 22 0 0 0 0 0 0 0
1 23 0 0 0 0 0 0 0
2 0 15 141.914 0.0975146 0.178866 0.387002 0.136094 64.8988
2 1 0 0 0 0 0 0 0
2 2 16 105.608 0.240535 0.239677 1.44091 0.140281 53.0962
2 3 13 99.7651 0.181171 0.321372 1.42957 0.11293 41.0002
2 4 0 0 0 0 0 0 0
2 5 11 164.016 0.0719041 0.569989 -0.525909 0.0883148 47.5384
2 6 11 104.439 0.239068 0.564989 1.00102 0.0868164 32.5907
2 7 15 116.721 0.0487184 0.838869 0.809682 0.106333 43.4053
2 8 15 96.9109 0.168599 0.910749 1.43281 0.101896 36.2305
2 9 0 0 0 0 0 0 0
2 10 14 85.9946 0.336066 0.989341 1.75093 0.0896295 29.3293
2 11 0 0 0 0 0 0 0
2 12 0 0 0 0 0 0 0
2 13 0 0 0 0 0 0 0
2 14 10 49.3669 0.587147 3.47856 2.84162 0.0252519 5.99063
2 15 0 0 0 0 0 0 0
2 16 0 0 0 0 0 0 0
2 17 0 0 0 0 0 0 0
2 18 0 0 0 0 0 0 0
2 19 0 0 0 0 0 0 0
2 20 0 0 0 0 0 0 0
2 21 0 0 0 0 0 0 0
2 22 0 0 0 0 0 0 0
2 23 0 0 0 0 0 0 0
3 0 0 0 0 0 0 0 0
3 1 12 129.417 0.285733 0.19768 0.439667 0.104956 46.4535
3 2 14 121.394 0.326896 0.132061 0.812538 0.122254 51.4455
3 3 15 121.913 0.236815 0.37284 0.836219 0.127048 53.6412
3 4 0 0 0 0 0 0 0
3 5 18 96.7972 0.391598 0.657969 1.69847 0.13233 47.0125
3 6 11 110.861 0.690146 0.968729 0.507088 0.0655442 25.7251
3 7 13 118.001 0.353145 0.676486 0.666141 0.0956906 39.3908
3 8 0 0 0 0 0 0 0
3 9 15 84.823 0.210569 0.92846 1.91864 0.100592 32.614
3 10 0 0 0 0 0 0 0
3 11 16 92.3629 0.891096 2.13643 1.05978 0.058752 20.1927
3 12 0 0 0 0 0 0 0
3 13 10 59.2032 0.469961 1.93721 2.50395 0.0415183 10.8135
3 14 0 0 0 0 0 0 0
3 15 0 0 0 0 0 0 0
3 16 0 0 0 0 0 0 0
3 17 0 0 0 0 0 0 0
3 18 0 0 0 0 0 0 0
3 19 0 0 0 0 0 0 0
3 20 0 0 0 0 0 0 0
3 21 0 0 0 0 0 0 0
3 22 0 0 0 0 0 0 0
3 23 0 0 0 0 0 0 0
4 0 12 134.469 0.535798 0.0380198 0.239424 0.0978838 44.675
4 1 12 145.313 0.345173 0.183081 0.0338037 0.103492 50.3229
4 2 21 138.834 0.504417 0.289275 0.672074 0.168093 78.7324
4 3 14 116.167 0.702809 0.362846 0.781524 0.101671 41.3505
4 4 13 116.5 0.217113 0.23777 0.890999 0.114578 46.7025
4 5 13 100.927 0.221915 0.422595 1.34869 0.10863 39.7712
4 6 16 98.3836 0.476271 0.782121 1.44736 0.109259 39.2707
4 7 0 0 0 0 0 0 0
4 8 17 82.6819 0.489582 1.21051 1.96698 0.095706 30.5056
4 9 12 100.998 0.621792 1.36958 0.777489 0.0615163 22.5337
4 10 13 105.127 0.494495 1.19911 0.81084 0.0734953 27.7241
4 11 15 75.0707 0.34575 1.4301 2.14196 0.0780726 23.3802
4 12 0 0 0 0 0 0 0
4 13 15 89.6456 0.990444 2.31741 1.03431 0.0512252 17.2447
4 14 0 0 0 0 0 0 0
4 15 0 0 0 0 0 0 0
4 16 0 0 0 0 0 0 0
4 17 0 0 0 0 0 0 0
4 18 0 0 0 0 0 0 0
4 19 0 0 0 0 0 0 0
4 20 0 0 0 0 0 0 0
4 21 0 0 0 0 0 0 0
4 22 0 0 0 0 0 0 0
4 23 0 0 0 0 0 0 0
5 0 11 105.722 0.656517 -0.0368735 0.937243 0.0851022 32.2368
5 1 18 121.628 0.472917 0.149418 1.0058 0.149312 62.9262
5 2 12 125.61 0.646341 0.284826 0.396713 0.0907557 39.2279
5 3 18 126.232 0.606733 0.219501 0.813527 0.140046 60.7696
5 4 17 107.627 0.482881 0.417089 1.3176 0.132696 50.9371
5 5 14 96.762 0.896613 0.592181 1.29538 0.0883124 31.3662
5 6 11 162.39 0.394256 0.708855 -0.603371 0.0791021 42.2197
5 7 0 0 0 0 0 0 0
5 8 0 0 0 0 0 0 0
5 9 17 87.6503 0.600776 1.01519 1.80577 0.101786 33.741
5 10 18 87.997 0.891485 1.0476 1.75297 0.0980016 32.5743
5 11 0 0 0 0 0 0 0
5 12 0 0 0 0 0 0 0
5 13 0 0 0 0 0 0 0
5 14 0 0 0 0 0 0 0
5 15 0 0 0 0 0 0 0
5 16 0 0 0 0 0 0 0
5 17 0 0 0 0 0 0 0
5 18 0 0 0 0 0 0 0
5 19 0 0 0 0 0 0 0
5 20 0 0 0 0 0 0 0
5 21 0 0 0 0 0 0 0
5 22 0 0 0 0 0 0 0
5 23 0 0 0 0 0 0 0
6 0 25 121.362 0.735156 -0.0351366 1.23543 0.186431 78.4353
6 1 20 123.885 0.589308 0.180179 0.996597 0.157654 67.4059
6 2 19 114.04 0.652052 0.254713 1.19527 0.144122 57.7923
6 3 13 97.2832 1.12568 0.731331 1.07021 0.0719094 25.6385
6 4 13 118.233 0.540457 0.524501 0.664108 0.0961519 39.6408
6 5 0 0 0 0 0 0 0
6 6 15 98.3001 0.912896 0.812015 1.23373 0.0879687 31.599
6 7 14 87.1294 0.852885 1.08948 1.53532 0.0759332 25.0693
6 8 12 104.131 0.702567 1.46639 0.611827 0.058207 21.8034
6 9 12 107.546 0.940833 1.46128 0.447057 0.0554137 21.2594
6 10 13 101.095 0.97854 1.28111 0.804985 0.0634515 23.2587
6 11 0 0 0 0 0 0 0
6 12 0 0 0 0 0 0 0
6 13 0 0 0 0 0 0 0
6 14 0 0 0 0 0 0 0
6 15 0 0 0 0 0 0 0
6 16 0 0 0 0 0 0 0
6 17 0 0 0 0 0 0 0
6 18 0 0 0 0 0 0 0
6 19 0 0 0 0 0 0 0
6 20 0 0 0 0 0 0 0
6 21 0 0 0 0 0 0 0
6 22 0 0 0 0 0 0 0
6 23 0 0 0 0 0 0 0
7 0 16 131.407 0.911489 -0.219396 0.416853 0.108078 48.4225
7 1 0 0 0 0 0 0 0
7 2 16 144.829 0.64757 0.0783796 0.226436 0.124084 60.1695
7 3 13 105.263 0.845982 0.412559 0.982385 0.0876519 33.0957
7 4 17 78.6929 1.16058 0.380311 2.20033 0.0997211 30.774
7 5 0 0 0 0 0 0 0
7 6 13 109.032 0.923359 0.543419 0.791708 0.0821321 31.8348
7 7 14 105.712 0.749713 0.798732 0.964189 0.0873954 33.103
7 8 13 98.862 1.07586 1.17988 0.893091 0.0638898 23.0439
7 9 13 113.639 1.14657 1.27438 0.342166 0.0606521 24.256
7 10 0 0 0 0 0 0 0
7 11 0 0 0 0 0 0 0
7 12 0 0 0 0 0 0 0
7 13 0 0 0 0 0 0 0
7 14 0 0 0 0 0 0 0
7 15 0 0 0 0 0 0 0
7 16 0 0 0 0 0 0 0
7 17 0 0 0 0 0 0 0
7 18 0 0 0 0 0 0 0
7 19 0 0 0 0 0 0 0
7 20 0 0 0 0 0 0 0
7 21 0 0 0 0 0 0 0
7 22 0 0 0 0 0 0 0
7 23 0 0 0 0 0 0 0
8 0 12 123.969 1.5357 0.129563 0.0361483 0.0604797 25.8722
8 1 17 143.394 0.998021 0.150846 0.146431 0.110784 53.2817
8 2 13 103.987 1.01155 0.224023 0.978782 0.0835941 31.2811
8 3 10 156.508 0.992951 0.132263 -0.671731 0.0654165 33.8412
8 4 10 97.3829 1.25813 0.639998 0.7712 0.0535254 19.0979
8 5 0 0 0 0 0 0 0
8 6 13 81.736 1.01845 0.731481 1.76832 0.0750514 23.741
8 7 0 0 0 0 0 0 0
8 8 0 0 0 0 0 0 0
8 9 0 0 0 0 0 0 0
8 10 0 0 0 0 0 0 0
8 11 0 0 0 0 0 0 0
8 12 0 0 0 0 0 0 0
8 13 0 0 0 0 0 0 0
8 14 0 0 0 0 0 0 0
8 15 0 0 0 0 0 0 0
8 16 0 0 0 0 0 0 0
8 17 0 0 0 0 0 0 0
8 18 0 0 0 0 0 0 0
8 19 0 0 0 0 0 0 0
8 20 0 0 0 0 0 0 0
8 21 0 0 0 0 0 0 0
8 22 0 0 0 0 0 0 0
8 23 0 0 0 0 0 0 0
9 0 10 96.7254 0.982025 -0.28722 0.985945 0.0647189 22.9802
9 1 19 118.516 1.01818 0.236363 0.890698 0.121616 50.232
9 2 0 0 0 0 0 0 0
9 3 14 91.1327 1.35569 0.315248 1.36239 0.0756366 25.7541
9 4 16 76.5964 1.23906 0.711054 2.1465 0.0849568 25.7678
9 5 0 0 0 0 0 0 0
9 6 11 72.3422 1.06476 0.638869 2.09011 0.063884 18.695
9 7 0 0 0 0 0 0 0
9 8 11 79.0762 1.75552 0.911584 1.40651 0.0459519 14.2254
9 9 0 0 0 0 0 0 0
9 10 0 0 0 0 0 0 0
9 11 0 0 0 0 0 0 0
9 12 0 0 0 0 0 0 0
9 13 0 0 0 0 0 0 0
9 14 0 0 0 0 0 0 0
9 15 0 0 0 0 0 0 0
9 16 0 0 0 0 0 0 0
9 17 0 0 0 0 0 0 0
9 18 0 0 0 0 0 0 0
9 19 0 0 0 0 0 0 0
9 20 0 0 0 0 0 0 0
9 21 0 0 0 0 0 0 0
9 22 0 0 0 0 0 0 0
9 23 0 0 0 0 0 0 0
10 0 15 130.267 1.11611 -0.0220268 0.292785 0.0926714 41.2313
10 1 12 81.7664 1.23109 0.193909 1.69057 0.0695371 22.0021
10 2 12 83.4895 1.22184 0.412956 1.58902 0.0680827 21.8414
10 3 22 124.279 1.35177 0.380109 0.697316 0.118166 50.6487
10 4 12 87.7733 1.31727 0.666107 1.30986 0.0623187 20.6779
10 5 14 103.101 1.74969 0.744362 0.683614 0.0603385 22.4373
10 6 11 93.1605 2.0163 1.13581 0.653352 0.0404011 13.9694
10 7 11 60.2938 1.33366 1.11184 2.62637 0.0508317 13.3726
10 8 0 0 0 0 0 0 0
10 9 0 0 0 0 0 0 0
10 10 0 0 0 0 0 0 0
10 11 0 0 0 0 0 0 0
10 12 0 0 0 0 0 0 0
10 13 0 0 0 0 0 0 0
10 14 0 0 0 0 0 0 0
10 15 0 0 0 0 0 0 0
10 16 0 0 0 0 0 0 0
10 17 0 0 0 0 0 0 0
10 18 0 0 0 0 0 0 0
10 19 0 0 0 0 0 0 0
10 20 0 0 0 0 0 0 0
10 21 0 0 0 0 0 0 0
10 22 0 0 0 0 0 0 0
10 23 0 0 0 0 0 0 0
11 0 15 98.5381 1.60177 -0.0472202 1.0456 0.0735295 26.4582
11 1 15 91.4937 1.91584 0.00435744 1.18473 0.064267 21.943
11 2 0 0 0 0 0 0 0
11 3 0 0 0 0 0 0 0
11 4 11 85.8619 1.48623 0.934113 1.18142 0.0504153 16.4802
11 5 13 85.932 1.60187 0.617487 1.36208 0.0605857 19.8156
11 6 0 0 0 0 0 0 0
11 7 0 0 0 0 0 0 0
11 8 0 0 0 0 0 0 0
11 9 0 0 0 0 0 0 0
11 10 0 0 0 0 0 0 0
11 11 0 0 0 0 0 0 0
11 12 0 0 0 0 0 0 0
11 13 0 0 0 0 0 0 0
11 14 0 0 0 0 0 0 0
11 15 0 0 0 0 0 0 0
11 16 0 0 0 0 0 0 0
11 17 0 0 0 0 0 0 0
11 18 0 0 0 0 0 0 0
11 19 0 0 0 0 0 0 0
11 20 0 0 0 0 0 0 0
11 21 0 0 0 0 0 0 0
11 22 0 0 0 0 0 0 0
11 23 0 0 0 0 0 0 0
12 0 10 84.9955 2.17393 0.257894 0.949727 0.0384719 12.4904
12 1 0 0 0 0 0 0 0
12 2 0 0 0 0 0 0 0
12 3 10 83.222 2.34196 0.377896 0.963217 0.0359665 11.5137
12 4 12 72.3314 2.34083 0.703967 1.673 0.0420711 12.3105
12 5 0 0 0 0 0 0 0
12 6 0 0 0 0 0 0 0
12 7 0 0 0 0 0 0 0
12 8 0 0 0 0 0 0 0
12 9 0 0 0 0 0 0 0
12 10 0 0 0 0 0 0 0
12 11 0 0 0 0 0 0 0
12 12 0 0 0 0 0 0 0
12 13 0 0 0 0 0 0 0
12 14 0 0 0 0 0 0 0
12 15 0 0 0 0 0 0 0
12 16 0 0 0 0 0 0 0
12 17 0 0 0 0 0 0 0
12 18 0 0 0 0 0 0 0
12 19 0 0 0 0 0 0 0
12 20 0 0 0 0 0 0 0
12 21 0 0 0 0 0 0 0
12 22 0 0 0 0 0 0 0
12 23 0 0 0 0 0 0 0
13 0 0 0 0 0 0 0 0
13 1 0 0 0 0 0 0 0
13 2 0 0 0 0 0 0 0
13 3 0 0 0 0 0 0 0
13 4 0 0 0 0 0 0 0
13 5 0 0 0 0 0 0 0
13 6 0 0 0 0 0 0 0
13 7 0 0 0 0 0 0 0
13 8 0 0 0 0 0 0 0
13 9 0 0 0 0 0 0 0
13 10 0 0 0 0 0 0 0
13 11 0 0 0 0 0 0 0
13 12 0 0 0 0 0 0 0
13 13 0 0 0 0 0 0 0
13 14 0 0 0 0 0 0 0
13 15 0 0 0 0 0 0 0
13 16 0 0 0 0 0 0 0
13 17 0 0 0 0 0 0 0
13 18 0 0 0 0 0 0 0
13 19 0 0 0 0 0 0 0
13 20 0 0 0 0 0 0 0
13 21 0 0 0 0 0 0 0
13 22 0 0 0 0 0 0 0
13 23 0 0 0 0 0 0 0
14 0 0 0 0 0 0 0 0
14 1 0 0 0 0 0 0 0
14 2 0 0 0 0 0 0 0
14 3 0 0 0 0 0 0 0
14 4 0 0 0 0 0 0 0
14 5 0 0 0 0 0 0 0
14 6 0 0 0 0 0 0 0
14 7 0 0 0 0 0 0 0
14 8 0 0 0 0 0 0 0
14 9 0 0 0 0 0 0 0
14 10 0 0 0 0 0 0 0
14 11 0 0 0 0 0 0 0
14 12 0 0 0 0 0 0 0
14 13 0 0 0 0 0 0 0
14 14 0 0 0 0 0 0 0
14 15 0 0 0 0 0 0 0
14 16 0 0 0 0 0 0 0
14 17 0 0 0 0 0 0 0
14 18 0 0 0 0 0 0 0
14 19 0 0 0 0 0 0 0
14 20 0 0 0 0 0 0 0
14 21 0 0 0 0 0 0 0
14 22 0 0 0 0 0 0 0
14 23 0 0 0 0 0 0 0
15 0 0 0 0 0 0 0 0
15 1 0 0 0 0 0 0 0
15 2 0 0 0 0 0 0 0
15 3 0 0 0 0 0 0 0
15 4 0 0 0 0 0 0 0
15 5 0 0 0 0 0 0 0
15 6 0 0 0 0 0 0 0
15 7 0 0 0 0 0 0 0
15 8 0 0 0 0 0 0 0
15 9 0 0 0 0 0 0 0
15 10 0 0 0 0 0 0 0
15 11 0 0 0 0 0 0 0
15 12 0 0 0 0 0 0 0
15 13 0 0 0 0 0 0 0
15 14 0 0 0 0 0 0 0
15 15 0 0 0 0 0 0 0
15 16 0 0 0 0 0 0 0
15 17 0 0 0 0 0 0 0
15 18 0 0 0 0 0 0 0
15 19 0 0 0 0 0 0 0
15 20 0 0 0 0 0 0 0
15 21 0 0 0 0 0 0 0
15 22 0 0 0 0 0 0 0
15 23 0 0 0 0 0 0 0
16 0 0 0 0 0 0 0 0
16 1 0 0 0 0 0 0 0
16 2 0 0 0 0 0 0 0
16 3 0 0 0 0 0 0 0
16 4 0 0 0 0 0 0 0
16 5 0 0 0 0 0 0 0
16 6 0 0 0 0 0 0 0
16 7 0 0 0 0 0 0 0
16 8 0 0 0 0 0 0 0
16 9 0 0 0 0 0 0 0
16 10 0 0 0 0 0 0 0
16 11 0 0 0 0 0 0 0
16 12 0 0 0 0 0 0 0
16 13 0 0 0 0 0 0 0
16 14 0 0 0 0 0 0 0
16 15 0 0 0 0 0 0 0
16 16 0 0 0 0 0 0 0
16 17 0 0 0 0 0 0 0
16 18 0 0 0 0 0 0 0
16 19 0 0 0 0 0 0 0
16 20 0 0 0 0 0 0 0
16 21 0 0 0 0 0 0 0
16 22 0 0 0 0 0 0 0
16 23 0 0 0 0 0 0 0
17 0 0 0 0 0 0 0 0
17 1 0 0 0 0 0 0 0
17 2 0 0 0 0 0 0 0
17 3 0 0 0 0 0 0 0
17 4 0 0 0 0 0 0 0
17 5 0 0 0 0 0 0 0
17 6 0 0 0 0 0 0 0
17 7 0 0 0 0 0 0 0
17 8 0 0 0 0 0 0 0
17 9 0 0 0 0 0 0 0
17 10 0 0 0 0 0 0 0
17 11 0 0 0 0 0 0 0
17 12 0 0 0 0 0 0 0
17 13 0 0 0 0 0 0 0
17 14 0 0 0 0 0 0 0
17 15 0 0 0 0 0 0 0
17 16 0 0 0 0 0 0 0
17 17 0 0 0 0 0 0 0
17 18 0 0 0 0 0 0 0
17 19 0 0 0 0 0 0 0
17 20 0 0 0 0 0 0 0
17 21 0 0 0 0 0 0 0
17 22 0 0 0 0 0 0 0
17 23 0 0 0 0 0 0 0
18 0 0 0 0 0 0 0 0
18 1 0 0 0 0 0 0 0
18 2 0 0 0 0 0 0 0
18 3 0 0 0 0 0 0 0
18 4 0 0 0 0 0 0 0
18 5 0 0 0 0 0 0 0
18 6 0 0 0 0 0 0 0
18 7 0 0 0 0 0 0 0
18 8 0 0 0 0 0 0 0
18 9 0 0 0 0 0 0 0
18 10 0 0 0 0 0 0 0
18 11 0 0 0 0 0 0 0
18 12 0 0 0 0 0 0 0
18 13 0 0 0 0 0 0 0
18 14 0 0 0 0 0 0 0
18 15 0 0 0 0 0 0 0
18 16 0 0 0 0 0 0 0
18 17 0 0 0 0 0 0 0
18 18 0 0 0 0 0 0 0
18 19 0 0 0 0 0 0 0
18 20 0 0 0 0 0 0 0
18 21 0 0 0 0 0 0 0
18 22 0 0 0 0 0 0 0
18 23 0 0 0 0 0 0 0
19 0 0 0 0 0 0 0 0
19 1 0 0 0 0 0 0 0
19 2 0 0 0 0 0 0 0
19 3 0 0 0 0 0 0 0
19 4 0 0 0 0 0 0 0
19 5 0 0 0 0 0 0 0
19 6 0 0 0 0 0 0 0
19 7 0 0 0 0 0 0 0
19 8 0 0 0 0 0 0 0
19 9 0 0 0 0 0 0 0
19 10 0 0 0 0 0 0 0
19 11 0 0 0 0 0 0 0
19 12 0 0 0 0 0 0 0
19 13 0 0 0 0 0 0 0
19 14 0 0 0 0 0 0 0
19 15 0 0 0 0 0 0 0
19 16 0 0 0 0 0 0 0
19 17 0 0 0 0 0 0 0
19 18 0 0 0 0 0 0 0
19 19 0 0 0 0 0 0 0
19 20 0 0 0 0 0 0 0
19 21 0 0 0 0 0 0 0
19 22 0 0 0 0 0 0 0
19 23 0 0 0 0 0 0 0
20 0 0 0 0 0 0 0 0
20 1 0 0 0 0 0 0 0
20 2 0 0 0 0 0 0 0
20 3 0 0 0 0 0 0 0
20 4 0 0 0 0 0 0 0
20 5 0 0 0 0 0 0 0
20 6 0 0 0 0 0 0 0
20 7 0 0 0 0 0 0 0
20 8 0 0 0 0 0 0 0
20 9 0 0 0 0 0 0 0
20 10 0 0 0 0 0 0 0
20 11 0 0 0 0 0 0 0
20 12 0 0 0 0 0 0 0
20 13 0 0 0 0 0 0 0
20 14 0 0 0 0 0 0 0
20 15 0 0 0 0 0 0 0
20 16 0 0 0 0 0 0 0
20 17 0 0 0 0 0 0 0
20 18 0 0 0 0 0 0 0
20 19 0 0 0 0 0 0 0
20 20 0 0 0 0 0 0 0
20 21 0 0 0 0 0 0 0
20 22 0 0 0 0 0 0 0
20 23 0 0 0 0 0 0 0
21 0 0 0 0 0 0 0 0
21 1 0 0 0 0 0 0 0
21 2 0 0 0 0 0 0 0
21 3 0 0 0 0 0 0 0
21 4 0 0 0 0 0 0 0
21 5 0 0 0 0 0 0 0
21 6 0 0 0 0 0 0 0
21 7 0 0 0 0 0 0 0
21 8 0 0 0 0 0 0 0
21 9 0 0 0 0 0 0 0
21 10 0 0 0 0 0 0 0
21 11 0 0 0 0 0 0 0
21 12 0 0 0 0 0 0 0
21 13 0 0 0 0 0 0 0
21 14 0 0 0 0 0 0 0
21 15 0 0 0 0 0 0 0
21 16 0 0 0 0 0 0 0
21 17 0 0 0 0 0 0 0
21 18 0 0 0 0 0 0 0
21 19 0 0 0 0 0 0 0
21 20 0 0 0 0 0 0 0
21 21 0 0 0 0 0 0 0
21 22 0 0 0 0 0 0 0
21 23 0 0 0 0 0 0 0
22 0 0 0 0 0 0 0 0
22 1 0 0 0 0 0 0 0
22 2 0 0 0 0 0 0 0
22 3 0 0 0 0 0 0 0
22 4 0 0 0 0 0 0 0
22 5 0 0 0 0 0 0 0
22 6 0 0 0 0 0 0 0
22 7 0 0 0 0 0 0 0
22 8 0 0 0 0 0 0 0
22 9 0 0 0 0 0 0 0
22 10 0 0 0 0 0 0 0
22 11 0 0 0 0 0 0 0
22 12 0 0 0 0 0 0 0
22 13 0 0 0 0 0 0 0
22 14 0 0 0 0 0 0 0
22 15 0 0 0 0 0 0 0
22 16 0 0 0 0 0 0 0
22 17 0 0 0 0 0 0 0
22 18 0 0 0 0 0 0 0
22 19 0 0 0 0 0 0 0
22 20 0 0 0 0 0 0 0
22 21 0 0 0 0 0 0 0
22 22 0 0 0 0 0 0 0
22 23 0 0 0 0 0 0 0
23 0 0 0 0 0 0 0 0
23 1 0 0 0 0 0 0 0
23 2 0 0 0 0 0 0 0
23 3 0 0 0 0 0 0 0
23 4 0 0 0 0 0 0 0
23 5 0 0 0 0 0 0 0
23 6 0 0 0 0 0 0 0
23 7 0 0 0 0 0 0 0
23 8 0 0 0 0 0 0 0
23 9 0 0 0 0 0 0 0
23 10 0 0 0 0 0 0 0
23 11 0 0 0 0 0 0 0
23 12 0 0 0 0 0 0 0
23 13 0 0 0 0 0 0 0
23 14 0 0 0 0 0 0 0
23 15 0 0 0 0 0 0 0
23 16 0 0 0 0 0 0 0
23 17 0 0 0 0 0 0 0
23 18 0 0 0 0 0 0 0
23 19 0 0 0 0 0 0 0
23 20 0 0 0 0 0 0 0
23 21 0 0 0 0 0 0 0
23 22 0 0 0 0 0 0 0
23 23 0 0 0 0 0 0 0
