#  ix    iy     NK     E/N         TK    Uxpi    UyK      muK      rho      epsilon
0 0 91 0.0327135 0.034297 0.00501686 12.0692 0.00372727 0.00203715
0 1 110 0.0334643 0.0277743 0.0798194 11.8806 0.00449218 0.00246104
0 2 101 0.0358805 0.0179737 0.107375 10.6863 0.00411503 0.00227169
0 3 103 0.0370215 0.0357834 0.172394 10.2216 0.00415736 0.00230335
0 4 110 0.034151 0.0504771 0.190692 11.5355 0.00442297 0.00242838
0 5 105 0.0399902 -0.00574562 0.226098 9.11504 0.00419727 0.0023474
0 6 102 0.0360459 0.0668198 0.31548 10.582 0.00397857 0.00219751
0 7 101 0.0408604 0.0406237 0.33502 8.74897 0.00392203 0.00219951
0 8 111 0.0399605 0.0310575 0.415118 9.12602 0.00419982 0.00234861
0 9 115 0.0388303 0.0355966 0.420757 9.56589 0.0043419 0.00241939
0 10 84 0.0357169 0.0165768 0.461627 10.4817 0.0031253 0.00172442
0 11 99 0.0333679 0.0268992 0.505384 11.7121 0.00362015 0.0019827
0 12 114 0.0357541 -0.0169023 0.56271 10.73 0.00407131 0.00224666
0 13 113 0.034449 0.0492272 0.642376 11.2688 0.00389314 0.0021395
0 14 132 0.0433012 0.050972 0.720824 8.08391 0.00438481 0.00247811
0 15 92 0.0358387 0.0250112 0.738431 10.399 0.00303254 0.00167388
0 16 105 0.0333448 0.0207387 0.855752 11.6215 0.00326913 0.00179032
0 17 115 0.0344148 0.05926 0.892835 11.1817 0.0035123 0.00193
0 18 115 0.036528 0.0414792 0.939028 10.2325 0.0034342 0.00189973
0 19 125 0.0399453 0.0234919 1.11515 8.9259 0.00341978 0.0019123
0 20 149 0.0337525 0.0325476 1.12317 11.6395 0.00405972 0.00222614
0 21 126 0.0329793 0.0111289 1.19265 11.8181 0.00331777 0.00181486
0 22 107 0.730724 -0.00908376 1.25179 -8.82348 0.002737 0.00148102
0 23 111 0.0358422 0.0049766 1.40795 10.2567 0.00263423 0.00145404
1 0 92 0.0367156 0.0851444 0.0189293 10.2447 0.00375623 0.0020791
1 1 113 0.0379768 0.0519621 0.07256 9.94848 0.00461281 0.00256342
1 2 93 0.0349449 0.0795485 0.142085 11.0079 0.00376193 0.00207063
1 3 102 0.0413399 0.0595902 0.178598 8.63599 0.00410815 0.00230739
1 4 95 0.0396243 0.0590844 0.226278 9.14232 0.00379115 0.00211782
1 5 99 0.0348704 0.090725 0.211264 11.0914 0.00395421 0.00217595
1 6 102 0.0396902 0.0714074 0.319844 9.16562 0.00397245 0.00221956
1 7 119 0.0400985 0.0428931 0.375728 9.16054 0.00456175 0.00255212
1 8 117 0.729662 0.0409532 0.408485 -8.33599 0.00443583 0.00239679
1 9 87 0.0371238 0.0758514 0.482709 9.91968 0.00320358 0.00177549
1 10 97 0.0339623 0.064583 0.460489 11.4203 0.00360475 0.00197797
1 11 104 0.0375086 0.050735 0.562389 9.9136 0.00371146 0.00205947
1 12 117 0.0372295 0.0343432 0.607821 10.123 0.00409578 0.00227073
1 13 122 0.0374946 0.0808774 0.624387 10.0502 0.00423121 0.00234778
1 14 108 0.0335833 0.0551894 0.682343 11.6156 0.00365239 0.00200171
1 15 117 0.0395975 0.0578537 0.781286 9.14753 0.00377465 0.00210842
1 16 117 0.0369723 0.0670337 0.867473 10.1024 0.00361751 0.00200394
1 17 119 0.0348346 0.0498498 0.895556 11.0223 0.0036306 0.00199765
1 18 117 0.0377322 0.0892331 1.04549 9.71083 0.00330812 0.00183696
1 19 122 0.0400685 0.0563929 1.02061 8.90503 0.00349657 0.00195601
1 20 124 0.0423883 0.156327 1.09552 8.11235 0.00340726 0.00192009
1 21 122 0.0344076 0.0505144 1.18552 11.0988 0.00322211 0.0017705
1 22 118 0.0388529 0.084739 1.26072 9.18823 0.00300116 0.00167243
1 23 115 0.034323 0.069854 1.38003 10.9845 0.00276318 0.00151792
2 0 108 0.0417002 0.0971727 0.0270647 8.58807 0.00440388 0.00247631
2 1 119 0.0360054 0.105903 0.0935386 10.793 0.00482908 0.00266693
2 2 109 0.0336949 0.134457 0.0476553 11.7529 0.00442244 0.0024246
2 3 101 0.0323416 0.104902 0.15305 12.3491 0.00406988 0.00222179
2 4 117 0.0390905 0.121528 0.199553 9.54304 0.00466933 0.00260398
2 5 95 0.0377051 0.104987 0.217803 9.85593 0.0037844 0.00210125
2 6 114 0.0322488 0.080567 0.303055 12.4888 0.00445808 0.00243301
2 7 106 0.033204 0.145426 0.380927 11.8985 0.00402272 0.00220204
2 8 106 0.0329676 0.109616 0.384443 12.0195 0.00403387 0.00220649
2 9 108 0.0331375 0.138102 0.449201 11.9274 0.00400592 0.00219238
2 10 113 0.0369112 0.117615 0.478034 10.2657 0.00415496 0.00230122
2 11 105 0.037949 0.129029 0.506794 9.76885 0.00381331 0.00211894
2 12 116 0.0356525 0.0885486 0.647328 10.7513 0.00397993 0.00219553
2 13 122 0.0393597 0.104128 0.664738 9.32713 0.00414839 0.00231544
2 14 114 0.0340868 0.118892 0.69998 11.4165 0.00380957 0.00209118
2 15 118 0.0370835 0.135101 0.82604 10.0823 0.00370845 0.00205504
2 16 116 0.0375274 0.130348 0.824365 9.88945 0.00364991 0.00202544
2 17 105 0.0335457 0.0913263 0.901195 11.4984 0.00318937 0.00174775
2 18 102 0.0369343 0.125843 0.96794 9.92775 0.00299149 0.00165695
2 19 120 0.0355798 0.129906 1.07601 10.6062 0.00333499 0.00183932
2 20 129 0.0391081 0.112121 1.16495 9.22944 0.00343444 0.00191542
2 21 113 0.0333743 0.156857 1.205 11.5017 0.00294278 0.00161174
2 22 116 0.0346666 0.148046 1.28592 10.8764 0.00290646 0.00159836
2 23 122 0.0332742 0.168609 1.39311 11.537 0.00290169 0.00158874
3 0 101 0.0363265 0.160451 0.0306241 10.49 0.0040852 0.00225841
3 1 98 0.0328044 0.0692527 0.0795221 12.0921 0.00399425 0.00218369
3 2 107 0.0372309 0.115779 0.091547 10.1799 0.00433824 0.00240516
3 3 117 0.036136 0.158304 0.140078 10.7086 0.00469142 0.00259198
3 4 103 0.0323605 0.153359 0.21029 12.343 0.00408521 0.0022303
3 5 115 0.041378 0.161332 0.294939 8.70733 0.00446742 0.00250948
3 6 111 0.0356723 0.129896 0.279792 10.831 0.00434705 0.0023982
3 7 114 0.036414 0.148075 0.348762 10.5206 0.00436903 0.00241598
3 8 103 0.0374704 0.122191 0.398577 9.97728 0.00389629 0.00216177
3 9 108 0.0335956 0.156989 0.385399 11.7219 0.0040865 0.00223972
3 10 108 0.0385411 0.170582 0.47293 9.58006 0.00395457 0.00220155
3 11 111 0.032668 0.171955 0.513557 12.1631 0.0040002 0.00218601
3 12 124 0.0406119 0.174785 0.57859 8.93629 0.00434926 0.00243719
3 13 106 0.0360193 0.166404 0.631857 10.5035 0.00363676 0.00200854
3 14 124 0.0356266 0.173652 0.692254 10.8012 0.00413651 0.00228172
3 15 117 0.0330616 0.17877 0.773933 11.9006 0.00375473 0.00205441
3 16 130 0.0389558 0.180555 0.841638 9.44707 0.00403794 0.00225091
3 17 110 0.0388136 0.173021 0.915333 9.29726 0.00329869 0.001838
3 18 104 0.0410596 0.151886 0.985424 8.42043 0.00301833 0.00169378
3 19 132 0.0445033 0.212837 1.0551 7.55606 0.00368217 0.00208894
3 20 120 0.0401429 0.151981 1.09545 8.82085 0.00329846 0.00184562
3 21 120 0.0374194 0.192815 1.18224 9.78538 0.00315176 0.00174841
3 22 113 0.0359047 0.200608 1.35601 10.2654 0.0027294 0.00150688
3 23 105 0.0386988 0.221443 1.41965 9.04576 0.00245824 0.00136921
4 0 105 0.0359586 0.158681 0.0628189 10.6833 0.00424195 0.00234233
4 1 106 0.0393749 0.220187 0.118289 9.33749 0.0042146 0.00235251
4 2 103 0.0337253 0.223224 0.0888371 11.6636 0.00410452 0.00225051
4 3 108 0.0442 0.189617 0.151121 7.79896 0.00430159 0.002438
4 4 115 0.0355099 0.178761 0.184327 10.9506 0.00456503 0.00251716
4 5 110 0.0338638 0.205414 0.213764 11.6488 0.00432225 0.00237094
4 6 111 0.0329209 0.189859 0.286059 12.1075 0.00430265 0.00235317
4 7 110 0.0372757 0.207754 0.368499 10.1181 0.00415197 0.00230222
4 8 103 0.0410364 0.198528 0.373257 8.68138 0.00388812 0.00218171
4 9 122 0.0357302 0.205988 0.445882 10.8378 0.00448789 0.00247635
4 10 107 0.0396131 0.2289 0.466727 9.17229 0.00389093 0.00217348
4 11 103 0.0359814 0.1695 0.474753 10.5555 0.00376945 0.00208158
4 12 97 0.035784 0.217312 0.575933 10.5327 0.00338541 0.00186834
4 13 115 0.0377686 0.243982 0.664051 9.84773 0.00384761 0.00213678
4 14 106 0.0399348 0.219755 0.672547 8.96591 0.00354635 0.00198301
4 15 122 0.0389782 0.210412 0.763868 9.40895 0.00391899 0.00218476
4 16 113 0.0356429 0.200638 0.853585 10.6218 0.0034821 0.00192084
4 17 103 0.036174 0.238168 0.886254 10.2815 0.00311016 0.00171855
4 18 127 0.0340895 0.245242 1.03449 11.3492 0.00356609 0.00195754
4 19 124 0.0313054 0.236055 1.03035 12.7539 0.00349249 0.00190037
4 20 111 0.0319996 0.229621 1.05847 12.2527 0.003086 0.00168287
4 21 122 0.0391309 0.239404 1.2685 9.10635 0.00306202 0.00170784
4 22 132 0.0365757 0.271357 1.30035 10.1587 0.00325367 0.00180013
4 23 102 0.0376479 0.31066 1.44104 9.40046 0.00234676 0.00130278
5 0 104 0.0432825 0.247946 0.000901963 8.03137 0.00413702 0.00233794
5 1 108 0.0400441 0.269756 0.101675 9.10942 0.00425303 0.00237899
5 2 111 0.0361207 0.19013 0.0981151 10.6619 0.0044485 0.00245765
5 3 101 0.0347883 0.205097 0.106162 11.1485 0.00403319 0.00221884
5 4 113 0.0325429 0.268268 0.24593 12.3117 0.0043519 0.00237727
5 5 100 0.0402049 0.26356 0.229521 8.95886 0.00386889 0.00216521
5 6 109 0.0364368 0.229543 0.276059 10.4727 0.00420445 0.00232514
5 7 118 0.0329178 0.258807 0.365433 12.1345 0.00441374 0.0024139
5 8 107 0.0399376 0.219963 0.419804 9.07595 0.00396272 0.00221585
5 9 96 0.0407912 0.252533 0.451331 8.65689 0.00349472 0.00195944
5 10 100 0.0402843 0.259691 0.528494 8.8402 0.00353157 0.00197693
5 11 109 0.040002 0.242751 0.518272 9.03158 0.00387716 0.00216845
5 12 124 0.0404717 0.276293 0.60389 8.9571 0.00423347 0.00237126
5 13 121 0.0408466 0.256964 0.717397 8.75925 0.00394432 0.00221192
5 14 112 0.0363369 0.249572 0.714665 10.3757 0.00365982 0.00202331
5 15 108 0.0334442 0.234918 0.770793 11.6254 0.00344654 0.00188807
5 16 116 0.0404395 0.268493 0.83635 8.79816 0.00357182 0.00200044
5 17 125 0.0388806 0.248621 0.945421 9.37739 0.00366333 0.00204161
5 18 113 0.0392135 0.283733 0.955725 9.145 0.00327971 0.00182974
5 19 126 0.0397089 0.309467 1.08636 9.01012 0.00342295 0.00191264
5 20 120 0.0378464 0.305589 1.16461 9.61496 0.0031422 0.00174546
5 21 110 0.0355805 0.293293 1.2624 10.4144 0.00275398 0.00151889
5 22 108 0.0326906 0.352982 1.30322 11.7339 0.00263439 0.00143973
5 23 103 0.0351018 0.331343 1.37541 10.5032 0.00243655 0.00134179
6 0 110 0.0387557 0.304169 0.0102438 9.5868 0.00431288 0.00240266
6 1 93 0.0341374 0.290167 0.0646278 11.3508 0.00365346 0.00200581
6 2 96 0.0369131 0.309724 0.065991 10.1626 0.00375084 0.00207741
6 3 115 0.0416389 0.26194 0.169471 8.62932 0.00449924 0.00252944
6 4 105 0.0397056 0.282892 0.220314 9.17971 0.00405075 0.00226342
6 5 120 0.0367894 0.27784 0.244838 10.4197 0.00461195 0.00255334
6 6 101 0.0402939 0.270875 0.309799 8.91744 0.00382789 0.00214288
6 7 101 0.0377765 0.262724 0.30177 9.8435 0.00384314 0.00213435
6 8 110 0.0385301 0.335459 0.405167 9.59307 0.00398988 0.00222113
6 9 100 0.0384082 0.294035 0.405812 9.55374 0.00366401 0.00203894
6 10 135 0.0375912 0.292443 0.525025 10.1262 0.00474228 0.00263216
6 11 113 0.0331698 0.310733 0.576136 11.878 0.00387481 0.00212084
6 12 114 0.0407602 0.312489 0.649862 8.74836 0.00378964 0.00212459
6 13 117 0.0437913 0.305797 0.625803 7.82942 0.00393471 0.00222718
6 14 114 0.0357484 0.318245 0.721645 10.6283 0.00366845 0.00202431
6 15 119 0.0418075 0.307675 0.809699 8.37561 0.00368641 0.00207358
6 16 141 0.034444 0.323539 0.841649 11.3686 0.00429165 0.00235847
6 17 110 0.0368601 0.348843 0.908118 10.0351 0.0032314 0.00178942
6 18 117 0.0362761 0.318659 0.950436 10.3236 0.00338651 0.00187185
6 19 113 0.0373339 0.367277 1.05889 9.79735 0.00308323 0.00170993
6 20 122 0.0380072 0.396819 1.19754 9.54125 0.00310591 0.00172617
6 21 138 0.0347828 0.371588 1.15614 11.036 0.00359521 0.00197786
6 22 125 0.0376094 0.372194 1.30581 9.67368 0.00303795 0.00168628
6 23 121 0.0403271 0.449876 1.48274 8.55287 0.00268904 0.0015055
7 0 93 0.0351283 0.31564 0.0613405 10.8896 0.00362851 0.00199836
7 1 106 0.0314743 0.31529 0.0696275 12.8293 0.0041341 0.00225069
7 2 98 0.0426673 0.322424 0.100646 8.13584 0.00380519 0.00214623
7 3 112 0.0352882 0.339633 0.129976 10.9915 0.00431378 0.00237696
7 4 109 0.0354856 0.308118 0.258756 10.8645 0.00414433 0.00228501
7 5 107 0.0369341 0.306229 0.236489 10.2406 0.00408979 0.00226529
7 6 103 0.0373506 0.337507 0.318936 10.0072 0.00382866 0.00212345
7 7 117 0.0360135 0.285669 0.347843 10.6902 0.00437255 0.00241487
7 8 96 0.0367558 0.361155 0.386349 10.1513 0.00347798 0.00192533
7 9 130 0.0375246 0.331481 0.431588 10.1391 0.00467979 0.00259693
7 10 91 0.0372217 0.335572 0.464006 9.89063 0.00323644 0.00179426
7 11 125 0.0425698 0.350161 0.54505 8.28825 0.00429955 0.00242431
7 12 127 0.0401894 0.362189 0.609636 9.05719 0.00424579 0.00237603
7 13 117 0.0356119 0.411651 0.693943 10.7046 0.00373182 0.00205839
7 14 146 0.0388308 0.355957 0.792916 9.60505 0.00451619 0.00251652
7 15 117 0.0423268 0.391516 0.768089 8.19549 0.00363176 0.0020462
7 16 106 0.0414637 0.382425 0.89219 8.3194 0.00311719 0.00175149
7 17 129 0.0426032 0.410781 0.961601 8.11518 0.00365403 0.00206055
7 18 127 0.0371285 0.422301 1.00563 10.0113 0.00351746 0.00194948
7 19 125 0.0378993 0.42634 1.04858 9.67093 0.00339179 0.00188442
7 20 112 0.035342 0.44568 1.13549 10.5741 0.00291009 0.00160377
7 21 95 0.0371928 0.449474 1.24403 9.58126 0.00234799 0.00130159
7 22 120 0.037848 0.45081 1.33991 9.51326 0.0028401 0.00157765
7 23 101 0.0391641 0.450082 1.37619 8.83062 0.00235233 0.00131215
8 0 91 0.0373916 0.427012 0.0469082 9.88003 0.0034267 0.00190076
8 1 126 0.0406291 0.390917 0.0475438 9.03006 0.0048048 0.00269261
8 2 113 0.0371051 0.403639 0.0790572 10.2176 0.00428301 0.00237359
8 3 109 0.0371691 0.372927 0.187397 10.1537 0.00412256 0.00228514
8 4 100 0.0412265 0.393502 0.184206 8.58451 0.0037589 0.00211047
8 5 109 0.0355186 0.391364 0.306865 10.8146 0.00399987 0.00220559
8 6 124 0.0361029 0.38311 0.275775 10.702 0.00459568 0.00253882
8 7 119 0.034832 0.4113 0.328722 11.1962 0.00431542 0.00237444
8 8 128 0.0383046 0.378948 0.380795 9.82501 0.00462126 0.00257078
8 9 114 0.0447593 0.401337 0.44064 7.56925 0.00401336 0.00227867
8 10 105 0.0320821 0.409184 0.503657 12.3657 0.00360983 0.00196904
8 11 125 0.0398276 0.405741 0.567813 9.17302 0.00420106 0.00234831
8 12 115 0.0385568 0.435915 0.647715 9.51167 0.00371497 0.00206826
8 13 122 0.033766 0.418464 0.673741 11.5974 0.00391746 0.00214822
8 14 115 0.0436376 0.411449 0.794987 7.7612 0.00351169 0.00198677
8 15 114 0.0395233 0.419092 0.786697 9.09492 0.0034877 0.00194768
8 16 122 0.0383612 0.452487 0.89134 9.53598 0.00353621 0.00196753
8 17 134 0.0382094 0.434032 0.916577 9.68014 0.00385592 0.00214438
8 18 123 0.0387718 0.453044 1.00593 9.33871 0.00338547 0.0018861
8 19 135 0.0403437 0.511285 1.0818 8.8244 0.00354804 0.00198652
8 20 130 0.0366042 0.462574 1.19641 10.1537 0.00327575 0.00181251
8 21 110 0.0313328 0.464371 1.22913 12.4926 0.00273028 0.00148576
8 22 111 0.0346921 0.530678 1.33329 10.7536 0.0026009 0.00143044
8 23 116 0.0344388 0.498241 1.45947 10.8646 0.00258654 0.00142141
9 0 110 0.0350934 0.408703 0.0207369 11.0448 0.00417235 0.00229761
9 1 99 0.0393536 0.440802 0.0424095 9.21759 0.00370989 0.00207065
9 2 103 0.0329649 0.400887 0.10083 11.9873 0.00390114 0.00213387
9 3 99 0.0310331 0.393439 0.1484 12.9749 0.00374017 0.00203339
9 4 90 0.0358721 0.366731 0.171311 10.5047 0.00341906 0.00188743
9 5 118 0.0398775 0.43985 0.276501 9.17675 0.00429145 0.00239921
9 6 104 0.0376626 0.453828 0.331775 9.85417 0.00371544 0.00206268
9 7 118 0.0387161 0.435312 0.375768 9.57313 0.0041923 0.00233519
9 8 116 0.0386933 0.454758 0.428724 9.54252 0.00403149 0.00224545
9 9 103 0.0397013 0.456184 0.44565 9.05185 0.00355914 0.0019887
9 10 113 0.0363146 0.463579 0.571227 10.4042 0.00373042 0.0020622
9 11 116 0.0359452 0.472062 0.612882 10.5685 0.00376025 0.00207626
9 12 126 0.0379015 0.469441 0.639588 9.84628 0.00404539 0.00224756
9 13 123 0.0341246 0.494075 0.690448 11.4073 0.00384279 0.00210967
9 14 119 0.038658 0.506733 0.792726 9.42902 0.00355205 0.0019782
9 15 131 0.0341903 0.488359 0.828176 11.3835 0.00387023 0.00212518
9 16 125 0.0376497 0.467453 0.85464 9.8468 0.00366964 0.00203717
9 17 135 0.0328551 0.531585 0.94685 12.0027 0.00374804 0.00204942
9 18 99 0.0395072 0.505466 0.994638 8.84768 0.00270805 0.00151221
9 19 133 0.0424091 0.537604 1.07212 8.13 0.00349063 0.0019672
9 20 129 0.0366809 0.547553 1.17139 10.1093 0.00323432 0.00179002
9 21 115 0.040949 0.530051 1.33189 8.34463 0.00269657 0.00151269
9 22 141 0.032034 0.57246 1.42171 12.2574 0.00315772 0.00172217
9 23 107 0.0334955 0.603969 1.53238 11.1853 0.0022758 0.00124692
10 0 98 0.03682 0.527284 0.0311434 10.1459 0.00355141 0.00196638
10 1 115 0.0393768 0.477968 0.0767616 9.34334 0.00424218 0.00236792
10 2 104 0.0325981 0.501437 0.089163 12.1472 0.00379807 0.00207509
10 3 114 0.0345934 0.488291 0.213035 11.2597 0.00412348 0.00226712
10 4 108 0.0366069 0.49827 0.283254 10.3116 0.00384018 0.00212484
10 5 131 0.0379709 0.496793 0.273567 9.9631 0.00467008 0.0025952
10 6 123 0.0366279 0.448332 0.339913 10.4375 0.00439337 0.00243109
10 7 121 0.0360184 0.518872 0.386716 10.6391 0.00416331 0.00229934
10 8 98 0.0361213 0.498634 0.425944 10.3806 0.0033586 0.00185552
10 9 142 0.0320184 0.475906 0.478222 12.6895 0.00482436 0.00263099
10 10 135 0.0427745 0.489922 0.537006 8.26492 0.00447534 0.00252506
10 11 136 0.0382443 0.485793 0.630935 9.78979 0.00436027 0.00242513
10 12 128 0.0376957 0.502159 0.661465 9.92388 0.00403567 0.0022407
10 13 127 0.039055 0.52613 0.717811 9.37289 0.0038881 0.00216807
10 14 130 0.035363 0.561534 0.784216 10.8408 0.00383477 0.00211352
10 15 120 0.0359672 0.601966 0.813502 10.4749 0.00345677 0.00190882
10 16 135 0.036848 0.56936 0.919628 10.1905 0.003756 0.00207984
10 17 127 0.0376642 0.555895 0.911263 9.81036 0.00355849 0.00197556
10 18 129 0.0357179 0.607893 1.03545 10.5606 0.00338341 0.00186684
10 19 108 0.0365935 0.602124 1.05428 10.0062 0.00281403 0.00155698
10 20 132 0.0381916 0.592028 1.17316 9.52399 0.0032761 0.00182182
10 21 119 0.0375755 0.610949 1.23898 9.62657 0.00285979 0.00158722
10 22 109 0.0360305 0.68066 1.39714 10.0903 0.00241725 0.00133507
10 23 95 0.0367697 0.679681 1.42307 9.63385 0.00208498 0.00115425
11 0 118 0.0406819 0.568121 -0.0036415 8.87878 0.00420484 0.00235678
11 1 121 0.0351512 0.538646 0.0539302 11.0633 0.00436102 0.00240195
11 2 106 0.0409723 0.521733 0.0769438 8.69101 0.00384264 0.00215575
11 3 120 0.034984 0.548178 0.154225 11.1179 0.00427367 0.00235259
11 4 117 0.0362757 0.504296 0.17491 10.5462 0.00423019 0.00233819
11 5 120 0.0355918 0.5034 0.270653 10.848 0.00426983 0.002355
11 6 108 0.0368735 0.542058 0.338142 10.1731 0.00372998 0.0020656
11 7 111 0.0370818 0.596303 0.398748 10.0797 0.00369647 0.00204839
11 8 123 0.0370067 0.595844 0.411013 10.2096 0.00408346 0.0022623
11 9 121 0.0399728 0.548041 0.469676 9.07824 0.00402104 0.00224872
11 10 135 0.0338606 0.544365 0.545813 11.664 0.00438194 0.00240365
11 11 134 0.0415414 0.5992 0.622877 8.5814 0.00415496 0.00233517
11 12 120 0.0394584 0.583132 0.588803 9.20044 0.00378677 0.00211426
11 13 132 0.0331 0.559915 0.690675 11.9553 0.00404289 0.00221235
11 14 130 0.0396549 0.599864 0.761596 9.14044 0.00382532 0.00213711
11 15 122 0.0353452 0.647827 0.85583 10.7307 0.00340829 0.00187836
11 16 145 0.0370989 0.576938 0.885798 10.1725 0.00408382 0.00226316
11 17 132 0.0357737 0.609605 0.908784 10.6122 0.00364938 0.00201395
11 18 149 0.0360497 0.712336 1.06054 10.5249 0.00376391 0.00207897
11 19 126 0.0373464 0.702483 1.1573 9.78745 0.00306811 0.00170161
11 20 127 0.0366229 0.729526 1.2978 10.0249 0.00290217 0.0016059
11 21 109 0.0363579 0.669085 1.31931 9.98655 0.00250184 0.00138322
11 22 108 0.0335994 0.716972 1.37018 11.1893 0.00240349 0.00131731
11 23 88 0.0361749 0.768495 1.46125 9.77154 0.00186845 0.00103243
12 0 127 0.0339568 0.600417 -9.98623e-07 11.6363 0.00446236 0.00244851
12 1 111 0.0408307 0.564242 0.0700603 8.76723 0.00395465 0.0022176
12 2 133 0.038952 0.593968 0.133791 9.59085 0.00465576 0.00259528
12 3 112 0.0359478 0.553345 0.179386 10.6211 0.00396771 0.00219083
12 4 116 0.038885 0.601022 0.253422 9.45915 0.00398192 0.00221919
12 5 132 0.0368975 0.610601 0.291276 10.3467 0.00448078 0.00248157
12 6 126 0.732296 0.567372 0.325523 -8.37359 0.00432151 0.00234345
12 7 121 0.0407551 0.611601 0.367739 8.81319 0.00403654 0.00226298
12 8 118 0.0354369 0.570333 0.41079 10.8395 0.00395651 0.00218112
12 9 142 0.0348769 0.603907 0.445004 11.2517 0.00465539 0.00256186
12 10 122 0.0417243 0.639682 0.53969 8.44179 0.00383431 0.0021562
12 11 133 0.0389383 0.634985 0.600478 9.4698 0.00410431 0.00228778
12 12 142 0.0371321 0.622248 0.637772 10.2211 0.00434504 0.00240818
12 13 137 0.0362626 0.670746 0.685979 10.5086 0.00405161 0.00223938
12 14 133 0.035354 0.682109 0.751397 10.8424 0.00382585 0.00210854
12 15 145 0.0355069 0.634879 0.790916 10.8619 0.00417232 0.0023006
12 16 159 0.0375863 0.656132 0.912892 10.0373 0.00433092 0.0024038
12 17 140 0.0404019 0.695312 0.994973 8.83226 0.00364828 0.00204303
12 18 127 0.0341939 0.708934 1.01051 11.2153 0.00327637 0.0017991
12 19 137 0.0371465 0.765484 1.17702 9.92719 0.00325728 0.00180538
12 20 125 0.0335663 0.738571 1.18488 11.4214 0.00298299 0.00163476
12 21 114 0.0417742 0.789082 1.31908 8.01694 0.00254787 0.00143301
12 22 106 0.0341507 0.800201 1.44307 10.8605 0.00225156 0.00123619
12 23 105 0.0385915 0.851324 1.56701 8.93054 0.00210473 0.00117191
13 0 142 0.0365269 0.673125 -0.00210425 10.5735 0.00482781 0.00267063
13 1 128 0.0383885 0.608283 0.0560789 9.76149 0.00447673 0.00249104
13 2 134 0.0353337 0.662045 0.134712 11.0248 0.00455058 0.0025078
13 3 122 0.0398308 0.633592 0.208109 9.16203 0.00415981 0.00232528
13 4 141 0.0366032 0.6383 0.217786 10.5343 0.00479092 0.00265086
13 5 126 0.0430097 0.66606 0.266887 8.12822 0.0041956 0.00236899
13 6 143 0.0370516 0.662417 0.316252 10.3373 0.00472447 0.00261781
13 7 133 0.0401896 0.668125 0.385387 9.07355 0.00431612 0.00241539
13 8 118 0.0364083 0.660089 0.441338 10.3801 0.00378732 0.00209427
13 9 135 0.0390785 0.663805 0.495476 9.45588 0.00426087 0.0023761
13 10 128 0.0330141 0.680251 0.529953 11.9808 0.00397281 0.00217341
13 11 136 0.0361552 0.70316 0.583677 10.5693 0.0041145 0.00227338
13 12 123 0.0357777 0.730574 0.684993 10.5862 0.00356188 0.00196569
13 13 161 0.0380693 0.70427 0.721061 9.92036 0.00464728 0.00258333
13 14 113 0.0387522 0.770102 0.818682 9.2509 0.00307835 0.00171489
13 15 130 0.0393597 0.775747 0.925171 9.12775 0.0033985 0.00189688
13 16 117 0.039205 0.766072 0.948403 9.07255 0.003041 0.00169651
13 17 133 0.0376075 0.758859 1.01053 9.78185 0.00338238 0.00187745
13 18 137 0.0334929 0.789589 1.06942 11.5808 0.00337534 0.00184935
13 19 116 0.0351936 0.836105 1.17141 10.5696 0.00271274 0.00149431
13 20 112 0.0391566 0.846091 1.29147 8.89234 0.00249533 0.00139188
13 21 101 0.0412356 0.910903 1.41181 8.00741 0.00211705 0.00118868
13 22 107 0.0322671 0.91564 1.45471 11.7753 0.00220518 0.00120355
13 23 90 0.0323376 0.94137 1.55997 11.5212 0.0017747 0.00096882
14 0 138 0.0339839 0.702075 0.0356164 11.6596 0.00462688 0.002539
14 1 151 0.0383765 0.71315 0.0682572 9.8827 0.00503075 0.00279922
14 2 125 0.0392715 0.702443 0.148822 9.36208 0.00416132 0.00232201
14 3 119 0.0372231 0.760133 0.15884 10.0642 0.003852 0.00213553
14 4 138 0.0348539 0.685781 0.245743 11.2439 0.00457137 0.00251544
14 5 126 0.0390831 0.691583 0.268539 9.42714 0.00414724 0.00231277
14 6 131 0.0348986 0.680502 0.323228 11.1598 0.00428814 0.00235993
14 7 132 0.0367855 0.70698 0.374347 10.3335 0.00422443 0.00233877
14 8 128 0.0360504 0.74663 0.456576 10.5723 0.00394761 0.00218044
14 9 101 0.033301 0.766092 0.488659 11.5781 0.00306351 0.00167748
14 10 151 0.0386161 0.785074 0.585569 9.66356 0.00442124 0.00246194
14 11 132 0.0414143 0.77707 0.608106 8.54689 0.0038508 0.00216336
14 12 140 0.0429226 0.773918 0.695774 8.10096 0.00397547 0.00224408
14 13 130 0.039625 0.802245 0.693284 9.10566 0.00365554 0.00204207
14 14 127 0.0435401 0.84864 0.840189 7.74059 0.00334163 0.00188998
14 15 123 0.0362643 0.811726 0.896853 10.2756 0.0032119 0.00177527
14 16 126 0.0408807 0.866667 0.969648 8.52223 0.00314773 0.00176539
14 17 130 0.0360604 0.825365 1.03834 10.3604 0.00320737 0.00177163
14 18 112 0.0355347 0.94358 1.20223 10.3429 0.00251324 0.00138592
14 19 115 0.0391603 0.878598 1.22694 8.93344 0.00260345 0.00145221
14 20 129 0.0323273 0.905642 1.28251 11.9969 0.00284018 0.00155042
14 21 109 0.73183 0.95794 1.35153 -8.99852 0.00230862 0.00125111
14 22 105 0.0317983 0.974947 1.44865 11.9938 0.00213855 0.00116546
14 23 98 0.0334374 0.985514 1.54249 11.0467 0.0019256 0.00105485
15 0 117 0.0390891 0.774243 0.0284191 9.33503 0.00379054 0.00211389
15 1 150 0.0339425 0.775832 0.055175 11.7269 0.00485254 0.00266248
15 2 128 0.0362545 0.80646 0.123583 10.5152 0.0040647 0.00224656
15 3 135 0.0424594 0.743939 0.165698 8.34587 0.00440039 0.0024803
15 4 122 0.0348178 0.731223 0.247239 11.1162 0.00395803 0.0021777
15 5 142 0.0389063 0.81724 0.31064 9.54688 0.0043813 0.00244193
15 6 156 0.0379164 0.809325 0.341796 10.0122 0.00480312 0.00266867
15 7 128 0.0346702 0.853037 0.401328 11.1472 0.00381711 0.00209918
15 8 108 0.036461 0.75434 0.476158 10.2214 0.00330301 0.00182677
15 9 123 0.0431104 0.856863 0.52651 7.93168 0.00355437 0.00200757
15 10 139 0.0390434 0.821235 0.559942 9.41557 0.00404037 0.00225289
15 11 116 0.0409969 0.844846 0.635493 8.5205 0.00326697 0.00183294
15 12 138 0.0422099 0.871694 0.690653 8.27274 0.00378156 0.00212981
15 13 120 0.0408505 0.830015 0.739771 8.5762 0.0032888 0.00184433
15 14 142 0.042733 0.904918 0.871878 8.06668 0.00362384 0.00204436
15 15 119 0.0399861 0.894601 0.873746 8.79584 0.00304593 0.00170347
15 16 146 0.0362227 0.937982 0.993809 10.3886 0.00353357 0.00195281
15 17 129 0.0388848 0.987344 1.07117 9.17343 0.00299203 0.00166751
15 18 114 0.0420912 0.965565 1.15597 7.92967 0.00258426 0.00145493
15 19 124 0.0350726 0.967789 1.22769 10.633 0.00273848 0.00150792
15 20 127 0.0397147 1.00648 1.30002 8.77261 0.0027048 0.00151139
15 21 97 0.0383722 1.04335 1.43855 8.93638 0.00194958 0.00108477
15 22 89 0.733001 1.15732 1.61604 -9.34601 0.00163929 0.000889802
15 23 80 0.0354474 1.21005 1.72641 9.79967 0.00140512 0.000774632
16 0 140 0.0365881 0.821415 0.0526958 10.4622 0.00443003 0.00245106
16 1 156 0.0414504 0.837795 0.030763 8.77594 0.00489945 0.00275279
16 2 122 0.0353767 0.850532 0.130528 10.823 0.00379001 0.00208894
16 3 136 0.0372464 0.903591 0.192494 10.1158 0.00409401 0.00226987
16 4 129 0.0393053 0.883049 0.251297 9.28359 0.00389445 0.00217333
16 5 129 0.0391965 0.886955 0.297702 9.31428 0.00386067 0.00215374
16 6 123 0.0395699 0.897559 0.353482 9.11773 0.00362805 0.00202636
16 7 125 0.0415451 0.896655 0.410437 8.45 0.00364768 0.00205009
16 8 144 0.0393196 0.929571 0.438308 9.33368 0.00411565 0.00229687
16 9 149 0.0411727 0.901424 0.517559 8.72126 0.0042337 0.00237665
16 10 148 0.0413249 0.959547 0.624807 8.61172 0.00398989 0.00224086
16 11 144 0.035119 0.852669 0.574249 11.0196 0.00411506 0.00226625
16 12 131 0.0393456 0.919804 0.712392 9.16215 0.00349962 0.00195324
16 13 142 0.0398548 0.958084 0.78175 9.02543 0.00365948 0.00204575
16 14 136 0.0402351 0.968265 0.820647 8.83364 0.00344942 0.00193064
16 15 130 0.0414013 0.926276 0.911329 8.38135 0.00324936 0.0018254
16 16 126 0.0377216 0.99529 0.940789 9.63214 0.00304516 0.00169089
16 17 105 0.0402948 1.01154 1.07085 8.45734 0.00241699 0.00135305
16 18 114 0.0353313 1.03814 1.1987 10.4238 0.00249216 0.00137341
16 19 109 0.0386616 1.09473 1.22845 9.00177 0.00232004 0.00129208
16 20 105 0.0332365 1.10394 1.28275 11.2739 0.00218914 0.00119846
16 21 94 0.0353632 1.03457 1.41751 10.1423 0.00190733 0.00105121
16 22 81 0.733131 1.22423 1.60423 -9.45286 0.00147398 0.000800218
16 23 83 0.732568 1.27707 1.7576 -9.48611 0.00142229 0.000771562
17 0 131 0.0350333 0.902007 0.0387463 11.0258 0.00398501 0.00219403
17 1 133 0.0366564 0.916569 0.061202 10.3355 0.00401421 0.00222147
17 2 123 0.0378312 0.933416 0.177797 9.77186 0.00365435 0.00202985
17 3 136 0.0392843 0.92244 0.189669 9.33224 0.00405768 0.00226427
17 4 138 0.0358146 0.914395 0.202602 10.7178 0.00412798 0.00227837
17 5 138 0.034889 0.88541 0.273902 11.1309 0.00414813 0.0022828
17 6 146 0.0402868 0.891942 0.32022 9.04619 0.00434314 0.00243126
17 7 143 0.039152 0.969372 0.439327 9.36917 0.00401312 0.00223847
17 8 126 0.0427807 0.978168 0.456469 8.01988 0.00350941 0.00198011
17 9 116 0.0399217 0.921578 0.525855 8.88652 0.00326065 0.00182318
17 10 108 0.0359632 0.975853 0.654421 10.2902 0.00286876 0.00158411
17 11 115 0.0427905 1.00863 0.654202 7.86465 0.00301398 0.00170063
17 12 138 0.0345289 1.03451 0.73106 11.1267 0.0035044 0.00192635
17 13 130 0.0395426 1.02996 0.761502 9.02623 0.00327864 0.00183104
17 14 135 0.0372402 1.12257 0.915969 9.85386 0.00314283 0.00174246
17 15 122 0.0352213 1.05217 0.914361 10.6291 0.00291451 0.0016056
17 16 121 0.0380852 1.08788 1.041 9.38723 0.00274353 0.00152515
17 17 132 0.0330215 1.1143 1.11249 11.6624 0.00290027 0.00158669
17 18 118 0.730507 1.20145 1.23534 -8.94263 0.00242729 0.00131305
17 19 120 0.733057 1.17575 1.28922 -8.94628 0.00244546 0.00132749
17 20 98 0.0324883 1.16884 1.36451 11.5388 0.00195328 0.00106681
17 21 86 0.0321671 1.24248 1.41308 11.5403 0.00165407 0.000902482
17 22 71 0.729543 1.26627 1.5718 -9.56916 0.00129179 0.000697876
17 23 67 0.0356174 1.31786 1.74699 9.51745 0.00114128 0.000629518
18 0 139 0.0406011 1.05553 0.0626935 8.83461 0.00391431 0.00219338
18 1 140 0.0371649 0.967168 0.0793653 10.1542 0.00411761 0.00228237
18 2 137 0.0438139 1.00525 0.12535 7.82522 0.00394444 0.00223286
18 3 123 0.0394812 0.974547 0.225944 9.1316 0.00356381 0.00198992
18 4 159 0.0429355 1.00611 0.260239 8.22502 0.00451833 0.00255062
18 5 134 0.0432345 1.06567 0.328764 7.92509 0.0036663 0.0020716
18 6 142 0.0369036 1.00876 0.367656 10.2223 0.00396643 0.00219675
18 7 142 0.0392673 1.02645 0.416557 9.29865 0.00389966 0.00217598
18 8 153 0.0398551 1.0042 0.455542 9.16602 0.00421233 0.00235481
18 9 151 0.0422297 1.0702 0.520714 8.3179 0.00398103 0.0022423
18 10 145 0.0331982 1.03585 0.593445 11.8486 0.003816 0.00208884
18 11 131 0.0378356 1.07569 0.699001 9.6684 0.00330073 0.00183346
18 12 140 0.0441667 1.0995 0.748127 7.58754 0.00344832 0.0019542
18 13 136 0.0388021 1.16529 0.814559 9.2732 0.00320659 0.00178662
18 14 151 0.0369389 1.10532 0.845086 10.1143 0.00361174 0.00200053
18 15 98 0.0372459 1.15962 0.967835 9.50273 0.0022172 0.0012293
18 16 122 0.03571 1.23915 1.05502 10.3074 0.00261763 0.00144428
18 17 110 0.0358777 1.25544 1.17509 10.0911 0.00226632 0.00125111
18 18 124 0.0386953 1.21332 1.22962 9.08218 0.00254605 0.0014181
18 19 100 0.0323377 1.26614 1.32443 11.6223 0.00196339 0.00107182
18 20 97 0.0350385 1.3844 1.46452 10.2102 0.00176705 0.000972902
18 21 81 0.0337553 1.36954 1.4482 10.6349 0.00148864 0.000816301
18 22 66 0.0311437 1.45457 1.70501 11.6908 0.00110218 0.000599425
18 23 52 0.731258 1.58048 1.89256 -10.0546 0.000800953 0.000433722
19 0 128 0.0356661 1.01778 0.017135 10.6661 0.00367632 0.00202813
19 1 139 0.0374803 1.11511 0.13016 9.94546 0.00378906 0.00210235
19 2 128 0.0387272 1.14377 0.142731 9.37059 0.00343775 0.00191496
19 3 139 0.0402868 1.06456 0.235242 8.92586 0.0038507 0.0021556
19 4 156 0.0410725 1.11258 0.239644 8.7513 0.00422005 0.00236824
19 5 163 0.0381149 1.102 0.316624 9.84613 0.00439091 0.00244117
19 6 159 0.0385723 1.10767 0.357451 9.63963 0.00424658 0.00236435
19 7 134 0.0381954 1.12295 0.396736 9.59758 0.00353142 0.00196383
19 8 136 0.0392572 1.20012 0.516527 9.16156 0.00338765 0.00189022
19 9 149 0.043405 1.17148 0.608564 7.87944 0.00368728 0.00208458
19 10 144 0.0395494 1.18241 0.619805 9.09995 0.00353813 0.00197601
19 11 127 0.0403401 1.16613 0.641229 8.69921 0.00312675 0.00175063
19 12 144 0.0404786 1.14027 0.747108 8.76184 0.00349069 0.00195525
19 13 123 0.0386914 1.22727 0.85338 9.17976 0.00280295 0.00156118
19 14 115 0.0313523 1.22633 0.856222 12.4403 0.00261961 0.00142562
19 15 125 0.0386315 1.29779 1.02376 9.14662 0.00265173 0.00147667
19 16 134 0.0382571 1.30808 1.06012 9.34356 0.00280438 0.00155983
19 17 112 0.0354708 1.26668 1.14258 10.2915 0.00232136 0.00127984
19 18 100 0.0344802 1.37332 1.28109 10.5506 0.00192617 0.00105864
19 19 90 0.0361446 1.43885 1.40433 9.65551 0.0016426 0.000907552
19 20 75 0.033332 1.42657 1.45247 10.7471 0.00135515 0.00074211
19 21 60 0.0353474 1.45065 1.6003 9.5361 0.00103311 0.000569368
19 22 50 0.0330347 1.54811 1.80533 10.3607 0.000794287 0.00043456
19 23 34 0.726384 1.65038 1.95472 -10.49 0.000507304 0.000272878
20 0 142 0.0378055 1.18867 0.0494603 9.80625 0.00374461 0.00207982
20 1 150 0.0405044 1.22199 0.0639982 8.86135 0.0038901 0.00217915
20 2 138 0.0386161 1.17703 0.179296 9.46844 0.0036375 0.00202551
20 3 152 0.04028 1.15217 0.193429 8.97886 0.00405085 0.00226759
20 4 144 0.0405318 1.15315 0.265374 8.83102 0.00380934 0.0021341
20 5 129 0.0404607 1.27222 0.338274 8.68039 0.00319803 0.00179122
20 6 141 0.0423198 1.23045 0.404704 8.16965 0.00353136 0.00198959
20 7 153 0.036942 1.14356 0.436543 10.2069 0.00396716 0.00219742
20 8 162 0.0416636 1.22926 0.524511 8.49809 0.00397759 0.00223635
20 9 138 0.037258 1.29154 0.563406 9.88741 0.00327326 0.00181488
20 10 152 0.0341262 1.23986 0.681496 11.3401 0.00359559 0.00197397
20 11 121 0.0431802 1.23865 0.689989 7.6925 0.00285817 0.0016147
20 12 124 0.0352509 1.25887 0.814622 10.5828 0.00281968 0.0015535
20 13 140 0.0432579 1.32884 0.869814 7.73632 0.00305717 0.00172755
20 14 113 0.0363682 1.33672 0.942928 9.94709 0.00241548 0.00133552
20 15 106 0.73257 1.37295 1.00413 -9.04916 0.0022017 0.00119438
20 16 106 0.0368707 1.38901 1.0779 9.62229 0.00214778 0.00118939
20 17 102 0.0338119 1.43553 1.19935 10.8883 0.0019708 0.00108089
20 18 80 0.733134 1.48235 1.2704 -9.43888 0.00149475 0.000811497
20 19 78 0.0319204 1.47207 1.40108 11.5127 0.00141138 0.000769468
20 20 72 0.0313374 1.52403 1.5297 11.7007 0.00124003 0.000674806
20 21 49 0.731289 1.68179 1.74825 -10.1002 0.000765351 0.000414461
20 22 39 0.0334871 1.7617 1.93213 9.80668 0.000570963 0.000312825
20 23 22 0.714719 1.87115 2.08108 -10.9524 0.00030339 0.000160572
21 0 148 0.0401774 1.22157 0.0105489 8.96144 0.00384208 0.00215003
21 1 129 0.0366072 1.24976 0.0940898 10.1591 0.00329739 0.0018245
21 2 136 0.0414522 1.2358 0.144511 8.43662 0.00349174 0.00196188
21 3 161 0.0396275 1.28797 0.231863 9.19637 0.00400627 0.00223801
21 4 152 0.0398117 1.2588 0.261509 9.08474 0.00382462 0.00213778
21 5 149 0.0392892 1.27345 0.307725 9.23956 0.00370512 0.00206757
21 6 148 0.037903 1.25744 0.369893 9.75084 0.00367916 0.0020441
21 7 160 0.0402431 1.31698 0.466238 8.93207 0.00381667 0.00213625
21 8 141 0.0369589 1.30743 0.547038 10.0254 0.00333154 0.00184545
21 9 152 0.0363195 1.3497 0.580561 10.3398 0.00350508 0.00193766
21 10 129 0.0344227 1.36286 0.651611 10.9928 0.00291831 0.00160364
21 11 113 0.0406001 1.44204 0.741544 8.35859 0.00243093 0.00136217
21 12 109 0.0366932 1.39914 0.847805 9.77631 0.00232984 0.00128949
21 13 120 0.0419575 1.37436 0.874246 7.96796 0.0025731 0.00144804
21 14 104 0.0384199 1.48217 1.01352 8.98016 0.00207386 0.0011541
21 15 96 0.0318249 1.45122 0.963926 11.8916 0.00195862 0.00106749
21 16 103 0.0353102 1.54312 1.1506 10.1858 0.00194609 0.0010724
21 17 85 0.731685 1.45713 1.21467 -9.34935 0.00162448 0.000880181
21 18 76 0.0315927 1.54916 1.25286 11.6797 0.00139722 0.000760961
21 19 70 0.723608 1.68645 1.46279 -9.63975 0.00117278 0.000628426
21 20 52 0.032558 1.6755 1.54256 10.6788 0.000856802 0.000468058
21 21 48 0.720051 1.66397 1.67104 -10.0474 0.000767998 0.000409503
21 22 34 0.729845 1.88001 1.81628 -10.5239 0.00049787 0.00026908
21 23 21 0.725377 2.10925 2.20631 -11.1239 0.000267953 0.000143932
22 0 139 0.0368978 1.33031 0.0215568 10.0772 0.0034227 0.00189558
22 1 142 0.0375503 1.33553 0.0713273 9.83419 0.00348495 0.00193404
22 2 154 0.0400827 1.42197 0.107962 8.9358 0.00362366 0.00202719
22 3 148 0.0395927 1.35346 0.209814 9.09535 0.00357674 0.00199784
22 4 147 0.0369183 1.36658 0.304353 10.0917 0.00350162 0.00193941
22 5 140 0.0429956 1.40017 0.324122 7.88543 0.00327707 0.00185028
22 6 130 0.0473714 1.40548 0.426788 6.57535 0.00299834 0.00171651
22 7 132 0.0366596 1.40075 0.462102 10.0548 0.00303577 0.00168002
22 8 142 0.040218 1.32052 0.506802 8.81321 0.00335965 0.0018803
22 9 125 0.0382897 1.47746 0.600219 9.30123 0.0027216 0.00151394
22 10 141 0.0341611 1.42468 0.60824 11.1863 0.00313409 0.00172079
22 11 109 0.0322363 1.5258 0.769062 11.8145 0.00225642 0.0012314
22 12 106 0.033757 1.48429 0.82833 11.026 0.00220284 0.00120794
22 13 112 0.0363219 1.56367 0.907183 9.88294 0.00222185 0.00122828
22 14 108 0.0366923 1.53276 0.962107 9.69201 0.00214075 0.00118483
22 15 90 0.0356327 1.63888 1.11985 9.88521 0.00165955 0.000915433
22 16 86 0.0421232 1.63938 1.13533 7.42749 0.00157995 0.000889601
22 17 81 0.0338054 1.8451 1.37522 10.4929 0.00132305 0.000725613
22 18 61 0.731037 1.78293 1.3777 -9.81767 0.00101414 0.000549
22 19 55 0.727182 1.77153 1.47617 -9.92375 0.000896816 0.000482926
22 20 32 0.732512 1.91052 1.8137 -10.6029 0.000465437 0.00025247
22 21 24 0.72015 2.07826 1.89719 -10.8944 0.000329363 0.000175644
22 22 28 0.0329948 1.84576 1.80963 9.72922 0.00041404 0.000226496
22 23 0 0 0 0 0 0 0
23 0 153 0.0378287 1.48725 0.0378402 9.72911 0.00349803 0.00194301
23 1 137 0.0412864 1.47121 0.0910678 8.38875 0.00315219 0.00177016
23 2 125 0.0421347 1.44015 0.135095 8.03569 0.00291327 0.00164039
23 3 133 0.0394518 1.53264 0.183329 8.95775 0.00296372 0.00165469
23 4 139 0.0374817 1.5161 0.279282 9.74426 0.00310018 0.00172013
23 5 154 0.0352075 1.51893 0.332662 10.7934 0.00341395 0.00188066
23 6 149 0.0390678 1.49654 0.402598 9.20754 0.00331091 0.00184629
23 7 132 0.0394298 1.60948 0.521355 8.89179 0.00275274 0.00153679
23 8 120 0.0389798 1.52924 0.53814 8.99105 0.00258195 0.00143939
23 9 120 0.0445482 1.62907 0.615752 7.13535 0.00244893 0.00138951
23 10 108 0.0341395 1.58761 0.657688 10.8544 0.00222622 0.00122224
23 11 125 0.0364818 1.67452 0.784836 9.90855 0.00243674 0.00134776
23 12 102 0.0328754 1.64144 0.80258 11.3679 0.00200698 0.00109748
23 13 100 0.732363 1.62078 0.901503 -9.17219 0.00194507 0.00105486
23 14 85 0.036155 1.73239 1.02974 9.59206 0.00154842 0.000855542
23 15 87 0.0343578 1.64044 1.00167 10.4501 0.00164566 0.000904121
23 16 74 0.723856 1.77277 1.1875 -9.5479 0.00128701 0.000689873
23 17 48 0.728604 1.84822 1.36609 -10.0633 0.00078487 0.000423471
23 18 44 0.0347165 1.96129 1.50269 9.39582 0.000676533 0.000372107
23 19 34 0.73192 1.77738 1.47828 -10.4276 0.000553216 0.000299842
23 20 31 0.71928 2.08304 1.72711 -10.6 0.000440412 0.00023458
23 21 13 0.6806 1.84813 1.80085 -11.2504 0.000192521 9.70294e-05
23 22 0 0 0 0 0 0 0
23 23 0 0 0 0 0 0 0
