#  ix    iy     NB       E/N    TB    UxB       UyB       muB       rhoB     epsilonB
0 0 22 0.005 0.0913343 0.0380614 202.794 0.000897258 0.000909792
0 1 15 0.005 0.0517944 0.0974134 198.367 0.000611047 0.000606056
0 2 13 0.005 -0.00179615 0.064367 197.518 0.000531686 0.000525088
0 3 13 0.005 0.0675165 0.0705913 199.236 0.000530263 0.000528239
0 4 0 0 0 0 0 0 0
0 5 21 0.005 0.00967282 0.297724 199.818 0.000824838 0.000824088
0 6 17 0.005 -0.00973348 0.307975 197.519 0.00066583 0.00065757
0 7 14 0.005 0.0131152 0.281579 200.794 0.000552249 0.000554441
0 8 10 0.005 0.0274523 0.378286 198.04 0.000383199 0.000379444
0 9 11 0.005 0.0950755 0.36736 198.474 0.000421494 0.000418278
0 10 17 0.005 -0.0342616 0.431227 198.201 0.000639455 0.000633704
0 11 23 0.005 0.0486928 0.512766 200.434 0.000837995 0.000839812
0 12 23 0.005 0.0244715 0.606015 201.207 0.000805969 0.000810834
0 13 32 0.005 -0.00552491 0.614516 197.181 0.00111735 0.0011016
0 14 19 0.005 0.00121832 0.777003 197.037 0.00061489 0.00060578
0 15 14 0.005 0.0578811 0.675827 200.004 0.000474841 0.000474851
0 16 21 0.005 -0.0427952 0.750403 198.574 0.000687988 0.000683084
0 17 17 0.005 0.0693678 0.949 202.209 0.000504736 0.000510311
0 18 19 0.005 0.0116001 1.04914 203.037 0.00053724 0.000545398
0 19 22 0.005 -0.00857413 0.916398 198.147 0.000664723 0.000658565
0 20 24 0.005 0.029265 0.992851 198.311 0.000697855 0.00069196
0 21 19 0.005 0.0657686 1.18164 200.044 0.000502579 0.00050269
0 22 15 0.005 0.0646941 1.14516 198.591 0.000403992 0.000401146
0 23 0 0 0 0 0 0 0
1 0 18 0.005 0.103945 0.0802961 201.709 0.000731423 0.000737671
1 1 18 0.005 0.0813955 0.0398719 197.432 0.000734693 0.000725259
1 2 15 0.005 0.00885371 0.193293 197.17 0.000603559 0.000595019
1 3 19 0.005 -0.0213877 0.177949 201.583 0.000766475 0.000772541
1 4 19 0.005 0.0351007 0.140596 200.251 0.000770639 0.000771605
1 5 18 0.005 0.181526 0.297029 197.739 0.000696699 0.000688821
1 6 18 0.005 0.0631565 0.293869 199.812 0.000706481 0.000705815
1 7 20 0.005 0.0840121 0.324475 203.805 0.000777179 0.000791963
1 8 19 0.005 0.122475 0.268909 205.26 0.00074677 0.00076641
1 9 15 0.005 0.0190421 0.398777 199.095 0.000570936 0.000568352
1 10 15 0.005 0.0739704 0.448644 199.25 0.000559619 0.000557521
1 11 15 0.005 0.0383525 0.509075 201.399 0.00054753 0.00055136
1 12 18 0.005 0.0401899 0.496284 196.875 0.000660375 0.000650055
1 13 15 0.005 0.0573297 0.544358 197.615 0.000539256 0.000532824
1 14 20 0.005 0.0663754 0.646999 196.19 0.000687125 0.000674037
1 15 25 0.005 0.064498 0.666114 195.823 0.000851502 0.000833717
1 16 22 0.005 0.0868375 0.898181 199.809 0.000669394 0.000668755
1 17 22 0.005 0.0758485 0.86878 198.542 0.000679533 0.000674578
1 18 28 0.005 0.106998 0.920088 197.194 0.000841868 0.000830055
1 19 17 0.005 0.102191 0.993146 198.577 0.000493053 0.000489545
1 20 24 0.005 0.0829152 1.02832 196.604 0.000684594 0.00067297
1 21 15 0.005 0.102736 1.14752 194.011 0.000402968 0.000390901
1 22 24 0.005 0.120023 1.17622 199.125 0.000635194 0.000632416
1 23 15 0.005 0.105142 1.25539 196.291 0.000382207 0.000375119
2 0 13 0.005 0.00773747 0.0481393 198.601 0.000532155 0.000528433
2 1 21 0.005 0.105085 0.0256202 198.081 0.000855665 0.000847456
2 2 19 0.005 0.0903108 0.0924458 198.538 0.000772266 0.00076662
2 3 21 0.005 0.135929 0.127117 200.56 0.000846127 0.000848495
2 4 26 0.005 0.0721048 0.143197 201.791 0.00105214 0.00106156
2 5 16 0.005 0.112617 0.205342 196.306 0.000638462 0.000626671
2 6 22 0.005 0.0369755 0.249115 204.592 0.000874338 0.000894412
2 7 13 0.005 0.0897725 0.2827 199.278 0.000510791 0.000508946
2 8 10 0.005 0.0871639 0.415299 200.422 0.000377273 0.000378069
2 9 15 0.005 0.0471213 0.410395 197.164 0.000568184 0.000560128
2 10 15 0.005 0.0739639 0.439138 198.594 0.000561586 0.000557639
2 11 14 0.005 0.120643 0.589936 202.793 0.000491538 0.000498402
2 12 11 0.005 0.17633 0.600714 199.967 0.000382112 0.00038205
2 13 14 0.005 0.125566 0.643537 202.771 0.000479827 0.000486476
2 14 17 0.005 0.049367 0.656696 196.895 0.000581878 0.000572845
2 15 23 0.005 0.114156 0.731046 197.041 0.000757754 0.000746542
2 16 12 0.005 0.120039 0.802196 197.882 0.000381952 0.000377908
2 17 11 0.005 0.135664 0.904204 195.169 0.000332711 0.000324674
2 18 21 0.005 0.151151 0.828959 196.412 0.000658156 0.000646349
2 19 21 0.005 0.121298 0.997456 198.572 0.000607115 0.00060278
2 20 20 0.005 0.108692 1.10783 196.656 0.000547776 0.000538617
2 21 19 0.005 0.159942 1.13825 196.937 0.000511103 0.000503275
2 22 17 0.005 0.11497 1.07453 194.925 0.000473202 0.000461194
2 23 18 0.005 0.0846124 1.35155 196.492 0.000438221 0.000430535
3 0 15 0.005 0.120552 0.00834055 200.21 0.000610314 0.000610955
3 1 20 0.005 0.207408 0.073908 205.391 0.000800498 0.000822073
3 2 0 0 0 0 0 0 0
3 3 23 0.005 0.13326 0.10863 199.841 0.000928993 0.000928254
3 4 11 0.005 0.0367697 0.254512 203.456 0.000436614 0.000444158
3 5 22 0.005 0.0990834 0.234517 199.256 0.000873767 0.000870516
3 6 16 0.005 0.147636 0.316183 197.922 0.000619125 0.000612693
3 7 13 0.005 0.213829 0.413854 197.767 0.000482957 0.000477565
3 8 17 0.005 0.0847885 0.357884 199.021 0.000653897 0.000650697
3 9 15 0.005 0.191361 0.404956 197.619 0.000561049 0.000554371
3 10 17 0.005 0.12964 0.510563 202.963 0.000616427 0.00062556
3 11 18 0.005 0.130219 0.477944 199.735 0.000661044 0.000660168
3 12 15 0.005 0.145575 0.569902 200.366 0.000529886 0.000530854
3 13 18 0.005 0.179525 0.575657 199.606 0.000631739 0.000630495
3 14 18 0.005 0.0914547 0.656558 197.804 0.000614875 0.000608125
3 15 11 0.005 0.0928706 0.616585 199.916 0.000382545 0.000382385
3 16 23 0.005 0.116619 0.804902 199.375 0.000731294 0.000729007
3 17 22 0.005 0.201211 0.805371 198.292 0.000693752 0.000687827
3 18 25 0.005 0.165316 0.907376 195.011 0.000753159 0.000734371
3 19 16 0.005 0.131636 0.888088 198.22 0.000487942 0.000483599
3 20 16 0.005 0.20267 1.07269 204.578 0.00044293 0.00045307
3 21 20 0.005 0.137029 0.984018 199.671 0.000581479 0.000580522
3 22 32 0.005 0.201974 1.24015 196.201 0.000816683 0.000801172
3 23 16 0.005 0.184819 1.10944 195.29 0.000435708 0.000425446
4 0 17 0.005 0.150463 0.0688587 197.297 0.000687374 0.000678086
4 1 22 0.005 0.289236 0.0370589 202.135 0.000865589 0.000874829
4 2 15 0.005 0.202448 0.128702 198.375 0.000597793 0.000592937
4 3 18 0.005 0.199746 0.190484 200.988 0.000711115 0.000714629
4 4 13 0.005 0.156758 0.210533 197.036 0.00051533 0.000507693
4 5 18 0.005 0.175946 0.20848 197.596 0.000711698 0.000703145
4 6 12 0.005 0.210857 0.211681 199.147 0.00047122 0.000469209
4 7 14 0.005 0.234396 0.404625 194.833 0.000519752 0.000506324
4 8 23 0.005 0.143858 0.307729 195.888 0.000892533 0.000874183
4 9 17 0.005 0.228856 0.381945 197.382 0.000636479 0.000628147
4 10 14 0.005 0.219313 0.431274 203.025 0.000516492 0.000524304
4 11 15 0.005 0.173754 0.562256 198.013 0.000529818 0.000524554
4 12 18 0.005 0.201165 0.532431 201.646 0.000641131 0.000646409
4 13 18 0.005 0.0941536 0.663455 196.389 0.000612834 0.000601768
4 14 25 0.005 0.187072 0.69719 198.873 0.00083076 0.000826081
4 15 26 0.005 0.190931 0.765991 200.751 0.000836369 0.000839509
4 16 25 0.005 0.219883 0.790842 198.882 0.000791956 0.00078753
4 17 20 0.005 0.245501 0.847836 200.434 0.000614526 0.000615858
4 18 22 0.005 0.276261 0.984692 201.607 0.000630357 0.00063542
4 19 20 0.005 0.24836 0.932494 199.712 0.000589825 0.000588977
4 20 13 0.005 0.272829 1.0534 195.577 0.000360511 0.000352538
4 21 23 0.005 0.267358 1.13476 195.103 0.000613704 0.000598676
4 22 16 0.005 0.245181 1.23056 194.212 0.00040869 0.000396862
4 23 16 0.005 0.261844 1.38621 196.736 0.000379213 0.000373025
5 0 16 0.005 0.260124 -0.0998959 195.144 0.000631673 0.000616337
5 1 16 0.005 0.193509 0.0555681 199.705 0.000642839 0.00064189
5 2 16 0.005 0.251314 0.104401 200.089 0.000632727 0.000633009
5 3 11 0.005 0.306715 0.224287 202.219 0.000421423 0.000426099
5 4 16 0.005 0.232219 0.198975 195.355 0.000627072 0.000612509
5 5 13 0.005 0.212081 0.27042 200.304 0.000503863 0.000504628
5 6 16 0.005 0.249295 0.286028 195.62 0.000613091 0.000599663
5 7 16 0.005 0.278094 0.391662 200.198 0.000591082 0.000591667
5 8 21 0.005 0.278376 0.323125 200.108 0.00079166 0.000792088
5 9 10 0.005 0.296811 0.32567 201.253 0.000375042 0.000377391
5 10 12 0.005 0.181051 0.485279 199.289 0.000436701 0.00043515
5 11 18 0.005 0.31702 0.516542 197.713 0.000630882 0.000623668
5 12 22 0.005 0.303546 0.514788 195.753 0.000773962 0.000757528
5 13 20 0.005 0.321171 0.621349 197.831 0.000671676 0.000664393
5 14 17 0.005 0.3305 0.626098 197.449 0.000568638 0.000561384
5 15 24 0.005 0.220097 0.807794 194.064 0.000754176 0.000731792
5 16 18 0.005 0.305915 0.825519 197.412 0.000553701 0.000546536
5 17 17 0.005 0.242707 0.911608 197.524 0.000506799 0.000500523
5 18 17 0.005 0.271486 0.984789 199.027 0.000487383 0.000485012
5 19 17 0.005 0.261289 0.92181 196.226 0.000503077 0.000493582
5 20 18 0.005 0.252108 1.13542 201.532 0.000480947 0.000484631
5 21 27 0.005 0.285261 1.16396 198.519 0.000708958 0.000703707
5 22 27 0.005 0.280739 1.24827 198.755 0.000681427 0.000677184
5 23 24 0.005 0.291729 1.2127 196.397 0.000615265 0.000604181
6 0 22 0.005 0.259758 0.0139468 198.088 0.000872599 0.000864256
6 1 18 0.005 0.263806 0.115321 201.44 0.000708908 0.000714012
6 2 12 0.005 0.354442 0.222987 199.228 0.000453636 0.000451885
6 3 0 0 0 0 0 0 0
6 4 16 0.005 0.152817 0.209517 200.141 0.000634742 0.000635188
6 5 19 0.005 0.217945 0.225538 196.761 0.000743002 0.000730969
6 6 12 0.005 0.22644 0.335041 195.628 0.000455935 0.000445967
6 7 16 0.005 0.233552 0.347921 198.304 0.000604785 0.000599658
6 8 18 0.005 0.239907 0.463185 197.965 0.000654068 0.000647412
6 9 14 0.005 0.220743 0.453581 201.328 0.000512282 0.000515683
6 10 17 0.005 0.31553 0.401785 204.376 0.000620445 0.000634021
6 11 13 0.005 0.3008 0.452222 197.828 0.000468189 0.000463104
6 12 25 0.005 0.353908 0.563462 197.04 0.000853014 0.000840389
6 13 25 0.005 0.367146 0.709316 195.513 0.000800577 0.000782616
6 14 29 0.005 0.318591 0.595393 198.538 0.000984983 0.000977783
6 15 22 0.005 0.368116 0.770808 202.178 0.000685572 0.000693039
6 16 19 0.005 0.298147 0.833465 194.82 0.00058307 0.000567967
6 17 25 0.005 0.381066 0.830177 197.792 0.000756489 0.000748139
6 18 23 0.005 0.321208 0.938662 200.107 0.000669173 0.000669531
6 19 16 0.005 0.267761 0.917504 201.56 0.00047404 0.000477737
6 20 22 0.005 0.344766 0.979706 197.329 0.000625372 0.000617019
6 21 22 0.005 0.335652 1.13889 198.609 0.000580829 0.000576789
6 22 19 0.005 0.41203 1.21154 200.726 0.000479467 0.000481207
6 23 20 0.005 0.351603 1.33791 195.773 0.000480201 0.000470052
7 0 20 0.005 0.301143 0.0694784 198.849 0.000783125 0.000778619
7 1 18 0.005 0.274405 0.137564 199.171 0.000705229 0.000702307
7 2 13 0.005 0.386955 0.137169 201.716 0.000492867 0.000497096
7 3 24 0.005 0.388284 0.144625 198.999 0.000908692 0.000904143
7 4 20 0.005 0.365301 0.216001 198.177 0.000754537 0.000747661
7 5 21 0.005 0.345687 0.25066 199.794 0.000791517 0.000790703
7 6 21 0.005 0.332227 0.289108 198.075 0.000787653 0.000780072
7 7 19 0.005 0.319307 0.387512 199.074 0.00069589 0.000692667
7 8 15 0.005 0.285319 0.439882 193.993 0.000544456 0.000528105
7 9 20 0.005 0.319918 0.419391 198.05 0.000724994 0.000717924
7 10 21 0.005 0.353808 0.475571 197.509 0.000740365 0.000731144
7 11 21 0.005 0.249339 0.478833 199.911 0.000757339 0.000757002
7 12 16 0.005 0.333561 0.610358 198.309 0.000538323 0.000533771
7 13 16 0.005 0.408157 0.535784 196.539 0.000543875 0.000534463
7 14 25 0.005 0.280567 0.614015 198.15 0.000849199 0.000841342
7 15 22 0.005 0.358596 0.79898 198.157 0.000678296 0.000672047
7 16 17 0.005 0.3572 0.823472 196.803 0.000518485 0.000510196
7 17 21 0.005 0.36564 0.793418 198.786 0.000648154 0.000644221
7 18 18 0.005 0.433629 0.912135 203.641 0.000519044 0.000528493
7 19 31 0.005 0.334998 0.936974 195.465 0.000900595 0.000880172
7 20 25 0.005 0.436815 1.06233 198.181 0.000672772 0.000666653
7 21 15 0.005 0.350435 1.22719 199.387 0.00037916 0.000377999
7 22 26 0.005 0.378526 1.13271 196.018 0.000684085 0.000670464
7 23 11 0.005 0.369202 1.23291 202.19 0.000276603 0.000279632
8 0 15 0.005 0.336466 0.0881422 203.903 0.000580635 0.000591965
8 1 18 0.005 0.399526 0.103822 201.883 0.000681892 0.000688311
8 2 24 0.005 0.293121 0.109887 197.108 0.000938688 0.000925114
8 3 21 0.005 0.464335 0.108547 197.852 0.000776852 0.00076851
8 4 17 0.005 0.371173 0.168051 198.758 0.00064522 0.000641214
8 5 22 0.005 0.395088 0.214279 201.691 0.000822392 0.000829346
8 6 20 0.005 0.390997 0.318049 198.288 0.000731957 0.000725691
8 7 20 0.005 0.404075 0.402455 198.05 0.000712019 0.000705078
8 8 23 0.005 0.419422 0.370353 198.8 0.000822608 0.000817673
8 9 16 0.005 0.292054 0.318054 196.368 0.000602011 0.000591078
8 10 12 0.005 0.372416 0.410396 197.606 0.000430164 0.000425015
8 11 22 0.005 0.385359 0.54309 199.542 0.000750468 0.000748751
8 12 33 0.005 0.35508 0.50449 200.892 0.00115104 0.00115617
8 13 28 0.005 0.372759 0.654656 201.677 0.000916561 0.000924247
8 14 22 0.005 0.421382 0.778743 201.426 0.000675049 0.000679862
8 15 25 0.005 0.451035 0.712075 202.016 0.000783413 0.00079131
8 16 23 0.005 0.37676 0.85639 198.938 0.00068833 0.000684675
8 17 26 0.005 0.400421 0.853493 196.135 0.00077534 0.000760356
8 18 19 0.005 0.397174 0.889045 197.934 0.000557895 0.000552133
8 19 18 0.005 0.459982 1.07262 201.234 0.000479991 0.000482952
8 20 13 0.005 0.350345 1.07943 195.668 0.000352237 0.000344607
8 21 17 0.005 0.397193 1.06738 201.039 0.000459697 0.000462085
8 22 14 0.005 0.482997 1.41681 196.91 0.000318729 0.000313805
8 23 24 0.005 0.475991 1.37184 197.465 0.000557885 0.000550812
9 0 25 0.005 0.377399 -0.0702544 198.337 0.000956531 0.000948579
9 1 22 0.005 0.415859 0.124442 202.318 0.000827079 0.000836664
9 2 20 0.005 0.345569 0.139238 202.182 0.000768096 0.000776475
9 3 23 0.005 0.426607 0.119983 199.029 0.00086179 0.000857605
9 4 16 0.005 0.423003 0.199393 201.242 0.000593996 0.000597686
9 5 20 0.005 0.401989 0.255567 200.916 0.000740004 0.000743392
9 6 18 0.005 0.420105 0.31246 201.802 0.000653548 0.000659437
9 7 21 0.005 0.351326 0.327212 201.068 0.00077587 0.000780015
9 8 22 0.005 0.408666 0.370725 197.897 0.000789442 0.000781142
9 9 25 0.005 0.385071 0.426507 197.663 0.00088837 0.00087799
9 10 17 0.005 0.500288 0.525484 199.837 0.000563926 0.000563466
9 11 30 0.005 0.423674 0.450283 197.577 0.00104577 0.0010331
9 12 28 0.005 0.505677 0.661088 200.841 0.000882007 0.000885717
9 13 19 0.005 0.505254 0.697756 196.421 0.000589959 0.000579401
9 14 30 0.005 0.405116 0.673278 197.232 0.000966762 0.000953384
9 15 20 0.005 0.497048 0.724612 198.38 0.000615735 0.000610748
9 16 26 0.005 0.489404 0.779925 199.493 0.000783892 0.000781905
9 17 14 0.005 0.378876 0.691225 201.945 0.000450611 0.000454994
9 18 23 0.005 0.52727 1.00188 196.07 0.000624023 0.000611761
9 19 28 0.005 0.386809 0.987315 198.033 0.000787316 0.000779573
9 20 15 0.005 0.471858 1.07293 196.781 0.000399004 0.000392581
9 21 24 0.005 0.494494 1.17605 198.666 0.000606791 0.000602744
9 22 16 0.005 0.55812 1.19926 198.355 0.000395445 0.000392193
9 23 22 0.005 0.605776 1.34689 197.527 0.000505529 0.000499279
10 0 15 0.005 0.504053 -0.043117 201.072 0.000548554 0.000551493
10 1 13 0.005 0.500589 0.0119555 196.388 0.0004764 0.000467797
10 2 21 0.005 0.418325 0.10445 200.849 0.000790323 0.000793679
10 3 15 0.005 0.37584 0.200214 194.072 0.000565606 0.000548842
10 4 19 0.005 0.478221 0.134289 199.61 0.000697393 0.000696035
10 5 18 0.005 0.486579 0.264403 202.026 0.000645357 0.000651894
10 6 27 0.005 0.449734 0.289587 195.989 0.000975737 0.000956167
10 7 0 0 0 0 0 0 0
10 8 23 0.005 0.448531 0.423732 196.639 0.000802202 0.000788723
10 9 24 0.005 0.44561 0.321626 199.343 0.000862013 0.000859181
10 10 19 0.005 0.377192 0.479837 201.112 0.000664668 0.000668363
10 11 23 0.005 0.486789 0.467793 200.336 0.000781246 0.000782558
10 12 19 0.005 0.44598 0.595222 199.491 0.000624816 0.000623225
10 13 19 0.005 0.476083 0.625791 197.131 0.000612123 0.000603342
10 14 26 0.005 0.512864 0.682271 201.339 0.000810487 0.000815914
10 15 21 0.005 0.486429 0.794615 199.314 0.000629706 0.000627546
10 16 20 0.005 0.525555 0.780127 200.355 0.000597045 0.000598104
10 17 19 0.005 0.640502 0.952759 199.866 0.000511455 0.000511113
10 18 26 0.005 0.521642 1.01267 194.438 0.000702984 0.000683435
10 19 14 0.005 0.621633 0.986958 196.989 0.000373452 0.00036783
10 20 22 0.005 0.581955 1.15658 195.759 0.000551139 0.000539452
10 21 17 0.005 0.586721 1.06246 198.306 0.000443039 0.000439286
10 22 17 0.005 0.616111 1.46756 194.826 0.000370653 0.000361064
10 23 19 0.005 0.734534 1.47511 201.31 0.000403977 0.000406623
11 0 25 0.005 0.486025 0.0563874 202.481 0.000920332 0.000931747
11 1 20 0.005 0.500031 0.155091 201.005 0.000726175 0.000729824
11 2 27 0.005 0.457314 0.102128 200.121 0.00100201 0.00100261
11 3 18 0.005 0.516477 0.17983 202.533 0.000647237 0.000655435
11 4 31 0.005 0.534353 0.198925 201.692 0.00110369 0.00111303
11 5 23 0.005 0.551258 0.267708 198.122 0.00080371 0.000796163
11 6 20 0.005 0.533241 0.366271 205.225 0.000688217 0.000706195
11 7 19 0.005 0.493233 0.275203 198.162 0.000678014 0.000671785
11 8 25 0.005 0.536775 0.308189 198.613 0.000871209 0.000865167
11 9 16 0.005 0.474319 0.496968 199.175 0.000540484 0.000538254
11 10 16 0.005 0.538765 0.532677 198.515 0.000522668 0.000518788
11 11 23 0.005 0.512624 0.539593 197.71 0.000756172 0.000747514
11 12 23 0.005 0.571283 0.552027 198.516 0.000738071 0.000732593
11 13 33 0.005 0.578566 0.718763 199.263 0.000993983 0.000990321
11 14 17 0.005 0.551405 0.790404 196.851 0.000501669 0.000493771
11 15 19 0.005 0.538907 0.706405 199.69 0.000582112 0.000581209
11 16 27 0.005 0.625643 0.877613 197.425 0.000752632 0.000742941
11 17 26 0.005 0.608426 0.880412 197.21 0.00072751 0.00071736
11 18 19 0.005 0.502319 0.865309 197.797 0.000550467 0.000544403
11 19 18 0.005 0.685753 1.01053 194.959 0.000467367 0.000455588
11 20 22 0.005 0.676215 1.20942 202.438 0.000527647 0.000534079
11 21 22 0.005 0.808776 1.37375 197.253 0.000479127 0.000472547
11 22 17 0.005 0.66086 1.17392 200.164 0.000415273 0.000415614
11 23 19 0.005 0.650693 1.34479 194.611 0.000433149 0.000421477
12 0 15 0.005 0.596709 0.0041172 196.242 0.000527909 0.000517989
12 1 22 0.005 0.489257 0.103434 199.054 0.000806428 0.000802612
12 2 20 0.005 0.587111 0.16905 195.818 0.000699457 0.000684831
12 3 18 0.005 0.610651 0.142579 195.959 0.000624989 0.00061236
12 4 18 0.005 0.575332 0.176058 199.188 0.000632111 0.000629546
12 5 20 0.005 0.478272 0.260694 196.691 0.000719813 0.000707904
12 6 14 0.005 0.579048 0.247831 195.924 0.000485494 0.000475599
12 7 16 0.005 0.526116 0.235561 197.203 0.000568109 0.000560162
12 8 22 0.005 0.606816 0.467848 200.718 0.000715698 0.000718267
12 9 24 0.005 0.569796 0.420812 200.882 0.000802643 0.000806182
12 10 14 0.005 0.490492 0.435319 194.041 0.000479797 0.000465502
12 11 24 0.005 0.529218 0.554798 198.781 0.000780573 0.000775816
12 12 13 0.005 0.60127 0.666759 200.056 0.000396445 0.000396557
12 13 16 0.005 0.596963 0.644822 198.728 0.000492582 0.000489448
12 14 14 0.005 0.590569 0.697887 200.834 0.000423471 0.000425236
12 15 24 0.005 0.611008 0.749571 194.472 0.000707066 0.000687522
12 16 18 0.005 0.603581 0.868024 200.726 0.000506924 0.000508763
12 17 19 0.005 0.619333 0.843778 200.616 0.000537918 0.000539575
12 18 24 0.005 0.654832 0.95257 194.428 0.000643527 0.000625598
12 19 20 0.005 0.702554 1.04285 198.511 0.000510196 0.000506399
12 20 27 0.005 0.623591 0.993773 194.283 0.00071781 0.000697291
12 21 14 0.005 0.680937 1.15436 199.611 0.000343126 0.000342459
12 22 14 0.005 0.772076 1.28206 196.155 0.000318772 0.000312643
12 23 14 0.005 0.703447 1.38837 195.732 0.00031015 0.000303532
13 0 27 0.005 0.556566 -0.0410522 198.44 0.000966269 0.000958731
13 1 23 0.005 0.586744 0.0403744 199.859 0.000812516 0.000811943
13 2 23 0.005 0.597691 0.129186 197.773 0.000804186 0.000795232
13 3 23 0.005 0.572887 0.113053 198.416 0.000814005 0.000807557
13 4 29 0.005 0.542791 0.202231 198.063 0.00102845 0.00101849
13 5 17 0.005 0.624799 0.298056 198.925 0.000572854 0.000569775
13 6 21 0.005 0.670907 0.337948 200.955 0.000688123 0.00069141
13 7 19 0.005 0.636514 0.313728 199.169 0.00063504 0.000632402
13 8 21 0.005 0.636088 0.366304 197.854 0.00069381 0.000686364
13 9 17 0.005 0.52409 0.453766 198.466 0.00057259 0.000568198
13 10 33 0.005 0.690201 0.497601 198.42 0.00103005 0.00102191
13 11 24 0.005 0.651977 0.498318 199.949 0.000760365 0.000760171
13 12 18 0.005 0.68904 0.531434 196.478 0.000556509 0.00054671
13 13 26 0.005 0.609993 0.696662 197.335 0.000781857 0.000771439
13 14 19 0.005 0.670382 0.705442 198.709 0.000558051 0.000554448
13 15 28 0.005 0.635159 0.716209 201.921 0.000828948 0.000836912
13 16 21 0.005 0.800379 0.875306 195.487 0.000554769 0.00054225
13 17 21 0.005 0.721115 0.898669 197.768 0.000564123 0.000557827
13 18 25 0.005 0.72402 0.943971 202.354 0.000659274 0.000667033
13 19 27 0.005 0.781681 1.14794 196.356 0.00064659 0.00063481
13 20 18 0.005 0.857132 1.16975 198.373 0.000418786 0.000415378
13 21 14 0.005 0.756437 1.22877 192.677 0.000326826 0.00031486
13 22 0 0 0 0 0 0 0
13 23 21 0.005 0.875649 1.49959 197.981 0.000429494 0.000425159
14 0 22 0.005 0.630571 0.0192443 200.685 0.000762572 0.000765183
14 1 20 0.005 0.667292 0.0422917 195.697 0.00068139 0.000666729
14 2 18 0.005 0.706374 0.126257 200.058 0.000599363 0.000599538
14 3 29 0.005 0.704529 0.188323 197.413 0.000960292 0.000947872
14 4 14 0.005 0.677408 0.267803 198.365 0.000463775 0.000459983
14 5 21 0.005 0.655704 0.220477 199.975 0.000707799 0.000707711
14 6 22 0.005 0.669751 0.373485 199.939 0.000715484 0.000715265
14 7 19 0.005 0.691831 0.340195 198.355 0.000616695 0.000611622
14 8 17 0.005 0.714594 0.415589 200.384 0.000536996 0.000538025
14 9 23 0.005 0.697493 0.425709 201.296 0.000729921 0.00073465
14 10 24 0.005 0.744184 0.48701 199.611 0.000734979 0.000733549
14 11 24 0.005 0.681465 0.50458 200.913 0.000750212 0.000753639
14 12 23 0.005 0.679782 0.615966 200.871 0.000694624 0.000697651
14 13 12 0.005 0.687584 0.632418 195.32 0.000359381 0.000350971
14 14 22 0.005 0.856258 0.858441 205.31 0.000573688 0.000588918
14 15 25 0.005 0.757843 0.820182 196.13 0.000683512 0.000670288
14 16 17 0.005 0.762709 0.88736 196.033 0.000452652 0.000443673
14 17 29 0.005 0.737654 0.954162 198.866 0.000758615 0.000754313
14 18 19 0.005 0.753473 1.00189 197.197 0.000485591 0.000478785
14 19 17 0.005 0.810012 1.03312 199.105 0.000422181 0.000420292
14 20 19 0.005 0.798295 1.12007 193.651 0.000457907 0.00044337
14 21 18 0.005 0.841121 1.18678 196.754 0.000417915 0.000411133
14 22 24 0.005 0.848813 1.25251 198.497 0.000542341 0.000538266
14 23 11 0.005 0.866384 1.29295 194.956 0.000243692 0.000237546
15 0 17 0.005 0.715241 0.0380454 200.877 0.000566418 0.000568901
15 1 27 0.005 0.756266 0.0986765 203.714 0.000879864 0.000896205
15 2 18 0.005 0.790598 0.191283 196.599 0.000572288 0.000562557
15 3 23 0.005 0.681105 0.15824 198.51 0.000772501 0.000766744
15 4 23 0.005 0.723539 0.177492 200.414 0.000755912 0.000757478
15 5 15 0.005 0.663725 0.24695 197.403 0.000501691 0.000495177
15 6 22 0.005 0.78644 0.321928 198.896 0.000687069 0.000683276
15 7 29 0.005 0.747545 0.352618 197.071 0.000916104 0.000902687
15 8 22 0.005 0.709296 0.406138 199.813 0.000698117 0.000697463
15 9 22 0.005 0.736262 0.499754 196.365 0.000673571 0.00066133
15 10 22 0.005 0.834657 0.643095 199.273 0.000620681 0.000618424
15 11 25 0.005 0.805402 0.579388 197.996 0.000727344 0.000720056
15 12 24 0.005 0.80161 0.666886 198.682 0.000680812 0.000676326
15 13 25 0.005 0.861035 0.754631 200.417 0.000674007 0.000675412
15 14 21 0.005 0.740626 0.690665 196.687 0.000604726 0.000594709
15 15 25 0.005 0.857403 0.808981 197.581 0.000662809 0.000654792
15 16 22 0.005 0.751063 0.861175 196.414 0.000593786 0.000583138
15 17 24 0.005 0.841471 0.934556 197.821 0.000612193 0.000605522
15 18 16 0.005 0.96988 1.14282 197.997 0.000363923 0.000360277
15 19 18 0.005 0.9217 1.10117 200.381 0.000421573 0.000422377
15 20 11 0.005 0.846325 1.16095 195.997 0.000257545 0.00025239
15 21 13 0.005 0.90904 1.33514 199.497 0.000280455 0.00027975
15 22 12 0.005 1.07433 1.39497 197.887 0.00024288 0.000240314
15 23 14 0.005 1.08746 1.58343 194.71 0.000264948 0.00025794
16 0 26 0.005 0.797052 0.0420131 197.44 0.000832821 0.000822162
16 1 19 0.005 0.774182 0.0881435 199.15 0.000614241 0.000611632
16 2 21 0.005 0.810022 0.091178 199.752 0.000667105 0.000666278
16 3 27 0.005 0.743545 0.152881 199.619 0.000881381 0.000879702
16 4 18 0.005 0.757702 0.280529 199.33 0.000573814 0.000571893
16 5 32 0.005 0.850448 0.254574 197.415 0.000980772 0.000968094
16 6 25 0.005 0.770046 0.387554 199.151 0.000776033 0.00077274
16 7 30 0.005 0.798955 0.36777 200.157 0.000923221 0.000923946
16 8 25 0.005 0.76698 0.450677 198.202 0.000765522 0.000758641
16 9 23 0.005 0.753427 0.41609 198.313 0.00071444 0.000708414
16 10 17 0.005 0.751346 0.56443 199.923 0.000507718 0.000507522
16 11 24 0.005 0.839391 0.563582 196.705 0.000691686 0.000680292
16 12 26 0.005 0.900859 0.677995 196.75 0.000707056 0.000695565
16 13 24 0.005 0.843551 0.719772 195.594 0.000658723 0.000644211
16 14 19 0.005 0.818972 0.701456 195.045 0.000529493 0.000516376
16 15 23 0.005 0.849271 0.745178 196.964 0.00062474 0.000615256
16 16 13 0.005 0.925217 0.934395 203.363 0.000322509 0.000327933
16 17 24 0.005 0.971783 1.02877 197.179 0.000567627 0.000559619
16 18 19 0.005 0.9683 1.1349 196.808 0.000433569 0.00042665
16 19 16 0.005 0.944758 1.05404 195.952 0.000378365 0.000370707
16 20 10 0.005 1.0698 1.078 197.443 0.000225383 0.000222502
16 21 16 0.005 1.03599 1.27574 195.519 0.000340866 0.00033323
16 22 15 0.005 1.08586 1.45632 196.22 0.000296462 0.000290858
16 23 0 0 0 0 0 0 0
17 0 25 0.005 0.951555 -0.0598821 199.396 0.000741553 0.000739313
17 1 26 0.005 0.804614 0.086891 199.008 0.000828306 0.000824195
17 2 25 0.005 0.835576 0.176877 198.851 0.0007791 0.000774624
17 3 26 0.005 0.872836 0.198478 197.465 0.000793959 0.000783897
17 4 24 0.005 0.864318 0.224326 198.975 0.000733674 0.000729912
17 5 28 0.005 1.00025 0.311572 199.449 0.000792335 0.00079015
17 6 25 0.005 0.918142 0.392915 199.901 0.000724972 0.000724612
17 7 25 0.005 0.841355 0.383354 201.18 0.00075231 0.00075675
17 8 21 0.005 1.04502 0.489506 198.18 0.00056363 0.000558503
17 9 26 0.005 0.942967 0.545303 200.75 0.000720617 0.000723319
17 10 15 0.005 1.0365 0.557794 199.357 0.00039803 0.000396751
17 11 19 0.005 0.866485 0.630191 197.331 0.000531316 0.000524226
17 12 30 0.005 0.876468 0.689952 199.593 0.000820725 0.000819055
17 13 23 0.005 0.938104 0.710017 199.271 0.000610478 0.000608253
17 14 18 0.005 0.881411 0.712995 194.375 0.000487996 0.000474272
17 15 13 0.005 1.09261 0.833047 195.035 0.000313526 0.000305743
17 16 28 0.005 0.913345 0.85189 197.651 0.000717225 0.0007088
17 17 23 0.005 1.05361 1.07562 201.77 0.000521508 0.000526124
17 18 18 0.005 0.986408 0.995376 197.976 0.000428509 0.000424173
17 19 13 0.005 1.07013 1.15736 196.784 0.000285413 0.000280823
17 20 18 0.005 1.01871 1.16884 196.053 0.000399844 0.000391953
17 21 10 0.005 1.19981 1.3623 197.129 0.000197746 0.000194908
17 22 17 0.005 1.10791 1.38629 198.5 0.000342037 0.000339472
17 23 0 0 0 0 0 0 0
18 0 28 0.005 0.923802 0.0557359 197.231 0.000842207 0.000830548
18 1 25 0.005 1.00651 0.0465446 197.46 0.000721752 0.000712587
18 2 22 0.005 0.938267 0.203556 200.435 0.000650401 0.000651815
18 3 22 0.005 0.913217 0.171754 200.88 0.000660499 0.000663405
18 4 22 0.005 0.916112 0.20911 197.874 0.000657066 0.000650081
18 5 32 0.005 0.950161 0.255467 201.152 0.000934846 0.00094023
18 6 30 0.005 0.950321 0.271379 198.073 0.00087449 0.000866063
18 7 26 0.005 0.892563 0.42462 197.069 0.00075785 0.000746745
18 8 20 0.005 1.00278 0.4967 201.064 0.000546172 0.000549077
18 9 21 0.005 0.989246 0.525333 198.722 0.000573187 0.000569525
18 10 34 0.005 1.03067 0.565593 198.468 0.000902824 0.00089591
18 11 22 0.005 1.06417 0.667415 203.125 0.000561565 0.00057034
18 12 30 0.005 1.00112 0.659896 200.511 0.000787481 0.000789494
18 13 13 0.005 0.96 0.629399 197.84 0.000349962 0.000346182
18 14 29 0.005 0.991275 0.76146 198.477 0.000742473 0.00073682
18 15 16 0.005 1.13604 0.848172 201.98 0.000377963 0.000381705
18 16 18 0.005 1.07884 0.911348 194.453 0.000426309 0.000414484
18 17 21 0.005 1.18991 1.01023 203.096 0.000464274 0.000471461
18 18 18 0.005 1.10765 1.04807 196.26 0.000404543 0.000396978
18 19 15 0.005 1.14646 1.22154 196.042 0.000315091 0.000308855
18 20 11 0.005 1.37484 1.32412 197.67 0.000209209 0.000206772
18 21 10 0.005 1.09157 1.26124 191.895 0.000210734 0.000202194
18 22 11 0.005 1.25954 1.46688 197.673 0.000207108 0.000204698
18 23 0 0 0 0 0 0 0
19 0 18 0.005 1.10386 -0.046897 197.469 0.000495035 0.000488771
19 1 34 0.005 1.03051 0.0726074 198.469 0.000969158 0.00096174
19 2 29 0.005 0.95532 0.0488432 200.331 0.000858858 0.000860279
19 3 25 0.005 0.991442 0.171669 199.36 0.000722254 0.000719943
19 4 30 0.005 1.05351 0.285414 199.794 0.000830568 0.000829714
19 5 30 0.005 1.00833 0.355926 202.595 0.000839804 0.0008507
19 6 26 0.005 1.02411 0.326889 200.073 0.000725762 0.000726028
19 7 28 0.005 0.942508 0.388355 194.614 0.000803609 0.000781969
19 8 24 0.005 0.99427 0.456779 196.09 0.000663567 0.000650595
19 9 24 0.005 0.997769 0.535423 198.534 0.000651092 0.000646321
19 10 17 0.005 1.12301 0.526221 196.407 0.000437328 0.000429473
19 11 20 0.005 1.0721 0.632423 196.836 0.000513364 0.000505243
19 12 23 0.005 1.04985 0.673167 201.139 0.000589676 0.000593035
19 13 19 0.005 1.19645 0.755628 197.945 0.000449392 0.000444774
19 14 23 0.005 1.14205 0.900521 196.151 0.000534065 0.000523786
19 15 24 0.005 1.19609 0.911959 198.611 0.000544577 0.000540795
19 16 17 0.005 1.17278 0.920728 197.509 0.000388078 0.000383245
19 17 17 0.005 1.23481 1.10986 197.795 0.000359472 0.000355509
19 18 17 0.005 1.1152 1.08403 198.337 0.00037681 0.000373676
19 19 16 0.005 1.3034 1.24267 195.403 0.000318339 0.000311022
19 20 11 0.005 1.26292 1.19893 192.6 0.000224502 0.000216196
19 21 0 0 0 0 0 0 0
19 22 0 0 0 0 0 0 0
19 23 0 0 0 0 0 0 0
20 0 40 0.005 1.11302 0.0472278 200.14 0.00109508 0.00109585
20 1 25 0.005 1.06999 0.132782 198.728 0.000696741 0.00069231
20 2 23 0.005 1.02598 0.14642 197.255 0.000654526 0.000645543
20 3 35 0.005 1.12025 0.172473 198.231 0.000948992 0.000940597
20 4 21 0.005 0.999458 0.237329 200.228 0.000600341 0.000601025
20 5 23 0.005 1.04467 0.293626 197.581 0.000638785 0.000631059
20 6 23 0.005 1.12164 0.321136 198.607 0.00061344 0.000609168
20 7 20 0.005 1.16839 0.431545 199.319 0.00051316 0.000511414
20 8 15 0.005 1.36313 0.563459 195.759 0.000344975 0.00033766
20 9 27 0.005 1.18099 0.555342 199.356 0.000673038 0.00067087
20 10 23 0.005 1.18005 0.493634 202.076 0.000580563 0.00058659
20 11 22 0.005 1.27951 0.654567 199.396 0.000514962 0.000513406
20 12 13 0.005 1.21247 0.720821 198.532 0.000308136 0.000305873
20 13 25 0.005 1.13392 0.830145 197.207 0.000594035 0.000585739
20 14 29 0.005 1.18025 0.869076 197.685 0.00066984 0.000662088
20 15 21 0.005 1.20869 0.917716 197.432 0.00047355 0.00046747
20 16 14 0.005 1.22396 1.03468 198.764 0.00030373 0.000301852
20 17 19 0.005 1.29713 1.05274 199.154 0.000399943 0.00039825
20 18 18 0.005 1.12349 0.984793 194.51 0.00041034 0.000399076
20 19 11 0.005 1.50161 1.29134 193.305 0.000203196 0.000196395
20 20 0 0 0 0 0 0 0
20 21 0 0 0 0 0 0 0
20 22 0 0 0 0 0 0 0
20 23 0 0 0 0 0 0 0
21 0 33 0.005 1.18572 0.0239526 198.668 0.000871826 0.000866018
21 1 23 0.005 1.20502 0.092411 198.773 0.00060092 0.000597235
21 2 38 0.005 1.1294 0.115143 199.839 0.00102941 0.00102858
21 3 26 0.005 1.17896 0.212553 198.432 0.000682845 0.00067749
21 4 23 0.005 1.16671 0.222902 201.194 0.000607085 0.000610709
21 5 19 0.005 1.13806 0.289599 201.794 0.00050485 0.000509378
21 6 18 0.005 1.13719 0.351688 196.427 0.00047452 0.000466042
21 7 25 0.005 1.21408 0.403305 198.548 0.000630993 0.000626412
21 8 17 0.005 1.22633 0.460484 200.255 0.000422765 0.000423304
21 9 32 0.005 1.16328 0.529507 201.482 0.000808137 0.000814125
21 10 19 0.005 1.20421 0.574012 199.999 0.000467058 0.000467055
21 11 25 0.005 1.33966 0.688247 196.835 0.000566741 0.000557771
21 12 17 0.005 1.2453 0.720228 194.945 0.000397672 0.000387622
21 13 22 0.005 1.31003 0.768849 197.41 0.000495787 0.000489367
21 14 14 0.005 1.33824 0.788996 195.284 0.000310559 0.000303236
21 15 19 0.005 1.31009 0.900518 195.449 0.000414615 0.000405181
21 16 22 0.005 1.4508 1.01678 195.453 0.000443203 0.000433127
21 17 12 0.005 1.28069 1.0973 200.019 0.000250834 0.000250859
21 18 14 0.005 1.28544 1.04589 194.755 0.000296442 0.000288668
21 19 0 0 0 0 0 0 0
21 20 10 0.005 1.54098 1.42847 196.426 0.000176119 0.000172972
21 21 0 0 0 0 0 0 0
21 22 0 0 0 0 0 0 0
21 23 0 0 0 0 0 0 0
22 0 25 0.005 1.27438 0.0335792 201.246 0.000632371 0.00063631
22 1 34 0.005 1.22439 0.0892605 197.285 0.000880042 0.000868094
22 2 27 0.005 1.24889 0.123886 198.744 0.00068957 0.000685241
22 3 26 0.005 1.36117 0.146311 201.078 0.000628529 0.000631918
22 4 29 0.005 1.31967 0.20081 201.179 0.000712593 0.000716796
22 5 30 0.005 1.20823 0.266787 198.986 0.000772833 0.000768916
22 6 29 0.005 1.28714 0.391082 201.527 0.000709055 0.000714468
22 7 24 0.005 1.31291 0.471913 200.564 0.000573024 0.000574639
22 8 27 0.005 1.33682 0.495147 197.216 0.000635464 0.000626618
22 9 26 0.005 1.27638 0.539172 201.556 0.000623595 0.000628446
22 10 22 0.005 1.25798 0.639592 199.052 0.000521292 0.00051882
22 11 19 0.005 1.1852 0.554446 197.131 0.000472835 0.000466051
22 12 19 0.005 1.38957 0.659317 199.406 0.000424455 0.000423194
22 13 20 0.005 1.34746 0.823747 197.036 0.000438496 0.000431998
22 14 10 0.005 1.40976 0.865183 196.973 0.000212036 0.000208826
22 15 18 0.005 1.49982 1.05282 197.499 0.000353382 0.000348962
22 16 15 0.005 1.29706 1.03232 195.499 0.000317541 0.000310394
22 17 0 0 0 0 0 0 0
22 18 11 0.005 1.65726 1.29737 193.98 0.000193471 0.000187647
22 19 0 0 0 0 0 0 0
22 20 0 0 0 0 0 0 0
22 21 0 0 0 0 0 0 0
22 22 0 0 0 0 0 0 0
22 23 0 0 0 0 0 0 0
23 0 18 0.005 1.39037 0.0815746 195.644 0.000430255 0.000420884
23 1 32 0.005 1.37688 0.120421 197.216 0.000768763 0.000758063
23 2 23 0.005 1.27015 0.0774023 193.642 0.000582435 0.000563921
23 3 22 0.005 1.34908 0.152995 196.045 0.000534703 0.00052413
23 4 28 0.005 1.35982 0.306601 199.493 0.000668907 0.000667212
23 5 20 0.005 1.42718 0.29872 197.209 0.000463596 0.000457127
23 6 27 0.005 1.26983 0.365844 197.811 0.000667728 0.00066042
23 7 21 0.005 1.46432 0.522066 194.707 0.000465607 0.000453285
23 8 24 0.005 1.19678 0.458415 198.142 0.000605089 0.000599468
23 9 16 0.005 1.34712 0.628522 196.361 0.00036601 0.000359351
23 10 22 0.005 1.491 0.657393 199.771 0.000471601 0.00047106
23 11 21 0.005 1.41056 0.659437 196.749 0.000465082 0.000457522
23 12 17 0.005 1.3778 0.689852 195.878 0.000379291 0.000371475
23 13 0 0 0 0 0 0 0
23 14 14 0.005 1.46302 0.818733 194.438 0.000293923 0.000285749
23 15 0 0 0 0 0 0 0
23 16 0 0 0 0 0 0 0
23 17 11 0.005 1.68129 1.23835 198.034 0.00019472 0.000192806
23 18 0 0 0 0 0 0 0
23 19 0 0 0 0 0 0 0
23 20 0 0 0 0 0 0 0
23 21 0 0 0 0 0 0 0
23 22 0 0 0 0 0 0 0
23 23 0 0 0 0 0 0 0
