#  ix    iy     Npi     E/N       Tpi    Uxpi    Uypi     mupi     rho    epsilon
0 0 1231 0.11675 0.0308424 0.0206021 0.739446 0.099206 0.0405037
0 1 1318 0.116534 0.00787787 0.0746184 0.812082 0.105992 0.0432129
0 2 1305 0.113864 0.0336829 0.145368 0.875302 0.104089 0.0416903
0 3 1236 0.119668 0.0421584 0.215981 0.634468 0.0973482 0.0405108
0 4 1294 0.117084 0.0412474 0.319404 0.730713 0.0993306 0.0406439
0 5 1313 0.114276 0.0188512 0.379594 0.812243 0.0989795 0.0397532
0 6 1273 0.110713 0.0367425 0.47541 0.858084 0.0926659 0.0363335
0 7 1301 0.107106 0.0280765 0.562573 0.96228 0.0914149 0.0349641
0 8 1281 0.105219 0.0278975 0.663026 0.965755 0.0860773 0.0324912
0 9 1148 0.101462 0.0569948 0.788213 0.92702 0.0726368 0.0266961
0 10 1126 0.0997637 0.0701803 0.936409 0.895466 0.066196 0.0240327
0 11 1045 0.0952265 0.0541576 1.04014 0.940082 0.0583659 0.0204956
0 12 929 0.0881888 0.0257207 1.19944 1.03031 0.0479688 0.0159679
0 13 810 0.0839863 0.0892147 1.44844 0.958195 0.0370652 0.0119379
0 14 687 0.0801521 0.0514417 1.73383 0.846527 0.0276712 0.00864172
0 15 572 0.0723571 0.063369 2.03145 0.946018 0.0203648 0.00596032
0 16 418 0.0662 0.0713905 2.51358 0.820567 0.0124567 0.00345603
0 17 297 0.0612597 0.0850337 2.95249 0.667463 0.00768074 0.00203853
0 18 138 0.0436539 0.0671819 3.55433 1.32663 0.0030136 0.000675535
0 19 49 0.0353387 0.00141432 3.99351 1.33739 0.000959873 0.00019751
0 20 13 0.0163131 0.309406 4.65901 5.8418 0.00021955 3.67147e-05
0 21 0 0 0 0 0 0 0
0 22 0 0 0 0 0 0 0
0 23 0 0 0 0 0 0 0
1 0 1212 0.118411 0.0746065 0.0251261 0.672178 0.0974405 0.0402187
1 1 1251 0.114897 0.107968 0.103139 0.801273 0.0997809 0.0402414
1 2 1340 0.116069 0.0932725 0.14172 0.831278 0.106542 0.0433035
1 3 1334 0.114427 0.0957345 0.229008 0.861055 0.104412 0.0419774
1 4 1237 0.1158 0.100924 0.312891 0.722296 0.0947679 0.0384494
1 5 1307 0.115486 0.104974 0.378865 0.766309 0.0980948 0.0397165
1 6 1273 0.113473 0.101607 0.474441 0.767884 0.0923634 0.0368969
1 7 1238 0.108332 0.0954999 0.565012 0.867871 0.0866246 0.0334146
1 8 1235 0.10429 0.121658 0.689813 0.943866 0.0815753 0.0305911
1 9 1142 0.0959895 0.117207 0.787884 1.12113 0.0720364 0.0254398
1 10 1124 0.0974619 0.180845 0.923131 0.978095 0.0660242 0.0235712
1 11 1027 0.0928157 0.151504 1.12364 0.971671 0.0547843 0.0188935
1 12 917 0.0885509 0.195328 1.26407 0.963077 0.0455483 0.0152047
1 13 806 0.0850821 0.194694 1.54393 0.855242 0.0351396 0.0114164
1 14 704 0.0792195 0.197183 1.73392 0.912124 0.0282275 0.00874867
1 15 546 0.0736361 0.184521 2.04551 0.820419 0.0192758 0.00570317
1 16 431 0.063577 0.205111 2.47001 1.03453 0.0130051 0.00352479
1 17 239 0.0576238 0.27051 2.94474 0.717924 0.00617438 0.00158477
1 18 137 0.0448876 0.278172 3.24407 1.25822 0.00324372 0.000736186
1 19 44 0.0351483 0.320861 4.07043 1.24037 0.000844104 0.000173341
1 20 0 0 0 0 0 0 0
1 21 0 0 0 0 0 0 0
1 22 0 0 0 0 0 0 0
1 23 0 0 0 0 0 0 0
2 0 1235 0.114011 0.150069 0.0412603 0.814651 0.098412 0.0394554
2 1 1341 0.117906 0.164142 0.0945383 0.77367 0.106256 0.0437128
2 2 1345 0.11412 0.152149 0.164231 0.884131 0.105848 0.0424674
2 3 1286 0.117501 0.165794 0.214674 0.725934 0.100093 0.0410683
2 4 1334 0.113383 0.170954 0.29055 0.869357 0.101944 0.0406996
2 5 1253 0.110815 0.212573 0.400552 0.84791 0.0920285 0.0361087
2 6 1262 0.107156 0.193692 0.463322 0.955524 0.0909502 0.0347984
2 7 1271 0.109164 0.201607 0.572245 0.852231 0.0876321 0.0339974
2 8 1229 0.109192 0.192933 0.680481 0.771589 0.0809179 0.0313987
2 9 1089 0.0995649 0.227101 0.798826 0.923151 0.0675619 0.0244933
2 10 1096 0.0959646 0.252457 0.988176 0.970105 0.0618799 0.021849
2 11 1037 0.0931386 0.232179 1.08754 0.979275 0.055919 0.0193318
2 12 915 0.0864722 0.283271 1.28934 1.03096 0.0445568 0.014635
2 13 843 0.0813303 0.269181 1.44443 1.11359 0.038251 0.0120604
2 14 655 0.0750072 0.345327 1.78761 1.02361 0.0254296 0.00761129
2 15 533 0.0705546 0.326114 2.01945 0.972732 0.0188778 0.00544042
2 16 395 0.0618042 0.371302 2.41489 1.0809 0.0120663 0.00321838
2 17 256 0.0570444 0.381953 2.90335 0.840519 0.00667177 0.00170321
2 18 115 0.0481122 0.398753 3.43203 0.684414 0.00257837 0.000604204
2 19 49 0.0335942 0.544479 3.97377 1.63286 0.000955956 0.000193116
2 20 10 0.0233717 0.884928 4.39031 2.41342 0.00017574 3.1785e-05
2 21 0 0 0 0 0 0 0
2 22 0 0 0 0 0 0 0
2 23 0 0 0 0 0 0 0
3 0 1383 0.118363 0.226112 0.0187226 0.783561 0.108768 0.0448801
3 1 1346 0.113879 0.226335 0.0883604 0.888095 0.10548 0.0422514
3 2 1418 0.115351 0.215596 0.160211 0.888936 0.11044 0.0446749
3 3 1336 0.120205 0.219881 0.213627 0.675429 0.10301 0.0430163
3 4 1360 0.114474 0.228042 0.302983 0.841615 0.102551 0.0412423
3 5 1272 0.11328 0.27445 0.395489 0.774569 0.0924287 0.0368754
3 6 1255 0.106059 0.275796 0.478338 0.966153 0.0886009 0.0336413
3 7 1166 0.106927 0.301599 0.596499 0.811825 0.0781766 0.0298635
3 8 1211 0.10279 0.290397 0.694815 0.951425 0.0780143 0.0289461
3 9 1155 0.100474 0.318493 0.844636 0.913211 0.0691417 0.0252315
3 10 1041 0.0947767 0.342035 0.974252 0.958219 0.0584047 0.0204406
3 11 960 0.0902898 0.369718 1.1004 0.993764 0.0505289 0.0170946
3 12 868 0.086409 0.387391 1.25451 0.98444 0.0424137 0.0139242
3 13 816 0.084796 0.405945 1.54449 0.861994 0.0349253 0.0113211
3 14 661 0.0792008 0.426558 1.7607 0.821594 0.0257605 0.00798286
3 15 507 0.0672576 0.511075 2.14344 1.05922 0.0168968 0.00473179
3 16 361 0.0615028 0.581852 2.54725 0.954 0.0104061 0.00276798
3 17 206 0.0523738 0.632942 2.92179 0.994847 0.00526997 0.00128715
3 18 97 0.0423714 0.758988 3.56764 1.10465 0.00206833 0.000457666
3 19 27 0.0290803 0.642 3.55323 2.0454 0.000581159 0.000111866
3 20 10 0.0174153 0.594079 4.66993 4.91894 0.000167571 2.83694e-05
3 21 0 0 0 0 0 0 0
3 22 0 0 0 0 0 0 0
3 23 0 0 0 0 0 0 0
4 0 1431 0.118039 0.289668 0.0407154 0.811275 0.110762 0.0456062
4 1 1355 0.12031 0.296844 0.0854432 0.685849 0.104407 0.0436293
4 2 1412 0.115684 0.29688 0.158374 0.855793 0.107925 0.0437541
4 3 1405 0.116493 0.326459 0.248281 0.802307 0.104832 0.0427281
4 4 1311 0.111545 0.313085 0.309159 0.874961 0.0967724 0.0381587
4 5 1324 0.111534 0.360614 0.401725 0.845773 0.0939575 0.0370462
4 6 1263 0.106262 0.341759 0.477248 0.950657 0.0878397 0.0333997
4 7 1255 0.105793 0.366932 0.609318 0.903473 0.0824751 0.0312572
4 8 1123 0.102764 0.423421 0.6994 0.845577 0.0701135 0.0260097
4 9 1126 0.0971998 0.412267 0.867007 0.980074 0.0655055 0.023341
4 10 1056 0.0935129 0.449691 0.988284 0.995625 0.0576927 0.0200013
4 11 979 0.0900487 0.476852 1.13783 0.987537 0.0497146 0.016788
4 12 828 0.0880414 0.511306 1.30228 0.825244 0.0388289 0.0129106
4 13 726 0.0808437 0.534473 1.53481 0.91639 0.0306822 0.00963599
4 14 648 0.0762027 0.594665 1.79912 0.918986 0.0243907 0.00737366
4 15 466 0.0628067 0.700593 2.21806 1.2188 0.0148428 0.00399504
4 16 297 0.0626438 0.779291 2.50242 0.676971 0.00853816 0.00229473
4 17 187 0.049089 0.828592 2.94182 1.18524 0.00468965 0.00110953
4 18 71 0.0347359 0.929831 3.44466 1.91425 0.00154525 0.000315949
4 19 24 0.0216732 0.802655 3.75326 4.03536 0.000487987 8.66197e-05
4 20 0 0 0 0 0 0 0
4 21 0 0 0 0 0 0 0
4 22 0 0 0 0 0 0 0
4 23 0 0 0 0 0 0 0
5 0 1397 0.119508 0.360786 0.0370356 0.723418 0.105911 0.0440283
5 1 1458 0.119978 0.382452 0.106797 0.741085 0.10928 0.0455679
5 2 1377 0.115217 0.381411 0.165414 0.818785 0.10254 0.0414424
5 3 1386 0.117649 0.38098 0.239645 0.739697 0.101926 0.0418609
5 4 1373 0.111057 0.408045 0.327659 0.904146 0.0981043 0.0385559
5 5 1262 0.105051 0.435983 0.40219 0.988269 0.0875337 0.0330019
5 6 1343 0.108031 0.442443 0.508303 0.913951 0.0898159 0.0345736
5 7 1278 0.105274 0.464873 0.628825 0.905391 0.0811877 0.0306574
5 8 1189 0.101407 0.503462 0.736992 0.913734 0.071537 0.0262815
5 9 1078 0.0924026 0.527815 0.869217 1.09498 0.0609548 0.0209561
5 10 1022 0.0916483 0.559881 1.0313 0.994276 0.0534576 0.0182738
5 11 903 0.0875124 0.550714 1.1583 0.990562 0.0447773 0.0148273
5 12 792 0.085376 0.621798 1.36661 0.849634 0.035406 0.0115296
5 13 658 0.0787575 0.724379 1.64721 0.844194 0.0257764 0.00795882
5 14 575 0.0735358 0.765155 1.9517 0.861023 0.0199649 0.00590205
5 15 413 0.066454 0.904795 2.35927 0.78831 0.0122563 0.00340805
5 16 277 0.0554069 0.993046 2.73033 1.05768 0.00727031 0.0018277
5 17 130 0.0485553 1.07308 3.10218 0.809561 0.00305521 0.000719067
5 18 61 0.0464255 0.81334 2.90101 0.35077 0.00154965 0.000357138
5 19 17 0.0262377 1.08401 4.08166 2.1416 0.000315896 5.89582e-05
5 20 0 0 0 0 0 0 0
5 21 0 0 0 0 0 0 0
5 22 0 0 0 0 0 0 0
5 23 0 0 0 0 0 0 0
6 0 1437 0.114354 0.471098 0.050556 0.866303 0.104727 0.0420833
6 1 1490 0.114829 0.471726 0.101398 0.884585 0.108222 0.0436259
6 2 1457 0.116299 0.444211 0.182449 0.818478 0.10592 0.0431162
6 3 1463 0.111433 0.47088 0.236918 0.954118 0.104371 0.0411238
6 4 1448 0.111274 0.531265 0.350131 0.901469 0.0985222 0.0387775
6 5 1332 0.109254 0.520704 0.41117 0.870483 0.0895101 0.0347476
6 6 1280 0.106695 0.528394 0.515914 0.879889 0.0830372 0.0316692
6 7 1212 0.10124 0.586659 0.63536 0.952635 0.0739314 0.0271286
6 8 1161 0.101641 0.59421 0.75968 0.845724 0.0673922 0.0248003
6 9 1083 0.0949368 0.632241 0.887955 0.962847 0.0590424 0.0206885
6 10 922 0.090907 0.693758 1.01615 0.893657 0.0468963 0.0159406
6 11 907 0.0860987 0.722041 1.23741 0.985106 0.0418654 0.0137108
6 12 797 0.0802921 0.760009 1.40595 1.04841 0.0340925 0.0106592
6 13 661 0.0793133 0.888532 1.68829 0.775923 0.0247474 0.00767596
6 14 508 0.0682791 1.00035 1.97975 0.993135 0.0168375 0.00475757
6 15 339 0.0630299 1.09 2.45338 0.761894 0.0095429 0.00257372
6 16 244 0.0579491 1.16185 2.74009 0.707809 0.00626721 0.00161347
6 17 97 0.0400893 1.27027 3.31596 1.42334 0.00212048 0.000458402
6 18 37 0.0297492 1.45173 4.02828 2.05104 0.000678598 0.000131568
6 19 14 0.0277621 1.63307 4.22973 1.48615 0.000243168 4.61437e-05
6 20 0 0 0 0 0 0 0
6 21 0 0 0 0 0 0 0
6 22 0 0 0 0 0 0 0
6 23 0 0 0 0 0 0 0
7 0 1449 0.120018 0.557504 0.0428667 0.670911 0.101994 0.0425404
7 1 1468 0.115477 0.580956 0.126768 0.803229 0.101757 0.0411966
7 2 1446 0.108746 0.581904 0.192701 0.992084 0.0994209 0.0384602
7 3 1385 0.108448 0.590966 0.276612 0.940877 0.0935418 0.0361118
7 4 1350 0.112732 0.612105 0.352088 0.753125 0.0889331 0.03535
7 5 1288 0.106287 0.629075 0.4712 0.876954 0.0816651 0.0310572
7 6 1265 0.1025 0.678999 0.566235 0.941087 0.0764287 0.0282992
7 7 1086 0.0990741 0.689626 0.647787 0.881009 0.0636179 0.0229813
7 8 1057 0.0948892 0.746979 0.809959 0.934534 0.057288 0.0200666
7 9 1003 0.0952049 0.791426 0.94424 0.80552 0.0509749 0.0178973
7 10 886 0.0881486 0.833122 1.06713 0.90986 0.0424521 0.0141271
7 11 839 0.0841191 0.868956 1.26367 0.9492 0.0369565 0.0119154
7 12 658 0.0781689 0.954586 1.51438 0.877605 0.0258787 0.00795187
7 13 556 0.0733519 1.06137 1.76091 0.853242 0.0196116 0.00578859
7 14 413 0.0613992 1.22525 2.2458 1.11422 0.0121256 0.00322233
7 15 294 0.054343 1.33876 2.56608 1.20901 0.00774271 0.00192697
7 16 169 0.0419314 1.40225 2.81811 1.85004 0.00412658 0.000909032
7 17 80 0.0403301 1.56888 3.65171 1.09321 0.0015742 0.000341151
7 18 32 0.0296531 1.45946 3.69307 1.99815 0.000630199 0.000122058
7 19 0 0 0 0 0 0 0
7 20 0 0 0 0 0 0 0
7 21 0 0 0 0 0 0 0
7 22 0 0 0 0 0 0 0
7 23 0 0 0 0 0 0 0
8 0 1358 0.112869 0.70217 0.0265255 0.756385 0.0896065 0.0356506
8 1 1476 0.114497 0.696612 0.103881 0.788543 0.0973173 0.0391432
8 2 1409 0.111057 0.708997 0.202847 0.833913 0.0914514 0.0359413
8 3 1355 0.107964 0.732076 0.270592 0.87443 0.0861427 0.0331442
8 4 1301 0.105303 0.752721 0.386086 0.890913 0.0801016 0.0302536
8 5 1256 0.103167 0.763651 0.490635 0.898835 0.0750014 0.0279029
8 6 1183 0.100654 0.810786 0.604702 0.876365 0.067075 0.0245091
8 7 1111 0.097621 0.833126 0.714016 0.8823 0.0603524 0.0215715
8 8 1085 0.0949745 0.849593 0.812685 0.92074 0.0566909 0.0198701
8 9 995 0.0904008 0.949343 0.979897 0.925997 0.047436 0.0160618
8 10 839 0.0865824 0.981887 1.18782 0.835667 0.03683 0.0121075
8 11 746 0.080244 1.06812 1.35722 0.927691 0.0301451 0.00942135
8 12 582 0.0777132 1.18054 1.6244 0.688025 0.0209227 0.0064049
8 13 433 0.0646825 1.25983 1.91654 1.03189 0.0139562 0.0038202
8 14 327 0.0617755 1.43569 2.25268 0.816624 0.00924544 0.00246535
8 15 204 0.0558604 1.51209 2.58197 0.688451 0.00521472 0.00131656
8 16 122 0.0420902 1.80336 3.13034 1.37773 0.00262471 0.000579124
8 17 45 0.0256279 1.86737 3.6846 3.30467 0.00085387 0.000158306
8 18 20 0.0214316 1.97634 3.69281 3.86305 0.00037456 6.63084e-05
8 19 0 0 0 0 0 0 0
8 20 0 0 0 0 0 0 0
8 21 0 0 0 0 0 0 0
8 22 0 0 0 0 0 0 0
8 23 0 0 0 0 0 0 0
9 0 1320 0.108315 0.832133 0.0504565 0.810697 0.0817652 0.0315364
9 1 1415 0.110751 0.812452 0.123532 0.807056 0.0881624 0.0345766
9 2 1338 0.107625 0.834654 0.202313 0.834625 0.0818582 0.0314218
9 3 1315 0.101449 0.844365 0.321249 1.00756 0.0786915 0.0289187
9 4 1262 0.108167 0.881496 0.407566 0.702335 0.0730104 0.0281309
9 5 1162 0.0991002 0.936072 0.496738 0.890946 0.0643149 0.0232375
9 6 1117 0.0991018 0.940992 0.606573 0.821582 0.0600085 0.0216818
9 7 1085 0.0960911 1.00558 0.74128 0.841563 0.0546801 0.0193249
9 8 993 0.0920958 1.04895 0.880226 0.852225 0.0472281 0.0161992
9 9 875 0.0858082 1.10884 1.02907 0.924816 0.0389123 0.0127146
9 10 763 0.0806751 1.15091 1.25719 0.939237 0.0311377 0.0097657
9 11 651 0.0760621 1.25247 1.44013 0.925283 0.0243656 0.00735743
9 12 515 0.0721612 1.42573 1.8049 0.750143 0.0165595 0.0048385
9 13 381 0.0648312 1.44504 2.003 0.831301 0.0115311 0.00316056
9 14 271 0.0571888 1.64925 2.44489 0.879822 0.00701807 0.00179403
9 15 149 0.0479983 1.74963 2.72825 1.01369 0.00354266 0.000829243
9 16 71 0.0404532 1.95798 3.14222 1.02392 0.00149304 0.000323971
9 17 32 0.0296792 1.89599 3.62372 1.96465 0.000612945 0.000118749
9 18 0 0 0 0 0 0 0
9 19 0 0 0 0 0 0 0
9 20 0 0 0 0 0 0 0
9 21 0 0 0 0 0 0 0
9 22 0 0 0 0 0 0 0
9 23 0 0 0 0 0 0 0
10 0 1243 0.10547 0.989732 0.0412289 0.76768 0.071216 0.026929
10 1 1265 0.104253 0.997159 0.128775 0.819467 0.0719404 0.0269708
10 2 1215 0.100874 0.986962 0.25955 0.890585 0.0685779 0.0250981
10 3 1220 0.0984486 1.01549 0.304724 0.963468 0.0675077 0.0242756
10 4 1213 0.100338 1.0828 0.447709 0.833081 0.0635038 0.0231513
10 5 1115 0.0947821 1.106 0.508862 0.934955 0.0570737 0.0199756
10 6 1072 0.093702 1.11609 0.657036 0.900179 0.0528349 0.0183432
10 7 953 0.0907251 1.13218 0.729304 0.877874 0.0458174 0.0155523
10 8 828 0.0862028 1.20617 0.955128 0.840338 0.0363899 0.0119273
10 9 777 0.0849476 1.23388 1.03344 0.800559 0.0330693 0.0107323
10 10 606 0.0788607 1.4165 1.33787 0.694858 0.0223149 0.00689587
10 11 548 0.0695299 1.53008 1.54101 1.01164 0.018485 0.00528025
10 12 414 0.0656209 1.62457 1.86949 0.86091 0.0124998 0.00345024
10 13 264 0.0598645 1.83366 2.17326 0.684002 0.00706335 0.0018509
10 14 178 0.050557 1.94407 2.57921 0.944825 0.00424563 0.00101894
10 15 101 0.0400468 2.03982 2.71006 1.51177 0.00230331 0.000497709
10 16 34 0.0253464 2.11396 3.27333 3.15952 0.000681586 0.000125977
10 17 14 0.0223338 2.66554 4.4202 2.9714 0.000214739 3.83965e-05
10 18 0 0 0 0 0 0 0
10 19 0 0 0 0 0 0 0
10 20 0 0 0 0 0 0 0
10 21 0 0 0 0 0 0 0
10 22 0 0 0 0 0 0 0
10 23 0 0 0 0 0 0 0
11 0 1190 0.100337 1.15205 0.0397186 0.823339 0.0628868 0.0229262
11 1 1182 0.0941882 1.14353 0.138643 1.04884 0.0624897 0.0217743
11 2 1085 0.0994935 1.17407 0.239604 0.739211 0.0560638 0.0203143
11 3 1103 0.0957831 1.15285 0.337838 0.893317 0.0569082 0.0200665
11 4 1022 0.0927193 1.23423 0.449803 0.882601 0.0499224 0.0172043
11 5 1020 0.0910032 1.28825 0.540907 0.910354 0.0478748 0.0162852
11 6 905 0.0898414 1.29575 0.683299 0.807078 0.0411487 0.0138734
11 7 793 0.0846906 1.36633 0.857888 0.830802 0.0336922 0.0109123
11 8 731 0.0834263 1.45201 1.03545 0.732705 0.0288325 0.00924498
11 9 660 0.0790681 1.60313 1.21605 0.744284 0.023688 0.00733263
11 10 513 0.0660322 1.66487 1.44284 1.148 0.0170996 0.00473711
11 11 375 0.066823 1.78731 1.7007 0.689233 0.0113601 0.00316916
11 12 270 0.0614785 1.85265 1.92859 0.644925 0.00762635 0.00202813
11 13 242 0.052595 2.18208 2.38259 1.06596 0.00577051 0.0014124
11 14 106 0.0390189 1.99501 2.38458 1.78101 0.00261744 0.000559634
11 15 53 0.0377072 2.40723 3.11788 1.05856 0.00105173 0.000221834
11 16 21 0.0189498 2.42399 3.23943 5.01096 0.000406352 6.99814e-05
11 17 0 0 0 0 0 0 0
11 18 0 0 0 0 0 0 0
11 19 0 0 0 0 0 0 0
11 20 0 0 0 0 0 0 0
11 21 0 0 0 0 0 0 0
11 22 0 0 0 0 0 0 0
11 23 0 0 0 0 0 0 0
12 0 1013 0.0920739 1.35242 0.0536642 0.880618 0.0485453 0.0166482
12 1 1008 0.0914004 1.3592 0.187763 0.894165 0.0478786 0.0163358
12 2 1016 0.0913845 1.34276 0.246923 0.905972 0.0484159 0.0165171
12 3 935 0.090809 1.41997 0.385035 0.796591 0.042387 0.0143971
12 4 897 0.0889771 1.42361 0.487286 0.816084 0.0400395 0.0134099
12 5 884 0.0881804 1.46852 0.570231 0.803121 0.0382062 0.0127173
12 6 761 0.0862653 1.56571 0.758631 0.663723 0.0305826 0.0100288
12 7 613 0.0807447 1.5811 0.899597 0.667768 0.0238146 0.00747317
12 8 598 0.0721542 1.73916 1.16427 0.978102 0.0207912 0.0060746
12 9 468 0.0703919 1.81832 1.32061 0.774899 0.0153439 0.00441578
12 10 387 0.0627191 1.97802 1.49314 0.985003 0.0116782 0.0031408
12 11 298 0.057166 2.09467 1.80551 1.03388 0.00817239 0.00208867
12 12 193 0.0574031 2.23493 2.19327 0.469596 0.00473496 0.00121282
12 13 103 0.0484013 2.41924 2.51705 0.53549 0.00228729 0.000537519
12 14 47 0.0388641 2.55784 3.00325 0.76952 0.000931365 0.000198816
12 15 20 0.0333256 2.70644 3.23985 0.736826 0.000371776 7.48901e-05
12 16 10 0.0135583 2.37184 2.83272 7.84981 0.000210698 3.4165e-05
12 17 0 0 0 0 0 0 0
12 18 0 0 0 0 0 0 0
12 19 0 0 0 0 0 0 0
12 20 0 0 0 0 0 0 0
12 21 0 0 0 0 0 0 0
12 22 0 0 0 0 0 0 0
12 23 0 0 0 0 0 0 0
13 0 881 0.0873023 1.5824 0.0460112 0.834066 0.0379438 0.012544
13 1 817 0.0836338 1.60264 0.170032 0.9095 0.0347382 0.0111571
13 2 809 0.0816073 1.65448 0.290199 0.964024 0.033374 0.0105462
13 3 827 0.0829561 1.66511 0.376536 0.910726 0.0337095 0.0107683
13 4 717 0.0812648 1.68081 0.581853 0.81672 0.0283373 0.00892993
13 5 674 0.0807414 1.71004 0.639671 0.759981 0.026111 0.00819357
13 6 575 0.0795135 1.80864 0.815137 0.595778 0.0208725 0.00648466
13 7 550 0.0705285 1.87761 1.01017 0.971954 0.0188346 0.00542674
13 8 484 0.0653011 2.04419 1.18835 1.07731 0.0152038 0.00418469
13 9 350 0.0644537 2.08547 1.35591 0.765023 0.0105282 0.00287596
13 10 271 0.0620459 2.13141 1.63219 0.605586 0.00762881 0.00203927
13 11 162 0.0479987 2.36942 1.91604 1.15331 0.00407365 0.000953536
13 12 117 0.0439536 2.75158 2.35689 1.1089 0.00251046 0.00056445
13 13 49 0.048113 2.80204 2.63807 -0.26904 0.000993796 0.000232884
13 14 23 0.0383036 2.79532 3.03549 0.0925982 0.00043685 9.27141e-05
13 15 0 0 0 0 0 0 0
13 16 0 0 0 0 0 0 0
13 17 0 0 0 0 0 0 0
13 18 0 0 0 0 0 0 0
13 19 0 0 0 0 0 0 0
13 20 0 0 0 0 0 0 0
13 21 0 0 0 0 0 0 0
13 22 0 0 0 0 0 0 0
13 23 0 0 0 0 0 0 0
14 0 714 0.0796691 1.85268 0.071797 0.857841 0.027334 0.00850291
14 1 644 0.0774902 1.82809 0.161848 0.87135 0.0248495 0.007593
14 2 664 0.073888 1.89326 0.308348 1.05685 0.0247541 0.00733964
14 3 631 0.0773641 1.9284 0.410612 0.801224 0.0230182 0.00702611
14 4 569 0.0736721 2.03731 0.582933 0.834286 0.0195834 0.00579594
14 5 491 0.0737493 2.11165 0.768603 0.634135 0.0160986 0.0047677
14 6 449 0.068551 2.1898 0.911126 0.796965 0.0140676 0.00398436
14 7 371 0.0656786 2.31601 1.14448 0.711105 0.0108006 0.00298275
14 8 335 0.0594574 2.25981 1.22652 1.04063 0.00979264 0.0025565
14 9 238 0.0555208 2.52622 1.57976 0.874012 0.00610707 0.00153693
14 10 168 0.0521859 2.71356 1.86493 0.72007 0.00393719 0.000959894
14 11 115 0.0452651 2.75262 2.10926 0.983019 0.00256964 0.000585403
14 12 55 0.0362656 2.99995 2.48618 1.32652 0.00110266 0.000229107
14 13 22 0.0295143 2.80337 2.39806 1.72307 0.000464176 8.97678e-05
14 14 14 0.022625 2.99431 2.93258 3.06722 0.000262028 4.70029e-05
14 15 0 0 0 0 0 0 0
14 16 0 0 0 0 0 0 0
14 17 0 0 0 0 0 0 0
14 18 0 0 0 0 0 0 0
14 19 0 0 0 0 0 0 0
14 20 0 0 0 0 0 0 0
14 21 0 0 0 0 0 0 0
14 22 0 0 0 0 0 0 0
14 23 0 0 0 0 0 0 0
15 0 461 0.0676018 2.23011 0.0465698 0.932727 0.0152086 0.00427193
15 1 516 0.0709288 2.20842 0.168401 0.853634 0.0171238 0.00495085
15 2 441 0.0689404 2.25881 0.358603 0.786312 0.0142477 0.00404907
15 3 465 0.0693003 2.19732 0.492569 0.830868 0.0152197 0.00433888
15 4 417 0.0652542 2.37244 0.638487 0.898658 0.0126779 0.003488
15 5 354 0.0644111 2.40673 0.813611 0.760982 0.0104563 0.00285524
15 6 274 0.0599823 2.42473 0.981679 0.786099 0.00789018 0.0020698
15 7 245 0.0584205 2.51874 1.13417 0.742465 0.00672557 0.00173906
15 8 180 0.0470903 2.83327 1.49647 1.30675 0.00432464 0.00100326
15 9 124 0.0489782 2.87068 1.7274 0.701634 0.00286009 0.00067594
15 10 83 0.0421076 3.10022 2.02039 0.96804 0.00174621 0.000385356
15 11 53 0.0389262 3.04122 2.23294 0.922657 0.00109505 0.000233907
15 12 21 0.0364807 2.63129 2.08486 0.468212 0.00048347 0.00010068
15 13 0 0 0 0 0 0 0
15 14 0 0 0 0 0 0 0
15 15 0 0 0 0 0 0 0
15 16 0 0 0 0 0 0 0
15 17 0 0 0 0 0 0 0
15 18 0 0 0 0 0 0 0
15 19 0 0 0 0 0 0 0
15 20 0 0 0 0 0 0 0
15 21 0 0 0 0 0 0 0
15 22 0 0 0 0 0 0 0
15 23 0 0 0 0 0 0 0
16 0 332 0.0619622 2.62785 0.0572228 0.832918 0.00952048 0.002543
16 1 317 0.0581749 2.52096 0.168384 1.09679 0.00940814 0.00242718
16 2 323 0.0577969 2.60892 0.351571 1.10879 0.00925 0.00237802
16 3 287 0.0586256 2.79895 0.530318 0.857853 0.00766608 0.00198603
16 4 236 0.0536452 2.85094 0.749462 1.03225 0.00611419 0.00151161
16 5 205 0.0535512 2.80497 0.905878 0.899565 0.00531134 0.00131195
16 6 163 0.0495409 2.98166 1.17708 0.960543 0.00391464 0.000930267
16 7 120 0.0467847 3.07504 1.34129 0.89138 0.00276442 0.00063937
16 8 79 0.0365528 3.20893 1.6588 1.7142 0.00169975 0.000354231
16 9 46 0.0384255 3.19381 1.75238 0.88499 0.000981985 0.000208673
16 10 27 0.0267901 3.66851 2.16811 2.44861 0.000497462 9.34061e-05
16 11 13 0.0312061 3.80183 2.45965 0.645288 0.000226081 4.45242e-05
16 12 0 0 0 0 0 0 0
16 13 0 0 0 0 0 0 0
16 14 0 0 0 0 0 0 0
16 15 0 0 0 0 0 0 0
16 16 0 0 0 0 0 0 0
16 17 0 0 0 0 0 0 0
16 18 0 0 0 0 0 0 0
16 19 0 0 0 0 0 0 0
16 20 0 0 0 0 0 0 0
16 21 0 0 0 0 0 0 0
16 22 0 0 0 0 0 0 0
16 23 0 0 0 0 0 0 0
17 0 183 0.0490895 2.87834 0.125456 1.21658 0.00483921 0.00114492
17 1 176 0.0514901 2.9522 0.204337 0.92631 0.00454389 0.00110041
17 2 151 0.0491165 3.11695 0.405429 0.94331 0.00369187 0.000873699
17 3 136 0.0482678 3.15144 0.557128 0.906683 0.00327112 0.000767714
17 4 139 0.0531955 2.95504 0.771562 0.509883 0.00348815 0.000858682
17 5 101 0.0485 3.2219 0.95915 0.54084 0.0023224 0.000546298
17 6 64 0.0403841 3.27321 1.16863 0.987941 0.00142712 0.000309448
17 7 67 0.0376859 3.38019 1.26929 1.37744 0.00144218 0.000304123
17 8 38 0.0374937 3.2117 1.55506 0.849931 0.000826943 0.000174035
17 9 16 0.0295981 3.09455 1.61844 1.43697 0.000355209 6.87566e-05
17 10 11 0.0205538 3.42256 1.88288 3.68195 0.00022 3.85695e-05
17 11 0 0 0 0 0 0 0
17 12 0 0 0 0 0 0 0
17 13 0 0 0 0 0 0 0
17 14 0 0 0 0 0 0 0
17 15 0 0 0 0 0 0 0
17 16 0 0 0 0 0 0 0
17 17 0 0 0 0 0 0 0
17 18 0 0 0 0 0 0 0
17 19 0 0 0 0 0 0 0
17 20 0 0 0 0 0 0 0
17 21 0 0 0 0 0 0 0
17 22 0 0 0 0 0 0 0
17 23 0 0 0 0 0 0 0
18 0 90 0.0414598 3.21788 0.0799125 1.25921 0.00215332 0.000472076
18 1 89 0.0435315 3.41551 0.291312 0.936089 0.00201003 0.000450017
18 2 83 0.0396451 3.37194 0.525737 1.36444 0.00188223 0.000405045
18 3 62 0.0372127 3.58032 0.630739 1.36451 0.00132609 0.000278269
18 4 58 0.0403819 3.51453 0.829895 0.854335 0.00124828 0.000270663
18 5 32 0.0294038 3.31336 0.976241 2.18339 0.000717639 0.00013862
18 6 30 0.0307424 3.66815 1.20541 1.72718 0.000606578 0.000118867
18 7 17 0.0307769 3.87463 1.59793 1.07479 0.000318175 6.23736e-05
18 8 0 0 0 0 0 0 0
18 9 0 0 0 0 0 0 0
18 10 0 0 0 0 0 0 0
18 11 0 0 0 0 0 0 0
18 12 0 0 0 0 0 0 0
18 13 0 0 0 0 0 0 0
18 14 0 0 0 0 0 0 0
18 15 0 0 0 0 0 0 0
18 16 0 0 0 0 0 0 0
18 17 0 0 0 0 0 0 0
18 18 0 0 0 0 0 0 0
18 19 0 0 0 0 0 0 0
18 20 0 0 0 0 0 0 0
18 21 0 0 0 0 0 0 0
18 22 0 0 0 0 0 0 0
18 23 0 0 0 0 0 0 0
19 0 30 0.0358026 4.24263 0.173928 0.713208 0.000554598 0.000114675
19 1 17 0.0262677 3.89891 0.419994 2.20337 0.000338765 6.3247e-05
19 2 20 0.0359825 4.09624 0.421152 0.30787 0.000380624 7.88508e-05
19 3 16 0.0161965 3.68074 0.799856 6.3264 0.000331096 5.5296e-05
19 4 12 0.0292443 3.75164 0.636896 1.14841 0.000245962 4.74287e-05
19 5 0 0 0 0 0 0 0
19 6 0 0 0 0 0 0 0
19 7 0 0 0 0 0 0 0
19 8 0 0 0 0 0 0 0
19 9 0 0 0 0 0 0 0
19 10 0 0 0 0 0 0 0
19 11 0 0 0 0 0 0 0
19 12 0 0 0 0 0 0 0
19 13 0 0 0 0 0 0 0
19 14 0 0 0 0 0 0 0
19 15 0 0 0 0 0 0 0
19 16 0 0 0 0 0 0 0
19 17 0 0 0 0 0 0 0
19 18 0 0 0 0 0 0 0
19 19 0 0 0 0 0 0 0
19 20 0 0 0 0 0 0 0
19 21 0 0 0 0 0 0 0
19 22 0 0 0 0 0 0 0
19 23 0 0 0 0 0 0 0
20 0 0 0 0 0 0 0 0
20 1 0 0 0 0 0 0 0
20 2 0 0 0 0 0 0 0
20 3 0 0 0 0 0 0 0
20 4 0 0 0 0 0 0 0
20 5 0 0 0 0 0 0 0
20 6 0 0 0 0 0 0 0
20 7 0 0 0 0 0 0 0
20 8 0 0 0 0 0 0 0
20 9 0 0 0 0 0 0 0
20 10 0 0 0 0 0 0 0
20 11 0 0 0 0 0 0 0
20 12 0 0 0 0 0 0 0
20 13 0 0 0 0 0 0 0
20 14 0 0 0 0 0 0 0
20 15 0 0 0 0 0 0 0
20 16 0 0 0 0 0 0 0
20 17 0 0 0 0 0 0 0
20 18 0 0 0 0 0 0 0
20 19 0 0 0 0 0 0 0
20 20 0 0 0 0 0 0 0
20 21 0 0 0 0 0 0 0
20 22 0 0 0 0 0 0 0
20 23 0 0 0 0 0 0 0
21 0 0 0 0 0 0 0 0
21 1 0 0 0 0 0 0 0
21 2 0 0 0 0 0 0 0
21 3 0 0 0 0 0 0 0
21 4 0 0 0 0 0 0 0
21 5 0 0 0 0 0 0 0
21 6 0 0 0 0 0 0 0
21 7 0 0 0 0 0 0 0
21 8 0 0 0 0 0 0 0
21 9 0 0 0 0 0 0 0
21 10 0 0 0 0 0 0 0
21 11 0 0 0 0 0 0 0
21 12 0 0 0 0 0 0 0
21 13 0 0 0 0 0 0 0
21 14 0 0 0 0 0 0 0
21 15 0 0 0 0 0 0 0
21 16 0 0 0 0 0 0 0
21 17 0 0 0 0 0 0 0
21 18 0 0 0 0 0 0 0
21 19 0 0 0 0 0 0 0
21 20 0 0 0 0 0 0 0
21 21 0 0 0 0 0 0 0
21 22 0 0 0 0 0 0 0
21 23 0 0 0 0 0 0 0
22 0 0 0 0 0 0 0 0
22 1 0 0 0 0 0 0 0
22 2 0 0 0 0 0 0 0
22 3 0 0 0 0 0 0 0
22 4 0 0 0 0 0 0 0
22 5 0 0 0 0 0 0 0
22 6 0 0 0 0 0 0 0
22 7 0 0 0 0 0 0 0
22 8 0 0 0 0 0 0 0
22 9 0 0 0 0 0 0 0
22 10 0 0 0 0 0 0 0
22 11 0 0 0 0 0 0 0
22 12 0 0 0 0 0 0 0
22 13 0 0 0 0 0 0 0
22 14 0 0 0 0 0 0 0
22 15 0 0 0 0 0 0 0
22 16 0 0 0 0 0 0 0
22 17 0 0 0 0 0 0 0
22 18 0 0 0 0 0 0 0
22 19 0 0 0 0 0 0 0
22 20 0 0 0 0 0 0 0
22 21 0 0 0 0 0 0 0
22 22 0 0 0 0 0 0 0
22 23 0 0 0 0 0 0 0
23 0 0 0 0 0 0 0 0
23 1 0 0 0 0 0 0 0
23 2 0 0 0 0 0 0 0
23 3 0 0 0 0 0 0 0
23 4 0 0 0 0 0 0 0
23 5 0 0 0 0 0 0 0
23 6 0 0 0 0 0 0 0
23 7 0 0 0 0 0 0 0
23 8 0 0 0 0 0 0 0
23 9 0 0 0 0 0 0 0
23 10 0 0 0 0 0 0 0
23 11 0 0 0 0 0 0 0
23 12 0 0 0 0 0 0 0
23 13 0 0 0 0 0 0 0
23 14 0 0 0 0 0 0 0
23 15 0 0 0 0 0 0 0
23 16 0 0 0 0 0 0 0
23 17 0 0 0 0 0 0 0
23 18 0 0 0 0 0 0 0
23 19 0 0 0 0 0 0 0
23 20 0 0 0 0 0 0 0
23 21 0 0 0 0 0 0 0
23 22 0 0 0 0 0 0 0
23 23 0 0 0 0 0 0 0
