#  ix    iy     NK     E/N         TK    Uxpi    UyK      muK      rho      epsilon
0 0 109 0.0409949 0.0367489 0.050557 8.89994 0.00477139 0.00267698
0 1 126 0.0362003 0.0210702 0.0352899 10.8444 0.00552165 0.0030513
0 2 126 0.041375 0.0556442 0.130694 8.91103 0.00547139 0.00307341
0 3 124 0.0415082 0.0100741 0.189024 8.84386 0.0053437 0.00300295
0 4 114 0.0431078 0.00720026 0.22229 8.2496 0.00488074 0.00275671
0 5 127 0.0467674 0.0310354 0.257406 7.31814 0.0053919 0.00308089
0 6 138 0.0477909 0.0309433 0.324046 7.12127 0.00575538 0.00329926
0 7 136 0.042311 0.015087 0.370544 8.63219 0.00559271 0.00315088
0 8 104 0.0396115 -0.00664176 0.428069 9.2477 0.00419328 0.00234236
0 9 113 0.0425609 -0.00231147 0.439603 8.34479 0.00453708 0.00255817
0 10 101 0.0383623 0.0823377 0.549616 9.6263 0.00387204 0.00215439
0 11 124 0.040943 0.000271616 0.583139 8.90183 0.00469814 0.00263545
0 12 148 0.0417883 0.0168131 0.604783 8.79163 0.00555385 0.00312381
0 13 139 0.0414471 -0.0139254 0.666061 8.81196 0.00507366 0.00285065
0 14 115 0.0402434 0.0469029 0.79398 8.96566 0.0039475 0.00220948
0 15 126 0.0385912 0.0421328 0.815518 9.64052 0.00428044 0.00238334
0 16 126 0.037707 0.0379571 0.894097 9.93971 0.0041181 0.00228655
0 17 138 0.0460181 0.0443549 1.02844 7.27115 0.00421741 0.00240409
0 18 154 0.0397972 0.0721046 1.07281 9.27443 0.0045999 0.00257101
0 19 156 0.0389605 0.025467 1.12608 9.5631 0.00454256 0.00253225
0 20 127 0.0350037 0.0369928 1.20202 10.9267 0.00356141 0.00196063
0 21 130 0.0378807 0.043294 1.30719 9.69895 0.00346317 0.00192396
0 22 119 0.0425239 0.0254323 1.45025 7.93009 0.00296251 0.00167018
0 23 143 0.0419437 0.0322893 1.55331 8.24944 0.00339455 0.00191023
1 0 136 0.0424651 0.0745073 0.062907 8.64356 0.00593675 0.00334634
1 1 116 0.0397319 0.0574154 0.094782 9.39221 0.00505677 0.00282578
1 2 117 0.0453365 0.0573852 0.130956 7.64325 0.00507992 0.00288951
1 3 117 0.0413131 0.0992399 0.166196 8.84886 0.00503806 0.00282944
1 4 115 0.0375014 0.102778 0.199384 10.1986 0.00492156 0.00273089
1 5 120 0.0445227 0.0871616 0.291798 7.86336 0.00503486 0.00285652
1 6 125 0.0402633 0.0871017 0.342861 9.22829 0.00516859 0.00289312
1 7 137 0.0388182 0.0553419 0.362867 9.83208 0.00564077 0.00314303
1 8 128 0.0410655 0.0661689 0.430188 8.95229 0.00514759 0.00288869
1 9 99 0.0383239 0.0650836 0.419811 9.67246 0.00399642 0.00222332
1 10 132 0.0416696 0.0787505 0.482223 8.76448 0.00520174 0.00292467
1 11 137 0.0413354 0.0821805 0.566157 8.87616 0.00521559 0.00292935
1 12 119 0.0397923 0.0424673 0.672263 9.21543 0.00432881 0.00241945
1 13 140 0.0380671 0.0859928 0.702745 9.99666 0.0050115 0.00278577
1 14 104 0.0419381 0.0847355 0.781892 8.30594 0.0035854 0.0020176
1 15 129 0.0407281 0.0440699 0.903206 8.86119 0.00419654 0.00235247
1 16 129 0.0412941 0.0530129 0.964889 8.6414 0.00406862 0.00228485
1 17 115 0.037779 0.0875921 0.970249 9.78073 0.00361286 0.00200647
1 18 132 0.0397188 0.0963113 1.08701 9.14002 0.00391139 0.00218564
1 19 140 0.0404887 0.0783173 1.13511 8.90788 0.00405358 0.00227062
1 20 138 0.0403149 0.0695076 1.24935 8.89729 0.00377869 0.00211547
1 21 134 0.0377665 0.103394 1.26811 9.79083 0.00363178 0.0020169
1 22 131 0.0414429 0.101183 1.47906 8.35646 0.00321297 0.00180519
1 23 115 0.0322913 0.10057 1.61818 11.9456 0.00264784 0.00144526
2 0 122 0.0429638 0.124428 0.0357906 8.37714 0.00530658 0.00299586
2 1 112 0.0383612 0.0640536 0.0391005 9.86185 0.00489851 0.0027255
2 2 121 0.0373774 0.151377 0.132226 10.3033 0.00520296 0.0028859
2 3 125 0.0396346 0.102077 0.139037 9.4929 0.00540268 0.00301815
2 4 131 0.0459994 0.102966 0.167919 7.56637 0.0056373 0.00321329
2 5 128 0.0393173 0.101156 0.27537 9.60367 0.00538701 0.00300638
2 6 120 0.0432238 0.0939177 0.309531 8.24011 0.0050077 0.00282945
2 7 114 0.0349664 0.0906943 0.362212 11.2175 0.00468412 0.0025784
2 8 126 0.0416445 0.118269 0.417562 8.74686 0.00506949 0.00285008
2 9 143 0.0422939 0.131661 0.475973 8.64308 0.00562356 0.00316809
2 10 122 0.0378514 0.104832 0.532781 10.0162 0.00470236 0.00261215
2 11 145 0.0445863 0.117368 0.58946 7.9246 0.00545087 0.00309316
2 12 118 0.040681 0.147392 0.655383 8.90058 0.00429612 0.00240794
2 13 156 0.0426765 0.147217 0.690762 8.51737 0.00558874 0.00315229
2 14 136 0.0393459 0.0927359 0.779199 9.45538 0.00469264 0.0026191
2 15 126 0.0409652 0.101881 0.82746 8.7929 0.00424465 0.00238123
2 16 122 0.044694 0.126705 0.847166 7.60027 0.0040638 0.00230684
2 17 131 0.0460876 0.140868 0.983454 7.21838 0.00407601 0.002324
2 18 129 0.047206 0.109779 1.06338 6.87163 0.00386511 0.00221157
2 19 138 0.0389467 0.126798 1.20444 9.40372 0.00385372 0.00214816
2 20 138 0.0385096 0.14422 1.17908 9.57749 0.00389802 0.00216985
2 21 130 0.0376791 0.158164 1.3623 9.74695 0.00335928 0.00186505
2 22 108 0.0324734 0.155309 1.38136 11.8945 0.00276622 0.00151074
2 23 98 0.0350384 0.172784 1.55438 10.4806 0.00231546 0.00127485
3 0 132 0.0421698 0.182266 0.0428289 8.69411 0.00569059 0.00320459
3 1 112 0.0425607 0.133093 0.0840296 8.41207 0.00485254 0.00273603
3 2 125 0.0409433 0.162087 0.10986 9.03729 0.00538028 0.00301811
3 3 126 0.039845 0.139274 0.144376 9.42133 0.00541837 0.00302893
3 4 123 0.0380936 0.187919 0.259035 10.0114 0.00513805 0.00285636
3 5 138 0.0353242 0.205003 0.270625 11.2597 0.00573133 0.00315841
3 6 149 0.0411788 0.125407 0.302205 9.10252 0.00621108 0.00348674
3 7 119 0.0457684 0.161538 0.347264 7.4834 0.00487405 0.00277621
3 8 115 0.0346431 0.159766 0.400607 11.353 0.00463147 0.00254681
3 9 130 0.0439596 0.204687 0.461653 8.03729 0.00508959 0.00288243
3 10 120 0.0435499 0.138652 0.497915 8.07356 0.00467556 0.00264451
3 11 127 0.0381571 0.16534 0.554215 9.92364 0.00482182 0.0026811
3 12 135 0.0393583 0.18452 0.61662 9.51011 0.0049789 0.00277898
3 13 146 0.0410935 0.148978 0.69106 8.95867 0.00522886 0.00293456
3 14 138 0.0427836 0.209604 0.79766 8.30456 0.00466944 0.00263465
3 15 120 0.0378645 0.163423 0.842883 9.84764 0.00399325 0.00221833
3 16 127 0.0446162 0.182823 0.926723 7.61883 0.00404931 0.00229805
3 17 120 0.0442936 0.210292 0.972556 7.62953 0.00373087 0.00211517
3 18 151 0.0383861 0.192537 1.07559 9.76117 0.00447122 0.00248796
3 19 150 0.0375593 0.187578 1.12337 10.0502 0.00434072 0.00240903
3 20 124 0.0413411 0.219971 1.24252 8.43989 0.00337792 0.00189726
3 21 127 0.0395425 0.222217 1.32036 9.04274 0.00333315 0.00186149
3 22 121 0.0417508 0.236419 1.48296 8.16814 0.00294151 0.00165428
3 23 110 0.0330515 0.196397 1.47887 11.5708 0.00268628 0.00146976
4 0 139 0.0498623 0.204868 0.0662385 6.65629 0.00595991 0.00343898
4 1 107 0.0427498 0.238034 0.0786719 8.28954 0.00455211 0.00256818
4 2 115 0.0423561 0.213702 0.146307 8.48228 0.00488276 0.00275129
4 3 139 0.0401161 0.189933 0.142663 9.41696 0.00593144 0.00331859
4 4 125 0.0478196 0.192682 0.206357 7.02715 0.00527621 0.00302485
4 5 111 0.0440934 0.224833 0.27867 7.89343 0.00458346 0.00259689
4 6 131 0.0377175 0.230916 0.299407 10.2018 0.00537427 0.00298413
4 7 117 0.0456361 0.219696 0.390598 7.47945 0.00468284 0.00266618
4 8 129 0.0410015 0.219032 0.433878 8.96214 0.00508869 0.00285506
4 9 119 0.0383218 0.227257 0.451414 9.82647 0.00465819 0.00259147
4 10 100 0.0450556 0.250625 0.486942 7.4434 0.00384686 0.00218619
4 11 125 0.0423951 0.242598 0.565318 8.42539 0.00466962 0.00263152
4 12 138 0.0402922 0.249638 0.65778 9.17517 0.00495022 0.00277115
4 13 129 0.0409686 0.245555 0.68808 8.86528 0.00456854 0.00256296
4 14 115 0.0351194 0.194703 0.788249 10.9697 0.00391568 0.00215645
4 15 134 0.0418526 0.275437 0.82929 8.54387 0.00442559 0.00248972
4 16 122 0.0399289 0.229131 0.929213 9.05422 0.00386576 0.00216157
4 17 134 0.0389813 0.264954 0.995377 9.45147 0.00409386 0.00228227
4 18 150 0.0411415 0.260627 1.0812 8.76987 0.00439878 0.00246907
4 19 122 0.0482787 0.247148 1.09056 6.52156 0.00356692 0.00204789
4 20 126 0.0422024 0.257355 1.26251 8.16532 0.0033883 0.00190828
4 21 115 0.0370622 0.320809 1.38056 9.84763 0.00290778 0.00161124
4 22 120 0.0372509 0.307543 1.43567 9.79058 0.00296277 0.00164269
4 23 125 0.0365445 0.281794 1.54362 10.0725 0.00294647 0.00163001
5 0 128 0.0393883 0.231351 0.0270329 9.59294 0.00546767 0.00305208
5 1 111 0.040451 0.236655 0.0488602 9.07555 0.00473222 0.00265044
5 2 125 0.0394291 0.252011 0.103018 9.54523 0.00528991 0.00295323
5 3 132 0.0452362 0.257784 0.158266 7.75805 0.0055415 0.00315106
5 4 113 0.0431767 0.233157 0.215639 8.19598 0.00472364 0.00266856
5 5 119 0.0390553 0.250349 0.233713 9.6118 0.00493774 0.00275336
5 6 124 0.0423444 0.265006 0.330892 8.51111 0.00500723 0.00282132
5 7 135 0.0437969 0.264056 0.398164 8.13363 0.00534261 0.00302416
5 8 107 0.0417692 0.263799 0.380067 8.53238 0.00425924 0.00239551
5 9 138 0.0427268 0.270352 0.488719 8.44581 0.0052843 0.00298105
5 10 154 0.0431909 0.303696 0.567811 8.37585 0.00567888 0.00320835
5 11 142 0.0439393 0.277483 0.592403 8.06699 0.00521193 0.00295152
5 12 123 0.0439821 0.286706 0.658146 7.88109 0.00438241 0.0024821
5 13 142 0.0397975 0.298595 0.727322 9.33672 0.00489602 0.00273652
5 14 136 0.0389642 0.28196 0.791604 9.56705 0.00456664 0.0025457
5 15 161 0.0445525 0.284734 0.808135 7.91784 0.00536225 0.00304255
5 16 128 0.0412603 0.275496 0.896986 8.65875 0.00409393 0.00229883
5 17 117 0.0428591 0.301243 0.961937 8.02512 0.00361408 0.00203967
5 18 130 0.040699 0.320713 1.05279 8.78077 0.00383435 0.00214924
5 19 140 0.037868 0.327111 1.24252 9.78911 0.00377137 0.0020951
5 20 138 0.0360219 0.388942 1.24224 10.5162 0.00368732 0.00203648
5 21 135 0.0399945 0.380658 1.38187 8.89932 0.00338791 0.00189477
5 22 126 0.0412269 0.353882 1.43416 8.39104 0.00309801 0.00173941
5 23 125 0.0397087 0.395941 1.63913 8.80806 0.00279647 0.00156259
6 0 128 0.0458228 0.286854 -0.00277174 7.57044 0.00539638 0.00307425
6 1 107 0.0432351 0.324618 0.0528463 8.12042 0.00445806 0.00251898
6 2 126 0.0424803 0.318063 0.111208 8.51339 0.00523702 0.00295207
6 3 141 0.0471884 0.278124 0.168605 7.29587 0.00588098 0.00336483
6 4 120 0.039827 0.243295 0.217924 9.34795 0.00500305 0.0027966
6 5 108 0.0401481 0.27428 0.270494 9.11177 0.00442021 0.00247332
6 6 129 0.0398312 0.264804 0.291304 9.39742 0.00526463 0.00294286
6 7 122 0.042895 0.340054 0.350548 8.29959 0.0048081 0.00271385
6 8 133 0.0426575 0.326996 0.428745 8.4385 0.00513447 0.00289589
6 9 120 0.0428914 0.269209 0.480883 8.25849 0.0046095 0.00260172
6 10 133 0.0440985 0.33781 0.514455 7.97249 0.00496786 0.00281472
6 11 139 0.0472213 0.35333 0.624629 7.1157 0.00495306 0.00283421
6 12 122 0.0429523 0.324172 0.635901 8.18311 0.00435527 0.0024587
6 13 154 0.0458241 0.336633 0.719334 7.55004 0.00528921 0.00301321
6 14 128 0.0434373 0.339761 0.78523 8.0155 0.00426578 0.00241188
6 15 146 0.0426548 0.327729 0.883345 8.34251 0.0046607 0.00262865
6 16 143 0.0423251 0.378127 0.919006 8.39891 0.00444879 0.00250652
6 17 142 0.040883 0.36959 0.967215 8.83955 0.00432661 0.00242658
6 18 139 0.0430089 0.378875 1.08374 8.08177 0.00400424 0.00226094
6 19 130 0.0383004 0.414683 1.16574 9.57243 0.00358402 0.00199374
6 20 132 0.0368396 0.369832 1.24613 10.1319 0.00353015 0.00195473
6 21 126 0.0481326 0.435436 1.35901 6.44012 0.00317138 0.00181996
6 22 104 0.0406036 0.45253 1.49853 8.36752 0.00245565 0.00137603
6 23 117 0.0382294 0.46125 1.63553 9.27942 0.00260258 0.00144746
7 0 108 0.044966 0.394782 0.0419312 7.60347 0.00440258 0.0025013
7 1 126 0.0423762 0.347458 0.0956194 8.53872 0.00519902 0.00292968
7 2 114 0.0425515 0.385533 0.10871 8.37048 0.00464148 0.00261695
7 3 121 0.039741 0.302585 0.155622 9.38253 0.00502414 0.00280763
7 4 134 0.0474444 0.404745 0.263872 7.12487 0.00529188 0.00303023
7 5 138 0.0418575 0.315895 0.286305 8.77188 0.00556775 0.00313232
7 6 143 0.0388439 0.357823 0.299129 9.83022 0.00568413 0.00316745
7 7 126 0.0398035 0.337963 0.355502 9.34789 0.00496158 0.00277321
7 8 122 0.0449358 0.334094 0.41132 7.68328 0.00472807 0.00268597
7 9 134 0.0437555 0.374821 0.473714 8.08569 0.0050306 0.00284718
7 10 125 0.0442029 0.372136 0.559249 7.85447 0.00455098 0.00257938
7 11 135 0.044152 0.360384 0.606138 7.93061 0.00483891 0.00274213
7 12 132 0.043983 0.391772 0.69068 7.91482 0.00453394 0.00256793
7 13 141 0.0433416 0.402641 0.723086 8.15473 0.00476418 0.00269286
7 14 135 0.0415027 0.398531 0.807326 8.65142 0.00440035 0.00247278
7 15 129 0.0441467 0.410096 0.886047 7.75378 0.00404832 0.00229407
7 16 140 0.0406428 0.40673 0.949531 8.90764 0.00427089 0.00239351
7 17 130 0.042021 0.469052 1.04352 8.32497 0.00375233 0.00211209
7 18 130 0.0417607 0.473949 1.09022 8.38635 0.00367038 0.00206426
7 19 121 0.0425936 0.455157 1.16345 8.02121 0.00331638 0.00187009
7 20 105 0.0404251 0.490926 1.28975 8.5241 0.00270223 0.00151335
7 21 116 0.0384911 0.469506 1.28608 9.32288 0.00300087 0.00167035
7 22 118 0.0380279 0.455944 1.44084 9.44938 0.00285595 0.00158736
7 23 91 0.732351 0.532093 1.53553 -9.09946 0.00209169 0.00113436
8 0 101 0.0390696 0.413978 -0.0172446 9.41881 0.00409245 0.00228212
8 1 129 0.0381202 0.382058 0.0802401 10.0267 0.0052705 0.00293024
8 2 121 0.0422667 0.385683 0.0899171 8.52087 0.00493417 0.00277948
8 3 116 0.0416971 0.386539 0.133404 8.65609 0.00470922 0.00264798
8 4 114 0.0399185 0.394239 0.241442 9.21829 0.00453849 0.00253766
8 5 135 0.0465672 0.453194 0.320761 7.32989 0.00517666 0.00295604
8 6 131 0.0363864 0.407462 0.318196 10.6876 0.00510389 0.0028221
8 7 131 0.0453878 0.436274 0.395044 7.6035 0.00495165 0.00281701
8 8 133 0.040317 0.392372 0.417856 9.18872 0.00506088 0.00283332
8 9 139 0.0425465 0.406168 0.499326 8.47141 0.00512636 0.0028903
8 10 119 0.0419086 0.451761 0.556349 8.48361 0.00424233 0.00238705
8 11 153 0.0427707 0.45616 0.614917 8.44051 0.00532816 0.0030062
8 12 138 0.0411088 0.441053 0.721141 8.8303 0.00462239 0.00259432
8 13 139 0.044328 0.464642 0.763952 7.81691 0.00454467 0.00257682
8 14 145 0.0367714 0.46505 0.797881 10.44 0.00467206 0.00258647
8 15 133 0.0411029 0.448585 0.86083 8.73299 0.00418565 0.00234916
8 16 139 0.0366529 0.49524 0.912912 10.3889 0.00422851 0.00234004
8 17 144 0.0456035 0.483365 1.05814 7.35961 0.00411707 0.00234381
8 18 153 0.0435432 0.520638 1.12359 7.97207 0.00421594 0.0023845
8 19 154 0.0382734 0.509479 1.22311 9.70959 0.00406894 0.0022633
8 20 133 0.0406015 0.518074 1.31007 8.68666 0.0033765 0.00189203
8 21 135 0.0329713 0.521396 1.40148 11.8142 0.0032915 0.00180045
8 22 115 0.0394524 0.572477 1.51646 8.84498 0.0026483 0.00147859
8 23 84 0.0369414 0.635435 1.68531 9.41042 0.00178835 0.000990573
9 0 139 0.0410854 0.466969 0.024653 9.01601 0.00552252 0.00309929
9 1 129 0.0398781 0.493393 0.0719514 9.34195 0.00506338 0.00283078
9 2 140 0.0410146 0.438058 0.110478 9.05274 0.0055958 0.00313971
9 3 120 0.0435496 0.473199 0.197143 8.07536 0.00468363 0.00264907
9 4 147 0.0399121 0.472268 0.249796 9.44607 0.00568666 0.00317958
9 5 120 0.0429479 0.486545 0.297443 8.233 0.004572 0.00258102
9 6 142 0.0435248 0.472453 0.351036 8.21902 0.00536735 0.00303555
9 7 116 0.0420794 0.512249 0.388071 8.43797 0.00428008 0.00240959
9 8 137 0.0401288 0.494377 0.487228 9.22888 0.00493618 0.00276186
9 9 137 0.0462131 0.466152 0.513118 7.37664 0.0049382 0.00281671
9 10 145 0.0441396 0.51728 0.619675 7.95662 0.00494862 0.00280419
9 11 130 0.0462463 0.491805 0.606721 7.27345 0.00449364 0.0025634
9 12 139 0.0416363 0.521971 0.760278 8.62625 0.00448165 0.00251954
9 13 139 0.0407805 0.577412 0.759436 8.89337 0.0044111 0.00247316
9 14 145 0.0428179 0.495599 0.841134 8.26822 0.00455059 0.00256788
9 15 144 0.0388923 0.574767 0.864737 9.55203 0.00438119 0.00244176
9 16 148 0.0379852 0.562237 0.928264 9.8977 0.00439865 0.00244447
9 17 131 0.0383734 0.566871 0.987015 9.60125 0.00379222 0.00211005
9 18 146 0.0427108 0.575327 1.14733 8.15608 0.00393561 0.00222009
9 19 129 0.0400601 0.575808 1.17325 8.89113 0.00343816 0.00192328
9 20 124 0.0373519 0.570317 1.27548 9.81648 0.00316534 0.00175556
9 21 131 0.0434284 0.654731 1.43761 7.69025 0.00307318 0.00173753
9 22 96 0.0332189 0.652596 1.44288 11.3092 0.00224813 0.00123068
9 23 105 0.0372388 0.705161 1.64123 9.52004 0.00224958 0.00124722
10 0 111 0.0415048 0.543531 -0.0174267 8.62226 0.00427692 0.00240343
10 1 144 0.0393345 0.555909 0.0476046 9.62103 0.00551539 0.00307819
10 2 134 0.0425161 0.511131 0.123105 8.49554 0.00520206 0.00293269
10 3 145 0.0424038 0.498833 0.173331 8.60856 0.00562365 0.00316924
10 4 131 0.0377115 0.514392 0.219437 10.1349 0.0050147 0.00278442
10 5 131 0.0415793 0.496743 0.297978 8.74854 0.00497173 0.00279454
10 6 140 0.0406801 0.562477 0.338169 9.07896 0.00513349 0.00287727
10 7 135 0.0413598 0.551241 0.396576 8.80541 0.00489839 0.00275141
10 8 136 0.0392505 0.499949 0.450982 9.54282 0.00494791 0.00276074
10 9 159 0.039886 0.518954 0.499619 9.45027 0.00565839 0.00316352
10 10 164 0.0442117 0.524356 0.589369 8.06778 0.00564732 0.00320084
10 11 143 0.0405729 0.533909 0.648208 9.04878 0.00480296 0.0026911
10 12 143 0.0379567 0.551104 0.628352 9.99858 0.00481242 0.00267418
10 13 151 0.0448647 0.593916 0.748548 7.71597 0.00478826 0.00271955
10 14 129 0.0384759 0.58637 0.832813 9.6069 0.00396384 0.00220626
10 15 144 0.0392821 0.628614 0.913029 9.37472 0.00423053 0.0023607
10 16 157 0.0442086 0.646306 0.991787 7.82896 0.00444362 0.00251857
10 17 148 0.0372037 0.67249 1.04626 10.1264 0.00406743 0.00225483
10 18 143 0.0431059 0.691036 1.15553 7.98388 0.00373968 0.0021122
10 19 133 0.038061 0.650152 1.1906 9.62892 0.00346132 0.00192403
10 20 114 0.036838 0.634491 1.29043 9.92014 0.00285468 0.0015807
10 21 99 0.0360011 0.739895 1.43449 10.0473 0.00228683 0.00126292
10 22 94 0.0372538 0.688143 1.45663 9.48002 0.00217433 0.00120556
10 23 94 0.0386756 0.793492 1.74292 8.8012 0.00190834 0.00106284
11 0 145 0.0394116 0.588985 0.0197169 9.58665 0.00547901 0.00305863
11 1 122 0.046155 0.52868 0.0810184 7.34666 0.00471838 0.00269083
11 2 139 0.0469354 0.610825 0.131505 7.23241 0.00517023 0.00295581
11 3 153 0.0419038 0.567267 0.179558 8.79219 0.00576689 0.00324483
11 4 143 0.0409924 0.563966 0.237483 9.01521 0.00534978 0.00300146
11 5 126 0.0423645 0.563705 0.305179 8.43134 0.00465252 0.00262163
11 6 139 0.0418927 0.56132 0.3066 8.67984 0.00513584 0.00288965
11 7 131 0.0416262 0.601962 0.433817 8.65868 0.00461416 0.00259395
11 8 144 0.0393284 0.599113 0.463283 9.53207 0.00503483 0.00280993
11 9 145 0.043459 0.61511 0.501326 8.16414 0.00498174 0.00281688
11 10 129 0.0360978 0.631919 0.606529 10.6274 0.0042561 0.00235119
11 11 166 0.0428238 0.611993 0.584009 8.4665 0.0055586 0.00313674
11 12 153 0.0407716 0.610543 0.715343 8.99911 0.00488834 0.00274066
11 13 161 0.0417054 0.662873 0.746485 8.71279 0.00499737 0.00281008
11 14 159 0.0387393 0.638068 0.808851 9.71172 0.00485718 0.00270574
11 15 176 0.0398252 0.621851 0.87379 9.39947 0.00526426 0.0029426
11 16 147 0.0409019 0.64597 0.950591 8.81111 0.00423208 0.00237371
11 17 145 0.0405287 0.73203 1.04694 8.86073 0.00392007 0.00219611
11 18 133 0.0360607 0.794158 1.20966 10.3936 0.00331634 0.00183182
11 19 128 0.0436737 0.719809 1.21602 7.67088 0.00324298 0.00183496
11 20 122 0.0386943 0.753059 1.36042 9.21076 0.00289434 0.00161209
11 21 110 0.0355358 0.844743 1.47948 10.3138 0.00244225 0.00134677
11 22 97 0.0372686 0.878121 1.65807 9.39106 0.00200103 0.00110952
11 23 79 0.0350289 0.856525 1.6802 10.1296 0.00162318 0.000893664
12 0 163 0.0399914 0.65155 0.00625354 9.47025 0.00598981 0.00334992
12 1 152 0.0414093 0.598855 0.104564 8.94014 0.00569663 0.00320028
12 2 152 0.039917 0.622673 0.103065 9.43573 0.0056377 0.00315225
12 3 131 0.0439157 0.664941 0.182225 7.97695 0.0047303 0.00267857
12 4 162 0.0400036 0.624747 0.234856 9.45253 0.00590985 0.00330533
12 5 144 0.043476 0.662748 0.279513 8.18782 0.00512723 0.0028993
12 6 166 0.038713 0.635901 0.355077 9.9135 0.00588523 0.00327815
12 7 145 0.0475748 0.689464 0.400803 7.02946 0.00497211 0.0028483
12 8 133 0.0418739 0.715908 0.476879 8.53629 0.00442232 0.00248805
12 9 165 0.0383833 0.683395 0.532308 9.96383 0.00546994 0.00304366
12 10 147 0.044258 0.690006 0.568728 7.89308 0.00480617 0.00272449
12 11 154 0.0441527 0.672229 0.630989 7.95629 0.00496587 0.00281408
12 12 161 0.0435588 0.725666 0.708199 8.12962 0.00495841 0.00280457
12 13 125 0.047161 0.782507 0.82387 6.81823 0.00362206 0.0020722
12 14 142 0.0413139 0.726472 0.883635 8.64234 0.00409904 0.00230208
12 15 176 0.0416436 0.721166 0.952626 8.72419 0.0049544 0.00278537
12 16 118 0.0394926 0.788409 1.00504 9.0168 0.00319028 0.00178142
12 17 149 0.0367876 0.779369 1.07542 10.2606 0.00393086 0.00217625
12 18 134 0.0433585 0.778567 1.16469 7.81654 0.00341451 0.00193009
12 19 119 0.0469514 0.842277 1.30925 6.62235 0.0028208 0.00161272
12 20 123 0.0404899 0.852806 1.40468 8.53907 0.00280443 0.00157091
12 21 121 0.036556 0.862835 1.45056 9.98228 0.0027052 0.00149659
12 22 99 0.0344576 0.850075 1.5099 10.6805 0.0021704 0.00119279
12 23 96 0.0334701 0.945546 1.75212 11.0119 0.00188982 0.00103536
13 0 162 0.0404456 0.694626 0.0129078 9.28694 0.00583523 0.00326816
13 1 148 0.0430309 0.722192 0.0939673 8.34539 0.00524718 0.00296295
13 2 150 0.0449217 0.673571 0.14554 7.82332 0.00541724 0.00307734
13 3 155 0.0375118 0.68045 0.182544 10.3161 0.00555754 0.00308389
13 4 141 0.0421041 0.704971 0.232396 8.57868 0.00496569 0.00279579
13 5 165 0.040762 0.718065 0.302268 9.15749 0.00570878 0.00320055
13 6 155 0.0427905 0.701375 0.356792 8.43709 0.00534248 0.00301447
13 7 148 0.0406595 0.700623 0.414523 9.06639 0.00503407 0.00282137
13 8 122 0.0396461 0.718702 0.421573 9.21557 0.00411089 0.00229659
13 9 161 0.0399561 0.748057 0.539881 9.33928 0.00519016 0.00290238
13 10 158 0.0455918 0.79885 0.619407 7.53151 0.0048736 0.0027744
13 11 156 0.0440854 0.762447 0.650937 7.94856 0.00483201 0.00273764
13 12 132 0.0455603 0.737333 0.694522 7.35933 0.0040674 0.00231522
13 13 150 0.0426009 0.810206 0.777008 8.29622 0.00437608 0.00246771
13 14 131 0.04442 0.828488 0.873349 7.57701 0.00367139 0.00208228
13 15 152 0.0454877 0.830342 0.963772 7.39211 0.00412 0.00234462
13 16 147 0.0414303 0.824513 1.02608 8.55443 0.00390022 0.00219123
13 17 133 0.0462135 0.906866 1.1827 6.95826 0.00325019 0.00185388
13 18 122 0.0351878 0.868957 1.28407 10.639 0.00290025 0.00159758
13 19 133 0.0344776 0.888686 1.27925 11.0442 0.00315143 0.00173205
13 20 114 0.037202 0.966532 1.38573 9.65887 0.00254677 0.00141182
13 21 117 0.732184 0.994898 1.52428 -8.93214 0.00247086 0.00133969
13 22 103 0.0329095 0.979765 1.58475 11.4131 0.0021364 0.00116838
13 23 88 0.0353286 1.08173 1.87992 9.99182 0.00161603 0.00089057
14 0 151 0.0424807 0.79514 0.0447075 8.50246 0.00518064 0.00292029
14 1 157 0.0377307 0.738818 0.0813882 10.2246 0.00552653 0.0030688
14 2 154 0.0459756 0.786376 0.132006 7.50751 0.00528104 0.00301
14 3 141 0.0441261 0.783707 0.172479 7.9349 0.00482326 0.00273303
14 4 169 0.0472843 0.782211 0.260597 7.24336 0.0057191 0.00327321
14 5 150 0.0421582 0.785848 0.311884 8.5732 0.00502396 0.00282908
14 6 158 0.0433815 0.841121 0.350153 8.21524 0.00512255 0.00289579
14 7 143 0.0451195 0.788757 0.452632 7.61302 0.00464013 0.00263755
14 8 142 0.0455403 0.890806 0.53332 7.42517 0.0043205 0.00245914
14 9 166 0.0491231 0.828579 0.546107 6.68764 0.00516794 0.00297503
14 10 144 0.0435751 0.830017 0.584166 8.01268 0.00443262 0.00250731
14 11 141 0.0457015 0.862664 0.667834 7.34771 0.00417872 0.00237965
14 12 157 0.0411896 0.820005 0.72639 8.80785 0.00464246 0.00260625
14 13 137 0.0456614 0.963764 0.843924 7.23628 0.00369741 0.00210529
14 14 129 0.0394023 0.876206 0.927709 9.13892 0.00348988 0.00194815
14 15 167 0.0385678 0.916086 0.966337 9.67646 0.0043985 0.0024489
14 16 152 0.0406301 0.972574 1.063 8.79546 0.00380123 0.00213021
14 17 136 0.0410718 0.927455 1.11937 8.52975 0.00338068 0.00189719
14 18 141 0.0392207 0.989412 1.21586 9.15641 0.00332597 0.00185559
14 19 115 0.0472002 1.01987 1.30728 6.47854 0.00260494 0.00149049
14 20 114 0.0359403 1.08626 1.45569 10.1263 0.0024115 0.00133151
14 21 78 0.0361713 1.18087 1.69387 9.54746 0.00149113 0.000823932
14 22 94 0.0347621 1.08461 1.59466 10.4065 0.00189781 0.00104399
14 23 59 0.0324038 1.22331 1.85187 10.9742 0.00106301 0.000580426
15 0 146 0.0427678 0.83695 0.0272999 8.35957 0.00490949 0.00276996
15 1 173 0.0392028 0.877444 0.100843 9.69934 0.00568711 0.00317271
15 2 153 0.0470744 0.84193 0.105273 7.18605 0.00511683 0.00292657
15 3 141 0.038727 0.859831 0.196406 9.67013 0.00463802 0.00258355
15 4 141 0.0442684 0.861183 0.227282 7.85013 0.00461805 0.00261793
15 5 146 0.0370182 0.872557 0.303768 10.3463 0.00470334 0.00260582
15 6 150 0.0427142 0.863463 0.386534 8.34923 0.00477919 0.00269599
15 7 153 0.044166 0.885436 0.43916 7.91276 0.00477275 0.00270475
15 8 152 0.0451769 0.912706 0.471455 7.59918 0.00465019 0.00264375
15 9 146 0.0409127 0.901988 0.598068 8.83399 0.00434572 0.00243752
15 10 144 0.0382035 0.886111 0.635396 9.78412 0.00426887 0.00237399
15 11 161 0.0425346 0.933076 0.67796 8.37235 0.00462582 0.00260799
15 12 140 0.045833 0.909292 0.712892 7.27281 0.00401835 0.00228928
15 13 146 0.0420983 0.95396 0.815353 8.36193 0.00399064 0.00224678
15 14 149 0.0414782 0.9404 0.890108 8.56261 0.00399444 0.00224451
15 15 138 0.0432629 0.966031 0.934588 7.90182 0.00361284 0.00204158
15 16 124 0.0409644 1.03488 1.06861 8.45742 0.00303416 0.00170214
15 17 129 0.0398322 1.05933 1.22192 8.82652 0.00297567 0.00166337
15 18 98 0.034053 1.12365 1.25382 10.8812 0.00219497 0.00120475
15 19 117 0.0401 1.072 1.33233 8.59412 0.00259043 0.00144925
15 20 92 0.0324529 1.11017 1.43048 11.5558 0.00195072 0.0010653
15 21 92 0.0309679 1.23949 1.64174 12.2603 0.00176414 0.000958902
15 22 66 0.0357113 1.23415 1.79872 9.53212 0.0012063 0.000665577
15 23 50 0.0321334 1.2819 1.90874 10.9209 0.00087464 0.000477163
16 0 150 0.0432573 0.952911 0.0132639 8.17979 0.00476258 0.00269124
16 1 170 0.0422184 0.886858 0.0752584 8.65727 0.00556959 0.00313693
16 2 130 0.0454817 0.974748 0.153931 7.37868 0.00405839 0.00230952
16 3 163 0.0403309 0.91319 0.187843 9.21663 0.00522907 0.00292761
16 4 162 0.04846 0.961383 0.271181 6.82017 0.00502695 0.0028878
16 5 164 0.0455074 0.913424 0.281833 7.6194 0.00519953 0.00295915
16 6 164 0.0463205 0.933402 0.358574 7.37759 0.00508644 0.00290225
16 7 140 0.0439083 0.967614 0.434067 7.86319 0.00421255 0.00238534
16 8 154 0.0427517 0.926177 0.483055 8.3147 0.00467083 0.00263517
16 9 156 0.0415553 0.966624 0.562206 8.67013 0.00456096 0.00256346
16 10 130 0.0413408 0.993044 0.654283 8.52283 0.00366961 0.00206108
16 11 142 0.044708 1.01874 0.69144 7.56191 0.00392649 0.00222899
16 12 154 0.0415223 1.02966 0.774272 8.58442 0.00414161 0.00232753
16 13 157 0.0387647 1.08592 0.844971 9.52018 0.00404833 0.00225534
16 14 123 0.039508 1.03413 0.897415 9.00858 0.00318177 0.00177675
16 15 126 0.0389997 1.07498 0.999058 9.17045 0.0031119 0.00173494
16 16 140 0.0354287 1.08516 1.08933 10.676 0.00334774 0.00184547
16 17 117 0.0349119 1.20805 1.24896 10.6377 0.00255963 0.00140872
16 18 138 0.0366313 1.21759 1.33561 10.0311 0.00293032 0.00162152
16 19 95 0.0320909 1.18827 1.34266 11.7852 0.00202957 0.00110709
16 20 100 0.0381305 1.23106 1.40766 9.08734 0.00206825 0.00114992
16 21 63 0.0356303 1.32958 1.70091 9.52928 0.00116135 0.000640614
16 22 66 0.031467 1.38487 1.86058 11.5504 0.00114607 0.000623929
16 23 57 0.0334158 1.43985 1.96106 10.3512 0.000950432 0.000520614
17 0 144 0.0422149 1.04986 0.0130627 8.41255 0.00435585 0.00245329
17 1 152 0.0422272 1.03031 0.100451 8.47009 0.00463183 0.00260883
17 2 151 0.0450994 1.02087 0.189757 7.60866 0.00459409 0.00261121
17 3 140 0.0501247 0.994657 0.199944 6.27166 0.0043104 0.00248925
17 4 165 0.0408123 1.02447 0.297363 8.99779 0.00494936 0.00277523
17 5 174 0.0418325 1.00547 0.330465 8.71948 0.00524116 0.00294835
17 6 160 0.040807 1.00241 0.368575 8.96816 0.00479635 0.00268939
17 7 176 0.0456958 1.05654 0.423103 7.54754 0.00509517 0.00290149
17 8 172 0.0448874 1.08805 0.503187 7.71875 0.00483239 0.00274481
17 9 145 0.0446489 1.06065 0.568229 7.61334 0.00406481 0.00230708
17 10 144 0.0437277 1.10007 0.66616 7.83341 0.0038769 0.00219402
17 11 156 0.0445663 1.14123 0.736462 7.63488 0.00405664 0.00230184
17 12 147 0.0419432 1.14743 0.759444 8.35989 0.00379038 0.00213298
17 13 148 0.037791 1.12288 0.879815 9.80692 0.00372608 0.00206943
17 14 124 0.0393331 1.19383 0.9708 9.00038 0.00296361 0.00165401
17 15 139 0.0387212 1.32218 1.10301 9.25699 0.00306175 0.00170548
17 16 129 0.0384348 1.23343 1.16943 9.29913 0.00286906 0.0015967
17 17 129 0.0362765 1.25282 1.23636 10.1314 0.00279486 0.00154483
17 18 94 0.0425587 1.35934 1.41017 7.46164 0.0018747 0.00105702
17 19 95 0.0339351 1.36614 1.43814 10.7799 0.0018757 0.00102913
17 20 71 0.0345684 1.30929 1.43385 10.2092 0.00142579 0.000783848
17 21 70 0.032827 1.58384 1.85682 10.8477 0.00116405 0.000636445
17 22 49 0.0352325 1.42217 1.84253 9.38993 0.000848358 0.000467376
17 23 13 0.713826 1.63643 2.08849 -11.3597 0.000201089 0.000106296
18 0 161 0.0430347 1.06091 0.0375518 8.26386 0.00484188 0.00273412
18 1 165 0.0429148 1.11734 0.0670686 8.29629 0.00482141 0.00272153
18 2 158 0.0426286 1.08752 0.196387 8.34828 0.00464967 0.00262221
18 3 148 0.0409701 1.1437 0.208504 8.78852 0.00423305 0.00237476
18 4 181 0.0414296 1.12225 0.298026 8.83852 0.00518049 0.00291051
18 5 177 0.0448281 1.14973 0.338778 7.76421 0.00497327 0.00282431
18 6 153 0.0394886 1.10732 0.388778 9.3288 0.00435225 0.00243022
18 7 160 0.0456692 1.20559 0.48028 7.38126 0.00428336 0.00243899
18 8 155 0.0452427 1.19521 0.576786 7.45281 0.00409117 0.00232641
18 9 177 0.0409283 1.16877 0.601489 8.90723 0.00470035 0.00263657
18 10 146 0.0418076 1.16319 0.67128 8.41233 0.00382436 0.00215118
18 11 133 0.0432242 1.1758 0.740712 7.85491 0.0034072 0.00192514
18 12 142 0.0440772 1.20917 0.796214 7.6397 0.00353956 0.00200533
18 13 127 0.0372316 1.25878 0.883647 9.82284 0.00303636 0.00168339
18 14 115 0.0406389 1.29701 0.996081 8.42461 0.00263129 0.00147462
18 15 124 0.0413919 1.31651 1.07257 8.22111 0.00275975 0.0015503
18 16 125 0.0389054 1.30433 1.1646 9.07114 0.00272171 0.00151695
18 17 111 0.0353214 1.36761 1.28642 10.343 0.00228858 0.00126118
18 18 92 0.0326814 1.43696 1.44102 11.3463 0.00177956 0.000972525
18 19 75 0.0374313 1.44699 1.49877 8.98583 0.00142348 0.000789692
18 20 60 0.0352086 1.54357 1.72297 9.60823 0.00104421 0.00057523
18 21 44 0.719291 1.56802 1.81856 -10.0785 0.000741919 0.00039518
18 22 30 0.724938 1.59926 1.92205 -10.5212 0.000488608 0.000262298
18 23 22 0.71481 1.77011 2.09371 -10.8668 0.000330634 0.000175014
19 0 160 0.0445815 1.21894 0.0161212 7.72325 0.00445071 0.00252557
19 1 158 0.0397164 1.20924 0.0784928 9.261 0.00441076 0.00246466
19 2 153 0.0452282 1.22254 0.207376 7.48608 0.00421255 0.00239532
19 3 177 0.0453368 1.1801 0.205294 7.62235 0.00497517 0.00282994
19 4 150 0.042068 1.18828 0.271119 8.41625 0.00417301 0.00234922
19 5 151 0.042815 1.26351 0.33343 8.14635 0.00402484 0.00227117
19 6 165 0.0441367 1.20781 0.416137 7.85369 0.00446075 0.00252771
19 7 175 0.04292 1.21027 0.449886 8.26913 0.00469979 0.00265293
19 8 170 0.0390584 1.27886 0.529428 9.48771 0.00436654 0.00243488
19 9 164 0.0410147 1.24763 0.629163 8.7625 0.0041862 0.00234881
19 10 128 0.0443183 1.27882 0.69337 7.46272 0.00318028 0.00180316
19 11 126 0.0412851 1.29239 0.784286 8.35584 0.0030489 0.00171215
19 12 138 0.042472 1.3222 0.867544 8.03422 0.00323488 0.00182343
19 13 133 0.0410275 1.42371 0.943665 8.4073 0.00294723 0.00165371
19 14 120 0.0379809 1.34259 0.976574 9.41708 0.00271562 0.00150914
19 15 107 0.0321206 1.36493 1.02742 11.9248 0.00237073 0.00129331
19 16 108 0.0338629 1.40204 1.15859 11.0105 0.00228218 0.00125187
19 17 73 0.0307925 1.48489 1.2568 12.1736 0.00146377 0.000795193
19 18 78 0.72654 1.38489 1.30291 -9.34679 0.0015924 0.000856732
19 19 71 0.0353738 1.54641 1.51967 9.75753 0.00130423 0.000718847
19 20 46 0.731778 1.75603 1.76081 -10.119 0.000752726 0.000407897
19 21 34 0.729569 1.77283 1.92586 -10.4561 0.000532179 0.000287514
19 22 20 0.717314 2.17321 2.27042 -11.0956 0.000265967 0.000141277
19 23 10 0.713248 2.14968 2.30764 -11.7737 0.000132565 7.00173e-05
20 0 159 0.0417853 1.22591 0.0348307 8.5613 0.00440696 0.00247871
20 1 158 0.0436248 1.29063 0.109171 7.95227 0.00423493 0.00239586
20 2 173 0.0447854 1.31432 0.146941 7.69312 0.00457637 0.00259855
20 3 176 0.0403871 1.30787 0.245983 9.07718 0.0046372 0.0025967
20 4 162 0.0415455 1.30784 0.314492 8.60013 0.00423914 0.00238251
20 5 175 0.0491321 1.37268 0.379066 6.5271 0.00441092 0.00253931
20 6 164 0.0446504 1.31282 0.431013 7.6497 0.00421713 0.00239354
20 7 141 0.0404571 1.33 0.515315 8.78607 0.00355013 0.00198841
20 8 143 0.0345054 1.40526 0.594845 11.1183 0.00343772 0.00188956
20 9 142 0.0395026 1.37359 0.592258 9.09476 0.00346137 0.00193285
20 10 142 0.042392 1.34319 0.689655 8.12047 0.00343899 0.00193799
20 11 108 0.0383998 1.43329 0.821649 9.1556 0.00245283 0.00136491
20 12 122 0.0420874 1.48068 0.853381 7.97559 0.00270237 0.00152141
20 13 114 0.0413184 1.42212 0.91277 8.16479 0.0025464 0.00143012
20 14 109 0.0387127 1.53221 1.08151 8.95178 0.00224932 0.0012529
20 15 112 0.0423813 1.61405 1.18026 7.67585 0.00219724 0.00123818
20 16 91 0.0368341 1.58309 1.23639 9.44871 0.00177875 0.000984919
20 17 81 0.0369993 1.74134 1.34237 9.19147 0.00147082 0.000814836
20 18 64 0.0337857 1.69483 1.47318 10.3551 0.0011419 0.000626227
20 19 50 0.0306948 1.6339 1.59479 11.7207 0.000879801 0.000477805
20 20 39 0.713126 1.85101 1.75728 -10.2241 0.000624002 0.000329523
20 21 29 0.0327598 1.88815 1.84613 9.93239 0.000450446 0.000246229
20 22 14 0.723883 1.97405 2.17082 -11.4194 0.000198082 0.000106181
20 23 0 0 0 0 0 0 0
21 0 163 0.0397041 1.42103 0.022601 9.19571 0.00411397 0.00229873
21 1 143 0.0458063 1.38572 0.0585284 7.18886 0.00366808 0.00208955
21 2 147 0.040984 1.42558 0.136563 8.64691 0.00369119 0.00207087
21 3 182 0.046151 1.44491 0.225377 7.30161 0.00450578 0.00256956
21 4 134 0.0399192 1.40813 0.271177 8.91794 0.00336177 0.00187971
21 5 166 0.0461602 1.46058 0.353731 7.18841 0.00403339 0.00230023
21 6 158 0.0396894 1.40416 0.447382 9.14521 0.00389106 0.00217408
21 7 143 0.044851 1.425 0.46829 7.40044 0.00347908 0.0019759
21 8 125 0.0496847 1.47893 0.599826 5.98109 0.00291101 0.00167876
21 9 131 0.0384313 1.41954 0.561463 9.39335 0.00314842 0.00175215
21 10 149 0.0384389 1.58475 0.716402 9.42455 0.00325751 0.0018129
21 11 126 0.0355622 1.5171 0.787146 10.4356 0.00279079 0.0015391
21 12 120 0.0353746 1.56503 0.879219 10.4321 0.00256135 0.00141173
21 13 117 0.042348 1.5698 0.952749 7.7969 0.00245421 0.00138284
21 14 89 0.0417763 1.68748 1.05655 7.6418 0.00175204 0.000985413
21 15 73 0.732426 1.61309 1.08647 -9.45654 0.00146407 0.000794069
21 16 75 0.0364262 1.73276 1.27054 9.36885 0.00138798 0.000767556
21 17 58 0.723218 1.69611 1.33077 -9.72935 0.00107042 0.00057327
21 18 50 0.729228 1.85757 1.58923 -10.0098 0.000830282 0.000448356
21 19 26 0.0310942 1.99919 1.83471 10.6908 0.00039433 0.000214424
21 20 16 0.709394 1.9015 1.80052 -11.1206 0.000250347 0.000131511
21 21 18 0.0435255 1.90804 1.96144 5.23278 0.000270981 0.000153256
21 22 0 0 0 0 0 0 0
21 23 0 0 0 0 0 0 0
22 0 171 0.0394666 1.45611 0.0353907 9.31174 0.00424502 0.00237018
22 1 149 0.0430412 1.57699 0.114138 7.93537 0.00349319 0.00197258
22 2 155 0.0398924 1.45284 0.183134 9.05876 0.00383385 0.00214349
22 3 145 0.0356994 1.5548 0.205836 10.5791 0.00341907 0.00188641
22 4 155 0.0388109 1.55944 0.281662 9.39345 0.00362802 0.00202148
22 5 154 0.0388979 1.54908 0.381625 9.35001 0.00358723 0.0019993
22 6 146 0.0384521 1.578 0.426516 9.44511 0.00334169 0.00185983
22 7 150 0.0409685 1.60427 0.516037 8.55727 0.00335731 0.00188346
22 8 119 0.0442594 1.66904 0.573604 7.26785 0.00257301 0.00145858
22 9 127 0.0386809 1.63547 0.66788 9.16238 0.00274396 0.00152826
22 10 140 0.0354252 1.71288 0.777526 10.5279 0.00288228 0.00158887
22 11 99 0.0353573 1.66515 0.812983 10.2229 0.00206215 0.00113652
22 12 104 0.038048 1.7254 0.96354 9.11472 0.0020595 0.00114476
22 13 90 0.0361228 1.78364 1.02113 9.71484 0.00172704 0.000954139
22 14 83 0.726829 1.66276 1.00188 -9.30224 0.00166706 0.000897259
22 15 76 0.731188 1.83623 1.19628 -9.50757 0.00138375 0.000749241
22 16 47 0.728433 1.93194 1.41053 -10.0496 0.000795085 0.000428882
22 17 39 0.0338036 1.87918 1.46251 9.80183 0.000662305 0.000363233
22 18 23 0.718024 1.92778 1.60334 -10.7587 0.000373695 0.000198697
22 19 24 0.714454 2.05129 1.71592 -10.7563 0.000368672 0.000195051
22 20 13 0.692699 2.03896 1.86775 -11.2998 0.000193912 9.94681e-05
22 21 0 0 0 0 0 0 0
22 22 0 0 0 0 0 0 0
22 23 0 0 0 0 0 0 0
23 0 138 0.0418416 1.67735 0.0545006 8.19081 0.00309822 0.00174292
23 1 120 0.0417191 1.55939 0.0994604 8.14223 0.00283705 0.00159537
23 2 144 0.0413254 1.67737 0.162627 8.39812 0.00322301 0.00181016
23 3 139 0.0386449 1.6379 0.266267 9.31274 0.0031467 0.00175238
23 4 125 0.0389755 1.68951 0.291722 9.06012 0.00276218 0.00153985
23 5 124 0.0380551 1.70545 0.390068 9.38236 0.00269889 0.00150019
23 6 136 0.0417493 1.74838 0.484396 8.14731 0.0028794 0.00161934
23 7 121 0.0390614 1.73487 0.523596 8.95422 0.00256407 0.0014298
23 8 120 0.0403635 1.8066 0.613334 8.44456 0.00244336 0.00136811
23 9 98 0.0386068 1.8126 0.683619 8.85946 0.00197158 0.00109783
23 10 92 0.0407576 1.65585 0.722537 8.08691 0.00195411 0.00109553
23 11 103 0.0336274 1.85852 0.845709 10.9854 0.00198694 0.00108911
23 12 83 0.0371916 1.79702 0.913999 9.20912 0.00161759 0.000896693
23 13 68 0.0319075 1.94243 1.09467 11.3743 0.0012205 0.000665375
23 14 53 0.0376399 1.95729 1.15077 8.48542 0.000936953 0.000520127
23 15 57 0.0330665 2.0734 1.3582 10.5083 0.00093536 0.000511794
23 16 39 0.0408493 2.12077 1.39544 6.91912 0.000626902 0.000351561
23 17 39 0.0313749 2.08963 1.49099 10.9882 0.000620898 0.000337923
23 18 18 0.72147 2.42068 1.98076 -11.2151 0.000240417 0.000128445
23 19 15 0.707945 2.39772 1.87764 -11.3127 0.000205246 0.000107599
23 20 0 0 0 0 0 0 0
23 21 0 0 0 0 0 0 0
23 22 0 0 0 0 0 0 0
23 23 0 0 0 0 0 0 0
