#  ix    iy     Npi     E/N       Tpi    Uxpi    Uypi     mupi     rho    epsilon
0 0 10 108.634 -0.0589249 0.0763943 0.604892 0.0672553 25.997
0 1 10 90.4765 -0.101013 0.158145 1.2593 0.0664084 22.4989
0 2 11 78.4282 0.0499725 -0.0165823 1.91823 0.0742215 22.8551
0 3 0 0 0 0 0 0 0
0 4 0 0 0 0 0 0 0
0 5 0 0 0 0 0 0 0
0 6 0 0 0 0 0 0 0
0 7 0 0 0 0 0 0 0
0 8 10 51.6543 0.167601 1.09973 3.20801 0.0451707 10.9565
0 9 13 92.2239 0.0888944 1.06603 1.08614 0.0599842 20.5945
0 10 0 0 0 0 0 0 0
0 11 10 81.5682 0.0949566 1.10388 1.27078 0.0452714 14.3013
0 12 0 0 0 0 0 0 0
0 13 0 0 0 0 0 0 0
0 14 0 0 0 0 0 0 0
0 15 0 0 0 0 0 0 0
0 16 11 65.6849 0.153256 1.42982 2.07904 0.0424338 11.7193
0 17 0 0 0 0 0 0 0
0 18 0 0 0 0 0 0 0
0 19 0 0 0 0 0 0 0
0 20 0 0 0 0 0 0 0
0 21 0 0 0 0 0 0 0
0 22 0 0 0 0 0 0 0
0 23 0 0 0 0 0 0 0
1 0 10 108.506 -0.0703805 0.127948 0.603147 0.0668585 25.821
1 1 0 0 0 0 0 0 0
1 2 0 0 0 0 0 0 0
1 3 0 0 0 0 0 0 0
1 4 0 0 0 0 0 0 0
1 5 10 105.436 0.204535 0.663216 0.519651 0.0555085 20.9845
1 6 0 0 0 0 0 0 0
1 7 10 82.1421 -0.149893 0.475532 1.5331 0.0604682 19.1905
1 8 0 0 0 0 0 0 0
1 9 0 0 0 0 0 0 0
1 10 0 0 0 0 0 0 0
1 11 11 66.6626 -0.0427552 1.5401 1.96959 0.0404647 11.2726
1 12 0 0 0 0 0 0 0
1 13 0 0 0 0 0 0 0
1 14 0 0 0 0 0 0 0
1 15 0 0 0 0 0 0 0
1 16 0 0 0 0 0 0 0
1 17 11 53.9452 0.180984 2.04798 2.67749 0.0325092 8.06023
1 18 0 0 0 0 0 0 0
1 19 0 0 0 0 0 0 0
1 20 0 0 0 0 0 0 0
1 21 0 0 0 0 0 0 0
1 22 0 0 0 0 0 0 0
1 23 0 0 0 0 0 0 0
2 0 0 0 0 0 0 0 0
2 1 11 89.3332 -0.0643694 0.254692 1.38626 0.0718853 24.1417
2 2 12 106.61 0.239053 0.0213669 0.830924 0.0788421 30.0512
2 3 0 0 0 0 0 0 0
2 4 0 0 0 0 0 0 0
2 5 0 0 0 0 0 0 0
2 6 0 0 0 0 0 0 0
2 7 0 0 0 0 0 0 0
2 8 0 0 0 0 0 0 0
2 9 0 0 0 0 0 0 0
2 10 0 0 0 0 0 0 0
2 11 0 0 0 0 0 0 0
2 12 12 73.6227 0.511444 1.21364 1.75478 0.0490322 14.5056
2 13 0 0 0 0 0 0 0
2 14 0 0 0 0 0 0 0
2 15 0 0 0 0 0 0 0
2 16 0 0 0 0 0 0 0
2 17 0 0 0 0 0 0 0
2 18 0 0 0 0 0 0 0
2 19 0 0 0 0 0 0 0
2 20 0 0 0 0 0 0 0
2 21 0 0 0 0 0 0 0
2 22 0 0 0 0 0 0 0
2 23 0 0 0 0 0 0 0
3 0 0 0 0 0 0 0 0
3 1 10 108.081 0.30247 0.0385817 0.583231 0.0646298 24.8871
3 2 0 0 0 0 0 0 0
3 3 0 0 0 0 0 0 0
3 4 0 0 0 0 0 0 0
3 5 12 90.3798 0.318179 0.631474 1.2602 0.0662025 22.4126
3 6 0 0 0 0 0 0 0
3 7 0 0 0 0 0 0 0
3 8 11 81.4196 0.535271 0.829618 1.43337 0.0528898 16.688
3 9 13 92.9175 0.188784 0.853044 1.15609 0.0661478 22.83
3 10 0 0 0 0 0 0 0
3 11 0 0 0 0 0 0 0
3 12 0 0 0 0 0 0 0
3 13 0 0 0 0 0 0 0
3 14 0 0 0 0 0 0 0
3 15 12 53.0503 0.331886 1.45139 3.08444 0.045208 11.1135
3 16 11 87.2832 0.376922 1.56307 0.868812 0.0392528 12.9748
3 17 10 66.4106 0.582938 1.75177 1.75636 0.0321804 8.94485
3 18 0 0 0 0 0 0 0
3 19 0 0 0 0 0 0 0
3 20 0 0 0 0 0 0 0
3 21 0 0 0 0 0 0 0
3 22 0 0 0 0 0 0 0
3 23 0 0 0 0 0 0 0
4 0 0 0 0 0 0 0 0
4 1 14 100.487 0.408472 0.0534989 1.1478 0.0874635 31.9206
4 2 12 74.9575 0.303094 0.270223 2.10948 0.0751238 22.4758
4 3 12 104.034 0.272012 0.329142 0.862909 0.0745677 27.9126
4 4 13 79.4856 0.428786 0.0211601 1.94963 0.0807142 25.0706
4 5 13 72.1216 0.284485 0.560932 2.25424 0.0743541 21.7181
4 6 11 82.1214 0.383021 0.561836 1.55037 0.0614615 19.5025
4 7 0 0 0 0 0 0 0
4 8 10 58.6751 0.215086 0.770992 2.7829 0.0527503 13.6721
4 9 10 61.3903 0.422468 1.05175 2.41954 0.044702 11.8784
4 10 0 0 0 0 0 0 0
4 11 13 86.0509 0.209992 1.34321 1.20489 0.0520462 17.0385
4 12 10 60.7317 0.591123 1.40822 2.27759 0.0370128 9.77629
4 13 0 0 0 0 0 0 0
4 14 0 0 0 0 0 0 0
4 15 14 74.3328 0.679325 2.47218 1.36109 0.0343738 10.2302
4 16 10 91.6946 0.384638 1.03333 0.828841 0.0453921 15.5221
4 17 10 52.1323 0.326529 2.42268 2.5963 0.025582 6.23373
4 18 0 0 0 0 0 0 0
4 19 0 0 0 0 0 0 0
4 20 0 0 0 0 0 0 0
4 21 0 0 0 0 0 0 0
4 22 0 0 0 0 0 0 0
4 23 0 0 0 0 0 0 0
5 0 0 0 0 0 0 0 0
5 1 14 83.65 0.419418 -0.0776242 1.82694 0.08701 27.9491
5 2 15 93.2639 0.291912 0.148118 1.51808 0.0963221 33.3311
5 3 0 0 0 0 0 0 0
5 4 12 82.0577 0.727182 0.445374 1.55717 0.0616956 19.5668
5 5 0 0 0 0 0 0 0
5 6 0 0 0 0 0 0 0
5 7 0 0 0 0 0 0 0
5 8 0 0 0 0 0 0 0
5 9 0 0 0 0 0 0 0
5 10 0 0 0 0 0 0 0
5 11 0 0 0 0 0 0 0
5 12 10 88.995 0.446222 0.84654 1.01353 0.0488168 16.3518
5 13 14 65.5136 0.778517 1.58013 2.18583 0.0467004 12.8781
5 14 0 0 0 0 0 0 0
5 15 12 105.312 0.693947 1.59779 0.205328 0.0403668 15.2471
5 16 10 77.0072 0.794804 2.50936 0.861089 0.0239961 7.30298
5 17 0 0 0 0 0 0 0
5 18 0 0 0 0 0 0 0
5 19 0 0 0 0 0 0 0
5 20 0 0 0 0 0 0 0
5 21 0 0 0 0 0 0 0
5 22 0 0 0 0 0 0 0
5 23 0 0 0 0 0 0 0
6 0 10 52.6692 0.964363 0.0239432 3.19086 0.048629 11.911
6 1 0 0 0 0 0 0 0
6 2 0 0 0 0 0 0 0
6 3 11 83.1271 0.415444 0.243855 1.58911 0.06696 21.4191
6 4 10 55.0599 0.545715 0.358329 3.13805 0.056578 14.1768
6 5 15 71.2803 0.644645 0.574375 2.33311 0.0767137 22.2466
6 6 0 0 0 0 0 0 0
6 7 10 61.8713 0.744991 1.12073 2.28215 0.0403 10.7556
6 8 15 78.9605 0.597844 0.822807 1.84813 0.0710572 21.9764
6 9 13 89.8666 0.608206 0.897344 1.17578 0.0595577 20.0839
6 10 15 75.5524 0.343537 0.907321 2.04577 0.0727426 21.8721
6 11 0 0 0 0 0 0 0
6 12 11 51.4334 0.722895 1.25033 3.16273 0.0423097 10.2407
6 13 13 60.0976 0.800471 2.01313 2.31792 0.0368124 9.66707
6 14 0 0 0 0 0 0 0
6 15 12 64.7069 0.83564 2.16951 1.86127 0.0320374 8.77142
6 16 0 0 0 0 0 0 0
6 17 0 0 0 0 0 0 0
6 18 10 31.9934 2.0203 4.02484 4.66042 0.0146468 2.9089
6 19 0 0 0 0 0 0 0
6 20 0 0 0 0 0 0 0
6 21 0 0 0 0 0 0 0
6 22 0 0 0 0 0 0 0
6 23 0 0 0 0 0 0 0
7 0 10 78.848 0.84114 -0.031291 1.53556 0.051693 15.9728
7 1 10 75.9206 0.655864 0.275075 1.74796 0.0550619 16.6069
7 2 14 85.0419 0.713042 0.0880177 1.63922 0.076823 24.9508
7 3 0 0 0 0 0 0 0
7 4 0 0 0 0 0 0 0
7 5 0 0 0 0 0 0 0
7 6 0 0 0 0 0 0 0
7 7 0 0 0 0 0 0 0
7 8 0 0 0 0 0 0 0
7 9 0 0 0 0 0 0 0
7 10 0 0 0 0 0 0 0
7 11 0 0 0 0 0 0 0
7 12 0 0 0 0 0 0 0
7 13 11 90.1528 0.962668 1.62173 0.627043 0.034818 11.767
7 14 0 0 0 0 0 0 0
7 15 0 0 0 0 0 0 0
7 16 0 0 0 0 0 0 0
7 17 0 0 0 0 0 0 0
7 18 0 0 0 0 0 0 0
7 19 0 0 0 0 0 0 0
7 20 0 0 0 0 0 0 0
7 21 0 0 0 0 0 0 0
7 22 0 0 0 0 0 0 0
7 23 0 0 0 0 0 0 0
8 0 12 110.503 0.538585 -0.0170175 0.603795 0.0713779 27.9466
8 1 0 0 0 0 0 0 0
8 2 0 0 0 0 0 0 0
8 3 15 96.2417 0.825021 0.55493 1.10918 0.0718712 25.4289
8 4 10 75.0062 0.937699 0.401405 1.64431 0.0473021 14.1578
8 5 0 0 0 0 0 0 0
8 6 0 0 0 0 0 0 0
8 7 12 83.1661 0.829098 0.646651 1.40637 0.0558773 17.8796
8 8 0 0 0 0 0 0 0
8 9 12 72.8618 1.12214 1.05795 1.69087 0.0441124 12.9662
8 10 0 0 0 0 0 0 0
8 11 0 0 0 0 0 0 0
8 12 0 0 0 0 0 0 0
8 13 10 57.3497 1.1329 1.32506 2.43388 0.0336192 8.60701
8 14 0 0 0 0 0 0 0
8 15 0 0 0 0 0 0 0
8 16 0 0 0 0 0 0 0
8 17 0 0 0 0 0 0 0
8 18 0 0 0 0 0 0 0
8 19 0 0 0 0 0 0 0
8 20 0 0 0 0 0 0 0
8 21 0 0 0 0 0 0 0
8 22 0 0 0 0 0 0 0
8 23 0 0 0 0 0 0 0
9 0 10 85.2045 0.918439 0.316711 1.17122 0.0484628 15.7601
9 1 13 71.0681 1.27259 0.152534 1.99475 0.0540322 15.6406
9 2 15 98.8338 0.837487 0.213974 1.07657 0.0766765 27.6502
9 3 0 0 0 0 0 0 0
9 4 13 79.5707 1.11962 0.427659 1.58475 0.0562734 17.4912
9 5 0 0 0 0 0 0 0
9 6 11 114.584 1.01923 0.644083 0.0675142 0.0474486 19.0961
9 7 0 0 0 0 0 0 0
9 8 0 0 0 0 0 0 0
9 9 0 0 0 0 0 0 0
9 10 0 0 0 0 0 0 0
9 11 12 64.7942 1.0477 1.30255 2.11737 0.0416249 11.4052
9 12 10 71.4671 1.77699 1.84996 1.18276 0.0245416 7.12833
9 13 0 0 0 0 0 0 0
9 14 0 0 0 0 0 0 0
9 15 0 0 0 0 0 0 0
9 16 0 0 0 0 0 0 0
9 17 0 0 0 0 0 0 0
9 18 0 0 0 0 0 0 0
9 19 0 0 0 0 0 0 0
9 20 0 0 0 0 0 0 0
9 21 0 0 0 0 0 0 0
9 22 0 0 0 0 0 0 0
9 23 0 0 0 0 0 0 0
10 0 12 102.246 1.33084 -0.0364028 0.499282 0.0486952 17.9977
10 1 0 0 0 0 0 0 0
10 2 0 0 0 0 0 0 0
10 3 0 0 0 0 0 0 0
10 4 13 93.5487 0.912997 0.593183 1.02366 0.0594173 20.6047
10 5 19 84.4958 1.22748 0.488885 1.67231 0.0774756 25.0542
10 6 10 104.935 0.915261 0.872703 0.255708 0.0419092 15.7877
10 7 0 0 0 0 0 0 0
10 8 15 75.0613 0.790971 0.530227 2.08071 0.0733972 21.9784
10 9 0 0 0 0 0 0 0
10 10 10 51.0064 1.18691 1.42656 2.92439 0.0320523 7.72607
10 11 0 0 0 0 0 0 0
10 12 0 0 0 0 0 0 0
10 13 12 81.0858 1.87368 2.29191 0.737218 0.0259487 8.1654
10 14 0 0 0 0 0 0 0
10 15 0 0 0 0 0 0 0
10 16 0 0 0 0 0 0 0
10 17 0 0 0 0 0 0 0
10 18 0 0 0 0 0 0 0
10 19 0 0 0 0 0 0 0
10 20 0 0 0 0 0 0 0
10 21 0 0 0 0 0 0 0
10 22 0 0 0 0 0 0 0
10 23 0 0 0 0 0 0 0
11 0 15 94.2066 1.19682 -0.0748782 1.08613 0.0649103 22.6209
11 1 10 115.733 0.814127 -0.0164682 0.13167 0.0523941 21.2481
11 2 11 86.5451 1.43902 0.27293 0.96648 0.0419085 13.773
11 3 0 0 0 0 0 0 0
11 4 10 59.8236 1.18558 0.540463 2.449 0.0411378 10.7758
11 5 12 63.1061 1.60432 0.284339 2.24837 0.0424126 11.4465
11 6 0 0 0 0 0 0 0
11 7 0 0 0 0 0 0 0
11 8 11 60.4663 1.34697 1.13559 2.28787 0.0366888 9.66722
11 9 0 0 0 0 0 0 0
11 10 0 0 0 0 0 0 0
11 11 10 104.899 1.22064 1.00585 0.10793 0.0361077 13.5988
11 12 0 0 0 0 0 0 0
11 13 0 0 0 0 0 0 0
11 14 0 0 0 0 0 0 0
11 15 0 0 0 0 0 0 0
11 16 0 0 0 0 0 0 0
11 17 0 0 0 0 0 0 0
11 18 0 0 0 0 0 0 0
11 19 0 0 0 0 0 0 0
11 20 0 0 0 0 0 0 0
11 21 0 0 0 0 0 0 0
11 22 0 0 0 0 0 0 0
11 23 0 0 0 0 0 0 0
12 0 12 66.2828 1.4986 0.0816831 2.09881 0.0449586 12.4826
12 1 0 0 0 0 0 0 0
12 2 0 0 0 0 0 0 0
12 3 11 62.066 1.43105 0.651174 2.25835 0.0398883 10.6645
12 4 10 71.9703 2.23956 0.772688 1.22255 0.0262755 7.66488
12 5 0 0 0 0 0 0 0
12 6 0 0 0 0 0 0 0
12 7 11 73.6124 1.31845 0.912029 1.535 0.039336 11.6361
12 8 0 0 0 0 0 0 0
12 9 0 0 0 0 0 0 0
12 10 0 0 0 0 0 0 0
12 11 0 0 0 0 0 0 0
12 12 0 0 0 0 0 0 0
12 13 0 0 0 0 0 0 0
12 14 0 0 0 0 0 0 0
12 15 0 0 0 0 0 0 0
12 16 0 0 0 0 0 0 0
12 17 0 0 0 0 0 0 0
12 18 0 0 0 0 0 0 0
12 19 0 0 0 0 0 0 0
12 20 0 0 0 0 0 0 0
12 21 0 0 0 0 0 0 0
12 22 0 0 0 0 0 0 0
12 23 0 0 0 0 0 0 0
13 0 10 85.1957 1.97845 -0.0176511 0.707842 0.0304786 9.91093
13 1 12 76.9769 1.83293 -0.146882 1.34154 0.0387368 11.7862
13 2 11 92.6249 1.59211 0.174121 0.648757 0.0393635 13.5558
13 3 0 0 0 0 0 0 0
13 4 0 0 0 0 0 0 0
13 5 0 0 0 0 0 0 0
13 6 0 0 0 0 0 0 0
13 7 0 0 0 0 0 0 0
13 8 0 0 0 0 0 0 0
13 9 0 0 0 0 0 0 0
13 10 14 60.2581 1.55619 1.23647 2.45028 0.0425145 11.1809
13 11 0 0 0 0 0 0 0
13 12 0 0 0 0 0 0 0
13 13 0 0 0 0 0 0 0
13 14 0 0 0 0 0 0 0
13 15 0 0 0 0 0 0 0
13 16 0 0 0 0 0 0 0
13 17 0 0 0 0 0 0 0
13 18 0 0 0 0 0 0 0
13 19 0 0 0 0 0 0 0
13 20 0 0 0 0 0 0 0
13 21 0 0 0 0 0 0 0
13 22 0 0 0 0 0 0 0
13 23 0 0 0 0 0 0 0
14 0 11 92.834 1.8209 -0.0761756 0.544175 0.0357532 12.3319
14 1 10 71.9609 1.93653 -0.097772 1.38748 0.0309705 9.03375
14 2 16 79.7616 1.48172 0.199639 1.64125 0.0601033 18.7107
14 3 0 0 0 0 0 0 0
14 4 11 63.4728 2.86949 0.956615 1.62593 0.0233302 6.31728
14 5 10 52.9681 1.77016 0.5382 2.75006 0.0321273 7.89166
14 6 13 64.4829 1.99221 0.673215 2.0393 0.0377222 10.3072
14 7 0 0 0 0 0 0 0
14 8 10 67.8795 1.77681 0.835057 1.61703 0.030667 8.635
14 9 0 0 0 0 0 0 0
14 10 0 0 0 0 0 0 0
14 11 0 0 0 0 0 0 0
14 12 0 0 0 0 0 0 0
14 13 0 0 0 0 0 0 0
14 14 0 0 0 0 0 0 0
14 15 0 0 0 0 0 0 0
14 16 0 0 0 0 0 0 0
14 17 0 0 0 0 0 0 0
14 18 0 0 0 0 0 0 0
14 19 0 0 0 0 0 0 0
14 20 0 0 0 0 0 0 0
14 21 0 0 0 0 0 0 0
14 22 0 0 0 0 0 0 0
14 23 0 0 0 0 0 0 0
15 0 12 62.1954 1.83303 0.019673 2.22246 0.0388291 10.3935
15 1 10 44.9749 2.00106 0.579403 3.44721 0.0292395 6.64189
15 2 0 0 0 0 0 0 0
15 3 0 0 0 0 0 0 0
15 4 11 82.8488 1.89502 0.614867 0.904743 0.0333418 10.6417
15 5 11 62.206 2.23358 0.622156 1.94473 0.0294346 7.87963
15 6 0 0 0 0 0 0 0
15 7 0 0 0 0 0 0 0
15 8 0 0 0 0 0 0 0
15 9 0 0 0 0 0 0 0
15 10 0 0 0 0 0 0 0
15 11 0 0 0 0 0 0 0
15 12 0 0 0 0 0 0 0
15 13 0 0 0 0 0 0 0
15 14 0 0 0 0 0 0 0
15 15 0 0 0 0 0 0 0
15 16 0 0 0 0 0 0 0
15 17 0 0 0 0 0 0 0
15 18 0 0 0 0 0 0 0
15 19 0 0 0 0 0 0 0
15 20 0 0 0 0 0 0 0
15 21 0 0 0 0 0 0 0
15 22 0 0 0 0 0 0 0
15 23 0 0 0 0 0 0 0
16 0 11 67.1276 3.37538 -0.0676984 1.28984 0.0211086 5.90453
16 1 0 0 0 0 0 0 0
16 2 0 0 0 0 0 0 0
16 3 0 0 0 0 0 0 0
16 4 0 0 0 0 0 0 0
16 5 0 0 0 0 0 0 0
16 6 0 0 0 0 0 0 0
16 7 0 0 0 0 0 0 0
16 8 0 0 0 0 0 0 0
16 9 0 0 0 0 0 0 0
16 10 0 0 0 0 0 0 0
16 11 0 0 0 0 0 0 0
16 12 0 0 0 0 0 0 0
16 13 0 0 0 0 0 0 0
16 14 0 0 0 0 0 0 0
16 15 0 0 0 0 0 0 0
16 16 0 0 0 0 0 0 0
16 17 0 0 0 0 0 0 0
16 18 0 0 0 0 0 0 0
16 19 0 0 0 0 0 0 0
16 20 0 0 0 0 0 0 0
16 21 0 0 0 0 0 0 0
16 22 0 0 0 0 0 0 0
16 23 0 0 0 0 0 0 0
17 0 0 0 0 0 0 0 0
17 1 0 0 0 0 0 0 0
17 2 0 0 0 0 0 0 0
17 3 0 0 0 0 0 0 0
17 4 0 0 0 0 0 0 0
17 5 0 0 0 0 0 0 0
17 6 0 0 0 0 0 0 0
17 7 0 0 0 0 0 0 0
17 8 0 0 0 0 0 0 0
17 9 0 0 0 0 0 0 0
17 10 0 0 0 0 0 0 0
17 11 0 0 0 0 0 0 0
17 12 0 0 0 0 0 0 0
17 13 0 0 0 0 0 0 0
17 14 0 0 0 0 0 0 0
17 15 0 0 0 0 0 0 0
17 16 0 0 0 0 0 0 0
17 17 0 0 0 0 0 0 0
17 18 0 0 0 0 0 0 0
17 19 0 0 0 0 0 0 0
17 20 0 0 0 0 0 0 0
17 21 0 0 0 0 0 0 0
17 22 0 0 0 0 0 0 0
17 23 0 0 0 0 0 0 0
18 0 0 0 0 0 0 0 0
18 1 0 0 0 0 0 0 0
18 2 0 0 0 0 0 0 0
18 3 0 0 0 0 0 0 0
18 4 0 0 0 0 0 0 0
18 5 0 0 0 0 0 0 0
18 6 0 0 0 0 0 0 0
18 7 0 0 0 0 0 0 0
18 8 0 0 0 0 0 0 0
18 9 0 0 0 0 0 0 0
18 10 0 0 0 0 0 0 0
18 11 0 0 0 0 0 0 0
18 12 0 0 0 0 0 0 0
18 13 0 0 0 0 0 0 0
18 14 0 0 0 0 0 0 0
18 15 0 0 0 0 0 0 0
18 16 0 0 0 0 0 0 0
18 17 0 0 0 0 0 0 0
18 18 0 0 0 0 0 0 0
18 19 0 0 0 0 0 0 0
18 20 0 0 0 0 0 0 0
18 21 0 0 0 0 0 0 0
18 22 0 0 0 0 0 0 0
18 23 0 0 0 0 0 0 0
19 0 0 0 0 0 0 0 0
19 1 0 0 0 0 0 0 0
19 2 0 0 0 0 0 0 0
19 3 0 0 0 0 0 0 0
19 4 0 0 0 0 0 0 0
19 5 0 0 0 0 0 0 0
19 6 0 0 0 0 0 0 0
19 7 0 0 0 0 0 0 0
19 8 0 0 0 0 0 0 0
19 9 0 0 0 0 0 0 0
19 10 0 0 0 0 0 0 0
19 11 0 0 0 0 0 0 0
19 12 0 0 0 0 0 0 0
19 13 0 0 0 0 0 0 0
19 14 0 0 0 0 0 0 0
19 15 0 0 0 0 0 0 0
19 16 0 0 0 0 0 0 0
19 17 0 0 0 0 0 0 0
19 18 0 0 0 0 0 0 0
19 19 0 0 0 0 0 0 0
19 20 0 0 0 0 0 0 0
19 21 0 0 0 0 0 0 0
19 22 0 0 0 0 0 0 0
19 23 0 0 0 0 0 0 0
20 0 0 0 0 0 0 0 0
20 1 0 0 0 0 0 0 0
20 2 0 0 0 0 0 0 0
20 3 0 0 0 0 0 0 0
20 4 0 0 0 0 0 0 0
20 5 0 0 0 0 0 0 0
20 6 0 0 0 0 0 0 0
20 7 0 0 0 0 0 0 0
20 8 0 0 0 0 0 0 0
20 9 0 0 0 0 0 0 0
20 10 0 0 0 0 0 0 0
20 11 0 0 0 0 0 0 0
20 12 0 0 0 0 0 0 0
20 13 0 0 0 0 0 0 0
20 14 0 0 0 0 0 0 0
20 15 0 0 0 0 0 0 0
20 16 0 0 0 0 0 0 0
20 17 0 0 0 0 0 0 0
20 18 0 0 0 0 0 0 0
20 19 0 0 0 0 0 0 0
20 20 0 0 0 0 0 0 0
20 21 0 0 0 0 0 0 0
20 22 0 0 0 0 0 0 0
20 23 0 0 0 0 0 0 0
21 0 0 0 0 0 0 0 0
21 1 0 0 0 0 0 0 0
21 2 0 0 0 0 0 0 0
21 3 0 0 0 0 0 0 0
21 4 0 0 0 0 0 0 0
21 5 0 0 0 0 0 0 0
21 6 0 0 0 0 0 0 0
21 7 0 0 0 0 0 0 0
21 8 0 0 0 0 0 0 0
21 9 0 0 0 0 0 0 0
21 10 0 0 0 0 0 0 0
21 11 0 0 0 0 0 0 0
21 12 0 0 0 0 0 0 0
21 13 0 0 0 0 0 0 0
21 14 0 0 0 0 0 0 0
21 15 0 0 0 0 0 0 0
21 16 0 0 0 0 0 0 0
21 17 0 0 0 0 0 0 0
21 18 0 0 0 0 0 0 0
21 19 0 0 0 0 0 0 0
21 20 0 0 0 0 0 0 0
21 21 0 0 0 0 0 0 0
21 22 0 0 0 0 0 0 0
21 23 0 0 0 0 0 0 0
22 0 0 0 0 0 0 0 0
22 1 0 0 0 0 0 0 0
22 2 0 0 0 0 0 0 0
22 3 0 0 0 0 0 0 0
22 4 0 0 0 0 0 0 0
22 5 0 0 0 0 0 0 0
22 6 0 0 0 0 0 0 0
22 7 0 0 0 0 0 0 0
22 8 0 0 0 0 0 0 0
22 9 0 0 0 0 0 0 0
22 10 0 0 0 0 0 0 0
22 11 0 0 0 0 0 0 0
22 12 0 0 0 0 0 0 0
22 13 0 0 0 0 0 0 0
22 14 0 0 0 0 0 0 0
22 15 0 0 0 0 0 0 0
22 16 0 0 0 0 0 0 0
22 17 0 0 0 0 0 0 0
22 18 0 0 0 0 0 0 0
22 19 0 0 0 0 0 0 0
22 20 0 0 0 0 0 0 0
22 21 0 0 0 0 0 0 0
22 22 0 0 0 0 0 0 0
22 23 0 0 0 0 0 0 0
23 0 0 0 0 0 0 0 0
23 1 0 0 0 0 0 0 0
23 2 0 0 0 0 0 0 0
23 3 0 0 0 0 0 0 0
23 4 0 0 0 0 0 0 0
23 5 0 0 0 0 0 0 0
23 6 0 0 0 0 0 0 0
23 7 0 0 0 0 0 0 0
23 8 0 0 0 0 0 0 0
23 9 0 0 0 0 0 0 0
23 10 0 0 0 0 0 0 0
23 11 0 0 0 0 0 0 0
23 12 0 0 0 0 0 0 0
23 13 0 0 0 0 0 0 0
23 14 0 0 0 0 0 0 0
23 15 0 0 0 0 0 0 0
23 16 0 0 0 0 0 0 0
23 17 0 0 0 0 0 0 0
23 18 0 0 0 0 0 0 0
23 19 0 0 0 0 0 0 0
23 20 0 0 0 0 0 0 0
23 21 0 0 0 0 0 0 0
23 22 0 0 0 0 0 0 0
23 23 0 0 0 0 0 0 0
