#  ix    iy     NB       E/N    TB    UxB       UyB       muB       rhoB     epsilonB
0 0 22 0.728809 0.0715497 0.00264743 -10.288 0.00166241 0.002239
0 1 13 0.0971502 0.0928854 -0.0225818 3.91145 0.000980379 0.00136372
0 2 23 0.116159 0.0518005 0.188682 2.09787 0.00171 0.00243666
0 3 20 0.723616 -0.021167 0.276728 -10.3903 0.00145997 0.00195233
0 4 15 0.0993891 0.183218 0.204127 3.69984 0.00109589 0.00152872
0 5 17 0.107931 0.0198058 0.342734 2.68892 0.0012181 0.0017177
0 6 20 0.117831 0.126124 0.49046 1.6885 0.00135171 0.0019302
0 7 14 0.0883889 0.067545 0.467148 5.30068 0.000959132 0.00131944
0 8 11 0.0953565 -0.0695506 0.702936 3.81559 0.000680651 0.000944642
0 9 13 0.0802318 0.0653763 0.632507 6.7313 0.000831062 0.00113152
0 10 18 0.0983115 0.130941 0.84877 3.79593 0.0010345 0.00144112
0 11 19 0.0815507 -0.0249104 0.763668 6.77599 0.00114374 0.00155984
0 12 0 0 0 0 0 0 0
0 13 0 0 0 0 0 0 0
0 14 0 0 0 0 0 0 0
0 15 0 0 0 0 0 0 0
0 16 0 0 0 0 0 0 0
0 17 0 0 0 0 0 0 0
0 18 0 0 0 0 0 0 0
0 19 0 0 0 0 0 0 0
0 20 0 0 0 0 0 0 0
0 21 0 0 0 0 0 0 0
0 22 0 0 0 0 0 0 0
0 23 0 0 0 0 0 0 0
1 0 16 0.104628 0.220161 -0.0665454 3.06983 0.00118128 0.00165882
1 1 23 0.713147 -0.0132097 0.123509 -10.1646 0.00172914 0.00227882
1 2 25 0.102119 0.0550351 0.163446 3.85637 0.00186639 0.00261257
1 3 15 0.724737 0.152484 0.262926 -10.691 0.00108725 0.00145617
1 4 14 0.146717 0.248027 0.470642 -1.10559 0.000936348 0.00138694
1 5 14 0.103208 0.166062 0.33296 3.08176 0.000994029 0.00139336
1 6 22 0.0907439 0.0326534 0.574396 5.30577 0.00144464 0.00199327
1 7 18 0.0970365 0.0881605 0.526316 4.1329 0.00120305 0.00167322
1 8 17 0.116179 0.123344 0.57428 1.66413 0.00111048 0.00158242
1 9 10 0.7182 0.174641 0.661314 -11.2091 0.000625298 0.000829917
1 10 19 0.0958683 0.0726249 0.700457 4.28542 0.00117686 0.00163437
1 11 11 0.713966 0.229649 0.957274 -11.2378 0.000593859 0.000783543
1 12 19 0.71993 0.10098 0.985866 -10.7268 0.00102238 0.00136021
1 13 0 0 0 0 0 0 0
1 14 11 0.706964 0.183565 1.30274 -11.3629 0.00050428 0.000658826
1 15 0 0 0 0 0 0 0
1 16 0 0 0 0 0 0 0
1 17 0 0 0 0 0 0 0
1 18 0 0 0 0 0 0 0
1 19 0 0 0 0 0 0 0
1 20 0 0 0 0 0 0 0
1 21 0 0 0 0 0 0 0
1 22 0 0 0 0 0 0 0
1 23 0 0 0 0 0 0 0
2 0 21 0.11858 0.114138 -0.013658 1.76835 0.0015805 0.00225906
2 1 25 0.0916496 0.131904 0.184176 5.4012 0.00184714 0.00255154
2 2 19 0.112451 0.151861 0.201692 2.29829 0.0013956 0.00197933
2 3 20 0.120139 0.156446 0.086146 1.55385 0.00149155 0.00213614
2 4 14 0.0928316 0.169839 0.17115 4.62609 0.00103106 0.00142639
2 5 20 0.107509 0.28025 0.279269 2.88564 0.00140889 0.00198569
2 6 26 0.10566 0.143483 0.383339 3.37249 0.00182291 0.00256319
2 7 20 0.0818791 0.140175 0.508484 6.86738 0.00134016 0.00182847
2 8 19 0.732799 0.170997 0.559582 -10.6003 0.00124235 0.0016824
2 9 21 0.729461 0.0962186 0.697036 -10.5365 0.00130109 0.00175393
2 10 13 0.112426 0.343509 0.882167 1.63258 0.000715197 0.0010143
2 11 16 0.724935 0.210892 0.791171 -10.8399 0.000937848 0.00125642
2 12 15 0.0837589 0.242407 1.1197 5.90885 0.000747269 0.00102198
2 13 12 0.720016 0.193115 1.14615 -11.2721 0.000592905 0.000788913
2 14 0 0 0 0 0 0 0
2 15 0 0 0 0 0 0 0
2 16 0 0 0 0 0 0 0
2 17 0 0 0 0 0 0 0
2 18 0 0 0 0 0 0 0
2 19 0 0 0 0 0 0 0
2 20 0 0 0 0 0 0 0
2 21 0 0 0 0 0 0 0
2 22 0 0 0 0 0 0 0
2 23 0 0 0 0 0 0 0
3 0 20 0.110341 0.167514 0.121532 2.6004 0.00148371 0.00209867
3 1 15 0.0898703 0.298907 0.120091 5.1641 0.00108163 0.00149075
3 2 23 0.718421 0.324744 0.119821 -10.2421 0.00164657 0.00218606
3 3 20 0.131536 0.131276 0.296976 0.479252 0.00144109 0.00209391
3 4 21 0.0905878 0.194296 0.211765 5.38874 0.00152902 0.00210927
3 5 12 0.0872538 0.253161 0.453192 5.33013 0.000806855 0.00110836
3 6 20 0.0922252 0.223624 0.423145 5.00585 0.00136669 0.00188925
3 7 24 0.715901 0.210017 0.516732 -10.2648 0.00158787 0.00210074
3 8 13 0.110523 0.165541 0.658408 1.97989 0.000814814 0.0011528
3 9 12 0.731587 0.285915 0.720257 -11.1414 0.000718583 0.000971505
3 10 13 0.111447 0.205668 0.763385 1.82044 0.000772565 0.00109431
3 11 0 0 0 0 0 0 0
3 12 0 0 0 0 0 0 0
3 13 0 0 0 0 0 0 0
3 14 0 0 0 0 0 0 0
3 15 0 0 0 0 0 0 0
3 16 0 0 0 0 0 0 0
3 17 0 0 0 0 0 0 0
3 18 0 0 0 0 0 0 0
3 19 0 0 0 0 0 0 0
3 20 0 0 0 0 0 0 0
3 21 0 0 0 0 0 0 0
3 22 0 0 0 0 0 0 0
3 23 0 0 0 0 0 0 0
4 0 26 0.0934791 0.439568 -0.0209533 5.08161 0.00180285 0.00249614
4 1 15 0.079812 0.215143 0.228694 7.08642 0.00108418 0.00147536
4 2 19 0.72999 0.259797 0.161537 -10.4831 0.00137643 0.00185683
4 3 14 0.118328 0.209192 0.133089 1.36527 0.00102944 0.00147093
4 4 14 0.0889753 0.299329 0.237093 5.23059 0.000990827 0.00136405
4 5 19 0.131091 0.348822 0.478327 0.365349 0.00123862 0.0017987
4 6 13 0.106768 0.210021 0.433521 2.51421 0.000887269 0.00124934
4 7 20 0.722992 0.304246 0.607788 -10.5397 0.0012531 0.00167426
4 8 22 0.0973934 0.226791 0.559296 4.25103 0.00142693 0.00198548
4 9 13 0.105125 0.343051 0.603892 2.62764 0.000808893 0.00113661
4 10 15 0.712505 0.371214 0.803242 -10.87 0.000851024 0.00112055
4 11 16 0.704153 0.35039 0.891609 -10.796 0.000875289 0.00113899
4 12 0 0 0 0 0 0 0
4 13 0 0 0 0 0 0 0
4 14 0 0 0 0 0 0 0
4 15 0 0 0 0 0 0 0
4 16 0 0 0 0 0 0 0
4 17 0 0 0 0 0 0 0
4 18 0 0 0 0 0 0 0
4 19 0 0 0 0 0 0 0
4 20 0 0 0 0 0 0 0
4 21 0 0 0 0 0 0 0
4 22 0 0 0 0 0 0 0
4 23 0 0 0 0 0 0 0
5 0 16 0.141156 0.375308 0.0759433 -0.519551 0.00113197 0.00166494
5 1 21 0.0940085 0.241983 0.0238821 4.84439 0.00154586 0.00214177
5 2 27 0.101914 0.433793 0.236713 3.86639 0.00183376 0.00256623
5 3 21 0.125135 0.355877 0.272338 1.04941 0.0014518 0.00209243
5 4 17 0.111383 0.347701 0.379983 2.22117 0.00114494 0.00162162
5 5 13 0.0857861 0.41823 0.410176 5.65107 0.000849778 0.00116516
5 6 21 0.125302 0.351753 0.377134 1.00759 0.00141395 0.00203831
5 7 11 0.725219 0.352061 0.554056 -11.1387 0.000696643 0.000933644
5 8 26 0.109198 0.361226 0.640746 2.80153 0.00158669 0.00224108
5 9 12 0.725794 0.30518 0.720551 -11.1144 0.000715947 0.000960275
5 10 22 0.733197 0.505697 0.802684 -10.6295 0.00120912 0.00163829
5 11 13 0.093783 0.519296 0.98844 4.02425 0.00065705 0.000910073
5 12 11 0.0808112 0.565978 1.21862 6.09656 0.000497535 0.000677906
5 13 0 0 0 0 0 0 0
5 14 0 0 0 0 0 0 0
5 15 0 0 0 0 0 0 0
5 16 0 0 0 0 0 0 0
5 17 0 0 0 0 0 0 0
5 18 0 0 0 0 0 0 0
5 19 0 0 0 0 0 0 0
5 20 0 0 0 0 0 0 0
5 21 0 0 0 0 0 0 0
5 22 0 0 0 0 0 0 0
5 23 0 0 0 0 0 0 0
6 0 25 0.0910153 0.504022 0.0572394 5.41673 0.00168906 0.0023313
6 1 20 0.120903 0.522461 0.176999 1.36131 0.00132669 0.00190187
6 2 19 0.160718 0.619455 0.0233789 -1.72527 0.0012234 0.00184449
6 3 13 0.0779921 0.475925 0.206009 7.26864 0.000874275 0.00118699
6 4 17 0.0880096 0.494245 0.278526 5.52295 0.00112017 0.00154023
6 5 17 0.116241 0.536315 0.418685 1.61549 0.00106479 0.00151743
6 6 19 0.722105 0.381061 0.332836 -10.5103 0.00128436 0.00171392
6 7 21 0.722992 0.453861 0.455152 -10.474 0.00133829 0.00178808
6 8 17 0.0935088 0.484552 0.477466 4.55038 0.00106485 0.0014744
6 9 16 0.717061 0.346302 0.640038 -10.7536 0.000980079 0.00129873
6 10 0 0 0 0 0 0 0
6 11 10 0.0800581 0.447238 0.845836 6.35056 0.000547381 0.000745112
6 12 0 0 0 0 0 0 0
6 13 0 0 0 0 0 0 0
6 14 0 0 0 0 0 0 0
6 15 0 0 0 0 0 0 0
6 16 0 0 0 0 0 0 0
6 17 0 0 0 0 0 0 0
6 18 0 0 0 0 0 0 0
6 19 0 0 0 0 0 0 0
6 20 0 0 0 0 0 0 0
6 21 0 0 0 0 0 0 0
6 22 0 0 0 0 0 0 0
6 23 0 0 0 0 0 0 0
7 0 25 0.730496 0.466013 0.108682 -10.2696 0.00170842 0.00230629
7 1 19 0.0879964 0.566263 0.15005 5.62853 0.00124198 0.00170769
7 2 0 0 0 0 0 0 0
7 3 18 0.143391 0.541707 0.301405 -0.658547 0.001159 0.00170952
7 4 17 0.103532 0.443602 0.273502 3.17801 0.00114209 0.00160157
7 5 24 0.119997 0.608955 0.37346 1.55977 0.00147947 0.00211846
7 6 20 0.0895574 0.590533 0.388686 5.35204 0.0012372 0.00170448
7 7 13 0.0943071 0.576096 0.564609 4.09628 0.000766548 0.00106244
7 8 14 0.0774088 0.610958 0.733175 7.2692 0.000767264 0.00104093
7 9 15 0.712412 0.686279 0.842803 -10.9703 0.000769414 0.00101296
7 10 14 0.732469 0.614961 0.822868 -11.117 0.000739806 0.0010014
7 11 0 0 0 0 0 0 0
7 12 0 0 0 0 0 0 0
7 13 0 0 0 0 0 0 0
7 14 0 0 0 0 0 0 0
7 15 0 0 0 0 0 0 0
7 16 0 0 0 0 0 0 0
7 17 0 0 0 0 0 0 0
7 18 0 0 0 0 0 0 0
7 19 0 0 0 0 0 0 0
7 20 0 0 0 0 0 0 0
7 21 0 0 0 0 0 0 0
7 22 0 0 0 0 0 0 0
7 23 0 0 0 0 0 0 0
8 0 24 0.108067 0.592935 0.00375518 2.92235 0.00156392 0.00220575
8 1 19 0.728745 0.509357 0.178091 -10.5595 0.00126675 0.00170595
8 2 22 0.0828958 0.577953 0.200324 6.72199 0.00142177 0.00194232
8 3 18 0.098714 0.447742 0.246789 3.89827 0.00121416 0.00169226
8 4 26 0.0892505 0.544885 0.289598 5.70865 0.00167625 0.00230847
8 5 15 0.107683 0.594628 0.410506 2.43952 0.000921077 0.00129845
8 6 13 0.0794073 0.735586 0.600522 6.75583 0.000714162 0.000971341
8 7 22 0.0774177 0.675383 0.499984 7.77583 0.00127598 0.00173112
8 8 18 0.718217 0.761003 0.703514 -10.7943 0.000946865 0.00125674
8 9 11 0.703461 0.694574 0.793557 -11.2151 0.000573396 0.000745412
8 10 0 0 0 0 0 0 0
8 11 0 0 0 0 0 0 0
8 12 0 0 0 0 0 0 0
8 13 0 0 0 0 0 0 0
8 14 0 0 0 0 0 0 0
8 15 0 0 0 0 0 0 0
8 16 0 0 0 0 0 0 0
8 17 0 0 0 0 0 0 0
8 18 0 0 0 0 0 0 0
8 19 0 0 0 0 0 0 0
8 20 0 0 0 0 0 0 0
8 21 0 0 0 0 0 0 0
8 22 0 0 0 0 0 0 0
8 23 0 0 0 0 0 0 0
9 0 22 0.112363 0.754224 0.0469004 2.25975 0.0013297 0.00188565
9 1 21 0.730504 0.708666 0.0761488 -10.5463 0.00129552 0.00174891
9 2 19 0.730622 0.760632 0.212543 -10.684 0.00112959 0.00152516
9 3 18 0.112295 0.756912 0.23346 2.04915 0.00106893 0.00151572
9 4 19 0.105662 0.81991 0.340393 2.84543 0.00107642 0.00151356
9 5 17 0.0940532 0.847302 0.540822 4.30564 0.000908307 0.00125852
9 6 11 0.725209 0.824641 0.509654 -11.2908 0.000598332 0.000801877
9 7 10 0.102078 0.813182 0.708441 2.57449 0.000515089 0.000720984
9 8 14 0.0850582 0.820772 0.626346 5.6466 0.00073789 0.00101081
9 9 0 0 0 0 0 0 0
9 10 10 0.119816 0.850749 0.82138 0.471144 0.000489172 0.000700285
9 11 0 0 0 0 0 0 0
9 12 0 0 0 0 0 0 0
9 13 0 0 0 0 0 0 0
9 14 0 0 0 0 0 0 0
9 15 0 0 0 0 0 0 0
9 16 0 0 0 0 0 0 0
9 17 0 0 0 0 0 0 0
9 18 0 0 0 0 0 0 0
9 19 0 0 0 0 0 0 0
9 20 0 0 0 0 0 0 0
9 21 0 0 0 0 0 0 0
9 22 0 0 0 0 0 0 0
9 23 0 0 0 0 0 0 0
10 0 24 0.0790193 0.813386 0.0127738 7.52045 0.00141044 0.00191741
10 1 18 0.0791081 0.668296 0.0150122 7.2827 0.00113367 0.00154134
10 2 11 0.0920156 0.754814 0.0617817 4.31861 0.000664319 0.000918083
10 3 22 0.0966671 0.7797 0.285998 4.25135 0.00128215 0.0017824
10 4 25 0.715791 0.77325 0.312344 -10.3519 0.00145452 0.00192402
10 5 20 0.0904887 0.812722 0.4943 5.0741 0.00109781 0.00151423
10 6 14 0.718914 0.987589 0.637458 -11.1185 0.000687246 0.000913042
10 7 21 0.0784501 0.934963 0.591253 7.36605 0.00106685 0.00144928
10 8 0 0 0 0 0 0 0
10 9 11 0.726814 0.985194 0.868547 -11.4693 0.00050482 0.00067805
10 10 0 0 0 0 0 0 0
10 11 0 0 0 0 0 0 0
10 12 0 0 0 0 0 0 0
10 13 0 0 0 0 0 0 0
10 14 0 0 0 0 0 0 0
10 15 0 0 0 0 0 0 0
10 16 0 0 0 0 0 0 0
10 17 0 0 0 0 0 0 0
10 18 0 0 0 0 0 0 0
10 19 0 0 0 0 0 0 0
10 20 0 0 0 0 0 0 0
10 21 0 0 0 0 0 0 0
10 22 0 0 0 0 0 0 0
10 23 0 0 0 0 0 0 0
11 0 17 0.716204 0.927762 -0.00694396 -10.7863 0.000944118 0.00124958
11 1 23 0.0805199 0.819424 0.0693288 7.15263 0.00134581 0.00183303
11 2 23 0.0947083 1.01136 0.370684 4.47003 0.0011855 0.00164395
11 3 22 0.725753 0.936198 0.286089 -10.6053 0.00119099 0.00159734
11 4 14 0.0977854 0.855619 0.34651 3.58889 0.00077932 0.00108491
11 5 0 0 0 0 0 0 0
11 6 19 0.731577 0.933983 0.532851 -10.8309 0.000980234 0.00132523
11 7 0 0 0 0 0 0 0
11 8 0 0 0 0 0 0 0
11 9 0 0 0 0 0 0 0
11 10 0 0 0 0 0 0 0
11 11 0 0 0 0 0 0 0
11 12 0 0 0 0 0 0 0
11 13 0 0 0 0 0 0 0
11 14 0 0 0 0 0 0 0
11 15 0 0 0 0 0 0 0
11 16 0 0 0 0 0 0 0
11 17 0 0 0 0 0 0 0
11 18 0 0 0 0 0 0 0
11 19 0 0 0 0 0 0 0
11 20 0 0 0 0 0 0 0
11 21 0 0 0 0 0 0 0
11 22 0 0 0 0 0 0 0
11 23 0 0 0 0 0 0 0
12 0 14 0.720454 0.962982 0.0224708 -11.0211 0.000763869 0.00101701
12 1 0 0 0 0 0 0 0
12 2 18 0.714695 1.03108 0.277133 -10.7908 0.000932179 0.00123118
12 3 16 0.698387 0.898058 0.29433 -10.7574 0.000880957 0.00113698
12 4 10 0.0832298 1.00871 0.305329 5.65279 0.000521447 0.000712664
12 5 0 0 0 0 0 0 0
12 6 14 0.714411 1.15139 0.61196 -11.1569 0.00064544 0.00085213
12 7 11 0.0940476 1.19333 0.599299 3.70857 0.000499514 0.000692102
12 8 0 0 0 0 0 0 0
12 9 0 0 0 0 0 0 0
12 10 0 0 0 0 0 0 0
12 11 0 0 0 0 0 0 0
12 12 0 0 0 0 0 0 0
12 13 0 0 0 0 0 0 0
12 14 0 0 0 0 0 0 0
12 15 0 0 0 0 0 0 0
12 16 0 0 0 0 0 0 0
12 17 0 0 0 0 0 0 0
12 18 0 0 0 0 0 0 0
12 19 0 0 0 0 0 0 0
12 20 0 0 0 0 0 0 0
12 21 0 0 0 0 0 0 0
12 22 0 0 0 0 0 0 0
12 23 0 0 0 0 0 0 0
13 0 13 0.0846917 1.14034 0.0513702 5.58787 0.000648966 0.000888587
13 1 12 0.729637 1.01448 0.119633 -11.2533 0.00063595 0.000857495
13 2 13 0.102331 1.17659 0.296719 2.73617 0.00062634 0.000876986
13 3 0 0 0 0 0 0 0
13 4 0 0 0 0 0 0 0
13 5 0 0 0 0 0 0 0
13 6 11 0.722535 1.4049 0.592848 -11.546 0.000456993 0.000610198
13 7 0 0 0 0 0 0 0
13 8 0 0 0 0 0 0 0
13 9 0 0 0 0 0 0 0
13 10 0 0 0 0 0 0 0
13 11 0 0 0 0 0 0 0
13 12 0 0 0 0 0 0 0
13 13 0 0 0 0 0 0 0
13 14 0 0 0 0 0 0 0
13 15 0 0 0 0 0 0 0
13 16 0 0 0 0 0 0 0
13 17 0 0 0 0 0 0 0
13 18 0 0 0 0 0 0 0
13 19 0 0 0 0 0 0 0
13 20 0 0 0 0 0 0 0
13 21 0 0 0 0 0 0 0
13 22 0 0 0 0 0 0 0
13 23 0 0 0 0 0 0 0
14 0 0 0 0 0 0 0 0
14 1 14 0.729319 1.36452 0.0997846 -11.2676 0.000625853 0.000843514
14 2 0 0 0 0 0 0 0
14 3 11 0.696285 1.31039 0.312097 -11.3186 0.000496724 0.000639152
14 4 0 0 0 0 0 0 0
14 5 0 0 0 0 0 0 0
14 6 0 0 0 0 0 0 0
14 7 0 0 0 0 0 0 0
14 8 0 0 0 0 0 0 0
14 9 0 0 0 0 0 0 0
14 10 0 0 0 0 0 0 0
14 11 0 0 0 0 0 0 0
14 12 0 0 0 0 0 0 0
14 13 0 0 0 0 0 0 0
14 14 0 0 0 0 0 0 0
14 15 0 0 0 0 0 0 0
14 16 0 0 0 0 0 0 0
14 17 0 0 0 0 0 0 0
14 18 0 0 0 0 0 0 0
14 19 0 0 0 0 0 0 0
14 20 0 0 0 0 0 0 0
14 21 0 0 0 0 0 0 0
14 22 0 0 0 0 0 0 0
14 23 0 0 0 0 0 0 0
15 0 0 0 0 0 0 0 0
15 1 0 0 0 0 0 0 0
15 2 0 0 0 0 0 0 0
15 3 0 0 0 0 0 0 0
15 4 0 0 0 0 0 0 0
15 5 0 0 0 0 0 0 0
15 6 0 0 0 0 0 0 0
15 7 0 0 0 0 0 0 0
15 8 0 0 0 0 0 0 0
15 9 0 0 0 0 0 0 0
15 10 0 0 0 0 0 0 0
15 11 0 0 0 0 0 0 0
15 12 0 0 0 0 0 0 0
15 13 0 0 0 0 0 0 0
15 14 0 0 0 0 0 0 0
15 15 0 0 0 0 0 0 0
15 16 0 0 0 0 0 0 0
15 17 0 0 0 0 0 0 0
15 18 0 0 0 0 0 0 0
15 19 0 0 0 0 0 0 0
15 20 0 0 0 0 0 0 0
15 21 0 0 0 0 0 0 0
15 22 0 0 0 0 0 0 0
15 23 0 0 0 0 0 0 0
16 0 0 0 0 0 0 0 0
16 1 0 0 0 0 0 0 0
16 2 0 0 0 0 0 0 0
16 3 0 0 0 0 0 0 0
16 4 0 0 0 0 0 0 0
16 5 0 0 0 0 0 0 0
16 6 0 0 0 0 0 0 0
16 7 0 0 0 0 0 0 0
16 8 0 0 0 0 0 0 0
16 9 0 0 0 0 0 0 0
16 10 0 0 0 0 0 0 0
16 11 0 0 0 0 0 0 0
16 12 0 0 0 0 0 0 0
16 13 0 0 0 0 0 0 0
16 14 0 0 0 0 0 0 0
16 15 0 0 0 0 0 0 0
16 16 0 0 0 0 0 0 0
16 17 0 0 0 0 0 0 0
16 18 0 0 0 0 0 0 0
16 19 0 0 0 0 0 0 0
16 20 0 0 0 0 0 0 0
16 21 0 0 0 0 0 0 0
16 22 0 0 0 0 0 0 0
16 23 0 0 0 0 0 0 0
17 0 0 0 0 0 0 0 0
17 1 0 0 0 0 0 0 0
17 2 0 0 0 0 0 0 0
17 3 0 0 0 0 0 0 0
17 4 0 0 0 0 0 0 0
17 5 0 0 0 0 0 0 0
17 6 0 0 0 0 0 0 0
17 7 0 0 0 0 0 0 0
17 8 0 0 0 0 0 0 0
17 9 0 0 0 0 0 0 0
17 10 0 0 0 0 0 0 0
17 11 0 0 0 0 0 0 0
17 12 0 0 0 0 0 0 0
17 13 0 0 0 0 0 0 0
17 14 0 0 0 0 0 0 0
17 15 0 0 0 0 0 0 0
17 16 0 0 0 0 0 0 0
17 17 0 0 0 0 0 0 0
17 18 0 0 0 0 0 0 0
17 19 0 0 0 0 0 0 0
17 20 0 0 0 0 0 0 0
17 21 0 0 0 0 0 0 0
17 22 0 0 0 0 0 0 0
17 23 0 0 0 0 0 0 0
18 0 0 0 0 0 0 0 0
18 1 0 0 0 0 0 0 0
18 2 0 0 0 0 0 0 0
18 3 0 0 0 0 0 0 0
18 4 0 0 0 0 0 0 0
18 5 0 0 0 0 0 0 0
18 6 0 0 0 0 0 0 0
18 7 0 0 0 0 0 0 0
18 8 0 0 0 0 0 0 0
18 9 0 0 0 0 0 0 0
18 10 0 0 0 0 0 0 0
18 11 0 0 0 0 0 0 0
18 12 0 0 0 0 0 0 0
18 13 0 0 0 0 0 0 0
18 14 0 0 0 0 0 0 0
18 15 0 0 0 0 0 0 0
18 16 0 0 0 0 0 0 0
18 17 0 0 0 0 0 0 0
18 18 0 0 0 0 0 0 0
18 19 0 0 0 0 0 0 0
18 20 0 0 0 0 0 0 0
18 21 0 0 0 0 0 0 0
18 22 0 0 0 0 0 0 0
18 23 0 0 0 0 0 0 0
19 0 0 0 0 0 0 0 0
19 1 0 0 0 0 0 0 0
19 2 0 0 0 0 0 0 0
19 3 0 0 0 0 0 0 0
19 4 0 0 0 0 0 0 0
19 5 0 0 0 0 0 0 0
19 6 0 0 0 0 0 0 0
19 7 0 0 0 0 0 0 0
19 8 0 0 0 0 0 0 0
19 9 0 0 0 0 0 0 0
19 10 0 0 0 0 0 0 0
19 11 0 0 0 0 0 0 0
19 12 0 0 0 0 0 0 0
19 13 0 0 0 0 0 0 0
19 14 0 0 0 0 0 0 0
19 15 0 0 0 0 0 0 0
19 16 0 0 0 0 0 0 0
19 17 0 0 0 0 0 0 0
19 18 0 0 0 0 0 0 0
19 19 0 0 0 0 0 0 0
19 20 0 0 0 0 0 0 0
19 21 0 0 0 0 0 0 0
19 22 0 0 0 0 0 0 0
19 23 0 0 0 0 0 0 0
20 0 0 0 0 0 0 0 0
20 1 0 0 0 0 0 0 0
20 2 0 0 0 0 0 0 0
20 3 0 0 0 0 0 0 0
20 4 0 0 0 0 0 0 0
20 5 0 0 0 0 0 0 0
20 6 0 0 0 0 0 0 0
20 7 0 0 0 0 0 0 0
20 8 0 0 0 0 0 0 0
20 9 0 0 0 0 0 0 0
20 10 0 0 0 0 0 0 0
20 11 0 0 0 0 0 0 0
20 12 0 0 0 0 0 0 0
20 13 0 0 0 0 0 0 0
20 14 0 0 0 0 0 0 0
20 15 0 0 0 0 0 0 0
20 16 0 0 0 0 0 0 0
20 17 0 0 0 0 0 0 0
20 18 0 0 0 0 0 0 0
20 19 0 0 0 0 0 0 0
20 20 0 0 0 0 0 0 0
20 21 0 0 0 0 0 0 0
20 22 0 0 0 0 0 0 0
20 23 0 0 0 0 0 0 0
21 0 0 0 0 0 0 0 0
21 1 0 0 0 0 0 0 0
21 2 0 0 0 0 0 0 0
21 3 0 0 0 0 0 0 0
21 4 0 0 0 0 0 0 0
21 5 0 0 0 0 0 0 0
21 6 0 0 0 0 0 0 0
21 7 0 0 0 0 0 0 0
21 8 0 0 0 0 0 0 0
21 9 0 0 0 0 0 0 0
21 10 0 0 0 0 0 0 0
21 11 0 0 0 0 0 0 0
21 12 0 0 0 0 0 0 0
21 13 0 0 0 0 0 0 0
21 14 0 0 0 0 0 0 0
21 15 0 0 0 0 0 0 0
21 16 0 0 0 0 0 0 0
21 17 0 0 0 0 0 0 0
21 18 0 0 0 0 0 0 0
21 19 0 0 0 0 0 0 0
21 20 0 0 0 0 0 0 0
21 21 0 0 0 0 0 0 0
21 22 0 0 0 0 0 0 0
21 23 0 0 0 0 0 0 0
22 0 0 0 0 0 0 0 0
22 1 0 0 0 0 0 0 0
22 2 0 0 0 0 0 0 0
22 3 0 0 0 0 0 0 0
22 4 0 0 0 0 0 0 0
22 5 0 0 0 0 0 0 0
22 6 0 0 0 0 0 0 0
22 7 0 0 0 0 0 0 0
22 8 0 0 0 0 0 0 0
22 9 0 0 0 0 0 0 0
22 10 0 0 0 0 0 0 0
22 11 0 0 0 0 0 0 0
22 12 0 0 0 0 0 0 0
22 13 0 0 0 0 0 0 0
22 14 0 0 0 0 0 0 0
22 15 0 0 0 0 0 0 0
22 16 0 0 0 0 0 0 0
22 17 0 0 0 0 0 0 0
22 18 0 0 0 0 0 0 0
22 19 0 0 0 0 0 0 0
22 20 0 0 0 0 0 0 0
22 21 0 0 0 0 0 0 0
22 22 0 0 0 0 0 0 0
22 23 0 0 0 0 0 0 0
23 0 0 0 0 0 0 0 0
23 1 0 0 0 0 0 0 0
23 2 0 0 0 0 0 0 0
23 3 0 0 0 0 0 0 0
23 4 0 0 0 0 0 0 0
23 5 0 0 0 0 0 0 0
23 6 0 0 0 0 0 0 0
23 7 0 0 0 0 0 0 0
23 8 0 0 0 0 0 0 0
23 9 0 0 0 0 0 0 0
23 10 0 0 0 0 0 0 0
23 11 0 0 0 0 0 0 0
23 12 0 0 0 0 0 0 0
23 13 0 0 0 0 0 0 0
23 14 0 0 0 0 0 0 0
23 15 0 0 0 0 0 0 0
23 16 0 0 0 0 0 0 0
23 17 0 0 0 0 0 0 0
23 18 0 0 0 0 0 0 0
23 19 0 0 0 0 0 0 0
23 20 0 0 0 0 0 0 0
23 21 0 0 0 0 0 0 0
23 22 0 0 0 0 0 0 0
23 23 0 0 0 0 0 0 0
