#  ix    iy     NB       E/N    TB    UxB       UyB       muB       rhoB     epsilonB
0 0 25 0.005 0.0161831 0.0416436 204.112 0.00105827 0.00108003
0 1 16 0.005 0.0184701 0.125876 198.053 0.000672545 0.000665999
0 2 12 0.005 0.0528688 0.133593 197.369 0.000503306 0.000496685
0 3 16 0.005 0.107849 0.112205 202.187 0.000669902 0.000677227
0 4 14 0.005 0.0917362 0.254938 203.93 0.000572576 0.000583828
0 5 20 0.005 -0.0350174 0.309798 197.503 0.000809049 0.000798947
0 6 19 0.005 0.0180552 0.300784 198.692 0.000770849 0.000765808
0 7 13 0.005 0.08527 0.323969 202.856 0.000522318 0.000529777
0 8 13 0.005 0.0941071 0.394265 195.305 0.000510503 0.000498518
0 9 0 0 0 0 0 0 0
0 10 20 0.005 -0.0830671 0.52559 198.993 0.000748135 0.00074437
0 11 20 0.005 0.0330861 0.464949 200.346 0.000768111 0.000769441
0 12 30 0.005 -0.00891436 0.607824 200.317 0.00108623 0.00108796
0 13 25 0.005 0.0209099 0.742429 197.931 0.000850419 0.00084162
0 14 15 0.005 0.0583961 0.673234 202.743 0.000526624 0.000533848
0 15 23 0.005 0.0642945 0.803726 200.397 0.000758682 0.000760189
0 16 20 0.005 0.0349177 0.809443 203.232 0.000658466 0.000669105
0 17 20 0.005 0.0645748 1.049 202.433 0.000584165 0.000591271
0 18 21 0.005 0.0138112 0.978892 200.792 0.00063585 0.000638366
0 19 26 0.005 0.0190063 0.895859 197.441 0.000820489 0.000809992
0 20 17 0.005 -0.00234882 1.09072 199.33 0.000486797 0.000485166
0 21 21 0.005 0.0470838 1.18873 201.416 0.000572561 0.000576613
0 22 11 0.005 0.0594012 1.28961 202.568 0.000285431 0.000289095
0 23 20 0.005 0.0504915 1.25322 196.188 0.00052831 0.000518242
1 0 12 0.005 0.08657 0.0815096 202.986 0.000504918 0.000512456
1 1 20 0.005 0.0658 0.124593 200.303 0.000839169 0.00084044
1 2 22 0.005 -0.00340436 0.115479 194.847 0.000926044 0.000902184
1 3 10 0.005 -0.0783679 0.117152 203.363 0.000419582 0.000426638
1 4 19 0.005 0.0740928 0.148778 203.391 0.00079419 0.000807654
1 5 22 0.005 0.159969 0.257903 195.759 0.000892028 0.000873111
1 6 19 0.005 0.0839293 0.319875 203.636 0.000764372 0.000778269
1 7 17 0.005 0.0834967 0.304685 203.039 0.000686877 0.000697315
1 8 20 0.005 0.0891368 0.348626 204.821 0.000797403 0.000816623
1 9 24 0.005 0.048253 0.414644 198.327 0.000938464 0.000930612
1 10 0 0 0 0 0 0 0
1 11 20 0.005 0.0546336 0.51417 200.919 0.000752781 0.000756242
1 12 18 0.005 0.0791247 0.528516 198.768 0.000672681 0.000668536
1 13 19 0.005 0.0630338 0.541123 198.111 0.00070698 0.000700304
1 14 20 0.005 0.0325473 0.628964 196.049 0.00071709 0.000702924
1 15 28 0.005 0.0804005 0.736405 198.663 0.000953354 0.000946979
1 16 16 0.005 -0.00406214 0.84202 200.141 0.000518603 0.00051897
1 17 29 0.005 0.0917541 0.891938 199.34 0.000914895 0.000911875
1 18 25 0.005 0.169037 0.995029 196.536 0.000745585 0.00073267
1 19 25 0.005 0.0341448 0.997298 199.338 0.000749847 0.000747366
1 20 22 0.005 0.105057 1.07634 196.993 0.000632888 0.000623373
1 21 26 0.005 0.132064 1.13164 196.843 0.000726743 0.000715272
1 22 14 0.005 0.1165 1.28021 198.865 0.00036424 0.000362173
1 23 12 0.005 0.107322 1.24233 193.69 0.000318113 0.000308076
2 0 17 0.005 0.0416738 0.0621632 198.043 0.00071833 0.000711302
2 1 12 0.005 0.177001 0.0948439 199.557 0.000498523 0.000497418
2 2 28 0.005 0.129968 0.114288 203.438 0.00116906 0.00118916
2 3 23 0.005 0.0899633 0.104856 199.495 0.000965406 0.00096297
2 4 21 0.005 0.0588388 0.136876 200.909 0.000880116 0.000884116
2 5 16 0.005 0.0925277 0.21731 199.754 0.000659812 0.000659001
2 6 15 0.005 -0.0170733 0.254198 201.352 0.000615918 0.000620082
2 7 14 0.005 0.0157797 0.274248 200.18 0.00057203 0.000572545
2 8 16 0.005 0.0834195 0.353442 203.709 0.000637247 0.000649065
2 9 15 0.005 0.0636564 0.405867 201.018 0.000587913 0.000590906
2 10 19 0.005 0.157468 0.507995 199.141 0.000710809 0.000707754
2 11 0 0 0 0 0 0 0
2 12 19 0.005 0.17126 0.549722 202.104 0.000697697 0.000705036
2 13 16 0.005 0.0814962 0.647487 199.932 0.000567762 0.000567569
2 14 19 0.005 0.129452 0.679785 197.501 0.00066203 0.000653756
2 15 24 0.005 0.0743584 0.731511 196.448 0.000819311 0.000804762
2 16 12 0.005 0.128919 0.902273 197.747 0.000375802 0.000371568
2 17 17 0.005 0.168106 0.879179 195.853 0.000536728 0.000525599
2 18 24 0.005 0.104396 0.921632 198.841 0.000745602 0.000741281
2 19 17 0.005 0.12916 1.04033 197.085 0.000497203 0.000489956
2 20 23 0.005 0.14614 1.08728 197.01 0.00065653 0.000646715
2 21 13 0.005 0.109575 1.0218 194.263 0.000384159 0.000373139
2 22 16 0.005 0.120532 1.31734 195.207 0.000408835 0.000399038
2 23 28 0.005 0.159527 1.36209 199.229 0.000699028 0.000696334
3 0 20 0.005 0.223586 0.0411426 199.636 0.000826372 0.000824867
3 1 23 0.005 0.15696 0.0499066 206.101 0.000961621 0.000990957
3 2 11 0.005 0.246017 0.154373 195.95 0.000447605 0.000438542
3 3 21 0.005 0.0704589 0.174388 198.05 0.000874497 0.000865972
3 4 17 0.005 0.0800544 0.260226 196.542 0.000695039 0.000683023
3 5 23 0.005 0.130757 0.247439 198.743 0.000938515 0.000932617
3 6 21 0.005 0.163697 0.279206 199.506 0.000846593 0.000844504
3 7 16 0.005 0.176589 0.371377 198.066 0.00062702 0.000620955
3 8 16 0.005 0.105581 0.339501 198.494 0.000638793 0.000633981
3 9 17 0.005 0.179801 0.443625 200.36 0.000649737 0.000650905
3 10 11 0.005 0.141823 0.482765 200.37 0.000416366 0.000417136
3 11 15 0.005 0.149963 0.525984 202.022 0.000557635 0.000563272
3 12 20 0.005 0.13942 0.614059 199.895 0.000717128 0.000716751
3 13 13 0.005 0.147935 0.559473 199.589 0.000476769 0.00047579
3 14 17 0.005 0.0799164 0.695552 201.114 0.000590089 0.000593375
3 15 22 0.005 0.13583 0.724512 198.708 0.000750371 0.000745522
3 16 23 0.005 0.226382 0.829379 202.81 0.000739012 0.000749395
3 17 23 0.005 0.160908 0.833104 195.482 0.000743117 0.000726331
3 18 20 0.005 0.202933 0.899912 196.73 0.000622891 0.000612705
3 19 19 0.005 0.207686 0.971781 205.542 0.00057107 0.000586894
3 20 19 0.005 0.169935 0.950209 198.236 0.000579246 0.000574136
3 21 33 0.005 0.183883 1.18605 197.856 0.000895075 0.000885481
3 22 15 0.005 0.234499 1.28312 198.707 0.00038671 0.000384211
3 23 14 0.005 0.210001 1.19199 195.807 0.000377844 0.000369923
4 0 21 0.005 0.109279 0.0363877 200.377 0.000883986 0.000885653
4 1 23 0.005 0.248692 0.0859884 201.886 0.000942493 0.000951382
4 2 18 0.005 0.258791 0.137343 198.566 0.000731945 0.000726695
4 3 14 0.005 0.197888 0.113586 202.743 0.000578356 0.000586288
4 4 20 0.005 0.154949 0.25296 201.135 0.000812464 0.000817074
4 5 20 0.005 0.207291 0.228887 200.012 0.000809729 0.000809776
4 6 12 0.005 0.218124 0.302048 200.969 0.000476479 0.000478787
4 7 21 0.005 0.230978 0.422405 196.034 0.000801754 0.000785857
4 8 23 0.005 0.169569 0.291884 196.741 0.000923385 0.000908339
4 9 21 0.005 0.247534 0.467614 203.295 0.000786526 0.000799485
4 10 15 0.005 0.159852 0.480128 197.834 0.000567115 0.000560974
4 11 17 0.005 0.217669 0.561178 203.488 0.000617164 0.000627927
4 12 21 0.005 0.209324 0.520606 198.101 0.000776014 0.000768647
4 13 21 0.005 0.131908 0.632146 199.28 0.000747517 0.000744824
4 14 32 0.005 0.171691 0.7866 200.733 0.00105616 0.00106003
4 15 24 0.005 0.20495 0.74861 199.835 0.000803361 0.000802697
4 16 19 0.005 0.240031 0.785315 202.681 0.000622186 0.000630527
4 17 23 0.005 0.271805 1.03975 199.362 0.000663891 0.000661774
4 18 18 0.005 0.168518 0.871076 198.747 0.000570528 0.000566955
4 19 17 0.005 0.234054 1.11612 201.427 0.000474926 0.000478314
4 20 26 0.005 0.233505 1.06433 196.222 0.000744912 0.000730841
4 21 14 0.005 0.311496 1.23115 195.142 0.000367 0.000358085
4 22 21 0.005 0.261363 1.23157 196.498 0.000553439 0.000543749
4 23 21 0.005 0.322694 1.33125 197.628 0.00052467 0.000518447
5 0 20 0.005 0.254608 -0.0198134 198.66 0.000821105 0.000815603
5 1 0 0 0 0 0 0 0
5 2 18 0.005 0.236029 0.127218 201.687 0.00073669 0.000742904
5 3 16 0.005 0.273691 0.201859 197.939 0.000641864 0.000635249
5 4 15 0.005 0.231938 0.209543 197.948 0.000606648 0.000600424
5 5 17 0.005 0.300538 0.213268 195.529 0.000675904 0.000660794
5 6 18 0.005 0.293507 0.377103 200.51 0.000688175 0.000689929
5 7 16 0.005 0.27722 0.37396 199.179 0.000614634 0.00061211
5 8 15 0.005 0.22954 0.374215 201.984 0.000581981 0.000587754
5 9 12 0.005 0.333535 0.400002 206.39 0.000450977 0.000465384
5 10 16 0.005 0.25746 0.549766 199.007 0.000579537 0.000576659
5 11 23 0.005 0.295719 0.500832 196.148 0.000842446 0.000826221
5 12 24 0.005 0.286442 0.596075 197.71 0.000848237 0.000838526
5 13 26 0.005 0.378203 0.611846 197.904 0.00089436 0.000884988
5 14 16 0.005 0.303589 0.757547 194.073 0.000525249 0.000509682
5 15 32 0.005 0.28427 0.83536 196.513 0.0010167 0.00099898
5 16 10 0.005 0.226282 0.733031 196.179 0.000336193 0.00032977
5 17 23 0.005 0.267008 0.920609 199.333 0.000703557 0.00070121
5 18 24 0.005 0.280793 0.853295 196.694 0.000756529 0.000744023
5 19 18 0.005 0.244543 1.04481 204.317 0.000519993 0.000531217
5 20 22 0.005 0.313161 1.21099 197.734 0.000582108 0.000575513
5 21 29 0.005 0.257737 1.23537 199.102 0.000763171 0.000759745
5 22 21 0.005 0.35255 1.25281 198.763 0.000542155 0.000538802
5 23 22 0.005 0.332615 1.32718 199.898 0.000550068 0.000549787
6 0 18 0.005 0.276832 -0.0259538 196.668 0.000734836 0.000722594
6 1 20 0.005 0.242667 0.111254 201.877 0.000818784 0.000826467
6 2 13 0.005 0.236315 0.137707 199.89 0.000531332 0.00053104
6 3 13 0.005 0.269836 0.136086 203.094 0.000527294 0.000535452
6 4 16 0.005 0.278067 0.215148 201.202 0.000639588 0.000643431
6 5 22 0.005 0.236313 0.196875 196.819 0.000891009 0.000876836
6 6 15 0.005 0.250478 0.308579 196.974 0.000590653 0.000581715
6 7 0 0 0 0 0 0 0
6 8 17 0.005 0.242371 0.375135 197.153 0.000657722 0.000648359
6 9 20 0.005 0.29347 0.45985 201.063 0.00074396 0.000747914
6 10 13 0.005 0.311504 0.435759 201.594 0.000485574 0.000489443
6 11 20 0.005 0.326595 0.572961 198.831 0.000707457 0.000703323
6 12 25 0.005 0.34606 0.618997 197.456 0.000864093 0.000853104
6 13 25 0.005 0.365652 0.575946 196.183 0.00087508 0.000858378
6 14 31 0.005 0.332783 0.684218 202.106 0.00104538 0.00105638
6 15 23 0.005 0.361514 0.783396 200.42 0.000737892 0.00073944
6 16 25 0.005 0.353056 0.897998 197.892 0.00076231 0.000754275
6 17 25 0.005 0.344823 0.905537 205.957 0.000760765 0.000783425
6 18 22 0.005 0.312016 0.913611 199.603 0.000670661 0.00066933
6 19 20 0.005 0.311332 0.990909 198.65 0.000587772 0.000583804
6 20 18 0.005 0.395871 1.1074 200.859 0.000494077 0.000496198
6 21 26 0.005 0.383745 1.09001 197.959 0.000720913 0.000713557
6 22 20 0.005 0.350228 1.27698 197.907 0.000510725 0.000505381
6 23 20 0.005 0.435289 1.50742 195.805 0.000455477 0.000445924
7 0 25 0.005 0.291358 0.108298 197.207 0.00101158 0.000997453
7 1 22 0.005 0.362701 0.16066 202.023 0.000866515 0.000875279
7 2 24 0.005 0.328877 0.0895578 200.394 0.000962569 0.000964464
7 3 29 0.005 0.458204 0.150001 198.602 0.00110688 0.00109914
7 4 22 0.005 0.386384 0.227136 200.358 0.000850668 0.000852189
7 5 27 0.005 0.394964 0.262705 202.966 0.00103367 0.001049
7 6 32 0.005 0.310982 0.33027 199.393 0.00123482 0.00123107
7 7 19 0.005 0.35375 0.420692 197.859 0.000705531 0.000697976
7 8 23 0.005 0.355923 0.400564 198.904 0.000859022 0.000854314
7 9 16 0.005 0.228686 0.44213 197.708 0.000606931 0.000599977
7 10 24 0.005 0.321789 0.508832 200.451 0.00087124 0.000873206
7 11 28 0.005 0.349828 0.485174 201.025 0.0010182 0.00102342
7 12 17 0.005 0.431902 0.595129 198.348 0.000580331 0.000575538
7 13 21 0.005 0.32663 0.713296 200.176 0.000700095 0.000700712
7 14 22 0.005 0.346682 0.755499 200.584 0.000716874 0.000718969
7 15 25 0.005 0.336427 0.71415 196.498 0.000831463 0.000816906
7 16 19 0.005 0.41208 0.842955 198.892 0.000587109 0.000583857
7 17 12 0.005 0.338942 0.761058 193.972 0.000390662 0.000378887
7 18 20 0.005 0.399224 0.958193 200.518 0.000587958 0.000589481
7 19 24 0.005 0.391608 0.950345 198.435 0.000709143 0.000703593
7 20 22 0.005 0.358279 1.11321 198.433 0.000605839 0.000601093
7 21 25 0.005 0.364842 1.16116 196.626 0.00067248 0.000661136
7 22 18 0.005 0.365618 1.26714 199.594 0.000460828 0.000459893
7 23 21 0.005 0.485846 1.34938 198.131 0.000508943 0.000504187
8 0 18 0.005 0.309463 0.0129503 206.267 0.000728565 0.000751393
8 1 25 0.005 0.364171 0.0372781 202.669 0.000994763 0.00100804
8 2 19 0.005 0.356809 0.0952154 200.094 0.000755231 0.000755586
8 3 25 0.005 0.380694 0.140599 198.358 0.000981571 0.000973514
8 4 14 0.005 0.290317 0.158859 194.973 0.000563182 0.000549025
8 5 23 0.005 0.42556 0.243397 199.211 0.000875074 0.000871624
8 6 15 0.005 0.387537 0.364641 198.458 0.000561101 0.000556775
8 7 24 0.005 0.373512 0.347861 202.332 0.000905784 0.000916344
8 8 24 0.005 0.385509 0.356849 198.637 0.000900287 0.000894151
8 9 16 0.005 0.382731 0.327824 197.411 0.000605435 0.000597599
8 10 14 0.005 0.423782 0.584958 197.714 0.000480886 0.00047539
8 11 30 0.005 0.411236 0.510158 201.194 0.00106325 0.0010696
8 12 26 0.005 0.313139 0.540459 202.9 0.000934394 0.000947942
8 13 22 0.005 0.422804 0.729468 199.583 0.000712689 0.000711203
8 14 22 0.005 0.422747 0.65614 201.361 0.000734854 0.000739854
8 15 30 0.005 0.454724 0.793024 203.4 0.000938238 0.000954186
8 16 22 0.005 0.36874 0.786815 195.583 0.000703666 0.000688126
8 17 29 0.005 0.398116 0.852149 198.055 0.000895097 0.000886394
8 18 20 0.005 0.45507 1.00836 199.406 0.00056828 0.000566592
8 19 23 0.005 0.389468 1.05591 196.073 0.000647331 0.000634621
8 20 17 0.005 0.4915 1.12966 199.762 0.000453977 0.000453437
8 21 19 0.005 0.537882 1.33002 199.167 0.000460366 0.000458448
8 22 24 0.005 0.500284 1.30025 197.121 0.000593003 0.000584467
8 23 25 0.005 0.509259 1.31511 196.181 0.000612739 0.000601041
9 0 23 0.005 0.378855 0.00936947 201.179 0.000911329 0.000916701
9 1 13 0.005 0.45653 0.0853623 202.529 0.000499594 0.000505911
9 2 19 0.005 0.32147 0.149269 198.108 0.000758831 0.000751652
9 3 14 0.005 0.373371 0.118204 201.002 0.00055237 0.000555138
9 4 20 0.005 0.416209 0.19069 204.003 0.000770546 0.000785969
9 5 21 0.005 0.375288 0.25646 202.573 0.000810071 0.000820495
9 6 24 0.005 0.454699 0.289624 199.842 0.000895154 0.000894446
9 7 14 0.005 0.320989 0.272865 202.578 0.000546686 0.000553733
9 8 23 0.005 0.367674 0.436842 198.571 0.000846334 0.000840286
9 9 22 0.005 0.438008 0.476919 199.37 0.00078248 0.000780016
9 10 21 0.005 0.498629 0.588137 199.906 0.000704677 0.000704346
9 11 22 0.005 0.454311 0.510325 200.503 0.000769699 0.000771633
9 12 30 0.005 0.472848 0.608121 198.841 0.00100704 0.0010012
9 13 25 0.005 0.442418 0.73758 197.229 0.000803126 0.000792
9 14 29 0.005 0.496295 0.705641 202.812 0.000930429 0.00094351
9 15 20 0.005 0.474283 0.740192 198.609 0.00063648 0.000632053
9 16 22 0.005 0.506572 0.803406 202.88 0.000675922 0.000685655
9 17 19 0.005 0.480305 0.987287 198.87 0.00054212 0.000539056
9 18 24 0.005 0.498956 0.943587 197.77 0.000695284 0.000687531
9 19 18 0.005 0.440588 1.01939 199.134 0.000510376 0.000508165
9 20 27 0.005 0.527948 1.11039 197.934 0.000721886 0.000714428
9 21 13 0.005 0.467735 1.19229 199.556 0.000339002 0.00033825
9 22 16 0.005 0.740058 1.47054 197.882 0.000351974 0.000348246
9 23 16 0.005 0.506919 1.40068 196.456 0.000377882 0.000371187
10 0 21 0.005 0.510776 0.0020599 200.454 0.000792442 0.000794239
10 1 20 0.005 0.535996 0.0905033 201.312 0.000744564 0.000749449
10 2 22 0.005 0.478311 0.122476 199.777 0.00083587 0.000834937
10 3 22 0.005 0.417601 0.208166 196.344 0.000844766 0.000829323
10 4 30 0.005 0.545882 0.218886 202.886 0.00109573 0.00111154
10 5 16 0.005 0.571243 0.270401 201.167 0.000573102 0.000576446
10 6 15 0.005 0.471068 0.358124 202.044 0.000547 0.00055259
10 7 22 0.005 0.585116 0.364459 200.423 0.000767515 0.000769137
10 8 20 0.005 0.496294 0.42752 200.732 0.000708907 0.000711502
10 9 26 0.005 0.460975 0.396823 200.034 0.000941253 0.000941415
10 10 15 0.005 0.41975 0.467072 200.525 0.000538262 0.000539675
10 11 24 0.005 0.550281 0.51572 198.596 0.00081193 0.000806231
10 12 24 0.005 0.504906 0.626031 199.745 0.000792452 0.000791443
10 13 31 0.005 0.488659 0.636281 198.892 0.00102458 0.0010189
10 14 20 0.005 0.464337 0.739842 195.854 0.000638256 0.000625024
10 15 21 0.005 0.503429 0.744358 200.029 0.000661861 0.000661958
10 16 24 0.005 0.590638 0.871391 200.004 0.0007004 0.000700413
10 17 27 0.005 0.537077 0.89383 196.541 0.000791864 0.000778167
10 18 19 0.005 0.601055 0.964322 197.042 0.000531877 0.00052401
10 19 24 0.005 0.676002 1.15901 198.518 0.000607713 0.00060321
10 20 23 0.005 0.662409 1.13428 197.922 0.000590341 0.000584208
10 21 12 0.005 0.642524 1.28763 195.391 0.000290162 0.000283475
10 22 22 0.005 0.716113 1.38538 201.722 0.000503189 0.000507523
10 23 19 0.005 0.590182 1.35403 196.506 0.000451348 0.000443464
11 0 20 0.005 0.4544 -0.0169685 202.274 0.000771447 0.000780217
11 1 25 0.005 0.478047 0.154071 200.232 0.000946629 0.000947724
11 2 22 0.005 0.517959 0.0958107 198.232 0.000824777 0.000817488
11 3 29 0.005 0.520199 0.174066 199.923 0.00107737 0.00107695
11 4 29 0.005 0.525334 0.177903 200.667 0.00107459 0.00107818
11 5 24 0.005 0.501703 0.260851 196.797 0.000885225 0.000871049
11 6 14 0.005 0.518616 0.242819 200.093 0.000514789 0.000515028
11 7 28 0.005 0.477766 0.30502 197.01 0.00103216 0.00101672
11 8 28 0.005 0.584317 0.359565 201.734 0.000978322 0.000986804
11 9 18 0.005 0.439404 0.441 199.999 0.000647493 0.00064749
11 10 15 0.005 0.449172 0.476578 196.949 0.000531718 0.000523606
11 11 19 0.005 0.605307 0.559816 195.789 0.000621175 0.000608098
11 12 23 0.005 0.552417 0.680665 200.01 0.000732853 0.000732889
11 13 21 0.005 0.532143 0.716524 201.605 0.000663871 0.000669197
11 14 17 0.005 0.656509 0.828149 201.678 0.000495101 0.000499255
11 15 34 0.005 0.579633 0.759018 196.773 0.00104187 0.00102506
11 16 19 0.005 0.629764 0.883286 200.399 0.000545673 0.000546761
11 17 24 0.005 0.565441 0.934898 197.399 0.000686602 0.000677671
11 18 17 0.005 0.565507 0.907574 199.929 0.000492013 0.000491839
11 19 22 0.005 0.663999 1.01587 197.454 0.000592802 0.000585255
11 20 27 0.005 0.699296 1.2665 200.158 0.000650519 0.000651033
11 21 15 0.005 0.724827 1.27779 200.46 0.000357655 0.000358478
11 22 14 0.005 0.69099 1.28932 196.865 0.000334783 0.000329536
11 23 19 0.005 0.676321 1.40531 198.48 0.00043456 0.000431258
12 0 30 0.005 0.55639 0.0227436 199.301 0.0011106 0.00110672
12 1 22 0.005 0.529506 0.0375161 202.483 0.000823386 0.000833606
12 2 18 0.005 0.59649 0.180362 197.596 0.000647313 0.00063953
12 3 17 0.005 0.638245 0.111435 196.605 0.000604543 0.00059428
12 4 21 0.005 0.545905 0.238099 199.898 0.000764513 0.000764122
12 5 18 0.005 0.574716 0.27774 194.433 0.000642904 0.000625009
12 6 16 0.005 0.671473 0.295833 199.318 0.000546606 0.000544743
12 7 24 0.005 0.617204 0.389364 203.528 0.000821472 0.000835964
12 8 22 0.005 0.529281 0.370616 199.39 0.000782979 0.000780592
12 9 25 0.005 0.62548 0.533125 200.05 0.000818394 0.000818597
12 10 29 0.005 0.584451 0.51447 199.44 0.000969567 0.000966854
12 11 26 0.005 0.589037 0.519781 201.069 0.000866339 0.000870971
12 12 18 0.005 0.579375 0.614742 197.827 0.00058265 0.00057632
12 13 19 0.005 0.659858 0.603514 203.007 0.000600134 0.000609159
12 14 19 0.005 0.568298 0.730817 198.393 0.000590785 0.000586037
12 15 20 0.005 0.639496 0.757623 196.361 0.000601814 0.000590864
12 16 25 0.005 0.717027 0.926286 196.773 0.000687794 0.000676695
12 17 22 0.005 0.619447 0.897013 196.342 0.000630162 0.000618637
12 18 16 0.005 0.662041 0.969885 196.115 0.000439555 0.000431017
12 19 28 0.005 0.750246 1.05322 197.157 0.000725798 0.000715479
12 20 17 0.005 0.760524 1.14587 195.99 0.000423626 0.000415133
12 21 13 0.005 0.677373 1.14546 195.877 0.000330918 0.000324095
12 22 21 0.005 0.77376 1.43179 194.65 0.00046584 0.000453378
12 23 14 0.005 0.685162 1.3116 197.796 0.000332153 0.000328492
13 0 27 0.005 0.638943 0.0292848 197.973 0.000963784 0.000954016
13 1 22 0.005 0.58859 0.0950361 200.102 0.000800692 0.000801103
13 2 27 0.005 0.608392 0.128228 197.497 0.00097158 0.000959421
13 3 29 0.005 0.626962 0.232815 198.479 0.00102143 0.00101366
13 4 22 0.005 0.536674 0.127673 196.542 0.000816242 0.000802129
13 5 23 0.005 0.629439 0.311738 202.822 0.000797502 0.000808752
13 6 23 0.005 0.675602 0.333832 198.393 0.000778322 0.000772068
13 7 13 0.005 0.59777 0.324991 198.715 0.000455425 0.0004525
13 8 21 0.005 0.614021 0.382386 200.597 0.000720979 0.000723133
13 9 26 0.005 0.601444 0.398726 198.267 0.000893382 0.000885642
13 10 16 0.005 0.676404 0.491793 201.662 0.000520071 0.000524392
13 11 24 0.005 0.692373 0.484869 200.048 0.000776664 0.000776852
13 12 21 0.005 0.618591 0.600448 199.978 0.000673961 0.000673885
13 13 23 0.005 0.712043 0.75971 201.58 0.000675072 0.000680406
13 14 24 0.005 0.677332 0.771416 198.168 0.0007096 0.000703099
13 15 33 0.005 0.704388 0.800894 200.679 0.000956399 0.000959648
13 16 20 0.005 0.815272 0.957816 201.5 0.000527392 0.000531346
13 17 24 0.005 0.838596 1.0021 202.929 0.000618044 0.000627097
13 18 28 0.005 0.751605 1.01284 200.377 0.000737112 0.000738503
13 19 24 0.005 0.744529 1.07892 196.958 0.000616799 0.000607418
13 20 19 0.005 0.846915 1.1959 197.569 0.000453798 0.000448283
13 21 16 0.005 0.844954 1.30806 196.476 0.000366336 0.000359882
13 22 14 0.005 0.832962 1.41265 202.32 0.000308843 0.000312425
13 23 13 0.005 0.802899 1.34039 196.077 0.000296941 0.000291116
14 0 25 0.005 0.716603 0.10674 204.625 0.000857838 0.000877676
14 1 21 0.005 0.740213 0.057823 198.676 0.000714439 0.00070971
14 2 22 0.005 0.747641 0.136177 198.333 0.000742206 0.00073602
14 3 15 0.005 0.676791 0.197125 197.632 0.000519496 0.000513346
14 4 23 0.005 0.721112 0.207015 200.8 0.000779572 0.000782689
14 5 18 0.005 0.714271 0.303812 199.798 0.000602509 0.000601901
14 6 19 0.005 0.768052 0.363392 197.647 0.000613522 0.000606303
14 7 24 0.005 0.719807 0.36368 198.517 0.000791601 0.000785731
14 8 21 0.005 0.787089 0.402393 199.743 0.000666689 0.000665831
14 9 30 0.005 0.726712 0.533283 200.094 0.000944213 0.000944657
14 10 28 0.005 0.735214 0.560868 199.945 0.000871086 0.000870845
14 11 27 0.005 0.736978 0.597913 200.081 0.000829855 0.00083019
14 12 23 0.005 0.74192 0.627072 199.162 0.000699045 0.000696117
14 13 18 0.005 0.877664 0.800698 200.437 0.000491162 0.000492236
14 14 22 0.005 0.77234 0.770609 198.587 0.000629875 0.000625424
14 15 20 0.005 0.797563 0.814556 197.14 0.000558845 0.000550852
14 16 23 0.005 0.797715 0.932702 198.194 0.000615603 0.000610044
14 17 26 0.005 0.80285 1.00992 197.54 0.00067492 0.000666619
14 18 15 0.005 0.785651 1.00794 197.965 0.000391687 0.0003877
14 19 16 0.005 0.824178 1.14901 195.778 0.000391457 0.000383193
14 20 14 0.005 0.89665 1.23141 197.58 0.000325555 0.000321616
14 21 20 0.005 0.943717 1.40166 201.161 0.000431611 0.000434116
14 22 16 0.005 0.911557 1.2522 197.609 0.000367736 0.00036334
14 23 12 0.005 1.04239 1.55247 196.584 0.000239784 0.000235688
15 0 21 0.005 0.754774 -0.0306135 201.135 0.000710021 0.000714051
15 1 22 0.005 0.731636 0.055281 201.014 0.000751594 0.000755403
15 2 27 0.005 0.733442 0.148889 201.424 0.000915956 0.000922478
15 3 29 0.005 0.749083 0.138636 201.456 0.000977485 0.000984599
15 4 21 0.005 0.735054 0.204994 200.847 0.000707391 0.000710386
15 5 20 0.005 0.812027 0.279906 197.221 0.000642874 0.000633941
15 6 25 0.005 0.810223 0.33779 195.424 0.000796108 0.000777892
15 7 32 0.005 0.784085 0.368209 200.766 0.00102488 0.00102881
15 8 24 0.005 0.735256 0.433834 200.81 0.000773438 0.00077657
15 9 21 0.005 0.69301 0.508815 196.503 0.000674742 0.000662944
15 10 16 0.005 0.949835 0.645627 199.401 0.0004452 0.000443868
15 11 18 0.005 0.812424 0.615117 197.058 0.000534214 0.000526356
15 12 16 0.005 0.870908 0.678219 199.432 0.000455179 0.000453887
15 13 29 0.005 0.787489 0.732249 199.699 0.000836814 0.000835555
15 14 22 0.005 0.860038 0.743936 196.652 0.0006156 0.000605296
15 15 25 0.005 0.831375 0.81598 197.448 0.000689997 0.000681192
15 16 24 0.005 0.90574 0.960374 201.505 0.000614061 0.000618683
15 17 15 0.005 0.972564 1.11733 198.844 0.000355623 0.000353568
15 18 20 0.005 0.917188 1.04488 197.512 0.000494836 0.000488681
15 19 12 0.005 1.0818 1.22147 203.994 0.000265701 0.000271008
15 20 16 0.005 0.922075 1.16611 196.349 0.000378402 0.000371493
15 21 13 0.005 0.999397 1.51088 196.149 0.000266214 0.000261088
15 22 14 0.005 1.09426 1.45641 193.106 0.000285462 0.000275622
15 23 11 0.005 0.986174 1.44766 193.166 0.000231088 0.000223192
16 0 25 0.005 0.894646 0.035866 198.859 0.000789204 0.000784701
16 1 22 0.005 0.824368 0.0981046 200.275 0.000717248 0.000718234
16 2 28 0.005 0.769682 0.195999 197.474 0.000929057 0.000917324
16 3 26 0.005 0.816557 0.157463 199.926 0.000847067 0.000846755
16 4 28 0.005 0.886093 0.30134 199.966 0.000866231 0.000866085
16 5 35 0.005 0.861793 0.330177 201.833 0.00108986 0.00109985
16 6 26 0.005 0.828244 0.42222 201.322 0.000806879 0.000812211
16 7 24 0.005 0.754779 0.357451 202.356 0.000780547 0.000789741
16 8 32 0.005 0.840368 0.481168 197.769 0.00097407 0.000963206
16 9 20 0.005 0.859343 0.482306 200.774 0.000603622 0.000605959
16 10 15 0.005 0.899641 0.512347 199.79 0.00044157 0.000441107
16 11 27 0.005 0.917239 0.63884 199.629 0.000762806 0.00076139
16 12 35 0.005 0.908619 0.652253 196.764 0.000988476 0.000972483
16 13 20 0.005 0.878707 0.772328 196.307 0.000550644 0.000540477
16 14 15 0.005 0.841992 0.662689 198.11 0.000433662 0.000429563
16 15 22 0.005 0.926793 0.859164 200.084 0.00057845 0.000578693
16 16 19 0.005 0.976079 0.948533 203.438 0.000476687 0.000484881
16 17 17 0.005 0.913648 0.970039 196.104 0.000432363 0.000423941
16 18 25 0.005 1.02266 1.10636 195.329 0.000585819 0.000572138
16 19 12 0.005 1.02716 1.22009 197.577 0.000270111 0.000266839
16 20 14 0.005 0.991661 1.12415 198.711 0.000329206 0.000327085
16 21 15 0.005 1.23615 1.5889 196.167 0.00028276 0.000277342
16 22 14 0.005 1.17034 1.46369 193.212 0.000279272 0.000269794
16 23 0 0 0 0 0 0 0
17 0 31 0.005 0.87939 0.0149627 200.362 0.000986343 0.000988129
17 1 37 0.005 0.916996 0.113622 201.062 0.00115149 0.0011576
17 2 24 0.005 0.883164 0.0955582 197.171 0.000760292 0.00074954
17 3 22 0.005 0.941741 0.144408 200.309 0.00067492 0.000675964
17 4 25 0.005 0.86673 0.189015 199.735 0.00079245 0.000791402
17 5 36 0.005 0.994235 0.245886 199.381 0.00106567 0.00106237
17 6 29 0.005 0.927871 0.358028 198.131 0.000871274 0.000863133
17 7 31 0.005 0.918591 0.447299 201.815 0.000918801 0.000927141
17 8 21 0.005 0.869213 0.451054 197.731 0.000635759 0.000628545
17 9 34 0.005 0.996039 0.561269 199.212 0.000948489 0.000944752
17 10 24 0.005 0.928383 0.624978 197.806 0.000677591 0.000670159
17 11 27 0.005 0.952413 0.693975 202.879 0.000740238 0.000750895
17 12 23 0.005 0.919484 0.595852 198.398 0.000656986 0.000651725
17 13 17 0.005 0.901012 0.694554 197.355 0.000475574 0.000469286
17 14 18 0.005 1.1183 0.804766 200.835 0.000448016 0.000449886
17 15 22 0.005 0.989254 0.837788 197.979 0.000569379 0.000563627
17 16 31 0.005 1.09633 0.965132 198.386 0.000742063 0.000736073
17 17 19 0.005 0.991805 0.978011 202.07 0.00046952 0.00047438
17 18 14 0.005 1.17773 1.24823 197.84 0.000298666 0.000295441
17 19 18 0.005 1.10765 1.19175 197.988 0.000399377 0.000395359
17 20 0 0 0 0 0 0 0
17 21 19 0.005 1.17307 1.39204 197.234 0.000387621 0.000382259
17 22 0 0 0 0 0 0 0
17 23 0 0 0 0 0 0 0
18 0 16 0.005 1.0625 0.0639038 196.578 0.00046421 0.000456267
18 1 29 0.005 0.996227 0.0697076 201.395 0.000869484 0.000875547
18 2 29 0.005 1.04921 0.066599 200.416 0.000846897 0.000848659
18 3 27 0.005 0.955408 0.213498 200.787 0.000817528 0.000820746
18 4 34 0.005 0.990113 0.269787 201.151 0.00100545 0.00101124
18 5 34 0.005 0.987176 0.306025 200.383 0.00100178 0.0010037
18 6 27 0.005 0.950729 0.332104 200.949 0.000806126 0.000809953
18 7 22 0.005 0.949576 0.365014 196.012 0.000653485 0.000640455
18 8 23 0.005 0.990905 0.496667 197.139 0.000652834 0.000643494
18 9 23 0.005 1.0178 0.522977 199.007 0.000641304 0.000638119
18 10 23 0.005 1.01179 0.556088 198.163 0.000638062 0.000632202
18 11 26 0.005 1.12174 0.69369 200.888 0.000665617 0.000668571
18 12 23 0.005 1.04462 0.702229 202.834 0.000606233 0.000614824
18 13 28 0.005 1.09573 0.771026 198.603 0.000709655 0.000704699
18 14 20 0.005 1.10127 0.799316 196.435 0.00050184 0.000492894
18 15 19 0.005 1.12975 0.89773 197.851 0.000458572 0.000453645
18 16 18 0.005 1.17983 0.916457 194.765 0.00042426 0.000413156
18 17 29 0.005 1.14253 1.07136 199.821 0.000661267 0.000660674
18 18 22 0.005 1.1722 1.17347 196.158 0.000481319 0.000472072
18 19 0 0 0 0 0 0 0
18 20 13 0.005 1.30121 1.28747 193.813 0.000264089 0.00025592
18 21 11 0.005 1.37187 1.37101 198.142 0.000213599 0.000211615
18 22 0 0 0 0 0 0 0
18 23 0 0 0 0 0 0 0
19 0 44 0.005 1.07472 0.055887 199.504 0.00126911 0.00126597
19 1 25 0.005 1.07414 0.158151 199.811 0.000717663 0.000716984
19 2 30 0.005 0.932533 0.0940397 197.475 0.000927488 0.000915778
19 3 33 0.005 1.06079 0.140949 199.798 0.000954714 0.000953751
19 4 26 0.005 1.00077 0.29558 198.713 0.000762258 0.000757354
19 5 29 0.005 1.04083 0.318543 196.87 0.000831345 0.000818336
19 6 24 0.005 1.04063 0.337682 198.799 0.000686103 0.000681984
19 7 21 0.005 1.06228 0.411895 199.786 0.000586981 0.000586352
19 8 23 0.005 1.25438 0.537202 197.522 0.000576072 0.000568935
19 9 22 0.005 1.15468 0.550833 202.942 0.000574089 0.000582535
19 10 23 0.005 1.16451 0.56772 197.449 0.000595497 0.000587902
19 11 14 0.005 1.28679 0.694352 202.137 0.000334883 0.000338462
19 12 23 0.005 1.12312 0.779116 196.314 0.000575432 0.000564828
19 13 21 0.005 1.05459 0.768134 197.542 0.000541314 0.000534662
19 14 33 0.005 1.18017 0.882624 197.964 0.000785142 0.000777148
19 15 11 0.005 1.07691 0.863141 198.816 0.00027348 0.000271862
19 16 14 0.005 1.3802 1.12015 199.757 0.000290861 0.000290507
19 17 16 0.005 1.20591 1.02449 197.293 0.000362191 0.000357288
19 18 12 0.005 1.42588 1.32582 194.06 0.000232306 0.000225406
19 19 13 0.005 1.39715 1.30046 192.853 0.000255636 0.000246501
19 20 0 0 0 0 0 0 0
19 21 0 0 0 0 0 0 0
19 22 0 0 0 0 0 0 0
19 23 0 0 0 0 0 0 0
20 0 34 0.005 1.1458 0.00809714 198.913 0.000947297 0.000942148
20 1 24 0.005 1.14163 0.122796 198.198 0.000667889 0.000661873
20 2 35 0.005 1.12545 0.117638 201.758 0.000982072 0.000990705
20 3 27 0.005 1.2064 0.239986 199.327 0.000721699 0.00071927
20 4 23 0.005 1.07686 0.268247 204.305 0.000652393 0.000666435
20 5 18 0.005 1.09044 0.319622 202.571 0.000503879 0.000510357
20 6 25 0.005 1.1127 0.356342 198.4 0.000688818 0.000683309
20 7 27 0.005 1.22744 0.434376 200.413 0.000696866 0.000698303
20 8 27 0.005 1.20766 0.541049 199.501 0.000689751 0.000688029
20 9 23 0.005 1.13011 0.514488 202.548 0.000611282 0.00061907
20 10 22 0.005 1.2133 0.589874 201.819 0.000555115 0.000560164
20 11 23 0.005 1.3211 0.723454 195.796 0.000539051 0.00052772
20 12 17 0.005 1.17652 0.758425 194.621 0.00041873 0.000407468
20 13 22 0.005 1.23618 0.805698 199.67 0.000522977 0.000522115
20 14 23 0.005 1.2899 0.872373 196.755 0.000526616 0.000518071
20 15 17 0.005 1.37511 1.01849 197.29 0.000363444 0.000358519
20 16 17 0.005 1.35538 1.06754 199.454 0.000361224 0.000360237
20 17 17 0.005 1.28919 1.11421 197.255 0.000364595 0.000359591
20 18 0 0 0 0 0 0 0
20 19 0 0 0 0 0 0 0
20 20 0 0 0 0 0 0 0
20 21 0 0 0 0 0 0 0
20 22 0 0 0 0 0 0 0
20 23 0 0 0 0 0 0 0
21 0 31 0.005 1.29524 0.00113524 200.449 0.000802736 0.000804537
21 1 35 0.005 1.21569 0.108413 197.692 0.000939911 0.000929064
21 2 26 0.005 1.22999 0.135455 198.246 0.000692462 0.000686388
21 3 25 0.005 1.25246 0.148892 203.738 0.000658125 0.000670425
21 4 29 0.005 1.34898 0.221131 199.441 0.000725519 0.000723492
21 5 30 0.005 1.19291 0.256997 198.32 0.000805729 0.00079896
21 6 19 0.005 1.33729 0.388833 200.749 0.000469572 0.00047133
21 7 21 0.005 1.26259 0.475449 202.106 0.000529868 0.000535448
21 8 24 0.005 1.35175 0.519053 200.321 0.0005779 0.000578829
21 9 26 0.005 1.19841 0.571699 201.242 0.00066278 0.000666897
21 10 22 0.005 1.30479 0.635102 198.533 0.000528959 0.000525078
21 11 25 0.005 1.24231 0.614099 197.791 0.000619875 0.000613029
21 12 20 0.005 1.44594 0.744959 199.872 0.000443841 0.000443556
21 13 21 0.005 1.30323 0.810853 197.3 0.000485739 0.000479182
21 14 0 0 0 0 0 0 0
21 15 27 0.005 1.38329 1.00378 198.095 0.000577763 0.00057226
21 16 21 0.005 1.30781 0.992831 194.309 0.000462845 0.000449676
21 17 13 0.005 1.48673 1.16461 193.603 0.000257769 0.000249524
21 18 0 0 0 0 0 0 0
21 19 0 0 0 0 0 0 0
21 20 0 0 0 0 0 0 0
21 21 0 0 0 0 0 0 0
21 22 0 0 0 0 0 0 0
21 23 0 0 0 0 0 0 0
22 0 18 0.005 1.2992 0.0563351 200.139 0.000464939 0.000465262
22 1 27 0.005 1.28536 0.100367 197.316 0.00070118 0.000691771
22 2 25 0.005 1.19706 0.0948604 197.645 0.000677891 0.00066991
22 3 24 0.005 1.30444 0.161029 198.61 0.000615767 0.000611489
22 4 27 0.005 1.26332 0.294457 197.784 0.0006985 0.00069076
22 5 24 0.005 1.31057 0.313579 201.696 0.000606022 0.000611163
22 6 28 0.005 1.28469 0.423844 198.518 0.000705255 0.00070003
22 7 24 0.005 1.33526 0.467383 195.158 0.000587002 0.000572791
22 8 28 0.005 1.19299 0.460938 196.472 0.000730801 0.000717909
22 9 17 0.005 1.29536 0.579537 197.708 0.000414933 0.000410177
22 10 24 0.005 1.36217 0.6351 199.537 0.000563335 0.000562032
22 11 20 0.005 1.35661 0.602099 195.428 0.000473528 0.000462703
22 12 15 0.005 1.43573 0.776244 201.322 0.000332054 0.000334249
22 13 10 0.005 1.43839 0.815435 198.15 0.000219284 0.000217256
22 14 15 0.005 1.36414 0.89922 193.616 0.000331801 0.00032121
22 15 0 0 0 0 0 0 0
22 16 12 0.005 1.62317 1.1176 197.884 0.000230089 0.000227654
22 17 10 0.005 1.8279 1.44135 198.317 0.000167249 0.000165841
22 18 0 0 0 0 0 0 0
22 19 0 0 0 0 0 0 0
22 20 0 0 0 0 0 0 0
22 21 0 0 0 0 0 0 0
22 22 0 0 0 0 0 0 0
22 23 0 0 0 0 0 0 0
23 0 33 0.005 1.39451 0.0204762 200.125 0.000814803 0.000815314
23 1 26 0.005 1.46619 0.144602 195.776 0.000618712 0.000605646
23 2 16 0.005 1.27885 0.121142 194.208 0.00041646 0.000404399
23 3 29 0.005 1.36565 0.223252 199.23 0.000719743 0.000716973
23 4 35 0.005 1.44854 0.280524 199.332 0.000832049 0.00082927
23 5 30 0.005 1.40126 0.340192 194.99 0.000724413 0.000706265
23 6 24 0.005 1.42245 0.357242 201.174 0.000572897 0.000576261
23 7 24 0.005 1.41178 0.409122 200.84 0.000572034 0.000574435
23 8 19 0.005 1.42373 0.460369 204.469 0.000447342 0.000457337
23 9 24 0.005 1.47564 0.602704 199.707 0.000540444 0.000539651
23 10 23 0.005 1.69996 0.71663 198.742 0.000464431 0.000461509
23 11 27 0.005 1.54686 0.748577 195.397 0.000575413 0.00056217
23 12 15 0.005 1.4103 0.743598 199.13 0.000337724 0.000336255
23 13 0 0 0 0 0 0 0
23 14 0 0 0 0 0 0 0
23 15 0 0 0 0 0 0 0
23 16 0 0 0 0 0 0 0
23 17 0 0 0 0 0 0 0
23 18 0 0 0 0 0 0 0
23 19 0 0 0 0 0 0 0
23 20 0 0 0 0 0 0 0
23 21 0 0 0 0 0 0 0
23 22 0 0 0 0 0 0 0
23 23 0 0 0 0 0 0 0
