#  ix    iy     Npi     E/N       Tpi    Uxpi    Uypi     mupi     rho    epsilon
0 0 561 0.0630654 0.0112541 0.0234994 1.81754 0.0274907 0.0074166
0 1 603 0.0601942 0.0355506 0.0999349 2.08585 0.0293939 0.0077258
0 2 577 0.0609447 0.00512831 0.152943 1.98184 0.0279588 0.00739923
0 3 607 0.0597864 0.0218826 0.194817 2.10893 0.0291991 0.00764592
0 4 565 0.0622131 0.0145556 0.29634 1.84118 0.026552 0.00710843
0 5 574 0.0622988 0.0186265 0.369339 1.82915 0.0263905 0.00707066
0 6 563 0.061362 0.0488263 0.374589 1.87257 0.0258174 0.00685853
0 7 580 0.0618599 0.0205768 0.485397 1.82814 0.0255731 0.00682445
0 8 599 0.0606971 -0.00680892 0.536888 1.92187 0.0258696 0.00683084
0 9 650 0.0597218 0.0127621 0.606192 2.04443 0.0272457 0.00713019
0 10 609 0.0591296 0.0187035 0.657289 1.99991 0.0249435 0.00649221
0 11 591 0.0596784 0.0324142 0.771539 1.87515 0.0229296 0.00599827
0 12 615 0.0600061 0.0413155 0.907819 1.82381 0.0223107 0.00585396
0 13 627 0.0598203 0.0549772 0.945332 1.83767 0.0223173 0.0058457
0 14 614 0.0610231 0.00537845 0.999597 1.70361 0.0212867 0.00563749
0 15 632 0.0609836 0.0177629 1.15686 1.65691 0.0202584 0.00536324
0 16 571 0.054697 0.0526304 1.29287 1.97259 0.017116 0.00427407
0 17 597 0.0551865 0.0548998 1.41329 1.91899 0.0168948 0.00423842
0 18 539 0.0553676 0.0560943 1.48414 1.76879 0.0147567 0.00370835
0 19 576 0.0523358 0.0316073 1.72561 1.9863 0.0141553 0.00345606
0 20 512 0.0544818 0.0355334 1.84507 1.63194 0.0119575 0.00297984
0 21 494 0.0500034 0.0605955 2.07949 1.90187 0.010491 0.00250432
0 22 458 0.0506752 0.0240658 2.31782 1.67316 0.0088934 0.00213685
0 23 402 0.0457002 0.07161 2.56593 1.95879 0.0071532 0.0016367
1 0 569 0.0619398 0.0913284 0.0372977 1.90453 0.0277574 0.00741274
1 1 556 0.0618762 0.0821175 0.069648 1.88493 0.0270983 0.00723253
1 2 593 0.0618489 0.110907 0.146645 1.9404 0.0285894 0.00762863
1 3 572 0.0610793 0.0803041 0.222957 1.94782 0.0272836 0.00722939
1 4 570 0.0619566 0.0589533 0.251658 1.87763 0.0270521 0.0072255
1 5 589 0.0589345 0.0515209 0.351518 2.10131 0.0272066 0.00706847
1 6 590 0.0620977 0.0882779 0.405231 1.85529 0.0267151 0.00714461
1 7 607 0.0601957 0.0933599 0.451443 2.0016 0.0270218 0.00710242
1 8 610 0.058844 0.0451016 0.601648 2.04734 0.025603 0.00664628
1 9 599 0.0569527 0.106134 0.650312 2.14927 0.0245186 0.00625391
1 10 616 0.061796 0.117975 0.673911 1.8068 0.0249216 0.00664675
1 11 617 0.060037 0.0975864 0.755693 1.89693 0.0240572 0.006314
1 12 578 0.0608863 0.107786 0.890232 1.70427 0.0210942 0.00557955
1 13 616 0.0599077 0.119524 0.947665 1.80946 0.0218357 0.00572415
1 14 595 0.062808 0.123416 1.04937 1.51937 0.0200487 0.00539633
1 15 578 0.0596285 0.125384 1.10127 1.68975 0.0189797 0.00496272
1 16 585 0.058379 0.114996 1.28839 1.70414 0.0175393 0.00453349
1 17 567 0.0595495 0.143961 1.43027 1.51677 0.0158723 0.00414719
1 18 588 0.0552167 0.113023 1.48643 1.86565 0.0160571 0.00402941
1 19 543 0.0532553 0.128543 1.68341 1.8628 0.0135649 0.00334121
1 20 508 0.0550663 0.147564 1.86834 1.56342 0.0117227 0.00293754
1 21 476 0.0507188 0.12819 2.0135 1.82193 0.0103621 0.00249078
1 22 436 0.0473168 0.150697 2.3125 1.95509 0.00846787 0.00196883
1 23 432 0.0473291 0.187911 2.60463 1.84212 0.00757297 0.00176098
2 0 568 0.0610136 0.133603 0.0498826 1.96273 0.0275642 0.00729938
2 1 591 0.0594883 0.145334 0.0985079 2.10782 0.0285341 0.00745133
2 2 609 0.0622872 0.162676 0.129609 1.93206 0.0292274 0.00782992
2 3 593 0.0613152 0.11046 0.201456 1.96877 0.0283305 0.00752296
2 4 595 0.0618828 0.141092 0.282269 1.91056 0.0278146 0.00742417
2 5 587 0.0594998 0.16699 0.375547 2.03731 0.0266143 0.00695074
2 6 576 0.0608971 0.166946 0.450448 1.89125 0.0254509 0.00673258
2 7 615 0.0594179 0.16034 0.462744 2.06051 0.0270746 0.00706561
2 8 573 0.0599078 0.146358 0.550673 1.92069 0.0244046 0.00639759
2 9 627 0.0596297 0.155294 0.674501 1.976 0.0252722 0.00660812
2 10 601 0.0608285 0.121301 0.719923 1.82885 0.0237943 0.00629042
2 11 601 0.0596156 0.178311 0.787986 1.87918 0.0229163 0.00599133
2 12 570 0.0623778 0.171138 0.870143 1.59069 0.020905 0.00560498
2 13 595 0.0585024 0.182955 0.954526 1.87085 0.0209157 0.00541239
2 14 676 0.0568954 0.177569 1.02786 2.0869 0.0229323 0.00584616
2 15 637 0.057 0.174212 1.13428 1.96723 0.020514 0.00523478
2 16 642 0.055874 0.192892 1.30658 1.98014 0.018997 0.00479676
2 17 596 0.0572484 0.204379 1.40762 1.74823 0.0168029 0.00429773
2 18 560 0.0567584 0.170399 1.52223 1.67364 0.0150065 0.00382073
2 19 526 0.0535098 0.207255 1.67608 1.80873 0.0131371 0.0032437
2 20 530 0.0526913 0.258575 1.94355 1.77313 0.0118041 0.00289185
2 21 505 0.0504715 0.265303 2.12698 1.85511 0.0104661 0.00250976
2 22 436 0.0507771 0.271647 2.25834 1.63028 0.00860154 0.00206876
2 23 388 0.0497675 0.281228 2.5418 1.50932 0.0069266 0.00164966
3 0 550 0.0606308 0.20856 0.0357515 1.94604 0.0263767 0.00696054
3 1 606 0.0588109 0.153377 0.118613 2.18001 0.0291628 0.00756806
3 2 632 0.0619218 0.210969 0.162695 1.98135 0.0299362 0.00799329
3 3 616 0.0598233 0.200155 0.174666 2.10571 0.0291839 0.00764452
3 4 619 0.0645808 0.199809 0.284189 1.75823 0.0286628 0.00783866
3 5 614 0.0618617 0.179049 0.359442 1.91618 0.0279302 0.0074536
3 6 640 0.0602657 0.196406 0.39377 2.05732 0.0287154 0.00755241
3 7 598 0.0598165 0.158975 0.444941 2.00989 0.0265042 0.00694216
3 8 591 0.0622426 0.211954 0.509049 1.79357 0.0253694 0.00679362
3 9 603 0.0610627 0.189174 0.622696 1.85253 0.0247744 0.00656353
3 10 634 0.0622263 0.19893 0.683995 1.79247 0.0253129 0.00677749
3 11 593 0.0600189 0.234984 0.741668 1.85082 0.0229429 0.00602054
3 12 631 0.0608201 0.246585 0.875179 1.79051 0.0228855 0.0060497
3 13 608 0.058521 0.253109 0.963924 1.87871 0.0211104 0.00546371
3 14 615 0.0627722 0.244759 1.034 1.55189 0.020661 0.00555933
3 15 613 0.0554929 0.240511 1.1954 2.01417 0.0190549 0.00479416
3 16 606 0.0576718 0.289327 1.33281 1.75973 0.0175651 0.00451044
3 17 560 0.0580954 0.289249 1.47203 1.58427 0.0152258 0.00392517
3 18 573 0.0574499 0.312888 1.5939 1.60057 0.0147254 0.00377345
3 19 579 0.0522168 0.303436 1.74617 1.98212 0.0139471 0.00340135
3 20 610 0.0525786 0.324337 1.83438 1.96386 0.0141429 0.00346109
3 21 502 0.0541217 0.33183 2.11194 1.5253 0.0104263 0.0025894
3 22 445 0.0477332 0.413913 2.38527 1.89548 0.00832801 0.00194428
3 23 407 0.044716 0.406182 2.67736 2.03405 0.00691126 0.00156586
4 0 614 0.0616209 0.258584 0.0238551 1.97515 0.0291318 0.00775728
4 1 587 0.0609135 0.248408 0.0737314 1.98033 0.0278546 0.00736954
4 2 576 0.0608077 0.267952 0.189298 1.95035 0.0268284 0.00709118
4 3 584 0.0605158 0.252926 0.212523 1.9844 0.0271825 0.00716564
4 4 629 0.0633516 0.273376 0.285488 1.84035 0.0286746 0.00775596
4 5 595 0.0583552 0.270732 0.346193 2.12623 0.0267018 0.00690024
4 6 567 0.0605036 0.272442 0.453471 1.88415 0.0245681 0.00647572
4 7 620 0.0621003 0.249167 0.478545 1.85632 0.0267475 0.00715344
4 8 640 0.0587626 0.256973 0.517343 2.1127 0.0271659 0.0070467
4 9 605 0.0606278 0.294864 0.607421 1.87566 0.0245787 0.00648587
4 10 593 0.0599791 0.28477 0.696828 1.8659 0.023224 0.00609208
4 11 644 0.0623151 0.310242 0.809618 1.72688 0.0238518 0.00639144
4 12 633 0.0613724 0.338953 0.876136 1.73943 0.0226155 0.0060085
4 13 632 0.0604027 0.294974 0.928499 1.78964 0.0221905 0.00584364
4 14 617 0.0578675 0.349849 1.06642 1.88047 0.0201203 0.00517598
4 15 671 0.0582121 0.350525 1.20744 1.87157 0.0204747 0.00528404
4 16 615 0.0575396 0.404436 1.30149 1.78516 0.0178343 0.00457392
4 17 607 0.0571829 0.382801 1.49254 1.7167 0.0161984 0.00414058
4 18 575 0.057278 0.397837 1.58047 1.615 0.0147409 0.00377137
4 19 559 0.0514902 0.399062 1.74741 2.00408 0.0133507 0.00323319
4 20 524 0.0548796 0.420916 1.86936 1.59256 0.0118841 0.00297273
4 21 447 0.0521792 0.470161 2.18412 1.54206 0.00895182 0.00218233
4 22 443 0.0480073 0.470175 2.41963 1.8476 0.00816374 0.00191108
4 23 372 0.0459441 0.565876 2.88613 1.7345 0.00587016 0.0013464
5 0 583 0.0597979 0.310181 0.030283 2.04025 0.0272841 0.00714523
5 1 572 0.058636 0.28862 0.121881 2.10705 0.0267568 0.00693246
5 2 591 0.0580038 0.294771 0.176772 2.17874 0.0273974 0.00705696
5 3 622 0.0623273 0.333427 0.215065 1.89848 0.0283409 0.00759518
5 4 597 0.0621305 0.327485 0.296264 1.85509 0.0267705 0.00716156
5 5 650 0.0620837 0.34794 0.370551 1.91756 0.028404 0.0075953
5 6 587 0.0592367 0.350088 0.416002 2.00533 0.0252795 0.00658616
5 7 583 0.0639479 0.338055 0.498083 1.64246 0.0244845 0.00665818
5 8 634 0.0619111 0.34326 0.596358 1.82573 0.0256029 0.00683557
5 9 584 0.0617358 0.342709 0.643258 1.7366 0.0231346 0.00616677
5 10 670 0.0579776 0.376699 0.720825 2.10818 0.0254798 0.00656142
5 11 633 0.0575319 0.303948 0.823189 2.05407 0.023323 0.00598117
5 12 648 0.055466 0.383689 0.901966 2.19074 0.0226847 0.00570595
5 13 675 0.0594661 0.386138 0.97328 1.88742 0.0228528 0.0059665
5 14 632 0.0612561 0.409784 1.13683 1.61222 0.0197511 0.00524194
5 15 644 0.0583974 0.407597 1.23442 1.79571 0.019248 0.00497599
5 16 594 0.0581138 0.430942 1.28857 1.70824 0.0172596 0.00445022
5 17 604 0.0592761 0.453862 1.42197 1.57452 0.0164794 0.00429498
5 18 568 0.0584365 0.501135 1.63016 1.48034 0.0140835 0.00364218
5 19 563 0.056616 0.479349 1.66445 1.60101 0.0137988 0.00350855
5 20 555 0.0519506 0.504373 1.87885 1.89148 0.0124379 0.00302552
5 21 481 0.0506251 0.563101 2.21868 1.73742 0.00943921 0.00226689
5 22 395 0.0458153 0.656874 2.46183 1.93507 0.007074 0.00162044
5 23 337 0.0453793 0.693358 2.76706 1.72494 0.00546499 0.00124643
6 0 630 0.0602025 0.394849 0.0367784 2.06162 0.0287075 0.00754596
6 1 618 0.0603136 0.367353 0.0861759 2.04082 0.0283435 0.00745788
6 2 576 0.0597692 0.394701 0.156497 1.99375 0.0259896 0.00680443
6 3 640 0.0572157 0.392371 0.204965 2.28569 0.0286873 0.00733521
6 4 623 0.0590048 0.373538 0.308066 2.1063 0.0274868 0.00714591
6 5 607 0.0589114 0.409624 0.325655 2.07156 0.0263634 0.00684794
6 6 640 0.062611 0.39348 0.419506 1.83771 0.0271952 0.00730686
6 7 597 0.0633988 0.388067 0.486007 1.69404 0.0248506 0.00672451
6 8 663 0.0616499 0.447229 0.553286 1.87774 0.026482 0.00705354
6 9 637 0.061517 0.420408 0.666892 1.81017 0.0245218 0.00652355
6 10 742 0.0626308 0.423417 0.728062 1.85907 0.02782 0.00747608
6 11 639 0.0588621 0.445722 0.798978 1.94357 0.0231107 0.00600031
6 12 636 0.0632415 0.448714 0.890017 1.58649 0.0220811 0.00596665
6 13 609 0.0605714 0.46613 0.944292 1.70101 0.0205567 0.00542174
6 14 620 0.0600388 0.489035 1.12553 1.6712 0.0191987 0.00503894
6 15 586 0.0602285 0.536503 1.22711 1.54669 0.0171863 0.0045186
6 16 600 0.0573551 0.52275 1.35476 1.73266 0.0166815 0.00427093
6 17 590 0.0584489 0.558455 1.48604 1.56973 0.0154148 0.00398693
6 18 550 0.0557119 0.576196 1.59383 1.66646 0.0137009 0.00345421
6 19 538 0.0545855 0.603648 1.80788 1.64763 0.0122526 0.0030564
6 20 494 0.0530226 0.650655 1.99395 1.61946 0.0104215 0.00256125
6 21 467 0.049725 0.668435 2.24998 1.77223 0.00897269 0.00213608
6 22 464 0.0440092 0.744737 2.453 2.29411 0.00826585 0.00185953
6 23 329 0.0452044 0.781699 2.72609 1.72556 0.00536313 0.00122106
7 0 612 0.0570527 0.438986 0.0216529 2.25488 0.0274643 0.0070118
7 1 673 0.0615615 0.479064 0.0961686 1.99664 0.029641 0.00788861
7 2 617 0.0579242 0.44436 0.165007 2.18238 0.0273302 0.00703445
7 3 597 0.0623329 0.450438 0.251771 1.81213 0.0260063 0.00696989
7 4 655 0.0615716 0.457033 0.294369 1.94641 0.028209 0.00750817
7 5 643 0.05789 0.439095 0.332328 2.19519 0.0276101 0.00710422
7 6 653 0.0619488 0.485278 0.447701 1.86554 0.0267126 0.0071343
7 7 608 0.0596486 0.421574 0.502116 1.96077 0.0249246 0.00651837
7 8 654 0.0608029 0.463693 0.552385 1.9194 0.0260019 0.00687244
7 9 646 0.0590818 0.506681 0.683132 1.96997 0.0241218 0.00627556
7 10 618 0.0612849 0.524099 0.718388 1.7466 0.0226381 0.00600971
7 11 651 0.0596012 0.543041 0.803714 1.8798 0.0229063 0.00598792
7 12 672 0.0595789 0.516228 0.880922 1.88766 0.0230492 0.00602405
7 13 586 0.061403 0.562583 1.03686 1.54044 0.0185748 0.00493634
7 14 607 0.0610683 0.59587 1.17502 1.53211 0.0179896 0.00476627
7 15 640 0.0560707 0.573312 1.22174 1.94732 0.0186776 0.00472486
7 16 609 0.0561716 0.615284 1.34314 1.82932 0.0167338 0.00423715
7 17 559 0.0562352 0.666738 1.56124 1.63922 0.0139076 0.00352363
7 18 571 0.0537888 0.713267 1.64533 1.82174 0.0136321 0.00337487
7 19 525 0.0516099 0.762677 1.8365 1.84933 0.011562 0.00280326
7 20 523 0.0521384 0.77503 2.0778 1.70891 0.0105387 0.00256818
7 21 431 0.0504665 0.792343 2.22276 1.61688 0.00824357 0.00197671
7 22 353 0.047854 0.852116 2.46898 1.58597 0.0061871 0.00144618
7 23 324 0.0444903 0.954312 2.79508 1.75452 0.00509343 0.0011514
8 0 625 0.0604367 0.496707 0.018949 1.99934 0.0274349 0.00722693
8 1 556 0.0618044 0.52159 0.100887 1.7714 0.0240692 0.00641988
8 2 565 0.0610188 0.523142 0.14267 1.83824 0.024347 0.00644772
8 3 597 0.0568081 0.521603 0.242692 2.19466 0.0253665 0.00646143
8 4 642 0.0600444 0.543576 0.318107 1.99796 0.0266292 0.00698953
8 5 604 0.0582133 0.538668 0.362796 2.06438 0.0248308 0.00640829
8 6 630 0.0613363 0.524702 0.442529 1.8605 0.0254614 0.00676239
8 7 651 0.0602458 0.518064 0.488573 1.95921 0.0259945 0.00683552
8 8 655 0.0600884 0.5316 0.573411 1.9433 0.0252935 0.00664162
8 9 635 0.0585402 0.582504 0.648353 1.98302 0.0234654 0.0060743
8 10 658 0.0595572 0.567902 0.745633 1.91007 0.0235338 0.00614946
8 11 610 0.0596487 0.625175 0.845852 1.77035 0.0206034 0.00538827
8 12 643 0.0575767 0.618293 0.923804 1.9495 0.0210802 0.00540826
8 13 610 0.0611551 0.654435 0.999974 1.5905 0.0191891 0.00508809
8 14 646 0.0581753 0.648559 1.17343 1.79608 0.0189327 0.00488441
8 15 599 0.0596944 0.739445 1.33707 1.5191 0.0160797 0.00420699
8 16 626 0.0556988 0.71629 1.38803 1.85619 0.0165456 0.00417091
8 17 549 0.0532639 0.751913 1.5613 1.8536 0.0134508 0.00331336
8 18 501 0.0540121 0.810118 1.75081 1.61526 0.0113022 0.00280401
8 19 554 0.052905 0.828178 1.78604 1.79537 0.0122986 0.00301917
8 20 444 0.0497289 0.862666 2.05473 1.76491 0.00891062 0.00212139
8 21 435 0.0488185 0.978536 2.42002 1.6984 0.00762819 0.00179999
8 22 414 0.0463632 1.00575 2.62573 1.83637 0.00680031 0.00156625
8 23 318 0.0431701 1.10909 2.92153 1.83926 0.00475096 0.0010598
9 0 604 0.0632253 0.546872 0.0181005 1.74995 0.0259738 0.00701748
9 1 611 0.057217 0.524946 0.102399 2.2029 0.0264108 0.00675319
9 2 650 0.0609765 0.56961 0.165225 1.95958 0.0274053 0.00725483
9 3 647 0.0603553 0.597512 0.220614 1.97995 0.0267503 0.00704136
9 4 681 0.0616422 0.594427 0.314872 1.92321 0.0276988 0.00737712
9 5 630 0.0609556 0.595392 0.394857 1.87433 0.0251283 0.0066508
9 6 650 0.0595541 0.617348 0.441944 1.98572 0.0253773 0.00663098
9 7 654 0.0600998 0.597647 0.518575 1.9364 0.0251405 0.00660212
9 8 680 0.0596178 0.643987 0.622277 1.95929 0.0248318 0.00649224
9 9 646 0.0633805 0.657351 0.680603 1.61796 0.0230017 0.00622317
9 10 640 0.0576482 0.674002 0.803979 1.97044 0.0216457 0.00555705
9 11 629 0.0592897 0.703294 0.846123 1.80338 0.0207382 0.00540562
9 12 665 0.0568661 0.683256 0.945776 2.0113 0.0212135 0.00540651
9 13 610 0.0584382 0.771418 1.04106 1.74043 0.0182693 0.00472476
9 14 631 0.0558919 0.764736 1.15876 1.92911 0.0180779 0.00456545
9 15 579 0.0563075 0.817961 1.28897 1.74521 0.0155523 0.00394299
9 16 604 0.0558598 0.805151 1.38474 1.78936 0.0156794 0.00395855
9 17 612 0.0576614 0.88473 1.61763 1.55507 0.0143028 0.00367237
9 18 529 0.0509661 0.901932 1.76245 1.91958 0.0116911 0.00281699
9 19 518 0.0512388 0.920424 1.90352 1.82031 0.0108563 0.00262275
9 20 454 0.0497129 1.00279 2.14815 1.73672 0.00864953 0.00205891
9 21 392 0.0484274 1.10711 2.44079 1.6102 0.00671732 0.00157899
9 22 368 0.0435751 1.09087 2.58526 2.0338 0.00605576 0.00135639
9 23 263 0.0408344 1.31918 3.13901 1.86296 0.00363287 0.00079137
10 0 648 0.0610122 0.658976 0.0282493 1.92406 0.0265162 0.00702177
10 1 655 0.0597387 0.647999 0.089918 2.02926 0.0268688 0.00703265
10 2 679 0.0617754 0.675704 0.188871 1.89744 0.027247 0.00726558
10 3 650 0.0608644 0.651192 0.247592 1.92045 0.0261438 0.00691381
10 4 652 0.0613595 0.657641 0.275245 1.88074 0.0260244 0.00691337
10 5 703 0.0623582 0.685568 0.347586 1.85974 0.0273221 0.00732421
10 6 651 0.0636092 0.726441 0.459344 1.65343 0.0242012 0.00656117
10 7 663 0.0637564 0.744162 0.530628 1.6348 0.0239897 0.00651244
10 8 684 0.0632285 0.734539 0.64527 1.66964 0.0239745 0.00647751
10 9 692 0.0585811 0.73959 0.68005 1.99953 0.0239296 0.00619682
10 10 636 0.0614844 0.774674 0.815211 1.64384 0.0207168 0.00550967
10 11 649 0.0639989 0.747975 0.858945 1.48507 0.0209899 0.00571049
10 12 652 0.0585764 0.843711 0.985107 1.79594 0.0195148 0.00505334
10 13 638 0.0593745 0.825223 1.07587 1.68629 0.018563 0.00484241
10 14 606 0.0576252 0.87952 1.20917 1.70164 0.0165144 0.00423879
10 15 574 0.057824 0.889466 1.2965 1.5968 0.0151004 0.00388303
10 16 569 0.0550598 0.910181 1.49972 1.72803 0.0138127 0.00346107
10 17 569 0.0541413 1.00222 1.63525 1.73616 0.0128953 0.00320318
10 18 518 0.0510679 1.03231 1.84652 1.83565 0.0108517 0.0026173
10 19 494 0.0512786 1.04156 1.91433 1.74435 0.0100991 0.00244075
10 20 438 0.0512511 1.13438 2.17688 1.52634 0.0081003 0.00195716
10 21 361 0.0469764 1.29449 2.50046 1.63311 0.00592243 0.00137237
10 22 336 0.0438389 1.32226 2.68903 1.85314 0.00521387 0.00117093
10 23 252 0.042884 1.46142 3.14968 1.5446 0.0034187 0.000760408
11 0 683 0.0640112 0.742058 0.0519019 1.73097 0.0268631 0.00730916
11 1 668 0.0604428 0.761515 0.045785 1.94649 0.0260341 0.00685832
11 2 665 0.0618392 0.768813 0.186174 1.82932 0.0255662 0.00682134
11 3 680 0.060212 0.729903 0.238432 1.97859 0.0264383 0.00695009
11 4 664 0.0641317 0.780053 0.353867 1.63984 0.0247201 0.00673333
11 5 651 0.0607295 0.789954 0.393086 1.84156 0.0239287 0.00632022
11 6 673 0.0614536 0.793458 0.470422 1.80345 0.0242492 0.0064473
11 7 715 0.0634195 0.795187 0.538436 1.70977 0.0252797 0.0068419
11 8 619 0.0648048 0.832172 0.642944 1.42818 0.0209095 0.00572974
11 9 687 0.0604435 0.843778 0.718566 1.80322 0.02256 0.00594316
11 10 724 0.0617355 0.874424 0.791131 1.72879 0.0229543 0.00611868
11 11 705 0.0595629 0.914582 0.897657 1.80806 0.0212604 0.00555572
11 12 639 0.0562138 0.943895 1.0402 1.9081 0.0181667 0.00460179
11 13 663 0.0582465 0.977193 1.1138 1.75013 0.018181 0.00469357
11 14 620 0.0577806 1.00368 1.23506 1.66857 0.0161698 0.00415635
11 15 637 0.0551339 1.02749 1.36494 1.85466 0.0157737 0.0039552
11 16 545 0.0560058 1.08038 1.52183 1.5603 0.0126175 0.00318989
11 17 548 0.0523985 1.15923 1.7528 1.77667 0.0115427 0.00281987
11 18 532 0.0522483 1.06688 1.72473 1.78924 0.0115331 0.00281348
11 19 448 0.0488808 1.28218 2.08963 1.77593 0.00829414 0.00195833
11 20 386 0.0493557 1.35296 2.27351 1.51442 0.00669005 0.00158694
11 21 351 0.0463328 1.43854 2.67871 1.60452 0.00537555 0.00123773
11 22 277 0.0408469 1.55735 2.86929 1.95178 0.0039768 0.000866401
11 23 247 0.0392783 1.78522 3.51032 1.87447 0.0029799 0.000638837
12 0 663 0.0628917 0.80921 0.00938449 1.74486 0.0252637 0.00680512
12 1 673 0.0607247 0.883057 0.0962861 1.87219 0.0246645 0.00651429
12 2 675 0.058552 0.840583 0.180436 2.04909 0.0250903 0.00649565
12 3 683 0.0615092 0.829805 0.258091 1.84083 0.0252714 0.00672248
12 4 715 0.0601349 0.878686 0.340289 1.94839 0.0255087 0.00670097
12 5 685 0.0590759 0.873873 0.366963 1.9807 0.0243712 0.00634008
12 6 621 0.0610612 0.864877 0.464714 1.72114 0.0217217 0.0057547
12 7 626 0.0613085 0.902038 0.538412 1.6773 0.0211576 0.0056179
12 8 714 0.0574603 0.976098 0.660558 2.03007 0.0226439 0.00580314
12 9 691 0.0604194 0.948836 0.750483 1.76059 0.0215809 0.00568397
12 10 658 0.0603767 1.0029 0.812992 1.67509 0.0197516 0.00520014
12 11 586 0.0595319 1.00248 0.894779 1.59547 0.0171496 0.00448021
12 12 624 0.0601463 1.02935 1.03107 1.55981 0.0173098 0.00454764
12 13 656 0.0567438 1.04845 1.17262 1.81425 0.017252 0.00439185
12 14 619 0.0599863 1.09208 1.26112 1.46749 0.0156005 0.00409258
12 15 595 0.0547082 1.15071 1.41074 1.77369 0.0140421 0.00350684
12 16 572 0.0539886 1.19296 1.48501 1.75977 0.0130332 0.00323274
12 17 503 0.0537573 1.22394 1.76981 1.553 0.0103914 0.00257181
12 18 501 0.0539062 1.29957 1.93868 1.46853 0.00967201 0.00239716
12 19 454 0.052263 1.3666 2.05543 1.46576 0.00835661 0.00203887
12 20 368 0.0463673 1.61426 2.49713 1.66821 0.00575026 0.00132446
12 21 348 0.0472887 1.55849 2.56942 1.50556 0.00538618 0.00125197
12 22 245 0.0409395 1.77082 2.99666 1.75805 0.00331619 0.000723161
12 23 176 0.0325336 1.85782 3.34806 2.65218 0.00218008 0.000435472
13 0 697 0.0612071 0.944674 0.0584426 1.8439 0.0248144 0.00658279
13 1 707 0.0620401 0.966807 0.10075 1.78696 0.024851 0.00664262
13 2 723 0.0607175 0.977078 0.181452 1.89175 0.0251387 0.0066391
13 3 678 0.0649379 0.928858 0.233443 1.55747 0.0240026 0.00658514
13 4 737 0.0630574 0.957544 0.33574 1.73736 0.0253589 0.006841
13 5 701 0.0615568 0.98818 0.40601 1.76407 0.0234825 0.00624933
13 6 748 0.0619452 0.985265 0.498962 1.78384 0.0246107 0.0065727
13 7 684 0.0592562 1.01813 0.599372 1.84945 0.021662 0.00564468
13 8 699 0.0616849 1.03847 0.653517 1.6737 0.0216471 0.00576759
13 9 729 0.0601029 1.12101 0.79877 1.7564 0.0210037 0.00551593
13 10 640 0.0598089 1.10899 0.85928 1.6351 0.0182096 0.00476926
13 11 671 0.0595045 1.15929 0.967358 1.65487 0.0181624 0.0047436
13 12 584 0.0545473 1.09211 1.02765 1.91032 0.0158827 0.00396047
13 13 613 0.0575394 1.14365 1.19705 1.64722 0.0155362 0.00398453
13 14 582 0.05712 1.23641 1.34407 1.55426 0.0137021 0.00350042
13 15 573 0.0551213 1.22064 1.3745 1.69427 0.0134223 0.00336518
13 16 562 0.0531703 1.34172 1.60967 1.73628 0.0118648 0.00292008
13 17 487 0.0521358 1.44287 1.83639 1.59446 0.00939675 0.00228984
13 18 462 0.047209 1.45007 1.98272 1.97469 0.00853915 0.00198329
13 19 376 0.0478019 1.57009 2.20797 1.62233 0.00638215 0.00149101
13 20 319 0.0442349 1.68352 2.51825 1.74551 0.00490203 0.00110529
13 21 279 0.0404043 1.84937 2.79922 1.99227 0.00390664 0.000847266
13 22 201 0.0414225 1.80865 2.91167 1.51201 0.00275948 0.000604735
13 23 145 0.0316893 2.21494 3.63021 2.52243 0.00162704 0.000322089
14 0 756 0.062058 1.05123 0.0342678 1.81287 0.025535 0.00682654
14 1 734 0.0624417 1.05854 0.109809 1.75061 0.0246386 0.00660982
14 2 712 0.0608011 1.10491 0.213572 1.8048 0.0231834 0.00612737
14 3 674 0.0621205 1.09621 0.246387 1.65797 0.0219657 0.00587567
14 4 701 0.0632118 1.05766 0.322791 1.63135 0.023048 0.00622623
14 5 697 0.0615549 1.0638 0.418892 1.72119 0.022494 0.00598615
14 6 690 0.0603421 1.06887 0.50137 1.77906 0.021861 0.00575366
14 7 691 0.0611222 1.13785 0.597485 1.67349 0.0208011 0.00551387
14 8 744 0.0582569 1.12934 0.710418 1.93423 0.0218732 0.0056473
14 9 660 0.0607158 1.19441 0.774128 1.59057 0.0185989 0.00491186
14 10 676 0.0567846 1.23197 0.865373 1.87187 0.0183344 0.00466918
14 11 636 0.057649 1.27243 1.01619 1.68764 0.0163147 0.00418846
14 12 706 0.057088 1.31406 1.15534 1.78252 0.0171723 0.00438563
14 13 586 0.059904 1.38998 1.26729 1.32773 0.0134844 0.00353477
14 14 574 0.057774 1.40433 1.37403 1.4325 0.0127632 0.0032805
14 15 544 0.0534982 1.46699 1.53891 1.66348 0.0113498 0.00280208
14 16 552 0.0516808 1.48977 1.69258 1.79031 0.01097 0.00266153
14 17 453 0.0488556 1.53357 1.86385 1.80288 0.00849947 0.00200631
14 18 405 0.0471733 1.72833 2.10199 1.75766 0.00684768 0.00158987
14 19 376 0.0448009 1.74961 2.249 1.90014 0.00610352 0.00138403
14 20 309 0.040541 1.87132 2.55719 2.12848 0.00455852 0.00099003
14 21 223 0.0355915 2.07268 3.06402 2.38518 0.00285265 0.000588542
14 22 183 0.0328774 2.17897 3.26413 2.60374 0.00221496 0.00044406
14 23 103 0.0330733 2.43982 3.92246 1.83838 0.00106827 0.000214615
15 0 747 0.0616256 1.17403 0.027181 1.77015 0.0237403 0.00632188
15 1 718 0.063539 1.17782 0.105173 1.59529 0.0227269 0.0061576
15 2 709 0.0614736 1.19925 0.134767 1.71264 0.0221753 0.00589698
15 3 728 0.0635519 1.20266 0.280901 1.58245 0.0224566 0.00608507
15 4 708 0.060405 1.21395 0.357788 1.75864 0.0215167 0.0056663
15 5 669 0.0610122 1.25082 0.436735 1.62979 0.0197566 0.00523175
15 6 671 0.06146 1.23755 0.544964 1.58798 0.0195575 0.00520018
15 7 685 0.0602638 1.27688 0.614014 1.66336 0.0193625 0.00509242
15 8 653 0.0598716 1.28179 0.718203 1.61951 0.0180103 0.00471978
15 9 669 0.0590186 1.36819 0.87618 1.63588 0.0171896 0.00446946
15 10 603 0.0553569 1.40827 0.976256 1.77924 0.0148985 0.00374361
15 11 634 0.0568811 1.38746 1.00423 1.70722 0.01567 0.00399423
15 12 611 0.0587695 1.50052 1.18527 1.44067 0.0138799 0.0036006
15 13 613 0.0548192 1.48945 1.29289 1.73162 0.0135886 0.00339717
15 14 543 0.0525514 1.57506 1.45198 1.73822 0.011259 0.00275461
15 15 489 0.0503167 1.66646 1.61347 1.77179 0.00948976 0.00227222
15 16 481 0.054035 1.66174 1.64944 1.41414 0.00926105 0.00229812
15 17 398 0.0440609 1.77364 1.97569 2.10411 0.00687667 0.00154782
15 18 373 0.0464989 1.84638 2.16582 1.70681 0.00606123 0.00139791
15 19 320 0.0417559 2.04984 2.49258 1.98998 0.00464287 0.00102094
15 20 245 0.0401771 2.14445 2.75087 1.85681 0.00330986 0.000716166
15 21 190 0.0334838 2.17801 2.91917 2.60028 0.00246594 0.00049757
15 22 121 0.034191 2.26876 3.30127 1.93491 0.00143664 0.000292059
15 23 80 0.028979 2.66242 3.7666 2.426 0.00083089 0.000159762
16 0 767 0.0610208 1.2898 0.0666995 1.78197 0.0230181 0.0060959
16 1 765 0.0625467 1.28708 0.0945864 1.67322 0.0229689 0.00616774
16 2 700 0.0610153 1.28932 0.173039 1.68643 0.0209125 0.00553801
16 3 747 0.0633344 1.34296 0.279153 1.55688 0.0215717 0.00583385
16 4 759 0.0636461 1.35248 0.358192 1.53885 0.0216346 0.0058673
16 5 665 0.0590918 1.34416 0.449455 1.7196 0.018793 0.00488967
16 6 716 0.0578729 1.37212 0.515932 1.86294 0.0197789 0.00508842
16 7 677 0.0595349 1.38251 0.632805 1.65667 0.0182359 0.00476412
16 8 658 0.0567794 1.38572 0.733762 1.81673 0.0173438 0.00441668
16 9 638 0.0577787 1.47196 0.816231 1.65656 0.0159745 0.00410607
16 10 643 0.059288 1.46284 0.908096 1.53344 0.0158301 0.00412622
16 11 594 0.0559044 1.60702 1.08732 1.62413 0.0133394 0.00336917
16 12 615 0.0570632 1.59487 1.17594 1.54995 0.0135825 0.00346803
16 13 558 0.0535711 1.68997 1.36388 1.66518 0.0114407 0.00282647
16 14 490 0.0532819 1.69493 1.42515 1.54407 0.00988549 0.00243554
16 15 476 0.0483529 1.79416 1.66386 1.89081 0.00882708 0.0020734
16 16 470 0.0501654 1.80563 1.77379 1.67194 0.0084656 0.00202402
16 17 382 0.044438 1.87305 1.93437 2.00732 0.00651934 0.00147296
16 18 315 0.0419947 2.13947 2.29052 1.97083 0.00469343 0.00103457
16 19 271 0.0394638 2.40744 2.69995 2.02091 0.00353959 0.000760278
16 20 196 0.0362996 2.47967 3.00201 2.09472 0.00238998 0.000496759
16 21 125 0.0307644 2.52361 3.16071 2.60827 0.00147069 0.000288269
16 22 94 0.0259942 2.75248 3.43994 3.38024 0.00101996 0.000189858
16 23 41 0.0248449 2.65632 3.68176 2.85108 0.000432327 7.94685e-05
17 0 748 0.0646917 1.37358 0.0402086 1.46689 0.0215748 0.00590609
17 1 706 0.0629113 1.50966 0.140383 1.46147 0.0190545 0.00513352
17 2 807 0.0593536 1.50768 0.182822 1.84651 0.0217549 0.00567399
17 3 721 0.0597778 1.48004 0.311934 1.70542 0.0194918 0.00510361
17 4 735 0.0606775 1.49067 0.408119 1.64433 0.0195723 0.00516714
17 5 723 0.0590243 1.49861 0.465241 1.73806 0.019047 0.00495266
17 6 697 0.0598427 1.54542 0.566746 1.60647 0.0177396 0.0046476
17 7 700 0.0630471 1.53649 0.672081 1.37134 0.0175737 0.00474035
17 8 625 0.0578357 1.5354 0.774551 1.6156 0.0154009 0.00396073
17 9 623 0.0604762 1.58966 0.839919 1.38229 0.0148443 0.00391172
17 10 639 0.0550633 1.66299 0.931766 1.77983 0.0145514 0.00364628
17 11 553 0.0558919 1.68126 1.09744 1.52643 0.0120856 0.00305214
17 12 550 0.0533907 1.81502 1.2241 1.65966 0.0112019 0.00276273
17 13 494 0.0511745 1.83694 1.34785 1.71693 0.00973229 0.00234974
17 14 465 0.0514434 1.88682 1.5253 1.5785 0.00868597 0.00210257
17 15 391 0.0476504 2.01121 1.72661 1.69618 0.00676539 0.00157818
17 16 404 0.0445752 2.09349 1.93773 1.99657 0.00655145 0.00148225
17 17 308 0.0437204 2.36892 2.312 1.6896 0.00436624 0.0009794
17 18 270 0.0412415 2.47631 2.55443 1.79592 0.0035814 0.000783409
17 19 210 0.0411731 2.39053 2.53719 1.57226 0.00283853 0.000620478
17 20 155 0.0342239 2.72345 3.16983 2.13684 0.00176818 0.000359584
17 21 98 0.0310552 2.45889 2.90697 2.36191 0.00122033 0.000239943
17 22 65 0.0228626 2.7071 3.33386 3.99911 0.000722606 0.000129962
17 23 31 0.018978 3.01107 3.89959 4.70156 0.000302274 5.20735e-05
18 0 735 0.0609126 1.62275 0.0355735 1.59249 0.0188986 0.005
18 1 689 0.0596568 1.64503 0.109864 1.60739 0.0175155 0.00458105
18 2 677 0.0606462 1.61975 0.213085 1.52463 0.0173255 0.00457265
18 3 678 0.0578799 1.58007 0.292314 1.74343 0.0175603 0.00451793
18 4 748 0.0596037 1.66395 0.418507 1.66399 0.0184633 0.00482658
18 5 698 0.0581172 1.6451 0.498443 1.70483 0.0172053 0.00443638
18 6 658 0.0580134 1.64849 0.584049 1.6408 0.0160105 0.00412433
18 7 641 0.0589594 1.74798 0.678622 1.48968 0.0147861 0.00384241
18 8 616 0.0606711 1.75065 0.787213 1.30626 0.0139515 0.003683
18 9 629 0.0530413 1.80377 0.923351 1.88732 0.013645 0.00335407
18 10 596 0.0540071 1.85359 1.04062 1.71133 0.0124365 0.00308528
18 11 568 0.0521549 1.91182 1.14949 1.78506 0.0113893 0.00277591
18 12 486 0.0539035 2.03274 1.33864 1.4027 0.00905374 0.00224387
18 13 448 0.0490495 2.15293 1.49779 1.70095 0.00782396 0.00185037
18 14 414 0.0474539 2.07023 1.5685 1.79134 0.00729171 0.00169766
18 15 368 0.0478463 2.09619 1.74519 1.59036 0.00620947 0.0014513
18 16 317 0.0455805 2.36524 2.08026 1.55236 0.00470198 0.00107456
18 17 253 0.0403474 2.69864 2.45299 1.8249 0.00327963 0.000710866
18 18 213 0.0386313 2.41877 2.33081 1.96533 0.00297917 0.000634428
18 19 143 0.0354861 2.8863 2.87288 1.86795 0.00167165 0.000344503
18 20 113 0.0331437 3.05107 3.14918 1.96779 0.00123166 0.000247625
18 21 64 0.0327937 3.0403 3.55197 1.40271 0.000656165 0.000131432
18 22 27 0.0269716 3.58468 4.38089 1.63104 0.00023025 4.33185e-05
18 23 13 0.0151944 2.61654 3.31141 6.19013 0.000146926 2.42645e-05
19 0 695 0.0575197 1.83406 0.0430035 1.69707 0.0163054 0.00418104
19 1 660 0.0621929 1.74249 0.134713 1.34026 0.0160675 0.00430076
19 2 690 0.0561025 1.83535 0.231972 1.79526 0.016084 0.00406995
19 3 636 0.0581968 1.80377 0.312811 1.55796 0.0149455 0.00385654
19 4 659 0.0566273 1.88141 0.444674 1.67298 0.0148417 0.00377414
19 5 643 0.0579707 1.85419 0.543004 1.54416 0.0144884 0.00373073
19 6 542 0.0547361 1.84403 0.593572 1.62967 0.0121869 0.00304436
19 7 631 0.0573217 1.8744 0.743001 1.54151 0.0137433 0.00351757
19 8 569 0.0544429 2.10954 0.910428 1.56359 0.011131 0.00277287
19 9 580 0.0528084 2.0663 0.976325 1.72775 0.0113974 0.00279534
19 10 472 0.0563586 2.07101 1.05971 1.20927 0.00913719 0.00231768
19 11 518 0.0531071 2.18995 1.24346 1.50583 0.00937109 0.00230495
19 12 454 0.0483769 2.14022 1.32441 1.81683 0.00821746 0.00193066
19 13 404 0.0499869 2.3591 1.54979 1.44202 0.00661337 0.00157843
19 14 385 0.0442693 2.39179 1.73263 1.95238 0.00605255 0.00136518
19 15 306 0.0427341 2.73725 2.09416 1.76379 0.0041799 0.000928309
19 16 257 0.0430722 2.63798 2.18499 1.55408 0.00353049 0.000786768
19 17 173 0.037228 2.80645 2.44248 1.86898 0.00220126 0.00046199
19 18 158 0.0386518 2.98202 2.74225 1.48923 0.00185608 0.000395346
19 19 118 0.0284735 3.45863 3.30354 2.89745 0.00118379 0.000226376
19 20 54 0.0290477 3.26491 3.2586 2.01719 0.000560821 0.000107913
19 21 26 0.0209707 3.96249 4.119 3.51043 0.000219653 3.86872e-05
19 22 12 0.0259942 3.28919 3.62701 1.22094 0.000117708 2.19105e-05
19 23 0 0 0 0 0 0 0
20 0 658 0.058652 2.05068 0.00548458 1.46789 0.0141375 0.00366344
20 1 644 0.059644 1.98269 0.0956983 1.3987 0.0142031 0.00371427
20 2 645 0.0568605 1.98883 0.219288 1.60574 0.0141348 0.00360224
20 3 600 0.0575475 2.02007 0.327357 1.46166 0.012913 0.00331202
20 4 594 0.0560025 2.04232 0.459568 1.55528 0.0125508 0.00317293
20 5 605 0.0569503 2.0189 0.534663 1.50007 0.0128076 0.00326674
20 6 580 0.0559558 2.10867 0.657312 1.4911 0.0117264 0.0029632
20 7 549 0.0529188 2.16721 0.791125 1.65517 0.0107027 0.00262773
20 8 544 0.0541116 2.23758 0.87515 1.50879 0.0102468 0.00254459
20 9 484 0.0486045 2.32119 1.05916 1.84625 0.00865771 0.00203864
20 10 449 0.0504355 2.29736 1.15854 1.58645 0.00797326 0.00191132
20 11 394 0.0522159 2.33584 1.30244 1.25857 0.00676427 0.00164962
20 12 397 0.0505364 2.39846 1.43642 1.38099 0.00655431 0.00157271
20 13 327 0.0468881 2.57861 1.66789 1.46568 0.0049631 0.00114907
20 14 301 0.0426119 2.65463 1.80645 1.82713 0.00438731 0.000973166
20 15 234 0.0362896 2.74954 2.01953 2.39643 0.00322655 0.00067057
20 16 183 0.0388225 2.73292 2.14316 1.75561 0.00248208 0.000529616
20 17 139 0.031492 3.09946 2.58617 2.5685 0.00163842 0.000323658
20 18 97 0.0321324 3.13956 2.79161 2.04557 0.00110104 0.000218995
20 19 52 0.0290688 3.36043 3.08448 1.98535 0.000545858 0.000105058
20 20 20 0.0212593 3.70447 3.67699 3.22169 0.000184477 3.25957e-05
20 21 14 0.0203384 3.61544 3.83945 3.22942 0.000127851 2.23609e-05
20 22 0 0 0 0 0 0 0
20 23 0 0 0 0 0 0 0
21 0 528 0.0542839 2.15292 0.0379423 1.55617 0.0109018 0.00271167
21 1 630 0.054915 2.23019 0.167574 1.64858 0.0126057 0.00315431
21 2 566 0.0530752 2.24088 0.232827 1.6919 0.011256 0.00276774
21 3 568 0.0521949 2.31622 0.386456 1.73839 0.010909 0.00265987
21 4 563 0.0529326 2.21956 0.473308 1.69294 0.0111282 0.00273257
21 5 543 0.0536408 2.27291 0.573715 1.56805 0.0104441 0.00258199
21 6 504 0.0497125 2.3385 0.65161 1.82102 0.00941001 0.00223992
21 7 498 0.0492597 2.46498 0.825797 1.79386 0.0087644 0.00207704
21 8 462 0.0496766 2.43518 0.930242 1.67596 0.00811131 0.00193011
21 9 413 0.0481734 2.65832 1.15667 1.61838 0.00660161 0.00154793
21 10 421 0.0480894 2.56104 1.21127 1.66661 0.00686914 0.00160932
21 11 363 0.047959 2.6418 1.36157 1.48881 0.00567459 0.00132776
21 12 328 0.0434061 2.77297 1.58955 1.82159 0.00480092 0.0010735
21 13 288 0.0403391 3.03046 1.8443 1.9812 0.00383027 0.000830149
21 14 236 0.0401776 2.97144 1.8471 1.81647 0.0031792 0.000687898
21 15 147 0.0373172 3.2262 2.22663 1.64376 0.0017812 0.000374177
21 16 133 0.0317683 3.10173 2.31948 2.50862 0.00162987 0.00032292
21 17 91 0.0320031 3.52787 2.77548 1.94384 0.000969984 0.000192662
21 18 67 0.0274569 3.70142 3.1539 2.56282 0.000661542 0.000125119
21 19 28 0.0240709 3.4699 3.11639 2.68085 0.000287751 5.24457e-05
21 20 0 0 0 0 0 0 0
21 21 0 0 0 0 0 0 0
21 22 0 0 0 0 0 0 0
21 23 0 0 0 0 0 0 0
22 0 485 0.0521512 2.46744 0.0403308 1.54199 0.00892879 0.00217613
22 1 521 0.0495956 2.52363 0.157273 1.83045 0.00939257 0.00223322
22 2 483 0.0507676 2.41414 0.263367 1.67813 0.00901517 0.00216805
22 3 482 0.0522347 2.46688 0.377396 1.51867 0.00878842 0.00214364
22 4 436 0.0502597 2.6044 0.503653 1.54708 0.00753912 0.00180416
22 5 419 0.0517969 2.50557 0.624029 1.38848 0.0074176 0.00180167
22 6 460 0.0481301 2.53624 0.704691 1.81587 0.00800784 0.00187685
22 7 415 0.0460993 2.81822 0.899267 1.82186 0.00651466 0.00149653
22 8 367 0.0445164 2.858 1.10349 1.84318 0.00558232 0.00126224
22 9 327 0.0483275 2.87261 1.20071 1.30514 0.0049018 0.0011511
22 10 301 0.043997 2.86023 1.2688 1.68562 0.00449169 0.00101035
22 11 273 0.0441802 2.81301 1.35829 1.56828 0.00408007 0.000919453
22 12 243 0.0381009 3.1664 1.7094 2.11007 0.00318947 0.00067549
22 13 203 0.0364158 3.4126 1.91951 2.10631 0.00246245 0.000512445
22 14 155 0.0330355 3.34095 2.18462 2.3925 0.00184635 0.000370783
22 15 132 0.0298566 3.51595 2.3929 2.80805 0.00148103 0.000287478
22 16 80 0.031958 3.77878 2.7442 1.78596 0.000821105 0.000163013
22 17 56 0.0224445 3.82872 2.85463 3.895 0.000562596 0.000100718
22 18 27 0.0238719 3.59888 2.87717 2.71914 0.000280714 5.10512e-05
22 19 13 0.0125871 3.6991 3.06087 8.2841 0.000129938 2.08417e-05
22 20 0 0 0 0 0 0 0
22 21 0 0 0 0 0 0 0
22 22 0 0 0 0 0 0 0
22 23 0 0 0 0 0 0 0
23 0 466 0.0492927 2.85707 0.0230206 1.64099 0.00754618 0.00178892
23 1 443 0.0469467 2.69164 0.172028 1.87892 0.00754922 0.00174883
23 2 425 0.0476292 2.8312 0.253033 1.72007 0.00691389 0.00161248
23 3 418 0.0465845 2.64599 0.41239 1.86541 0.00716803 0.00165457
23 4 375 0.0482567 2.80755 0.568906 1.52413 0.00605852 0.00142175
23 5 375 0.0401085 3.08415 0.702802 2.38129 0.005541 0.00119808
23 6 339 0.0488131 2.77276 0.708261 1.3685 0.00548171 0.00129343
23 7 305 0.0465991 3.13107 0.985783 1.366 0.00435695 0.00100585
23 8 270 0.0416496 3.0978 1.06129 1.82021 0.00386563 0.000849108
23 9 263 0.0411305 3.30611 1.31082 1.78427 0.00348964 0.000762473
23 10 274 0.0393102 3.31155 1.40524 2.05832 0.00359727 0.000771444
23 11 214 0.0361522 3.25585 1.57238 2.27507 0.00279635 0.000580327
23 12 177 0.0347987 3.56851 1.78483 2.21482 0.00210933 0.00043157
23 13 138 0.0331666 3.74861 2.02091 2.19117 0.0015464 0.000310979
23 14 94 0.0280117 3.79369 2.17525 2.86598 0.00102717 0.000195445
23 15 66 0.0250178 3.7401 2.40295 3.296 0.000710025 0.000130762
23 16 47 0.0253784 4.00833 2.775 2.76351 0.000462943 8.55951e-05
23 17 23 0.0181161 3.97431 2.83155 4.84207 0.000226339 3.86194e-05
23 18 0 0 0 0 0 0 0
23 19 0 0 0 0 0 0 0
23 20 0 0 0 0 0 0 0
23 21 0 0 0 0 0 0 0
23 22 0 0 0 0 0 0 0
23 23 0 0 0 0 0 0 0
