#  ix    iy     NB       E/N    TB    UxB       UyB       muB       rhoB     epsilonB
0 0 0 0 0 0 0 0 0
0 1 10 0.005 -0.0479233 0.0745408 199.142 0.000332032 0.000330608
0 2 0 0 0 0 0 0 0
0 3 16 0.005 -0.0221134 0.121024 195.29 0.000529342 0.000516876
0 4 0 0 0 0 0 0 0
0 5 10 0.005 -0.00735909 0.176987 194.037 0.000328224 0.000318437
0 6 10 0.005 0.066522 0.175375 196.564 0.00032762 0.000321992
0 7 11 0.005 0.017839 0.245605 198.732 0.000356031 0.000353773
0 8 0 0 0 0 0 0 0
0 9 11 0.005 0.0165986 0.302496 194.629 0.000350917 0.000341492
0 10 0 0 0 0 0 0 0
0 11 0 0 0 0 0 0 0
0 12 0 0 0 0 0 0 0
0 13 10 0.005 -0.0284512 0.504421 195.607 0.000297518 0.000290984
0 14 15 0.005 0.0570675 0.49955 193.147 0.000446712 0.000431406
0 15 13 0.005 0.129267 0.550767 194.467 0.000377161 0.000366726
0 16 13 0.005 0.0195813 0.6191 194.318 0.000368389 0.000357922
0 17 17 0.005 0.0011796 0.672489 192.771 0.000470228 0.000453231
0 18 15 0.005 -0.0469376 0.689407 196.052 0.000411347 0.000403226
0 19 17 0.005 0.010454 0.814803 197.772 0.000439288 0.000434393
0 20 12 0.005 0.0233712 0.852788 195.551 0.000304308 0.000297539
0 21 15 0.005 -0.0174674 0.839169 195.107 0.000382975 0.000373606
0 22 0 0 0 0 0 0 0
0 23 16 0.005 0.0743273 0.903245 194.572 0.000395184 0.000384459
1 0 0 0 0 0 0 0 0
1 1 13 0.005 -0.0116629 -0.0280338 193.734 0.000433134 0.000419564
1 2 14 0.005 0.12255 0.0400853 194.126 0.000462835 0.000449242
1 3 0 0 0 0 0 0 0
1 4 0 0 0 0 0 0 0
1 5 13 0.005 0.06947 0.27006 195.467 0.000417409 0.000407947
1 6 13 0.005 0.0764688 0.201606 199.325 0.000423598 0.000422168
1 7 13 0.005 0.0268144 0.244904 194.307 0.000420752 0.000408775
1 8 15 0.005 0.0489558 0.296753 193.94 0.000478812 0.000464304
1 9 0 0 0 0 0 0 0
1 10 16 0.005 0.0890946 0.329316 197.608 0.000504767 0.000498731
1 11 0 0 0 0 0 0 0
1 12 15 0.005 0.0765162 0.432424 194.299 0.000457802 0.000444752
1 13 0 0 0 0 0 0 0
1 14 0 0 0 0 0 0 0
1 15 13 0.005 0.076293 0.579883 193.784 0.000374052 0.000362427
1 16 16 0.005 0.13491 0.638446 193.949 0.00044665 0.000433138
1 17 12 0.005 0.0528899 0.675718 195.425 0.000331111 0.000323537
1 18 18 0.005 0.110323 0.714813 194.512 0.000486164 0.000472824
1 19 0 0 0 0 0 0 0
1 20 19 0.005 0.0771783 0.774073 194.422 0.000499891 0.00048595
1 21 12 0.005 -0.00200615 0.849259 194.763 0.000304887 0.000296903
1 22 14 0.005 0.0115858 0.856737 193.805 0.000354377 0.0003434
1 23 20 0.005 0.0980174 0.992527 197.989 0.000472028 0.000467282
2 0 10 0.005 0.0581663 0.00280322 197.085 0.00033277 0.000327919
2 1 14 0.005 0.0579291 0.0893494 196.099 0.000464043 0.000454991
2 2 0 0 0 0 0 0 0
2 3 11 0.005 0.104691 0.123913 194.158 0.000361935 0.000351364
2 4 11 0.005 0.0485609 0.133304 195.208 0.000363031 0.000354333
2 5 10 0.005 0.0826476 0.180249 199.509 0.000326967 0.000326165
2 6 11 0.005 0.066048 0.150273 196.514 0.000361824 0.000355518
2 7 16 0.005 0.0376472 0.283606 193.492 0.000512761 0.000496075
2 8 12 0.005 0.079478 0.349092 196.717 0.000376591 0.000370409
2 9 0 0 0 0 0 0 0
2 10 0 0 0 0 0 0 0
2 11 11 0.005 0.0822171 0.436623 196.997 0.000335083 0.000330052
2 12 0 0 0 0 0 0 0
2 13 10 0.005 0.03418 0.446611 194.581 0.00030421 0.000295968
2 14 0 0 0 0 0 0 0
2 15 0 0 0 0 0 0 0
2 16 12 0.005 0.118695 0.616166 191.597 0.000338819 0.000324584
2 17 14 0.005 0.140599 0.532788 196.502 0.000408723 0.000401575
2 18 18 0.005 0.0765394 0.700473 194.011 0.000490467 0.00047578
2 19 13 0.005 0.104995 0.780462 195.226 0.000340444 0.000332318
2 20 0 0 0 0 0 0 0
2 21 12 0.005 0.0888739 0.901094 192.874 0.00029651 0.000285946
2 22 14 0.005 0.143954 0.933547 191.921 0.00033925 0.000325546
2 23 15 0.005 0.215592 1.07505 195.568 0.000336931 0.000329465
3 0 11 0.005 0.154667 -0.0567838 191.772 0.000361789 0.000346905
3 1 13 0.005 0.120461 -0.00509408 198.005 0.000430218 0.000425925
3 2 0 0 0 0 0 0 0
3 3 10 0.005 0.171734 0.119694 193.887 0.000326262 0.000316289
3 4 13 0.005 0.0739423 0.11559 195.057 0.000429311 0.0004187
3 5 10 0.005 0.10788 0.199008 199.179 0.000325108 0.000323773
3 6 13 0.005 0.100683 0.230943 195.353 0.000420203 0.00041044
3 7 13 0.005 0.193813 0.27618 194.633 0.000410592 0.000399574
3 8 11 0.005 0.0963687 0.379908 197.997 0.000341382 0.000337964
3 9 13 0.005 0.120756 0.292816 194.718 0.000413106 0.000402197
3 10 12 0.005 0.0621596 0.410921 192.121 0.000369371 0.000354819
3 11 15 0.005 0.110955 0.400084 193.459 0.000461781 0.000446678
3 12 15 0.005 0.138761 0.393986 197.979 0.000461368 0.000456706
3 13 0 0 0 0 0 0 0
3 14 0 0 0 0 0 0 0
3 15 0 0 0 0 0 0 0
3 16 14 0.005 0.148527 0.683826 196.419 0.00038235 0.000375504
3 17 10 0.005 0.148166 0.648655 198.339 0.000277517 0.000275213
3 18 11 0.005 0.0897211 0.716755 197.264 0.000297231 0.000293165
3 19 0 0 0 0 0 0 0
3 20 18 0.005 0.0870406 0.912284 194.974 0.000442345 0.000431229
3 21 18 0.005 0.17137 0.880582 197.063 0.00044662 0.00044006
3 22 17 0.005 0.172148 0.863845 193.555 0.000425229 0.000411526
3 23 18 0.005 0.201894 0.954932 195.489 0.000429377 0.000419693
4 0 0 0 0 0 0 0 0
4 1 14 0.005 0.204566 0.0342515 196.759 0.000456941 0.000449537
4 2 11 0.005 0.19661 0.0105098 194.974 0.00035976 0.000350719
4 3 10 0.005 0.069399 0.0147773 195.886 0.000332497 0.000325658
4 4 0 0 0 0 0 0 0
4 5 10 0.005 0.25022 0.199156 193.594 0.000317493 0.000307323
4 6 17 0.005 0.123795 0.259017 193.42 0.000544667 0.000526748
4 7 14 0.005 0.139045 0.30694 193.448 0.000442235 0.000427746
4 8 0 0 0 0 0 0 0
4 9 13 0.005 0.20821 0.264695 195.876 0.000410671 0.000402202
4 10 0 0 0 0 0 0 0
4 11 0 0 0 0 0 0 0
4 12 0 0 0 0 0 0 0
4 13 13 0.005 0.115167 0.490978 195.591 0.000386917 0.000378386
4 14 12 0.005 0.252532 0.544119 192.814 0.000343018 0.000330694
4 15 15 0.005 0.125326 0.495549 195.161 0.00044521 0.000434438
4 16 12 0.005 0.159059 0.573575 193.973 0.00034372 0.000333362
4 17 17 0.005 0.165329 0.606269 197.616 0.000479796 0.000474078
4 18 15 0.005 0.134678 0.644873 196.519 0.000417538 0.000410271
4 19 0 0 0 0 0 0 0
4 20 15 0.005 0.06151 0.806152 196.899 0.000388818 0.000382789
4 21 20 0.005 0.209139 0.958126 196.615 0.000475979 0.000467922
4 22 10 0.005 0.078226 0.773266 191.842 0.000263189 0.000252455
4 23 20 0.005 0.20844 0.977924 196.559 0.00047143 0.00046332
5 0 13 0.005 0.195834 0.111252 193.392 0.000422744 0.000408776
5 1 0 0 0 0 0 0 0
5 2 0 0 0 0 0 0 0
5 3 13 0.005 0.152174 0.0589 194.81 0.000427677 0.000416579
5 4 0 0 0 0 0 0 0
5 5 12 0.005 0.18762 0.227762 195.535 0.000383645 0.000375081
5 6 0 0 0 0 0 0 0
5 7 10 0.005 0.0895654 0.368826 196.803 0.000311642 0.000306659
5 8 0 0 0 0 0 0 0
5 9 0 0 0 0 0 0 0
5 10 12 0.005 0.289166 0.407192 195.278 0.000357854 0.000349404
5 11 15 0.005 0.128829 0.44935 197.514 0.000452955 0.000447325
5 12 0 0 0 0 0 0 0
5 13 0 0 0 0 0 0 0
5 14 11 0.005 0.232306 0.570671 194.96 0.000312169 0.000304302
5 15 10 0.005 0.217371 0.519062 196.492 0.000290495 0.0002854
5 16 0 0 0 0 0 0 0
5 17 14 0.005 0.180751 0.69081 193.334 0.000379782 0.000367124
5 18 10 0.005 0.230379 0.781547 197.887 0.000258414 0.000255684
5 19 12 0.005 0.242829 0.797887 192.881 0.000307185 0.000296251
5 20 0 0 0 0 0 0 0
5 21 15 0.005 0.201372 0.85994 195.161 0.000374761 0.000365694
5 22 15 0.005 0.233722 0.833875 196.981 0.000377967 0.000372261
5 23 13 0.005 0.273501 0.959796 195.222 0.000306719 0.000299392
6 0 15 0.005 0.259492 0.0509372 198.571 0.000483384 0.000479931
6 1 12 0.005 0.215608 0.0367995 194.037 0.000390762 0.000379112
6 2 0 0 0 0 0 0 0
6 3 12 0.005 0.232851 0.130534 194.937 0.000386467 0.000376684
6 4 11 0.005 0.249661 0.141968 194.55 0.00035242 0.000342817
6 5 0 0 0 0 0 0 0
6 6 12 0.005 0.178195 0.220894 195.27 0.000384803 0.000375702
6 7 14 0.005 0.283262 0.217985 195.803 0.00043944 0.000430218
6 8 0 0 0 0 0 0 0
6 9 0 0 0 0 0 0 0
6 10 12 0.005 0.291354 0.392087 193.213 0.000359411 0.000347214
6 11 17 0.005 0.200259 0.426711 195.301 0.000512577 0.000500535
6 12 12 0.005 0.260765 0.423548 199.727 0.000358145 0.000357657
6 13 0 0 0 0 0 0 0
6 14 11 0.005 0.27634 0.589087 196.102 0.000307334 0.000301344
6 15 14 0.005 0.224668 0.668839 196.851 0.000381309 0.000375305
6 16 15 0.005 0.258275 0.587538 200.025 0.000420792 0.000420844
6 17 10 0.005 0.172636 0.567153 193.596 0.000286732 0.000277551
6 18 14 0.005 0.252532 0.743969 194.62 0.000366958 0.000357087
6 19 16 0.005 0.244161 0.760029 194.508 0.000416812 0.000405366
6 20 0 0 0 0 0 0 0
6 21 13 0.005 0.327228 0.933807 196.67 0.000308029 0.0003029
6 22 11 0.005 0.231361 0.932902 196.64 0.000264355 0.000259914
6 23 21 0.005 0.230118 0.973843 197.412 0.000494811 0.000488408
7 0 11 0.005 0.322011 0.0684855 195.579 0.000348279 0.00034058
7 1 12 0.005 0.259765 0.134018 193.803 0.000383935 0.000372038
7 2 12 0.005 0.288435 0.079151 194.789 0.000383226 0.000373241
7 3 11 0.005 0.323367 0.137484 194.205 0.000345932 0.000335909
7 4 0 0 0 0 0 0 0
7 5 15 0.005 0.220515 0.167473 192.668 0.000481868 0.000464203
7 6 12 0.005 0.287193 0.292443 197.188 0.000370116 0.000364913
7 7 0 0 0 0 0 0 0
7 8 11 0.005 0.175701 0.30503 193.752 0.000345864 0.000335059
7 9 13 0.005 0.350203 0.332592 193.886 0.000390207 0.000378279
7 10 0 0 0 0 0 0 0
7 11 11 0.005 0.1706 0.460714 194.795 0.000329096 0.000320531
7 12 0 0 0 0 0 0 0
7 13 0 0 0 0 0 0 0
7 14 12 0.005 0.285547 0.6002 196.951 0.000333128 0.000328049
7 15 10 0.005 0.297285 0.524116 194.631 0.000285508 0.000277844
7 16 11 0.005 0.235346 0.62223 196.386 0.000305285 0.000299768
7 17 15 0.005 0.23933 0.631926 192.744 0.000414284 0.000399255
7 18 15 0.005 0.322116 0.735238 195.405 0.00038992 0.000380962
7 19 15 0.005 0.319561 0.745782 195.17 0.000388273 0.000378896
7 20 18 0.005 0.297414 0.772697 193.17 0.000462152 0.00044637
7 21 12 0.005 0.307174 0.958437 195.376 0.000281931 0.000275413
7 22 12 0.005 0.216901 0.915209 192.583 0.00029137 0.000280564
7 23 21 0.005 0.349079 0.942897 194.449 0.00049363 0.00047993
8 0 0 0 0 0 0 0 0
8 1 0 0 0 0 0 0 0
8 2 0 0 0 0 0 0 0
8 3 12 0.005 0.240125 0.210432 192.734 0.000381049 0.000367206
8 4 11 0.005 0.198954 0.204162 197.921 0.000352619 0.000348954
8 5 0 0 0 0 0 0 0
8 6 12 0.005 0.269477 0.27324 196.355 0.000373444 0.000366638
8 7 10 0.005 0.34223 0.295605 194.224 0.000303721 0.00029495
8 8 0 0 0 0 0 0 0
8 9 0 0 0 0 0 0 0
8 10 18 0.005 0.312348 0.383054 195.902 0.000537886 0.000526866
8 11 10 0.005 0.342884 0.43863 197.365 0.000291238 0.000287402
8 12 13 0.005 0.346368 0.507206 194.922 0.000369249 0.000359874
8 13 16 0.005 0.252675 0.431968 194.307 0.000476944 0.000463367
8 14 17 0.005 0.296217 0.559389 195.521 0.000478808 0.000468086
8 15 20 0.005 0.314046 0.639164 194.713 0.000543037 0.000528682
8 16 16 0.005 0.327801 0.592345 195.727 0.000441643 0.000432207
8 17 13 0.005 0.312189 0.653629 191.058 0.000350939 0.000335248
8 18 15 0.005 0.360111 0.763011 198.179 0.000382151 0.000378672
8 19 15 0.005 0.369978 0.76882 197.168 0.000380366 0.000374981
8 20 25 0.005 0.3243 0.841173 195.479 0.000618943 0.000604952
8 21 17 0.005 0.346646 0.827745 196.93 0.000421745 0.000415271
8 22 16 0.005 0.334141 0.892916 194.505 0.000386013 0.000375408
8 23 15 0.005 0.367053 1.01551 197.68 0.000339737 0.000335796
9 0 15 0.005 0.324879 0.0407349 196.026 0.000475178 0.000465735
9 1 0 0 0 0 0 0 0
9 2 15 0.005 0.262724 0.115668 196.607 0.000480591 0.000472437
9 3 13 0.005 0.212022 0.221371 193.477 0.000414306 0.000400793
9 4 11 0.005 0.318545 0.127955 195.966 0.000346801 0.000339806
9 5 10 0.005 0.256764 0.216783 194.551 0.00031597 0.000307362
9 6 14 0.005 0.307772 0.22275 197.179 0.000436244 0.00043009
9 7 10 0.005 0.31835 0.21032 195.106 0.000311434 0.000303814
9 8 18 0.005 0.31974 0.304782 193.6 0.000548838 0.000531275
9 9 16 0.005 0.39288 0.407073 196.132 0.000464196 0.000455218
9 10 11 0.005 0.316086 0.399653 195.396 0.0003267 0.00031918
9 11 0 0 0 0 0 0 0
9 12 13 0.005 0.297542 0.418119 195.096 0.000385531 0.000376077
9 13 0 0 0 0 0 0 0
9 14 12 0.005 0.358705 0.490143 195.375 0.000341879 0.000333974
9 15 18 0.005 0.362749 0.545056 192.898 0.000501978 0.000484153
9 16 13 0.005 0.340809 0.600558 193.121 0.000356581 0.000344316
9 17 21 0.005 0.396722 0.659778 196.091 0.000554666 0.000543825
9 18 13 0.005 0.366019 0.736408 192.815 0.000334696 0.000322672
9 19 14 0.005 0.40115 0.738831 200.689 0.000357204 0.000358435
9 20 12 0.005 0.38827 0.848993 193.385 0.000292388 0.000282717
9 21 13 0.005 0.29091 0.79719 193.994 0.0003304 0.000320478
9 22 17 0.005 0.436378 0.995525 196.993 0.000383664 0.000377896
9 23 12 0.005 0.392032 1.06122 196.954 0.000264914 0.00026088
10 0 16 0.005 0.410832 0.0469785 198.605 0.000492858 0.000489421
10 1 0 0 0 0 0 0 0
10 2 10 0.005 0.361928 0.0997841 192.722 0.000312065 0.000300709
10 3 16 0.005 0.379 0.14791 196.965 0.000494014 0.000486516
10 4 10 0.005 0.333447 0.227304 193.014 0.000309112 0.000298315
10 5 14 0.005 0.367247 0.241039 194.61 0.00042726 0.000415745
10 6 0 0 0 0 0 0 0
10 7 17 0.005 0.355415 0.233209 192.753 0.000521503 0.000502607
10 8 0 0 0 0 0 0 0
10 9 13 0.005 0.428675 0.299511 194.773 0.000383997 0.000373961
10 10 13 0.005 0.357462 0.465708 195.625 0.000373693 0.00036552
10 11 13 0.005 0.361262 0.370177 192.697 0.000384894 0.00037084
10 12 15 0.005 0.412412 0.452485 196.731 0.000426428 0.000419458
10 13 15 0.005 0.359686 0.408372 195.132 0.000439181 0.000428492
10 14 12 0.005 0.388576 0.603417 194.306 0.000324967 0.000315714
10 15 14 0.005 0.284534 0.555503 195.401 0.000395887 0.000386784
10 16 19 0.005 0.421564 0.617287 198.02 0.000507274 0.000502253
10 17 21 0.005 0.386172 0.726924 197.777 0.000540456 0.000534449
10 18 23 0.005 0.42607 0.65266 196.66 0.000604687 0.00059459
10 19 13 0.005 0.421871 0.87748 195.262 0.00031048 0.000303125
10 20 17 0.005 0.392804 0.749909 197.112 0.0004325 0.000426253
10 21 17 0.005 0.398881 0.796458 195.134 0.000423139 0.000412845
10 22 14 0.005 0.526003 0.996278 194.498 0.000309789 0.000301267
10 23 18 0.005 0.408379 0.911171 195.136 0.000424582 0.000414257
11 0 0 0 0 0 0 0 0
11 1 12 0.005 0.358334 -0.043413 193.084 0.00037624 0.000363231
11 2 18 0.005 0.419784 0.0711757 198.095 0.000552044 0.000546786
11 3 18 0.005 0.460025 0.138726 193.626 0.000540811 0.000523576
11 4 10 0.005 0.433067 0.187214 192.995 0.000301465 0.000290906
11 5 16 0.005 0.468673 0.197712 195.143 0.000475368 0.000463825
11 6 15 0.005 0.375307 0.181003 195.153 0.000461537 0.000450352
11 7 15 0.005 0.508299 0.257649 193.675 0.000434413 0.000420675
11 8 10 0.005 0.468621 0.41048 197.469 0.000282923 0.000279343
11 9 14 0.005 0.388444 0.303041 196 0.00041862 0.000410246
11 10 17 0.005 0.425266 0.354339 194.361 0.000495779 0.0004818
11 11 13 0.005 0.452079 0.437406 195.944 0.000366797 0.000359358
11 12 20 0.005 0.380194 0.453261 194.78 0.000573777 0.0005588
11 13 0 0 0 0 0 0 0
11 14 17 0.005 0.369458 0.565499 194.13 0.000469574 0.000455792
11 15 11 0.005 0.408759 0.649503 196.167 0.000290883 0.000285308
11 16 0 0 0 0 0 0 0
11 17 0 0 0 0 0 0 0
11 18 21 0.005 0.425832 0.74212 194.047 0.000531881 0.00051605
11 19 17 0.005 0.510894 0.815045 195.477 0.000408392 0.000399157
11 20 17 0.005 0.470222 0.778222 194.794 0.000419266 0.000408352
11 21 10 0.005 0.44411 0.924927 195.137 0.000232656 0.000226998
11 22 15 0.005 0.467592 0.877552 194.16 0.000354553 0.000344199
11 23 18 0.005 0.428401 0.939759 193.395 0.000417364 0.000403582
12 0 18 0.005 0.5398 0.0251869 196.046 0.000527858 0.000517423
12 1 0 0 0 0 0 0 0
12 2 0 0 0 0 0 0 0
12 3 12 0.005 0.377965 0.129713 197.05 0.000371441 0.000365962
12 4 11 0.005 0.441102 0.152822 194.081 0.000332247 0.000322415
12 5 11 0.005 0.385811 0.199388 197.569 0.00033632 0.000332233
12 6 17 0.005 0.455747 0.248748 197.95 0.000502918 0.000497763
12 7 0 0 0 0 0 0 0
12 8 17 0.005 0.437974 0.310366 193.541 0.000499281 0.000483156
12 9 15 0.005 0.479509 0.325276 195.379 0.000432623 0.000422627
12 10 10 0.005 0.412032 0.396686 194.316 0.000289349 0.000281125
12 11 20 0.005 0.488434 0.399804 193.741 0.000563756 0.000546114
12 12 22 0.005 0.389043 0.437048 194.909 0.000632945 0.000616834
12 13 0 0 0 0 0 0 0
12 14 10 0.005 0.540389 0.527156 194.066 0.000266036 0.000258142
12 15 15 0.005 0.459051 0.607937 193.493 0.000397739 0.000384798
12 16 24 0.005 0.528283 0.674148 197.021 0.000607604 0.000598553
12 17 13 0.005 0.488285 0.719836 194.936 0.000326955 0.000318676
12 18 20 0.005 0.501245 0.668511 194.719 0.000511588 0.000498079
12 19 19 0.005 0.501748 0.808143 198.381 0.000458883 0.000455169
12 20 18 0.005 0.506589 0.831814 198.152 0.000429829 0.000425857
12 21 0 0 0 0 0 0 0
12 22 14 0.005 0.554824 0.920686 195.661 0.000317858 0.000310962
12 23 18 0.005 0.485419 1.05325 193.461 0.000391817 0.000379007
13 0 0 0 0 0 0 0 0
13 1 14 0.005 0.428447 0.0574866 195.287 0.000428356 0.000418262
13 2 14 0.005 0.46684 0.140343 193.302 0.000419479 0.00040543
13 3 15 0.005 0.505995 0.127438 198.968 0.000443282 0.000440994
13 4 22 0.005 0.495482 0.155382 195.778 0.000650819 0.00063708
13 5 12 0.005 0.442989 0.157696 193.8 0.000361979 0.000350756
13 6 15 0.005 0.450991 0.270608 197.582 0.000442526 0.000437177
13 7 12 0.005 0.527359 0.330629 196.553 0.000339591 0.000333738
13 8 15 0.005 0.52123 0.331487 194.858 0.000425387 0.000414451
13 9 0 0 0 0 0 0 0
13 10 11 0.005 0.522551 0.339401 198.658 0.000311198 0.00030911
13 11 17 0.005 0.509692 0.376416 193.539 0.000478669 0.000463205
13 12 0 0 0 0 0 0 0
13 13 21 0.005 0.517338 0.519445 195.348 0.000564541 0.00055141
13 14 20 0.005 0.539355 0.601064 196.397 0.000518656 0.000509312
13 15 16 0.005 0.556655 0.702568 193.075 0.000397141 0.000383391
13 16 17 0.005 0.558631 0.665907 196.654 0.000427688 0.000420533
13 17 14 0.005 0.42075 0.683827 194.662 0.00036389 0.000354178
13 18 16 0.005 0.552434 0.759802 195.892 0.000388717 0.000380732
13 19 16 0.005 0.505738 0.802355 197.531 0.000386967 0.000382191
13 20 12 0.005 0.642266 0.958377 194.453 0.000261993 0.000254727
13 21 17 0.005 0.52618 0.8818 195.167 0.00039535 0.000385796
13 22 12 0.005 0.551061 0.835218 192.983 0.000282754 0.000272834
13 23 11 0.005 0.725513 1.19981 193.497 0.000212908 0.000205986
14 0 11 0.005 0.520916 0.000986748 195.28 0.000325191 0.000317516
14 1 13 0.005 0.529578 0.0407293 193.991 0.000382701 0.000371202
14 2 12 0.005 0.433903 0.120374 197.682 0.000364729 0.000360502
14 3 19 0.005 0.487793 0.115985 194.482 0.000566155 0.000550533
14 4 17 0.005 0.529075 0.194562 196.21 0.000493636 0.000484282
14 5 13 0.005 0.523783 0.172817 197.508 0.000379444 0.000374716
14 6 0 0 0 0 0 0 0
14 7 16 0.005 0.531755 0.316681 195.033 0.000453503 0.00044224
14 8 12 0.005 0.507273 0.224102 196.325 0.000349809 0.000343382
14 9 11 0.005 0.527326 0.362508 193.682 0.000308845 0.000299089
14 10 12 0.005 0.45531 0.319438 192.597 0.000349569 0.000336629
14 11 15 0.005 0.617774 0.48363 195.581 0.000393379 0.000384687
14 12 14 0.005 0.519486 0.500949 198.15 0.000378415 0.000374915
14 13 12 0.005 0.517929 0.486739 194.617 0.000326038 0.000317262
14 14 15 0.005 0.525791 0.618601 194.602 0.000388178 0.0003777
14 15 14 0.005 0.592314 0.659095 195.321 0.000349268 0.000341097
14 16 19 0.005 0.522962 0.643201 194.451 0.000487584 0.000474055
14 17 11 0.005 0.609593 0.708921 194.777 0.000267835 0.00026084
14 18 20 0.005 0.655501 0.781449 195.857 0.000466721 0.000457053
14 19 10 0.005 0.55353 0.824439 194.856 0.000236526 0.000230442
14 20 20 0.005 0.682552 0.829915 193.93 0.000454173 0.000440389
14 21 25 0.005 0.626486 0.954257 197.036 0.000549115 0.000540976
14 22 16 0.005 0.592476 1.00167 194.944 0.000347585 0.000338798
14 23 12 0.005 0.62311 0.995105 195.059 0.000259363 0.000252955
15 0 17 0.005 0.497439 0.0472182 196.408 0.000506908 0.000497804
15 1 16 0.005 0.526877 0.0781636 196.041 0.000470723 0.000461404
15 2 10 0.005 0.604736 0.164375 194.956 0.000282453 0.000275329
15 3 13 0.005 0.554299 0.183136 194.865 0.000374233 0.000364624
15 4 11 0.005 0.606499 0.152493 194.578 0.00031088 0.000302452
15 5 13 0.005 0.508132 0.188817 196.101 0.000380961 0.000373535
15 6 0 0 0 0 0 0 0
15 7 21 0.005 0.67153 0.314878 193.875 0.000562235 0.000545016
15 8 12 0.005 0.604639 0.300384 192.539 0.000331517 0.000319151
15 9 13 0.005 0.646833 0.419409 202.906 0.000343192 0.000348179
15 10 0 0 0 0 0 0 0
15 11 16 0.005 0.597808 0.480521 194.096 0.00042319 0.000410698
15 12 15 0.005 0.471897 0.449703 193.999 0.000418866 0.000406298
15 13 15 0.005 0.53545 0.468216 195.577 0.000407443 0.000398433
15 14 0 0 0 0 0 0 0
15 15 13 0.005 0.678779 0.722761 197.026 0.000307714 0.000303138
15 16 11 0.005 0.649805 0.744206 195.788 0.000260836 0.000255343
15 17 10 0.005 0.612559 0.714479 194.608 0.00024274 0.000236196
15 18 13 0.005 0.68085 0.802733 195.692 0.000298465 0.000292035
15 19 17 0.005 0.610618 0.754574 193.201 0.000406609 0.000392787
15 20 17 0.005 0.727996 0.869846 193.7 0.000374741 0.000362938
15 21 10 0.005 0.673182 1.00358 200.851 0.000212511 0.000213415
15 22 19 0.005 0.698105 1.03128 194.875 0.00039654 0.000386378
15 23 19 0.005 0.695622 1.00273 192.657 0.000401411 0.000386673
16 0 15 0.005 0.588736 -0.00794655 193.351 0.000430863 0.000416538
16 1 15 0.005 0.515945 0.0790781 195.551 0.000443251 0.00043339
16 2 13 0.005 0.619412 0.132772 194.461 0.000366064 0.000355925
16 3 22 0.005 0.672156 0.138603 196.425 0.000604637 0.000593829
16 4 18 0.005 0.656557 0.149959 196.658 0.000497663 0.000489348
16 5 17 0.005 0.562567 0.193329 198.913 0.000487014 0.000484367
16 6 0 0 0 0 0 0 0
16 7 12 0.005 0.629493 0.364994 197.482 0.000323436 0.000319363
16 8 19 0.005 0.580614 0.319841 193.881 0.000527886 0.000511735
16 9 12 0.005 0.518419 0.353523 194.68 0.000338821 0.000329807
16 10 12 0.005 0.670931 0.330765 193.57 0.000320302 0.000310005
16 11 18 0.005 0.696233 0.512455 194.682 0.000453901 0.000441832
16 12 0 0 0 0 0 0 0
16 13 12 0.005 0.626458 0.433244 191.297 0.000318208 0.000304361
16 14 17 0.005 0.652636 0.518586 194.964 0.000435271 0.000424311
16 15 16 0.005 0.596769 0.557092 195.06 0.000413141 0.000402936
16 16 17 0.005 0.676495 0.613362 195.68 0.000418451 0.000409412
16 17 13 0.005 0.630206 0.668468 193.529 0.00031911 0.000308786
16 18 13 0.005 0.653364 0.738671 194.863 0.00030854 0.000300614
16 19 17 0.005 0.658421 0.802044 194.458 0.000393216 0.00038232
16 20 14 0.005 0.715008 0.867438 194.839 0.000310169 0.000302166
16 21 17 0.005 0.732149 0.862619 194.487 0.000375272 0.000364928
16 22 13 0.005 0.684015 0.94199 196.117 0.000282362 0.00027688
16 23 10 0.005 0.825682 1.08356 196.354 0.000197247 0.000193652
17 0 18 0.005 0.673477 0.0261875 197.196 0.000497543 0.000490567
17 1 12 0.005 0.632461 0.0836641 191.236 0.000337219 0.000322443
17 2 20 0.005 0.627437 0.131917 194.702 0.00056122 0.000546354
17 3 10 0.005 0.650108 0.144279 194.089 0.000277445 0.000269244
17 4 17 0.005 0.725449 0.230127 193.63 0.000450925 0.000436563
17 5 20 0.005 0.646019 0.187721 193.006 0.000553145 0.000533802
17 6 15 0.005 0.608658 0.258788 193.941 0.000417038 0.000404404
17 7 0 0 0 0 0 0 0
17 8 14 0.005 0.689983 0.35318 196.828 0.000368839 0.000362989
17 9 13 0.005 0.69578 0.401641 197.295 0.000337818 0.000333249
17 10 13 0.005 0.671699 0.481289 193.184 0.000334044 0.00032266
17 11 15 0.005 0.588921 0.412961 195.794 0.000405906 0.00039737
17 12 18 0.005 0.719457 0.456406 197.485 0.00045671 0.000450966
17 13 16 0.005 0.70304 0.514389 196.817 0.000402145 0.000395745
17 14 19 0.005 0.71358 0.560748 195.264 0.00046899 0.000457884
17 15 14 0.005 0.656448 0.586831 191.901 0.000350245 0.000336061
17 16 16 0.005 0.738554 0.681189 199.475 0.000376233 0.000375246
17 17 0 0 0 0 0 0 0
17 18 17 0.005 0.733993 0.714451 199.24 0.000395856 0.000394352
17 19 19 0.005 0.789971 0.860706 195.641 0.00041184 0.000402864
17 20 12 0.005 0.739917 0.864886 195.006 0.00026401 0.000257418
17 21 14 0.005 0.804852 0.91595 194.778 0.000295931 0.000288205
17 22 14 0.005 0.676061 1.02504 193.915 0.000294689 0.000285723
17 23 15 0.005 0.813871 1.05697 193.598 0.000299903 0.000290303
18 0 0 0 0 0 0 0 0
18 1 15 0.005 0.678155 0.0663202 198.497 0.000413196 0.00041009
18 2 11 0.005 0.727521 0.0789722 196.415 0.000295899 0.000290596
18 3 10 0.005 0.666636 0.149586 192.857 0.00027523 0.000265401
18 4 11 0.005 0.649554 0.0998299 194.304 0.00030642 0.000297693
18 5 14 0.005 0.733694 0.226177 194.529 0.000370153 0.000360027
18 6 16 0.005 0.733826 0.247368 194.845 0.000421678 0.00041081
18 7 0 0 0 0 0 0 0
18 8 15 0.005 0.638358 0.361106 195.138 0.000403187 0.000393386
18 9 20 0.005 0.709211 0.391365 194.604 0.000518035 0.000504057
18 10 13 0.005 0.685335 0.379543 198.145 0.000341119 0.000337956
18 11 16 0.005 0.738144 0.39534 195.017 0.00040891 0.000398722
18 12 18 0.005 0.719618 0.455543 195.571 0.000456783 0.000446667
18 13 17 0.005 0.722684 0.515776 196.189 0.000423748 0.000415673
18 14 14 0.005 0.787073 0.672122 193.342 0.000324259 0.000313464
18 15 17 0.005 0.755011 0.627395 197.422 0.000404384 0.000399171
18 16 10 0.005 0.732085 0.684324 192.352 0.000235452 0.000226448
18 17 14 0.005 0.826239 0.760464 195.88 0.000310355 0.000303962
18 18 22 0.005 0.769649 0.83289 196.994 0.000485017 0.000477726
18 19 16 0.005 0.867446 0.927173 196.406 0.000329992 0.000324061
18 20 15 0.005 0.882496 0.879593 195.078 0.00031296 0.000305257
18 21 18 0.005 0.874079 1.0371 196.654 0.00035606 0.000350103
18 22 21 0.005 0.953226 1.0552 196.608 0.000402666 0.000395837
18 23 0 0 0 0 0 0 0
19 0 12 0.005 0.712619 0.0604808 194.862 0.000325356 0.000316997
19 1 13 0.005 0.69518 0.00511646 195.839 0.000355801 0.000348398
19 2 16 0.005 0.689215 0.107319 196.262 0.000437433 0.000429256
19 3 10 0.005 0.601968 0.110901 196.255 0.000284302 0.000278979
19 4 15 0.005 0.688699 0.175858 194.959 0.000407538 0.000397266
19 5 20 0.005 0.78149 0.25202 193.541 0.000515228 0.00049859
19 6 0 0 0 0 0 0 0
19 7 18 0.005 0.745591 0.263219 196.353 0.000470651 0.000462068
19 8 16 0.005 0.740933 0.303216 197.773 0.000416346 0.00041171
19 9 13 0.005 0.80567 0.352152 195.125 0.000325427 0.000317495
19 10 18 0.005 0.70811 0.413003 193.798 0.000464017 0.000449629
19 11 24 0.005 0.730539 0.496449 196.237 0.0005996 0.000588318
19 12 13 0.005 0.794768 0.465704 193.785 0.000318719 0.000308815
19 13 14 0.005 0.834703 0.632329 196.29 0.000322294 0.000316315
19 14 21 0.005 0.827345 0.693978 195.089 0.000475618 0.00046394
19 15 13 0.005 0.840861 0.619495 195.015 0.000299684 0.000292215
19 16 18 0.005 0.860783 0.807611 195.684 0.00038785 0.00037948
19 17 18 0.005 0.834056 0.710443 196.188 0.000404485 0.000396775
19 18 16 0.005 0.784168 0.764731 196.876 0.000359595 0.000353979
19 19 11 0.005 0.819675 0.800372 192.277 0.00024112 0.00023181
19 20 14 0.005 0.823839 0.924851 194.262 0.000293156 0.000284745
19 21 15 0.005 0.883418 1.05534 192.076 0.000293905 0.000282261
19 22 12 0.005 1.05361 1.10742 200.121 0.000218986 0.000219118
19 23 18 0.005 0.897549 1.05127 192.869 0.00035168 0.000339141
20 0 17 0.005 0.925566 0.0306657 196.902 0.000415767 0.000409326
20 1 17 0.005 0.807427 0.0509398 193.858 0.000440545 0.000427015
20 2 18 0.005 0.865342 0.0528253 196.871 0.000453349 0.000446256
20 3 13 0.005 0.815912 0.153399 194.144 0.000333408 0.000323645
20 4 17 0.005 0.851015 0.191184 200.341 0.000427047 0.000427775
20 5 19 0.005 0.72629 0.191632 196.254 0.000506388 0.000496903
20 6 11 0.005 0.772529 0.268517 195.142 0.000283828 0.000276935
20 7 10 0.005 0.845256 0.32964 193.383 0.000246872 0.000238704
20 8 22 0.005 0.798676 0.302647 192.914 0.000557627 0.000537871
20 9 19 0.005 0.769573 0.392172 196.501 0.000479298 0.000470913
20 10 20 0.005 0.840966 0.43624 195.531 0.000483966 0.00047315
20 11 10 0.005 0.865197 0.543306 194.421 0.000233166 0.000226662
20 12 10 0.005 0.883819 0.503183 196.068 0.000233705 0.00022911
20 13 21 0.005 0.9324 0.617725 198.119 0.000466568 0.000462179
20 14 12 0.005 0.885336 0.61376 194.835 0.000272133 0.000265105
20 15 14 0.005 0.817964 0.576211 196.584 0.000329894 0.00032426
20 16 19 0.005 0.867641 0.70544 193.529 0.00042218 0.000408522
20 17 29 0.005 0.894146 0.808676 193.689 0.000617146 0.000597671
20 18 16 0.005 0.932366 0.825703 197.079 0.000333915 0.000329038
20 19 15 0.005 0.925719 0.822247 196.247 0.000314158 0.000308263
20 20 16 0.005 0.87253 0.95214 194.297 0.000326524 0.000317214
20 21 17 0.005 0.954215 0.984377 194.79 0.000333939 0.00032524
20 22 13 0.005 0.917142 0.989005 195.856 0.000258079 0.000252732
20 23 0 0 0 0 0 0 0
21 0 12 0.005 0.832366 0.0853146 195.155 0.000306776 0.000299344
21 1 17 0.005 0.863735 0.0673027 195.617 0.00042829 0.000418904
21 2 14 0.005 0.836689 0.111251 196.838 0.000356616 0.000350979
21 3 26 0.005 0.821474 0.1493 195.57 0.000665269 0.000650532
21 4 18 0.005 0.837668 0.186754 193.723 0.000455308 0.000441019
21 5 19 0.005 0.848479 0.24698 195.435 0.000474581 0.000463749
21 6 16 0.005 0.892797 0.249814 195.022 0.000391112 0.000381377
21 7 21 0.005 0.910015 0.323062 196.372 0.000503545 0.00049441
21 8 13 0.005 0.929062 0.358195 192.476 0.000307069 0.000295517
21 9 16 0.005 0.997378 0.509039 195.429 0.000355249 0.000347129
21 10 15 0.005 0.991448 0.465118 196.313 0.000337153 0.000330939
21 11 23 0.005 0.918666 0.496793 194.936 0.000530219 0.000516793
21 12 12 0.005 0.825019 0.537279 195.101 0.000285037 0.000278055
21 13 12 0.005 0.871416 0.635327 193.616 0.000271976 0.000263294
21 14 16 0.005 0.873856 0.526472 196.947 0.000373335 0.000367635
21 15 29 0.005 0.929971 0.723023 195.579 0.000625598 0.000611769
21 16 13 0.005 0.925865 0.712394 197.11 0.000281794 0.000277722
21 17 14 0.005 0.959445 0.805688 193.557 0.000291118 0.000281739
21 18 0 0 0 0 0 0 0
21 19 19 0.005 0.961283 0.754896 193.005 0.000401042 0.000387015
21 20 14 0.005 1.00913 0.985653 196.237 0.000269886 0.000264808
21 21 12 0.005 1.14816 1.1706 193.115 0.000208272 0.000201103
21 22 18 0.005 1.13316 1.15952 196.497 0.000314981 0.000309464
21 23 11 0.005 1.08251 1.15595 195.867 0.000195766 0.00019172
22 0 16 0.005 1.0249 0.0690989 195.426 0.000372025 0.000363516
22 1 20 0.005 0.905601 0.101022 194.047 0.000492771 0.000478103
22 2 18 0.005 0.926187 0.0596038 194.285 0.000439779 0.000427212
22 3 15 0.005 0.907769 0.183805 197.758 0.000366832 0.000362719
22 4 0 0 0 0 0 0 0
22 5 21 0.005 0.920559 0.236855 196.848 0.000507362 0.000499367
22 6 21 0.005 0.89164 0.24931 197.213 0.000513655 0.000506498
22 7 25 0.005 0.930658 0.347375 194.75 0.000591211 0.000575692
22 8 21 0.005 0.925287 0.358875 196.188 0.000496848 0.000487379
22 9 18 0.005 0.9278 0.446809 195.226 0.000417994 0.000408016
22 10 16 0.005 1.0049 0.452847 194.724 0.000358362 0.000348908
22 11 16 0.005 1.03842 0.500275 194.267 0.000349504 0.000339484
22 12 24 0.005 0.990202 0.569079 196.811 0.000527006 0.000518604
22 13 18 0.005 0.984563 0.540076 195.046 0.000399022 0.000389138
22 14 13 0.005 1.04425 0.688414 193.244 0.000270602 0.000261461
22 15 17 0.005 1.02563 0.618589 196.345 0.000363175 0.000356538
22 16 12 0.005 0.954271 0.810128 196.446 0.000249662 0.000245226
22 17 13 0.005 1.08834 0.880343 198.577 0.000251891 0.000250099
22 18 13 0.005 1.01779 0.783249 193.053 0.000266226 0.000256979
22 19 15 0.005 1.0242 0.80923 194.548 0.000304074 0.000295785
22 20 10 0.005 1.07208 0.901291 195.683 0.000193691 0.00018951
22 21 14 0.005 1.13308 0.979349 194.53 0.00025914 0.000252052
22 22 13 0.005 1.06833 1.16912 199.544 0.000231357 0.000230829
22 23 13 0.005 1.16611 1.15952 195.774 0.000225148 0.000220391
23 0 19 0.005 0.908534 -0.0238343 197.501 0.000468686 0.00046283
23 1 15 0.005 1.0228 0.133748 194.386 0.000348028 0.000338259
23 2 13 0.005 1.10206 0.139714 194.11 0.000289918 0.00028138
23 3 18 0.005 0.853675 0.121568 194.469 0.000454397 0.000441831
23 4 18 0.005 0.912798 0.141985 195.758 0.000440729 0.000431381
23 5 13 0.005 0.964713 0.267064 194.645 0.00030626 0.00029806
23 6 11 0.005 0.943913 0.239181 195.797 0.000262698 0.000257177
23 7 25 0.005 1.03745 0.344762 195.966 0.000562453 0.000551107
23 8 24 0.005 0.955203 0.382952 195.612 0.000557513 0.00054528
23 9 14 0.005 1.00909 0.452804 197.65 0.000312974 0.000309297
23 10 20 0.005 1.03324 0.464569 194.536 0.000441181 0.000429129
23 11 15 0.005 1.10371 0.559288 200.349 0.000314287 0.000314836
23 12 19 0.005 1.0288 0.538986 197.008 0.000413234 0.000407051
23 13 13 0.005 1.15337 0.640692 193.949 0.00026175 0.000253832
23 14 17 0.005 0.953352 0.565128 194.6 0.000379617 0.000369367
23 15 15 0.005 1.21144 0.762361 197.606 0.000286357 0.00028293
23 16 21 0.005 1.06623 0.717779 194.961 0.000429839 0.00041901
23 17 17 0.005 1.09166 0.82606 196.364 0.000334254 0.000328177
23 18 16 0.005 1.11755 0.889821 197.001 0.000305852 0.000301266
23 19 10 0.005 1.20476 1.05415 193.23 0.0001766 0.000170622
23 20 16 0.005 1.24646 1.05055 192.312 0.00027888 0.000268161
23 21 13 0.005 1.18764 1.02983 194.59 0.000232591 0.000226299
23 22 14 0.005 1.12887 1.09501 194.648 0.000250397 0.000243696
23 23 15 0.005 1.25608 1.28293 196.653 0.000243291 0.000239219
