#  ix    iy     Npi     E/N       Tpi    Uxpi    Uypi     mupi     rho    epsilon
0 0 185 0.0300288 0.01618 0.0627891 4.16874 0.00599391 0.00116561
0 1 172 0.0300006 0.0186035 0.0508101 4.1026 0.00557626 0.00108407
0 2 198 0.0296736 0.0364203 0.139802 4.30579 0.00636252 0.00123257
0 3 194 0.0299767 0.0556971 0.140289 4.21833 0.00622815 0.00121049
0 4 183 0.03024 0.018007 0.235803 4.08748 0.00578207 0.00112697
0 5 194 0.0282816 0.0106012 0.278013 4.57733 0.00606823 0.00115801
0 6 166 0.0301486 0.0573545 0.241675 4.00677 0.00523067 0.0010185
0 7 216 0.0329882 0.00271551 0.33625 3.6822 0.00664724 0.00133422
0 8 202 0.031976 0.000344451 0.388674 3.78999 0.00611294 0.00121383
0 9 219 0.0278489 0.0186591 0.400103 4.76601 0.00660061 0.00125371
0 10 223 0.029585 0.0291954 0.455707 4.35986 0.00658608 0.00127466
0 11 194 0.0300061 0.024517 0.548302 4.09158 0.0055217 0.00107352
0 12 213 0.0335642 -0.00619857 0.521935 3.49658 0.00613067 0.00123808
0 13 200 0.0314659 0.00920784 0.61265 3.79139 0.00553683 0.00109345
0 14 256 0.0315924 -0.0104264 0.641857 3.99994 0.00699452 0.0013832
0 15 229 0.0344172 -0.0328477 0.725939 3.32769 0.00601469 0.00122567
0 16 214 0.035332 0.0356916 0.790262 3.0749 0.00544918 0.00112118
0 17 225 0.0334375 -0.00839539 0.874527 3.4106 0.0054989 0.00110901
0 18 259 0.0312451 0.0349319 0.920112 3.94656 0.00618612 0.0012188
0 19 279 0.0322566 0.00251511 1.06626 3.74949 0.0061967 0.00123414
0 20 253 0.0333826 -0.0179243 1.03561 3.4574 0.00570546 0.00114999
0 21 255 0.0323846 0.0473384 1.14491 3.59552 0.00544372 0.00108566
0 22 274 0.0311453 0.0444814 1.1992 3.88406 0.00569508 0.00112085
0 23 295 0.0337419 0.0641539 1.3131 3.40917 0.00579858 0.00117322
1 0 171 0.0296899 0.0999154 -0.04601 4.15991 0.00551866 0.00106929
1 1 177 0.0305902 0.0648906 0.0579854 4.00364 0.00572512 0.00112008
1 2 196 0.0312117 0.0318602 0.160694 3.96837 0.00627992 0.00123684
1 3 191 0.0306776 0.0610929 0.153009 4.05193 0.00611881 0.00119823
1 4 207 0.0317243 0.0372277 0.191191 3.91535 0.0065968 0.00130639
1 5 166 0.0294316 0.054061 0.225266 4.16732 0.00525056 0.00101451
1 6 205 0.0286027 0.088445 0.26283 4.55683 0.00641379 0.00122822
1 7 179 0.032033 0.0962027 0.28453 3.68521 0.00556605 0.0011059
1 8 186 0.0297108 0.0692811 0.381979 4.17524 0.00562963 0.00109103
1 9 207 0.02823 0.0868806 0.400844 4.61405 0.00621808 0.00118595
1 10 209 0.0314523 0.0315189 0.47735 3.89445 0.00612132 0.00120871
1 11 196 0.0311107 0.0849312 0.498434 3.88827 0.00567899 0.00111727
1 12 203 0.0321769 0.0319862 0.644474 3.6524 0.00553805 0.00110203
1 13 206 0.0331579 0.0513702 0.64222 3.4836 0.00562245 0.00113056
1 14 238 0.0328674 0.108262 0.697784 3.65284 0.00631219 0.00126535
1 15 245 0.0329225 0.0438507 0.738733 3.65553 0.0063941 0.00128252
1 16 216 0.0350442 0.09889 0.816434 3.11665 0.00541653 0.0011111
1 17 249 0.0334309 0.0766477 0.856838 3.52023 0.0061287 0.00123594
1 18 232 0.0369822 0.0834678 0.917921 2.82912 0.00553866 0.00115945
1 19 255 0.0335286 0.0578915 1.01924 3.44639 0.0057935 0.00116955
1 20 245 0.0350866 0.0652171 1.06046 3.11608 0.00545187 0.00111884
1 21 273 0.0329691 0.0617424 1.17238 3.5403 0.0057475 0.0011534
1 22 274 0.0329354 0.0671801 1.16947 3.55148 0.00577599 0.0011587
1 23 290 0.0361761 0.0570004 1.30053 2.9897 0.00573586 0.00119066
2 0 195 0.0290635 0.0896481 0.0700293 4.431 0.0062906 0.00121065
2 1 197 0.033261 0.0647717 0.0454498 3.5906 0.00637617 0.00128353
2 2 193 0.0309071 0.0944588 0.148731 4.013 0.00617118 0.00121146
2 3 189 0.0324689 0.112932 0.145287 3.68264 0.00603504 0.00120467
2 4 202 0.0337588 0.109283 0.218128 3.50039 0.00637156 0.00128938
2 5 168 0.0302858 0.114896 0.228899 3.98765 0.00528399 0.0010304
2 6 175 0.0298335 0.078495 0.264651 4.1209 0.00547697 0.00106285
2 7 205 0.031826 0.0673063 0.347534 3.84528 0.00627432 0.00124388
2 8 199 0.0287819 0.0842889 0.390752 4.4483 0.00599946 0.00115111
2 9 202 0.0339076 0.100506 0.43114 3.41349 0.00599706 0.00121551
2 10 206 0.0287953 0.0746715 0.460005 4.45564 0.00606232 0.00116334
2 11 211 0.034058 0.114701 0.500755 3.40306 0.00609359 0.00123704
2 12 198 0.0322609 0.143967 0.600394 3.62392 0.00546999 0.00108946
2 13 208 0.0327175 0.113887 0.608773 3.58596 0.00574131 0.00114908
2 14 237 0.0353913 0.154019 0.645419 3.22782 0.0064117 0.00132004
2 15 236 0.0360594 0.0896247 0.76606 3.06444 0.00606732 0.00125793
2 16 231 0.0298074 0.125065 0.808447 4.18476 0.00580502 0.00112619
2 17 251 0.031995 0.151843 0.859131 3.79083 0.00614078 0.0012196
2 18 237 0.031573 0.127928 0.914118 3.79109 0.00565431 0.00111793
2 19 247 0.0302186 0.0915787 0.994193 4.07338 0.00567516 0.00110588
2 20 277 0.0336211 0.113537 1.14483 3.44805 0.00590003 0.00119222
2 21 271 0.0347849 0.127446 1.0874 3.25146 0.00593386 0.00121389
2 22 281 0.0318539 0.129848 1.2222 3.75393 0.0057579 0.00114184
2 23 289 0.035001 0.138131 1.30923 3.1706 0.00567564 0.00116372
3 0 167 0.029492 0.162016 0.0091579 4.173 0.00535207 0.0010348
3 1 172 0.0285856 0.190061 0.0544523 4.40317 0.00547837 0.0010489
3 2 183 0.0308633 0.145466 0.123188 3.96624 0.00583647 0.00114522
3 3 167 0.0321127 0.166772 0.145166 3.61973 0.00529422 0.00105279
3 4 192 0.0306894 0.143088 0.179839 4.04234 0.00607539 0.00118987
3 5 195 0.0321655 0.106505 0.230055 3.7573 0.00613703 0.00122107
3 6 207 0.0281939 0.0931328 0.270458 4.66111 0.00646163 0.00123192
3 7 209 0.032829 0.166491 0.283264 3.68105 0.00644665 0.00129177
3 8 219 0.0306772 0.15013 0.369534 4.12837 0.00660441 0.00129331
3 9 222 0.0313985 0.176674 0.41724 3.97523 0.00656529 0.00129563
3 10 202 0.0282656 0.138725 0.400447 4.57623 0.00603855 0.00115215
3 11 189 0.0326529 0.143208 0.499209 3.54521 0.00544575 0.00108917
3 12 235 0.0322445 0.127265 0.522983 3.83264 0.00671849 0.00133789
3 13 250 0.0316932 0.150371 0.659289 3.94056 0.00672386 0.00133111
3 14 237 0.0285559 0.205848 0.692407 4.53994 0.00623762 0.00119388
3 15 235 0.0338205 0.175343 0.73217 3.44516 0.00609548 0.00123432
3 16 269 0.0334032 0.131584 0.793691 3.62989 0.00680488 0.00137189
3 17 252 0.0348121 0.210995 0.899779 3.25939 0.0060087 0.00122956
3 18 260 0.0311644 0.170786 0.9525 3.94334 0.00606628 0.00119415
3 19 246 0.0354094 0.161496 1.04271 3.07039 0.00549415 0.00113135
3 20 262 0.0337441 0.190496 1.03768 3.41792 0.00585187 0.00118403
3 21 260 0.0337668 0.187195 1.19179 3.33116 0.00538717 0.00109027
3 22 294 0.0315799 0.130875 1.24245 3.8432 0.00596497 0.00117944
3 23 305 0.0379978 0.216252 1.28748 2.76064 0.00602165 0.00127395
4 0 181 0.0300589 0.186777 0.0030943 4.12535 0.0057767 0.00112374
4 1 203 0.0303872 0.188939 0.10322 4.1645 0.00644327 0.00125784
4 2 174 0.0299427 0.236902 0.0599606 4.09914 0.00548786 0.00106622
4 3 176 0.0261577 0.197084 0.135275 5.03089 0.0055577 0.00103637
4 4 175 0.0293886 0.178467 0.212101 4.21884 0.00547535 0.00105745
4 5 193 0.0283111 0.196219 0.221355 4.56046 0.00600886 0.00114705
4 6 189 0.030551 0.231921 0.289987 4.01664 0.00575258 0.00112498
4 7 183 0.0302094 0.210468 0.361515 4.04058 0.0054813 0.001068
4 8 191 0.0340593 0.155299 0.379466 3.34264 0.00573773 0.00116482
4 9 209 0.0303929 0.200118 0.458354 4.10346 0.006069 0.00118484
4 10 203 0.0298212 0.226398 0.462486 4.19113 0.00585969 0.00113697
4 11 233 0.032125 0.187439 0.527269 3.83806 0.00660159 0.00131294
4 12 216 0.0321966 0.126786 0.54192 3.74981 0.00612785 0.00121965
4 13 244 0.0309806 0.222331 0.636024 4.06053 0.00656997 0.00129076
4 14 231 0.0342354 0.173324 0.677362 3.38078 0.00614659 0.00125014
4 15 239 0.0333739 0.203189 0.771184 3.52037 0.00606672 0.0012227
4 16 227 0.0325394 0.199965 0.891549 3.56568 0.00544096 0.0010869
4 17 233 0.0325768 0.196161 0.866309 3.59738 0.00565593 0.00113029
4 18 262 0.0308824 0.216274 0.955808 4.00244 0.00607554 0.00119237
4 19 235 0.0342298 0.209898 1.0165 3.23239 0.00529377 0.00107663
4 20 268 0.0337579 0.229637 1.05592 3.42535 0.00590996 0.00119596
4 21 288 0.0343376 0.203405 1.20134 3.3276 0.00593217 0.00120784
4 22 292 0.0330435 0.213466 1.27285 3.53682 0.00580663 0.00116618
4 23 276 0.0331948 0.232344 1.40415 3.38943 0.0051517 0.00103631
5 0 208 0.0300711 0.228972 -0.0112276 4.25329 0.00658249 0.00128066
5 1 184 0.0301924 0.196644 0.0401919 4.11054 0.00585721 0.00114104
5 2 166 0.0281124 0.237036 0.0630324 4.47009 0.00523446 0.000997074
5 3 180 0.0311602 0.250819 0.0963828 3.87201 0.00564396 0.00111097
5 4 186 0.031692 0.214009 0.200602 3.79211 0.00579481 0.00114717
5 5 191 0.0290146 0.226806 0.231472 4.37793 0.00589926 0.00113473
5 6 179 0.0335045 0.255357 0.259621 3.3916 0.00546087 0.00110212
5 7 188 0.0318402 0.25631 0.319319 3.73746 0.00564871 0.00112002
5 8 212 0.0312409 0.219536 0.335941 3.97952 0.00638792 0.0012585
5 9 221 0.0329281 0.261743 0.433916 3.65548 0.00640044 0.00128386
5 10 199 0.0275914 0.249674 0.496123 4.67377 0.00564832 0.00106984
5 11 221 0.0273974 0.258023 0.50365 4.8227 0.00624475 0.00118032
5 12 243 0.0336573 0.23807 0.59955 3.55821 0.00662984 0.00134021
5 13 219 0.0320622 0.300855 0.650661 3.71709 0.00577894 0.00114856
5 14 205 0.0318188 0.291724 0.641319 3.70418 0.00544102 0.00107859
5 15 237 0.0306357 0.300032 0.739677 4.04335 0.00601388 0.00117715
5 16 229 0.0323178 0.243103 0.744304 3.68091 0.00585404 0.00116666
5 17 234 0.031408 0.296116 0.89313 3.80227 0.00553308 0.00109204
5 18 248 0.0350946 0.22831 0.952595 3.16834 0.00575203 0.00118054
5 19 264 0.0327363 0.314376 1.00038 3.61233 0.00591543 0.00118416
5 20 286 0.0326158 0.321959 1.04116 3.69441 0.00627803 0.00125514
5 21 276 0.0367772 0.321933 1.19154 2.87896 0.00564111 0.00117838
5 22 285 0.0314257 0.288329 1.2314 3.83531 0.00573919 0.00113293
5 23 288 0.0343826 0.27514 1.33737 3.24873 0.00552504 0.00112548
6 0 178 0.0298573 0.298904 0.0145999 4.12653 0.00553662 0.0010747
6 1 189 0.0326503 0.265819 0.0563646 3.62948 0.00592164 0.00118432
6 2 179 0.0279647 0.283449 0.0921457 4.5679 0.00556957 0.00105921
6 3 193 0.0323751 0.288939 0.186556 3.68214 0.00592556 0.00118164
6 4 187 0.028931 0.236707 0.210385 4.37807 0.00578811 0.00111235
6 5 180 0.0304611 0.312989 0.230805 3.9809 0.00544678 0.00106415
6 6 211 0.0311988 0.31764 0.296069 3.97159 0.0062838 0.00123743
6 7 215 0.0284108 0.320668 0.356104 4.5833 0.00629505 0.00120298
6 8 182 0.0296128 0.274439 0.367382 4.14982 0.00537127 0.00103986
6 9 215 0.0337048 0.288775 0.434819 3.4808 0.00618822 0.00125157
6 10 232 0.029413 0.306807 0.518841 4.37738 0.00645115 0.00124624
6 11 201 0.03282 0.322173 0.579549 3.51275 0.00543893 0.00108974
6 12 213 0.0300498 0.294382 0.562469 4.13792 0.00583842 0.00113563
6 13 213 0.0299028 0.285164 0.636696 4.14076 0.00567175 0.00110147
6 14 247 0.0322112 0.292395 0.675083 3.79976 0.0064597 0.0012859
6 15 254 0.0311439 0.297801 0.762629 3.99807 0.00638098 0.00125583
6 16 283 0.0320516 0.320892 0.817718 3.8969 0.00690317 0.00137185
6 17 250 0.0333573 0.324848 0.896121 3.49132 0.00587539 0.00118393
6 18 246 0.0357123 0.32329 0.962596 3.04083 0.00560426 0.0011577
6 19 275 0.0368273 0.321302 1.01368 2.95218 0.00611662 0.00127837
6 20 292 0.0316877 0.336133 1.11008 3.85902 0.00619066 0.00122548
6 21 284 0.0372241 0.361787 1.17851 2.83991 0.00580879 0.00121907
6 22 287 0.0339844 0.335422 1.24647 3.35035 0.00570671 0.0011576
6 23 267 0.0358877 0.330401 1.30241 2.93296 0.0051756 0.00107112
7 0 183 0.0308881 0.323418 0.0503147 3.92809 0.00564678 0.00110829
7 1 220 0.0303535 0.292484 0.0696387 4.23144 0.00684037 0.00133487
7 2 198 0.0271772 0.328637 0.12897 4.84882 0.0060619 0.00114302
7 3 206 0.0308142 0.300197 0.130537 4.0617 0.00635641 0.00124658
7 4 217 0.0312165 0.33736 0.21531 4.00814 0.00654106 0.00128833
7 5 208 0.0296142 0.312825 0.271175 4.29938 0.00623966 0.001208
7 6 183 0.0304746 0.327772 0.280497 3.97967 0.00545554 0.00106601
7 7 201 0.0322072 0.281894 0.288827 3.73527 0.00605169 0.00120463
7 8 215 0.0317351 0.332971 0.384656 3.85468 0.00622163 0.00123223
7 9 231 0.0300625 0.339832 0.400304 4.26387 0.00664021 0.00129177
7 10 207 0.0313136 0.304488 0.481462 3.87514 0.0058397 0.00115139
7 11 183 0.0319653 0.334156 0.535804 3.59584 0.00502378 0.000997441
7 12 213 0.0318754 0.34394 0.575217 3.74744 0.00574472 0.00113949
7 13 242 0.0317915 0.34283 0.660579 3.85661 0.00630309 0.00124912
7 14 244 0.032225 0.305415 0.675155 3.78234 0.00636499 0.00126724
7 15 282 0.0354378 0.395787 0.811984 3.27814 0.0067943 0.0013995
7 16 278 0.0324076 0.368332 0.802086 3.80877 0.00676714 0.00134992
7 17 233 0.0355644 0.336912 0.876148 3.04893 0.00551562 0.00113762
7 18 281 0.032635 0.349248 0.917241 3.72725 0.00651121 0.00130202
7 19 259 0.0339283 0.376298 1.10324 3.31883 0.00547531 0.00111
7 20 306 0.0354282 0.376972 1.07231 3.245 0.00656246 0.00135161
7 21 268 0.033701 0.392562 1.173 3.35819 0.00547043 0.00110635
7 22 310 0.0340327 0.421029 1.29384 3.38541 0.0059606 0.00120972
7 23 293 0.032743 0.384402 1.32866 3.55156 0.00557364 0.00111582
8 0 181 0.02585 0.365552 0.0316633 5.10825 0.00551697 0.00102532
8 1 176 0.028356 0.367745 0.071429 4.43384 0.00535112 0.00102199
8 2 206 0.0296617 0.378995 0.118512 4.28512 0.00621615 0.00120406
8 3 191 0.0317435 0.366907 0.193174 3.77043 0.00572836 0.00113464
8 4 184 0.032025 0.373459 0.204712 3.67415 0.00549633 0.00109196
8 5 180 0.0292278 0.369668 0.276883 4.22345 0.0053056 0.00102289
8 6 168 0.0337205 0.354589 0.287497 3.25716 0.00496198 0.00100373
8 7 217 0.0302635 0.39166 0.382438 4.14903 0.00618009 0.00120486
8 8 215 0.0299646 0.403132 0.39104 4.1979 0.00608631 0.00118277
8 9 204 0.0311364 0.429655 0.471299 3.86623 0.00558437 0.00109896
8 10 213 0.0304662 0.393464 0.542674 4.03304 0.00574445 0.00112237
8 11 222 0.0339732 0.402368 0.561594 3.39073 0.0059302 0.0012028
8 12 207 0.0311925 0.391622 0.619094 3.82529 0.00542167 0.00106758
8 13 221 0.0334262 0.364749 0.560278 3.49401 0.00596505 0.00120287
8 14 236 0.0322773 0.405203 0.702617 3.70507 0.00595096 0.00118547
8 15 214 0.0320697 0.381058 0.825392 3.59869 0.0051411 0.00102187
8 16 260 0.0355775 0.415083 0.795973 3.17686 0.00628174 0.00129582
8 17 240 0.0335321 0.367402 0.877799 3.41977 0.00564487 0.00113959
8 18 260 0.0319999 0.432656 0.949935 3.73961 0.00583975 0.00115988
8 19 269 0.0336638 0.488801 1.13185 3.37052 0.00550174 0.00111224
8 20 262 0.0329848 0.443286 1.13129 3.47608 0.00540565 0.00108497
8 21 281 0.0387199 0.425732 1.14048 2.61738 0.00579109 0.00123437
8 22 295 0.0322685 0.487677 1.26748 3.65998 0.00567911 0.00113121
8 23 305 0.0338137 0.541963 1.46004 3.316 0.00535046 0.00108338
9 0 209 0.0320793 0.452499 0.0489118 3.78025 0.00617612 0.00122772
9 1 214 0.0304058 0.455757 0.0558438 4.14034 0.00631424 0.00123289
9 2 199 0.0304285 0.412447 0.0884943 4.07666 0.00595306 0.00116265
9 3 210 0.0304157 0.376528 0.152896 4.13862 0.00631652 0.00123347
9 4 192 0.0297829 0.462772 0.206557 4.14707 0.00556049 0.00107847
9 5 204 0.0277553 0.380832 0.246681 4.69883 0.00603152 0.00114446
9 6 231 0.0335563 0.445104 0.3138 3.56973 0.00658658 0.00133004
9 7 213 0.0293761 0.351716 0.330986 4.35031 0.00622733 0.00120252
9 8 204 0.0357183 0.433918 0.381981 3.06278 0.00573416 0.00118461
9 9 209 0.0315989 0.438803 0.47451 3.79384 0.00569905 0.00112709
9 10 227 0.0313194 0.443748 0.506866 3.91964 0.0061125 0.00120525
9 11 242 0.0286654 0.435744 0.523837 4.55447 0.00649311 0.00124425
9 12 253 0.0337729 0.453766 0.65251 3.50713 0.00643063 0.00130153
9 13 236 0.0331783 0.466682 0.687849 3.52678 0.00589249 0.00118512
9 14 251 0.0315967 0.443602 0.717375 3.88324 0.0062294 0.00123195
9 15 256 0.0336738 0.489172 0.769326 3.47887 0.00614224 0.00124186
9 16 244 0.0346619 0.446733 0.818795 3.24832 0.0057932 0.00118358
9 17 235 0.0336023 0.440233 0.895301 3.3631 0.00540139 0.00109124
9 18 275 0.0332958 0.506012 0.961431 3.53121 0.00604664 0.00121764
9 19 258 0.0306248 0.478439 1.05403 3.95194 0.00547611 0.00107176
9 20 275 0.0351288 0.530228 1.11895 3.13762 0.00560982 0.00115177
9 21 289 0.0355984 0.527187 1.18888 3.07969 0.00571953 0.0011801
9 22 282 0.0349309 0.536235 1.31756 3.10735 0.00526553 0.00107883
9 23 283 0.0368296 0.540433 1.3392 2.79538 0.00523084 0.00109327
10 0 188 0.0289876 0.482509 0.0432786 4.3128 0.00549324 0.00105633
10 1 212 0.0337108 0.433424 0.0227724 3.49986 0.00631405 0.0012771
10 2 203 0.0298001 0.46491 0.142387 4.20721 0.00592738 0.00114984
10 3 215 0.0292806 0.514669 0.140981 4.36064 0.00615853 0.00118801
10 4 182 0.0306246 0.488011 0.239123 3.89872 0.00519194 0.00101614
10 5 188 0.0298945 0.416186 0.280441 4.10368 0.00545544 0.00105937
10 6 199 0.0291405 0.468287 0.275738 4.31087 0.00567692 0.00109345
10 7 226 0.0271221 0.457073 0.29554 4.92417 0.00644483 0.0012145
10 8 197 0.0327281 0.445117 0.414497 3.5346 0.00546469 0.00109383
10 9 220 0.035062 0.44773 0.412565 3.23269 0.00610106 0.00125175
10 10 241 0.0313511 0.500272 0.486117 3.96197 0.00641759 0.00126584
10 11 235 0.0318043 0.514754 0.589105 3.80639 0.00600942 0.00119108
10 12 240 0.0308725 0.427803 0.576526 4.0455 0.00632991 0.00124216
10 13 222 0.0330684 0.579967 0.688732 3.45155 0.00535646 0.00107605
10 14 237 0.0359891 0.493192 0.680673 3.04607 0.0058903 0.00122033
10 15 243 0.0319755 0.561976 0.835465 3.69519 0.00555962 0.00110395
10 16 289 0.0346056 0.524082 0.769328 3.42808 0.00686799 0.00140234
10 17 293 0.0330067 0.510565 0.831384 3.70286 0.00680912 0.00136698
10 18 274 0.0321106 0.512946 0.977221 3.74081 0.00597327 0.0011878
10 19 278 0.0344409 0.553212 1.08127 3.27636 0.00573706 0.00116938
10 20 272 0.032949 0.588459 1.11952 3.49586 0.00547728 0.00109893
10 21 274 0.0336436 0.547479 1.21118 3.34586 0.00534834 0.001081
10 22 322 0.0324645 0.573656 1.3361 3.66494 0.00592419 0.00118249
10 23 313 0.0359969 0.623337 1.41833 2.97828 0.00551114 0.00114187
11 0 226 0.02915 0.524273 0.00763422 4.44388 0.00649855 0.00125183
11 1 220 0.0326529 0.497999 0.072159 3.70363 0.00638058 0.00127614
11 2 191 0.0289717 0.50828 0.135505 4.31554 0.00548828 0.00105519
11 3 223 0.0308958 0.559315 0.13674 4.0319 0.00627449 0.00123159
11 4 223 0.0335933 0.518699 0.166035 3.52784 0.00635841 0.00128447
11 5 217 0.030385 0.503035 0.267511 4.11376 0.00612161 0.00119501
11 6 209 0.0337699 0.504148 0.261385 3.42164 0.00590065 0.00119423
11 7 214 0.0323264 0.513951 0.360775 3.6844 0.00588416 0.00117277
11 8 257 0.0299459 0.497084 0.427094 4.33881 0.00697895 0.00135596
11 9 219 0.0314283 0.465567 0.428786 3.88057 0.00600807 0.00118604
11 10 205 0.0337036 0.499063 0.480554 3.35784 0.00547108 0.00110651
11 11 241 0.0287832 0.529512 0.540755 4.4872 0.00623921 0.00119712
11 12 244 0.0331093 0.533871 0.63024 3.57534 0.00610798 0.00122756
11 13 232 0.0300602 0.565772 0.673802 4.1038 0.00565519 0.00110012
11 14 261 0.0337947 0.521136 0.731173 3.48358 0.00630532 0.00127647
11 15 244 0.0346248 0.547701 0.805284 3.23408 0.00567536 0.00115906
11 16 289 0.0342539 0.582166 0.818801 3.45169 0.00661941 0.00134657
11 17 264 0.0347478 0.589132 0.972449 3.21062 0.00566078 0.00115758
11 18 281 0.0358441 0.602117 0.94164 3.10158 0.00608329 0.0012584
11 19 294 0.0361118 0.666584 1.06619 3.03515 0.00594149 0.00123252
11 20 301 0.0344468 0.612468 1.1708 3.30295 0.00589759 0.00120218
11 21 326 0.0358903 0.606593 1.19712 3.13298 0.00632421 0.00130887
11 22 284 0.0356823 0.710122 1.3667 2.93585 0.00502128 0.00103695
11 23 308 0.0353187 0.704397 1.42357 3.05461 0.00532797 0.00109609
12 0 195 0.0318152 0.525685 0.0428028 3.7337 0.0056 0.00111007
12 1 243 0.0328175 0.533695 0.129605 3.75337 0.00691532 0.00138551
12 2 202 0.0334262 0.552965 0.119634 3.45001 0.00570821 0.00115108
12 3 214 0.0302734 0.538725 0.18574 4.12347 0.00603671 0.00117703
12 4 219 0.0328792 0.560464 0.211751 3.61637 0.00609944 0.00122285
12 5 206 0.0295617 0.546666 0.225641 4.23045 0.0057569 0.00111391
12 6 215 0.0300476 0.561028 0.327086 4.14113 0.00585434 0.0011387
12 7 219 0.0335066 0.590365 0.307173 3.47184 0.00591939 0.00119469
12 8 238 0.0312101 0.553437 0.430433 3.97618 0.00632711 0.00124611
12 9 231 0.0303122 0.559712 0.444255 4.126 0.00610212 0.00119028
12 10 230 0.0315855 0.578811 0.505313 3.83477 0.00592146 0.00117091
12 11 234 0.0319324 0.546731 0.520076 3.7905 0.00606456 0.00120366
12 12 238 0.0308335 0.640972 0.65971 3.94649 0.00568726 0.00111558
12 13 264 0.0335647 0.587885 0.690039 3.53172 0.00635049 0.00128248
12 14 265 0.0335851 0.575836 0.769964 3.50443 0.00620217 0.0012528
12 15 263 0.0349411 0.610921 0.742327 3.26182 0.00615562 0.00126133
12 16 267 0.0326226 0.633543 0.869945 3.63116 0.00590088 0.00117982
12 17 274 0.0350655 0.653421 0.930258 3.19447 0.00587571 0.00120556
12 18 296 0.0327855 0.6098 0.999498 3.65681 0.0062415 0.00125009
12 19 275 0.0324215 0.680252 1.0767 3.60133 0.00551395 0.0011001
12 20 316 0.0320421 0.711876 1.21431 3.74879 0.00594198 0.00118071
12 21 302 0.0332785 0.764404 1.28579 3.43035 0.00544938 0.00109717
12 22 340 0.033884 0.717566 1.33297 3.43212 0.0060844 0.0012329
12 23 276 0.0343346 0.803337 1.46413 3.07455 0.00460357 0.000937294
13 0 225 0.0310842 0.585568 0.0692328 3.99628 0.00629271 0.00123766
13 1 239 0.0337277 0.566426 0.107051 3.55957 0.00672274 0.00136
13 2 212 0.0319657 0.625377 0.116019 3.74077 0.00580785 0.00115312
13 3 230 0.0316705 0.594601 0.169191 3.88811 0.00635178 0.00125714
13 4 211 0.0321099 0.638709 0.227672 3.68886 0.00567006 0.00112749
13 5 214 0.0346585 0.557263 0.296984 3.26288 0.00587482 0.00120022
13 6 217 0.0315311 0.639272 0.293687 3.81833 0.00576235 0.00113879
13 7 241 0.0305167 0.605511 0.382704 4.12439 0.00636109 0.00124352
13 8 267 0.0317729 0.630203 0.459335 3.94142 0.00683593 0.00135445
13 9 250 0.0316257 0.664961 0.439221 3.89633 0.00634773 0.00125574
13 10 243 0.0316213 0.606174 0.527431 3.86559 0.0061502 0.00121661
13 11 259 0.0307661 0.679493 0.60809 4.04893 0.00621366 0.00121796
13 12 245 0.0353772 0.647378 0.653301 3.13927 0.00585479 0.00120521
13 13 262 0.0314964 0.662742 0.706092 3.88394 0.00611078 0.0012072
13 14 273 0.0350772 0.704313 0.771224 3.23487 0.00612987 0.00125786
13 15 259 0.0339527 0.762357 0.829807 3.33377 0.00558159 0.00113184
13 16 263 0.0334414 0.69548 0.904941 3.43297 0.00562723 0.00113493
13 17 291 0.0331674 0.721072 0.894434 3.58013 0.00620301 0.00124743
13 18 307 0.0318435 0.758253 1.03336 3.81881 0.00613136 0.00121576
13 19 292 0.0343333 0.751069 1.11781 3.27996 0.00565199 0.00115074
13 20 288 0.0351217 0.773252 1.15933 3.11019 0.00545159 0.0011192
13 21 336 0.0361425 0.786898 1.25973 3.05537 0.00609255 0.00126426
13 22 298 0.0324703 0.821798 1.3393 3.53243 0.00519468 0.00103694
13 23 299 0.03506 0.845918 1.46266 3.02281 0.00494436 0.00101441
14 0 219 0.0326566 0.634579 0.0429326 3.64139 0.00599967 0.00120001
14 1 204 0.0323337 0.658606 0.0601555 3.61994 0.00552451 0.00110117
14 2 222 0.0339813 0.607754 0.174123 3.4163 0.00609238 0.00123579
14 3 230 0.0332642 0.663957 0.179591 3.55432 0.00615265 0.00123857
14 4 188 0.0336939 0.709374 0.190303 3.25333 0.00491958 0.000994868
14 5 223 0.0285173 0.634682 0.278308 4.50196 0.0059509 0.00113853
14 6 237 0.0311718 0.687258 0.326644 3.95123 0.00612356 0.00120553
14 7 237 0.0330302 0.658095 0.337488 3.60266 0.00618663 0.00124232
14 8 254 0.0324048 0.650682 0.411073 3.77442 0.00653524 0.00130363
14 9 265 0.031237 0.729805 0.485927 3.99299 0.00646939 0.0012745
14 10 275 0.0319795 0.713581 0.531832 3.87648 0.00666972 0.00132443
14 11 250 0.0343622 0.711286 0.562143 3.33695 0.00601344 0.0012247
14 12 261 0.033947 0.705316 0.691126 3.41197 0.00602966 0.00122263
14 13 239 0.0316533 0.756375 0.695783 3.73128 0.00541144 0.00107083
14 14 273 0.0327037 0.725519 0.744817 3.65637 0.00614416 0.00122952
14 15 263 0.0341701 0.762011 0.89482 3.28704 0.0055334 0.00112465
14 16 282 0.0353279 0.854179 0.942152 3.11345 0.00565945 0.00116439
14 17 289 0.0327004 0.750092 0.955223 3.62726 0.00596419 0.00119347
14 18 318 0.034901 0.822494 1.01785 3.2868 0.00626889 0.001284
14 19 313 0.036146 0.798777 1.13484 3.02964 0.00594106 0.00123287
14 20 286 0.034593 0.828764 1.21206 3.1572 0.00522698 0.00106713
14 21 267 0.034908 0.871274 1.29527 2.99247 0.00467606 0.000957828
14 22 308 0.0335832 0.964666 1.49028 3.27072 0.0049079 0.000991345
14 23 318 0.0341045 0.896256 1.44203 3.24395 0.00523972 0.00106422
15 0 212 0.0338338 0.768626 0.036549 3.33179 0.00545503 0.00110479
15 1 228 0.034637 0.707208 0.0890964 3.29228 0.00602798 0.00123123
15 2 224 0.0337939 0.750413 0.118868 3.39861 0.00579091 0.00117232
15 3 214 0.0323957 0.68439 0.148259 3.6379 0.00569136 0.00113518
15 4 220 0.0313167 0.702704 0.213767 3.86023 0.00575683 0.00113509
15 5 247 0.0306959 0.7046 0.276045 4.09223 0.00639482 0.00125252
15 6 248 0.0334365 0.729829 0.343266 3.54161 0.00626752 0.00126401
15 7 255 0.0344036 0.71689 0.403999 3.39103 0.00639299 0.00130257
15 8 210 0.0334121 0.762148 0.402484 3.35247 0.0051646 0.0010413
15 9 241 0.0343966 0.755894 0.497781 3.29513 0.00580137 0.00118194
15 10 241 0.0363737 0.728288 0.484064 2.98504 0.00589018 0.00122523
15 11 230 0.0335674 0.816157 0.567556 3.34964 0.00529595 0.00106955
15 12 279 0.0334819 0.761684 0.600703 3.57015 0.0065019 0.00131191
15 13 262 0.0319049 0.805464 0.715746 3.74893 0.00578651 0.00114814
15 14 289 0.0355447 0.832462 0.827855 3.15028 0.0060843 0.00125466
15 15 303 0.0335169 0.788568 0.850094 3.55194 0.00642491 0.00129685
15 16 280 0.0339941 0.884684 0.972601 3.31239 0.00550346 0.00111649
15 17 312 0.0347574 0.844831 0.983204 3.29793 0.00618731 0.00126538
15 18 312 0.0345825 0.8942 1.01256 3.30141 0.00602704 0.00123033
15 19 308 0.0371358 0.932907 1.17577 2.80678 0.00554465 0.00116257
15 20 303 0.0381547 0.956752 1.29031 2.59087 0.00519917 0.00110173
15 21 333 0.0346532 0.972497 1.4101 3.18889 0.00545091 0.00111355
15 22 299 0.0346088 0.969313 1.44333 3.07761 0.00484014 0.000988316
15 23 310 0.0357345 1.03994 1.53847 2.87651 0.00477212 0.000986033
16 0 221 0.0337341 0.754491 0.038058 3.39783 0.00572525 0.00115829
16 1 203 0.0334118 0.769334 0.0757123 3.36213 0.00521447 0.00105136
16 2 267 0.0328958 0.73989 0.104138 3.74303 0.00694445 0.00139251
16 3 215 0.0348341 0.7795 0.13875 3.16226 0.00547282 0.00112016
16 4 258 0.0327014 0.776271 0.219515 3.7161 0.00651965 0.00130463
16 5 241 0.0334989 0.714955 0.251257 3.52538 0.00623625 0.00125853
16 6 257 0.0323799 0.837667 0.334113 3.72593 0.00619649 0.00123572
16 7 257 0.0337205 0.784307 0.387945 3.49266 0.00627959 0.00127026
16 8 254 0.0306458 0.795808 0.419165 4.06062 0.00613144 0.00120029
16 9 249 0.0314985 0.845401 0.49399 3.82726 0.00577646 0.00114118
16 10 279 0.0362622 0.817598 0.517818 3.10257 0.00650928 0.00135243
16 11 271 0.0315577 0.831686 0.613422 3.873 0.00611849 0.00120951
16 12 242 0.0338257 0.870537 0.672653 3.30155 0.00528493 0.00107025
16 13 277 0.0336736 0.832533 0.723052 3.46239 0.00604161 0.00122151
16 14 291 0.0339822 0.824374 0.790648 3.43743 0.00622348 0.0012624
16 15 268 0.0382333 0.88269 0.855765 2.63399 0.0054906 0.00116444
16 16 286 0.036614 0.96941 0.978702 2.87073 0.005455 0.00113756
16 17 289 0.0362229 0.870323 1.0253 2.95811 0.00559878 0.00116278
16 18 297 0.0369879 0.931859 1.00843 2.85291 0.0056769 0.00118846
16 19 293 0.0367355 0.93826 1.19129 2.81111 0.00523712 0.00109351
16 20 327 0.0366749 0.988101 1.26051 2.89156 0.0056228 0.0011733
16 21 333 0.0342541 1.08286 1.46483 3.21084 0.00520279 0.0010584
16 22 343 0.0335526 1.00012 1.37606 3.41588 0.00564362 0.00113958
16 23 318 0.0380752 1.14331 1.59967 2.49735 0.00468044 0.000990995
17 0 227 0.0313701 0.77611 0.0497149 3.86006 0.00581785 0.00114777
17 1 229 0.0343744 0.806688 0.0392535 3.29598 0.00578418 0.00117816
17 2 272 0.0316689 0.834871 0.124003 3.94903 0.00674866 0.00133567
17 3 269 0.0326825 0.847412 0.137217 3.73596 0.00662689 0.00132582
17 4 272 0.0330659 0.835549 0.220727 3.67309 0.00668173 0.00134225
17 5 262 0.0334175 0.869072 0.267591 3.54919 0.00629353 0.001269
17 6 258 0.0328687 0.901823 0.337606 3.60752 0.00603391 0.00120958
17 7 246 0.0324536 0.873704 0.36965 3.64484 0.00579439 0.00115645
17 8 252 0.0355438 0.837797 0.365608 3.14295 0.00603898 0.0012453
17 9 267 0.0335371 0.90227 0.505024 3.4843 0.00602651 0.0012167
17 10 256 0.0353191 0.899969 0.53289 3.12971 0.00574394 0.00118167
17 11 253 0.0324546 0.913309 0.595004 3.6021 0.00555303 0.00110829
17 12 262 0.033434 0.935366 0.665952 3.42708 0.00558671 0.00112667
17 13 323 0.0334414 0.920381 0.700688 3.63083 0.00685841 0.00138325
17 14 317 0.0365383 0.95007 0.816325 3.0456 0.00642133 0.00133801
17 15 281 0.0342686 1.01547 0.939961 3.23509 0.0053439 0.00108727
17 16 283 0.0337978 0.918812 0.901266 3.37106 0.00563743 0.00114129
17 17 335 0.0320517 1.04117 1.03517 3.77693 0.00612284 0.00121677
17 18 291 0.0348017 1.02161 1.14767 3.10765 0.0051537 0.00105448
17 19 296 0.0356184 1.05854 1.15405 2.97586 0.0051723 0.00106742
17 20 335 0.0341179 1.08951 1.27178 3.30387 0.00557633 0.00113275
17 21 325 0.0354907 1.11077 1.43982 2.97959 0.00508452 0.0010479
17 22 304 0.0361583 1.12706 1.41838 2.8081 0.00476976 0.000989933
17 23 320 0.0321786 1.24103 1.72078 3.42875 0.00442964 0.000881481
18 0 236 0.0325335 0.876086 0.0332655 3.62405 0.00576159 0.00115088
18 1 248 0.0325257 0.911475 0.0752746 3.65632 0.00594171 0.00118676
18 2 269 0.0366261 0.885452 0.115425 3.04635 0.00651457 0.00135869
18 3 234 0.0332116 0.92551 0.229201 3.45152 0.00549858 0.00110629
18 4 254 0.0345371 0.959748 0.208478 3.28509 0.00588367 0.00120049
18 5 260 0.0327899 0.880955 0.271312 3.65041 0.00620687 0.00124321
18 6 269 0.0344734 0.919538 0.316421 3.35822 0.00626133 0.00127669
18 7 292 0.035123 0.910114 0.374776 3.3246 0.00675671 0.00138716
18 8 261 0.0341397 0.941349 0.402074 3.36016 0.00592169 0.00120318
18 9 302 0.0338768 0.910589 0.497672 3.54515 0.00680383 0.00137858
18 10 274 0.0318884 0.983303 0.588076 3.76303 0.00584977 0.00116048
18 11 297 0.0322779 0.973548 0.618432 3.76462 0.0063169 0.00125837
18 12 278 0.0340419 1.01507 0.69225 3.33867 0.00569763 0.00115646
18 13 319 0.0346847 0.916763 0.704242 3.40113 0.00677587 0.00138468
18 14 291 0.0336384 1.07714 0.901858 3.37092 0.00547902 0.00110735
18 15 320 0.0340178 1.01064 0.85875 3.43625 0.00625513 0.0012693
18 16 306 0.0343333 1.07371 0.986893 3.27401 0.0056185 0.00114392
18 17 336 0.0355627 1.1133 1.04177 3.13053 0.00598289 0.00123398
18 18 328 0.0341794 1.06456 1.09246 3.33912 0.00583865 0.00118681
18 19 326 0.0330504 1.20376 1.28843 3.42934 0.00522148 0.00104874
18 20 366 0.0353117 1.215 1.33971 3.13198 0.00574993 0.00118281
18 21 312 0.0352653 1.18821 1.40591 2.96647 0.00483559 0.000994236
18 22 309 0.0334418 1.23957 1.56245 3.20861 0.00449666 0.000906918
18 23 312 0.0337203 1.31328 1.71226 3.10447 0.00425921 0.000861566
19 0 285 0.0331775 0.958628 0.0269988 3.65215 0.00667848 0.00134319
19 1 250 0.0333384 0.896327 0.0248344 3.5229 0.00604322 0.0012175
19 2 240 0.0363336 1.00935 0.127066 2.91598 0.00546244 0.00113577
19 3 262 0.032998 0.965481 0.207285 3.58672 0.00605276 0.00121503
19 4 250 0.0381121 0.91358 0.19971 2.72835 0.0059285 0.00125573
19 5 276 0.0307521 0.988193 0.277189 4.05824 0.00625354 0.00122559
19 6 254 0.0326875 1.00806 0.347413 3.57405 0.00564149 0.00112874
19 7 276 0.0351917 1.01954 0.428506 3.19608 0.00601008 0.00123476
19 8 284 0.0327129 1.01565 0.491638 3.64999 0.00611566 0.00122394
19 9 267 0.0315312 1.08332 0.552061 3.7729 0.00550653 0.00108823
19 10 306 0.0356656 1.02695 0.573504 3.18666 0.00643518 0.0013287
19 11 282 0.0333612 1.02323 0.595235 3.49622 0.00590846 0.00119064
19 12 299 0.0390735 1.12226 0.734049 2.56957 0.00580328 0.0012415
19 13 289 0.0349184 1.1213 0.765291 3.16475 0.00556493 0.00114003
19 14 320 0.0331517 1.05308 0.85202 3.57778 0.00617063 0.00124071
19 15 296 0.0338533 1.08088 0.913425 3.34491 0.00554612 0.00112347
19 16 309 0.0342918 1.12968 0.933785 3.28753 0.00565433 0.00115071
19 17 308 0.0319747 1.27262 1.13611 3.60059 0.00505702 0.00100414
19 18 342 0.035059 1.20391 1.15783 3.16585 0.0057037 0.00117018
19 19 324 0.0360386 1.23943 1.28561 2.90185 0.00513974 0.00106538
19 20 335 0.0371103 1.2259 1.3431 2.75435 0.00524106 0.00109862
19 21 342 0.0375229 1.26807 1.38642 2.68749 0.00521697 0.00109828
19 22 353 0.0359244 1.33003 1.55202 2.89989 0.00503678 0.00104279
19 23 307 0.0335848 1.43866 1.7756 3.06484 0.00399581 0.000807126
20 0 276 0.0329358 1.04916 -0.00159886 3.61943 0.0061826 0.00124027
20 1 250 0.0329797 1.00749 0.0775969 3.53171 0.00570954 0.00114591
20 2 254 0.0349048 1.07906 0.151846 3.16902 0.00557591 0.00114211
20 3 276 0.0351935 1.04617 0.221758 3.21398 0.00612042 0.00125746
20 4 285 0.0327428 1.0094 0.279621 3.68825 0.00638981 0.00127921
20 5 259 0.0328958 1.0305 0.339411 3.5454 0.00569912 0.00114279
20 6 294 0.0321619 1.04122 0.30557 3.81061 0.0064687 0.00128702
20 7 274 0.0356491 1.0943 0.434553 3.0783 0.00575884 0.00118885
20 8 289 0.0341312 1.04653 0.481126 3.39971 0.00615142 0.00124975
20 9 274 0.0349819 1.10797 0.504982 3.16858 0.00564607 0.00115742
20 10 303 0.0364468 1.12317 0.603777 3.00378 0.00607073 0.00126375
20 11 288 0.0386843 1.11624 0.630682 2.61547 0.00575083 0.00122534
20 12 314 0.0341494 1.181 0.703939 3.37106 0.00599665 0.00121854
20 13 315 0.0340596 1.18138 0.800011 3.36536 0.00586992 0.00119166
20 14 313 0.0336131 1.14272 0.860492 3.43625 0.00582251 0.00117646
20 15 320 0.0364978 1.21304 0.985957 2.91486 0.0055988 0.00116613
20 16 314 0.0333331 1.19078 0.980012 3.43812 0.00554658 0.00111738
20 17 363 0.0347538 1.30158 1.1182 3.25676 0.00593419 0.00121356
20 18 357 0.0370055 1.29208 1.20072 2.85717 0.00571655 0.00119698
20 19 333 0.0360731 1.40737 1.3818 2.84636 0.00488917 0.00101381
20 20 347 0.0358357 1.36142 1.35294 2.94713 0.00520564 0.00107675
20 21 347 0.0327845 1.52733 1.57646 3.36712 0.00467082 0.000935491
20 22 353 0.0321742 1.43893 1.56903 3.52492 0.00487268 0.0009696
20 23 291 0.0304336 1.523 1.7761 3.60358 0.00371324 0.00072525
21 0 266 0.0337699 1.11461 0.0367962 3.3985 0.00576565 0.00116691
21 1 317 0.0350813 1.13362 0.053688 3.33856 0.00680428 0.00139631
21 2 321 0.0313872 1.07552 0.116281 4.0522 0.00707455 0.00139596
21 3 306 0.0347824 1.12008 0.148407 3.35592 0.00658457 0.00134698
21 4 294 0.0350201 1.11156 0.241959 3.27212 0.00630216 0.00129244
21 5 266 0.0352196 1.02157 0.276597 3.17826 0.00593131 0.00121894
21 6 334 0.0363704 1.10297 0.350415 3.17097 0.00709005 0.00147476
21 7 309 0.0334284 1.1488 0.419529 3.55622 0.00635049 0.00128063
21 8 320 0.031977 1.18081 0.501092 3.83377 0.00638783 0.00126842
21 9 292 0.0336007 1.19238 0.584527 3.41773 0.00570304 0.00115217
21 10 290 0.0338156 1.22235 0.592513 3.35803 0.005582 0.00113028
21 11 292 0.0340081 1.20911 0.687084 3.31559 0.00553477 0.00112301
21 12 349 0.0361682 1.26718 0.729757 3.09994 0.00639629 0.00132765
21 13 336 0.0383438 1.18936 0.746594 2.75993 0.00632799 0.00134357
21 14 340 0.035008 1.28579 0.912562 3.2103 0.00591239 0.00121235
21 15 327 0.0347071 1.27019 0.930677 3.22294 0.00569163 0.00116339
21 16 332 0.0360823 1.37777 1.06471 2.93838 0.00536827 0.00111326
21 17 333 0.033005 1.35997 1.11601 3.46066 0.00534278 0.00107258
21 18 376 0.0351598 1.44225 1.25907 3.13993 0.00565192 0.00116079
21 19 345 0.0359455 1.44019 1.36772 2.8966 0.00503725 0.00104312
21 20 334 0.0323354 1.47854 1.4289 3.46704 0.0047428 0.000945378
21 21 353 0.0334498 1.47407 1.49333 3.29932 0.00493072 0.000994546
21 22 358 0.0337879 1.65526 1.70734 3.14873 0.00450569 0.000912077
21 23 354 0.0378714 1.67876 1.79214 2.45055 0.00433486 0.000915887
22 0 289 0.0388842 1.15184 0.0350463 2.65419 0.00614976 0.00131305
22 1 264 0.0295919 1.18507 0.0900375 4.18149 0.00551849 0.00106812
22 2 303 0.034176 1.16153 0.139715 3.43027 0.00639205 0.00129925
22 3 288 0.0338021 1.18459 0.232137 3.42682 0.00596521 0.00120771
22 4 319 0.0377373 1.19519 0.277977 2.88205 0.0065429 0.00138049
22 5 274 0.0365039 1.28901 0.329494 2.86753 0.00534504 0.00111335
22 6 288 0.0356182 1.13937 0.360902 3.12441 0.0060004 0.00123831
22 7 320 0.036791 1.26905 0.410526 2.97652 0.00623237 0.00130207
22 8 321 0.0359018 1.29651 0.462151 3.09926 0.00612585 0.00126797
22 9 318 0.0345796 1.22306 0.537583 3.32809 0.00618691 0.00126292
22 10 304 0.0341446 1.30995 0.595504 3.30926 0.00563263 0.00114451
22 11 345 0.0359908 1.34762 0.704835 3.08961 0.00615411 0.00127501
22 12 327 0.0366817 1.3476 0.750568 2.91727 0.00577535 0.00120522
22 13 357 0.0358044 1.36937 0.84196 3.11439 0.00612251 0.00126598
22 14 359 0.0336047 1.36223 0.853267 3.49362 0.0061571 0.00124395
22 15 343 0.0357798 1.51777 1.04853 2.97547 0.00530721 0.00109712
22 16 320 0.0359726 1.44236 1.1038 2.88704 0.00501102 0.00103798
22 17 363 0.0360554 1.4296 1.11492 3.00128 0.00569231 0.00118013
22 18 348 0.0370073 1.53288 1.33171 2.72133 0.00499182 0.00104525
22 19 328 0.0351395 1.53353 1.34274 2.95687 0.00469054 0.000963136
22 20 325 0.0370748 1.54662 1.39358 2.62248 0.0045688 0.000957347
22 21 340 0.0355317 1.67628 1.60721 2.82051 0.00436591 0.000900183
22 22 315 0.0334277 1.75551 1.75946 3.04741 0.00381745 0.000769815
22 23 340 0.0332283 1.8111 1.93182 3.10494 0.00389993 0.000784786
23 0 295 0.0368449 1.28982 0.0267737 2.90793 0.00586781 0.0012266
23 1 309 0.0356434 1.25513 0.108264 3.15905 0.00623738 0.00128756
23 2 341 0.0324241 1.31918 0.130913 3.79078 0.0066674 0.00133026
23 3 323 0.0321791 1.3385 0.190236 3.77073 0.00623634 0.00124101
23 4 328 0.0339802 1.29608 0.271317 3.46852 0.00641778 0.00130178
23 5 346 0.0337376 1.40404 0.353589 3.50614 0.00638411 0.00129163
23 6 311 0.0361654 1.31259 0.334634 3.03595 0.00599711 0.00124475
23 7 319 0.0327429 1.4163 0.42743 3.59141 0.00580015 0.00116117
23 8 337 0.0332474 1.29266 0.501877 3.5968 0.00639994 0.00128813
23 9 329 0.0368321 1.34982 0.527669 2.94319 0.00606642 0.00126795
23 10 360 0.0353517 1.39492 0.655002 3.22662 0.00636248 0.00130936
23 11 345 0.033896 1.41593 0.710197 3.4126 0.00597946 0.00121179
23 12 345 0.0362587 1.41127 0.756526 3.01047 0.00593334 0.00123272
23 13 352 0.0356809 1.49926 0.882632 3.06203 0.00569522 0.00117611
23 14 344 0.0339271 1.51837 0.942531 3.31511 0.00545386 0.00110564
23 15 368 0.035364 1.4854 0.965089 3.14467 0.0058737 0.00120893
23 16 335 0.037688 1.48964 1.05682 2.66413 0.00522342 0.00110153
23 17 335 0.0349892 1.57906 1.20171 3.02458 0.00489485 0.0010035
23 18 334 0.034275 1.61823 1.31334 3.10371 0.00469118 0.000954529
23 19 360 0.0344339 1.75353 1.47779 3.07221 0.00467206 0.000952235
23 20 353 0.0339753 1.81933 1.54717 3.09793 0.00442656 0.000897838
23 21 353 0.0312836 1.8336 1.60799 3.58625 0.00434813 0.000857028
23 22 311 0.0361492 1.75796 1.74138 2.57786 0.00378341 0.000785147
23 23 292 0.0303401 1.97338 1.98856 3.47054 0.00318709 0.000621861
