#  ix    iy     Npi     E/N       Tpi    Uxpi    Uypi     mupi     rho    epsilon
0 0 354 0.0449758 -0.000635968 0.0342897 2.74571 0.0144997 0.0032937
0 1 390 0.0444552 0.0376931 0.0589944 2.89969 0.0159446 0.00360308
0 2 375 0.0454964 0.0280091 0.109321 2.73965 0.0152719 0.00348722
0 3 389 0.0456621 0.00618377 0.215881 2.74161 0.0155833 0.00356421
0 4 356 0.0491468 0.0120529 0.244753 2.2854 0.0141709 0.00335461
0 5 379 0.0482782 0.0155704 0.296192 2.4213 0.0148916 0.00349533
0 6 381 0.044396 -0.0254216 0.369847 2.82118 0.014641 0.00330655
0 7 362 0.0470253 0.071697 0.430393 2.45915 0.013598 0.00315253
0 8 379 0.0465917 0.0501303 0.463832 2.5395 0.0140763 0.00324941
0 9 385 0.0474938 0.00782293 0.546472 2.42846 0.0138458 0.00322486
0 10 384 0.0499262 0.0482126 0.595113 2.16234 0.0135125 0.00322315
0 11 399 0.0458068 0.0613615 0.660708 2.59152 0.0136256 0.00312095
0 12 412 0.0453803 0.036839 0.725082 2.64122 0.0136639 0.00311642
0 13 430 0.0467227 0.0498764 0.815378 2.4947 0.013648 0.00315464
0 14 412 0.0471494 0.0211764 0.89912 2.36633 0.0125546 0.00291421
0 15 406 0.0451567 0.0414553 0.993052 2.51957 0.0118016 0.00268568
0 16 419 0.0474365 0.0527996 1.04502 2.27995 0.0118645 0.00276182
0 17 433 0.0460343 0.0404343 1.15854 2.40509 0.0115913 0.002661
0 18 437 0.0481721 0.0379931 1.23806 2.15161 0.0112504 0.00263793
0 19 438 0.0498449 0.0253372 1.27806 1.96989 0.0110604 0.00263617
0 20 435 0.0464953 0.0024795 1.44184 2.22375 0.0101601 0.00234316
0 21 406 0.0438097 0.0323133 1.52783 2.41471 0.00911103 0.00204555
0 22 430 0.0458757 0.0538434 1.72601 2.15038 0.00883138 0.00202421
0 23 425 0.0425659 0.0263218 1.90536 2.44515 0.0080939 0.0017945
1 0 345 0.0452622 0.0717417 0.0171928 2.68582 0.014101 0.00321234
1 1 358 0.0465971 0.0868007 0.0760165 2.57378 0.0145754 0.00336482
1 2 330 0.0488231 0.0710946 0.120074 2.26096 0.0133948 0.00316086
1 3 362 0.0496945 0.0618746 0.17845 2.26052 0.0145783 0.00346955
1 4 399 0.0468974 0.0658196 0.22382 2.63054 0.0159248 0.00368729
1 5 371 0.0459716 0.0835028 0.302996 2.63616 0.0145054 0.00332791
1 6 411 0.0455117 0.0655242 0.329367 2.78253 0.0159679 0.0036467
1 7 360 0.0472728 0.0696435 0.421556 2.43106 0.0135675 0.00315317
1 8 405 0.048593 0.078768 0.457706 2.4006 0.015054 0.00354439
1 9 400 0.0478342 0.0575497 0.515567 2.44325 0.0145519 0.00340071
1 10 410 0.0469715 0.0860341 0.592669 2.5232 0.0144158 0.00334034
1 11 395 0.0443457 0.091309 0.682378 2.73343 0.013334 0.00300986
1 12 437 0.0463337 0.0693852 0.740569 2.58774 0.0143704 0.00330884
1 13 426 0.0489255 0.0861134 0.809335 2.26168 0.0135409 0.00319854
1 14 385 0.0465498 0.109132 0.92482 2.34591 0.0115472 0.00266448
1 15 429 0.0495143 0.0739428 0.918347 2.15799 0.0129306 0.00307201
1 16 423 0.0462686 0.0896325 1.05562 2.40608 0.0118998 0.0027382
1 17 430 0.0484577 0.0913413 1.1516 2.14777 0.011534 0.00271201
1 18 456 0.0483306 0.0823883 1.28358 2.15503 0.0114708 0.0026938
1 19 465 0.0459305 0.104908 1.36343 2.38641 0.0112493 0.00257983
1 20 445 0.0460517 0.127451 1.46548 2.28054 0.0102532 0.00235423
1 21 413 0.0429921 0.15495 1.64146 2.4745 0.00877773 0.00195453
1 22 448 0.0418667 0.120793 1.75256 2.64713 0.00908315 0.00199958
1 23 441 0.0433973 0.0863875 1.85305 2.40282 0.00857622 0.00191749
2 0 350 0.0473665 0.190166 0.0385476 2.45853 0.0140816 0.00327567
2 1 342 0.0488734 0.134774 0.0624682 2.29043 0.0138643 0.00327325
2 2 371 0.043399 0.103682 0.15226 2.95855 0.0149533 0.00334336
2 3 370 0.0474035 0.137201 0.21464 2.49731 0.0146946 0.00341952
2 4 384 0.0437398 0.156384 0.238018 2.93048 0.0151358 0.00339582
2 5 354 0.0451496 0.138491 0.305944 2.6734 0.0137533 0.00312961
2 6 375 0.0455353 0.11813 0.355882 2.67591 0.0143904 0.00328721
2 7 417 0.0453005 0.173469 0.419665 2.78008 0.0155609 0.00354627
2 8 380 0.0479419 0.133914 0.475723 2.39087 0.0139618 0.00326627
2 9 419 0.0438865 0.171868 0.525875 2.90602 0.0150258 0.00337612
2 10 421 0.0470394 0.11248 0.61053 2.5328 0.014659 0.00339898
2 11 423 0.0475777 0.133325 0.641088 2.46622 0.0145034 0.00338082
2 12 469 0.0457061 0.138548 0.737672 2.72319 0.0153728 0.00351761
2 13 409 0.0451968 0.104103 0.784768 2.62272 0.0131426 0.00299203
2 14 460 0.046753 0.140377 0.885584 2.51956 0.0140363 0.00324538
2 15 439 0.0477084 0.165661 0.949295 2.33992 0.0129555 0.00302389
2 16 413 0.044036 0.191604 1.03384 2.63545 0.0116648 0.00262489
2 17 478 0.0474118 0.175156 1.1402 2.36089 0.0128319 0.0029863
2 18 425 0.0469357 0.19289 1.22204 2.25192 0.0109494 0.00253622
2 19 475 0.044447 0.15934 1.38787 2.55907 0.0113312 0.00256037
2 20 485 0.0481964 0.156634 1.5483 2.10323 0.0107455 0.00252015
2 21 484 0.047142 0.142372 1.52595 2.22022 0.0108396 0.00251592
2 22 468 0.0460258 0.150862 1.74315 2.20889 0.00951748 0.00218473
2 23 451 0.0446067 0.149592 1.91187 2.25879 0.00854623 0.00193417
3 0 399 0.0456413 0.166547 0.0397622 2.77763 0.0161179 0.00368571
3 1 374 0.0445236 0.200429 0.0645835 2.83074 0.0149989 0.00339172
3 2 384 0.0446179 0.175921 0.136409 2.8439 0.0153617 0.00347703
3 3 361 0.0434447 0.166804 0.155214 2.91719 0.0144254 0.00322681
3 4 376 0.0417002 0.175792 0.243823 3.15344 0.0147576 0.00324326
3 5 374 0.0454315 0.177808 0.354903 2.67732 0.0142465 0.00325096
3 6 386 0.0462766 0.176609 0.340151 2.62142 0.0147719 0.00339934
3 7 386 0.0466233 0.177772 0.396238 2.56652 0.0145104 0.00335067
3 8 346 0.0438203 0.218151 0.519481 2.71799 0.0123543 0.00277402
3 9 441 0.0485139 0.177344 0.509456 2.46361 0.0159069 0.0037423
3 10 386 0.0468681 0.155435 0.617435 2.45685 0.0133444 0.00308892
3 11 401 0.0475978 0.200252 0.683524 2.38398 0.0133861 0.00312099
3 12 426 0.0450653 0.206811 0.729284 2.69439 0.0139133 0.00316335
3 13 435 0.04796 0.212645 0.792235 2.3762 0.0137838 0.00322522
3 14 418 0.0449256 0.220969 0.914576 2.60108 0.0124767 0.00283275
3 15 456 0.0463377 0.198058 0.983457 2.50188 0.0131936 0.003038
3 16 449 0.0478779 0.226863 1.08611 2.27226 0.0123196 0.00288028
3 17 449 0.0474315 0.241296 1.14681 2.2872 0.0119446 0.00278034
3 18 427 0.0471899 0.235098 1.22125 2.22681 0.010966 0.00254646
3 19 434 0.0478184 0.248757 1.35119 2.11539 0.0104672 0.00244577
3 20 464 0.045829 0.255248 1.46127 2.34081 0.0106297 0.00243528
3 21 461 0.0490364 0.231262 1.54388 1.96656 0.0101911 0.00240988
3 22 431 0.0470832 0.303056 1.8025 1.98065 0.00847813 0.00196667
3 23 412 0.0437698 0.285151 1.87005 2.27567 0.00789135 0.00177101
4 0 375 0.0449829 0.223001 0.0246143 2.77857 0.0149961 0.00340671
4 1 378 0.0455041 0.199296 0.0839801 2.73024 0.0151417 0.00345776
4 2 349 0.0463113 0.277948 0.14147 2.53904 0.0136546 0.00314332
4 3 360 0.0473471 0.207611 0.215534 2.46431 0.0141347 0.00328739
4 4 349 0.0471061 0.211958 0.243735 2.45163 0.0136109 0.00315803
4 5 412 0.0431133 0.244751 0.325007 3.03756 0.0156403 0.00348689
4 6 331 0.0466335 0.254351 0.344514 2.41392 0.0124703 0.00287987
4 7 397 0.0468326 0.235133 0.397638 2.56213 0.0147706 0.00341785
4 8 424 0.0470672 0.178798 0.459987 2.59101 0.0155827 0.00361415
4 9 417 0.0455179 0.235655 0.555577 2.69448 0.0146321 0.00334185
4 10 392 0.0452443 0.274216 0.642443 2.61956 0.0131706 0.00299984
4 11 400 0.0461364 0.188195 0.658019 2.54859 0.0135284 0.00310886
4 12 420 0.0499748 0.252023 0.759731 2.15219 0.0134383 0.00320698
4 13 412 0.0454739 0.269418 0.842341 2.55366 0.0126485 0.00288753
4 14 417 0.0461626 0.280893 0.913649 2.45497 0.0123542 0.00283976
4 15 421 0.0484999 0.271889 0.974167 2.19402 0.0121312 0.00285361
4 16 430 0.0514048 0.236616 1.0752 1.89257 0.011849 0.00286717
4 17 490 0.0481799 0.300733 1.17103 2.2798 0.0127993 0.00300132
4 18 439 0.0466691 0.273054 1.26201 2.28619 0.0110165 0.00254504
4 19 447 0.0454849 0.278484 1.37954 2.3768 0.0106111 0.00242268
4 20 457 0.0460215 0.364438 1.54491 2.25715 0.00998346 0.0022916
4 21 432 0.0469755 0.343624 1.61454 2.07078 0.00917362 0.00212574
4 22 450 0.0477927 0.333227 1.70094 1.99075 0.00921642 0.00215296
4 23 448 0.0434903 0.358061 1.90885 2.37164 0.00840508 0.00188099
5 0 416 0.0440854 0.316535 0.0162728 2.96137 0.0162524 0.00365902
5 1 384 0.0459227 0.313759 0.0902951 2.67237 0.0149605 0.00343066
5 2 411 0.043734 0.276496 0.149259 2.99103 0.0160697 0.00360511
5 3 358 0.0439366 0.289982 0.234355 2.81129 0.0137477 0.00309049
5 4 352 0.0485031 0.266252 0.251853 2.30396 0.0135452 0.00318633
5 5 380 0.047818 0.283803 0.342477 2.42252 0.0142297 0.00332488
5 6 386 0.0469062 0.279616 0.388399 2.51988 0.0142697 0.00330435
5 7 381 0.0465334 0.276638 0.475634 2.51719 0.0136805 0.00315624
5 8 414 0.0460934 0.270275 0.514784 2.63412 0.0146681 0.00336932
5 9 376 0.0472003 0.327056 0.578961 2.38287 0.0128319 0.00298006
5 10 416 0.0456577 0.299642 0.641726 2.62873 0.0139132 0.00318208
5 11 399 0.0472838 0.321087 0.678646 2.39311 0.0130771 0.00303952
5 12 410 0.0483469 0.312072 0.707154 2.30096 0.0132947 0.00312263
5 13 435 0.0480223 0.276717 0.783682 2.36456 0.0137108 0.00321009
5 14 438 0.0504341 0.318398 0.893866 2.07711 0.0130216 0.00312144
5 15 460 0.0478527 0.363867 0.970694 2.33538 0.0130887 0.00305933
5 16 447 0.0498491 0.365681 1.13198 2.03322 0.0117882 0.00280976
5 17 497 0.046714 0.326515 1.14 2.45701 0.0131311 0.0030349
5 18 455 0.046695 0.380806 1.27261 2.30132 0.0112153 0.00259162
5 19 440 0.0485116 0.355955 1.27537 2.08287 0.0108677 0.0025567
5 20 416 0.0456256 0.384223 1.54216 2.20546 0.00907966 0.00207594
5 21 462 0.0482964 0.41276 1.67439 1.96976 0.00949817 0.0022298
5 22 439 0.0476913 0.45587 1.77564 1.93375 0.00861581 0.00201064
5 23 433 0.0447215 0.402587 1.82552 2.22498 0.00837051 0.00189659
6 0 371 0.0434765 0.343727 -0.0200003 2.91004 0.0143766 0.00321693
6 1 394 0.045305 0.374132 0.0794673 2.74833 0.015082 0.00343728
6 2 387 0.0463788 0.299771 0.107614 2.63327 0.0151126 0.00348129
6 3 383 0.0453101 0.360849 0.207026 2.7079 0.0144926 0.00330312
6 4 402 0.0455615 0.309411 0.250013 2.73489 0.0153086 0.00349787
6 5 370 0.0457755 0.308099 0.322443 2.61121 0.0138491 0.00317114
6 6 408 0.0439009 0.347332 0.357705 2.90025 0.0149644 0.00336281
6 7 430 0.0451863 0.33935 0.399433 2.79587 0.015609 0.00355316
6 8 404 0.0472381 0.387423 0.487535 2.46997 0.014055 0.00326533
6 9 401 0.0421838 0.358773 0.593399 3.00419 0.0135052 0.00298265
6 10 415 0.0477561 0.328535 0.584002 2.42178 0.0141294 0.00329945
6 11 449 0.04718 0.346262 0.709839 2.50312 0.0144409 0.00335306
6 12 430 0.0459412 0.37675 0.761948 2.56225 0.0134276 0.00307971
6 13 420 0.0466 0.421356 0.888537 2.40153 0.0122731 0.00283339
6 14 455 0.0456622 0.382994 0.928602 2.5723 0.0131563 0.0030091
6 15 449 0.0488742 0.417091 0.924293 2.21988 0.0129209 0.00305055
6 16 490 0.0452694 0.462372 1.15049 2.57303 0.0126069 0.00287218
6 17 428 0.0462233 0.405619 1.18331 2.32804 0.010953 0.00251919
6 18 448 0.0473018 0.464204 1.31489 2.19062 0.0107001 0.00248747
6 19 491 0.0451578 0.449985 1.44182 2.45895 0.0111088 0.00252804
6 20 484 0.0434087 0.496075 1.45672 2.6328 0.0108084 0.00241684
6 21 503 0.0470718 0.485839 1.55096 2.22417 0.0108028 0.00250565
6 22 422 0.0443527 0.546055 1.85319 2.21551 0.00795021 0.00179471
6 23 432 0.043387 0.561973 2.01691 2.2872 0.00763047 0.00170586
7 0 399 0.0451104 0.367985 -2.45837e-05 2.78738 0.0153464 0.00349074
7 1 328 0.0442364 0.400565 0.0705953 2.67757 0.012452 0.00280768
7 2 395 0.0456513 0.401857 0.149696 2.6965 0.0148782 0.00340257
7 3 385 0.0464758 0.431109 0.218724 2.56101 0.0142058 0.00327556
7 4 377 0.04516 0.386461 0.256779 2.69114 0.0140156 0.00318962
7 5 386 0.0449045 0.430699 0.334845 2.71058 0.0138875 0.00315239
7 6 387 0.0438543 0.396924 0.365922 2.83598 0.0139567 0.00313488
7 7 423 0.0467977 0.441956 0.428747 2.56523 0.014762 0.00341467
7 8 441 0.046798 0.436225 0.517351 2.5791 0.0149685 0.00346245
7 9 407 0.0455037 0.426453 0.557848 2.62665 0.0136511 0.00311734
7 10 395 0.0476356 0.427803 0.589981 2.35719 0.013083 0.00305146
7 11 421 0.0467446 0.444872 0.71016 2.46087 0.0132246 0.00305744
7 12 451 0.0488202 0.416058 0.735804 2.3137 0.0141162 0.00333099
7 13 433 0.046515 0.421715 0.794714 2.48283 0.0131926 0.0030431
7 14 440 0.0481008 0.421601 0.919055 2.27846 0.0126803 0.00297111
7 15 439 0.0460148 0.479255 1.02997 2.43247 0.011888 0.00272858
7 16 517 0.0460185 0.503557 1.08501 2.5659 0.0135902 0.00311939
7 17 481 0.0466453 0.510471 1.1873 2.37951 0.0120636 0.00278629
7 18 448 0.0470839 0.526327 1.30878 2.20568 0.0106184 0.00246316
7 19 480 0.0469645 0.565118 1.45796 2.21634 0.0105988 0.00245571
7 20 463 0.0443405 0.590623 1.57518 2.41542 0.00969593 0.00218852
7 21 465 0.0470426 0.643461 1.74752 2.04641 0.00901596 0.00209059
7 22 449 0.0481768 0.637721 1.82637 1.8649 0.00845009 0.00198142
7 23 397 0.0456846 0.651189 2.05006 1.91853 0.00685915 0.00156917
8 0 404 0.0483538 0.425689 -0.00613327 2.43644 0.0152342 0.00357841
8 1 373 0.0479365 0.436687 0.107512 2.38999 0.0139419 0.00326144
8 2 405 0.0459753 0.446966 0.117594 2.67374 0.015067 0.00345688
8 3 400 0.0464453 0.429944 0.203336 2.60554 0.0148044 0.00341253
8 4 410 0.0483401 0.476715 0.267544 2.40511 0.014744 0.00346281
8 5 402 0.0472951 0.462671 0.338313 2.48091 0.0142939 0.00332272
8 6 400 0.0479471 0.42618 0.346599 2.41904 0.0143683 0.00336154
8 7 393 0.0477416 0.45609 0.464837 2.37746 0.0134969 0.00315129
8 8 426 0.0466644 0.467726 0.487576 2.55913 0.0144665 0.00334191
8 9 398 0.0471348 0.480779 0.543308 2.41821 0.0132029 0.00306423
8 10 439 0.0490356 0.482874 0.664769 2.27711 0.0139013 0.00328722
8 11 465 0.0488398 0.478631 0.690913 2.34469 0.0145887 0.00344315
8 12 468 0.0497866 0.486133 0.767398 2.22515 0.014197 0.00338184
8 13 472 0.0466565 0.50102 0.873582 2.50042 0.0136303 0.00314848
8 14 461 0.0481593 0.55408 0.946988 2.27622 0.012727 0.00298377
8 15 459 0.0451856 0.554837 1.06365 2.53675 0.0120448 0.00274181
8 16 461 0.0484126 0.598435 1.13929 2.15737 0.0115928 0.00272463
8 17 489 0.0488151 0.595397 1.22947 2.13819 0.0118379 0.00279324
8 18 437 0.0492358 0.593149 1.31089 1.94997 0.0102212 0.00242173
8 19 448 0.048256 0.606079 1.42403 2.02176 0.00996453 0.00233835
8 20 442 0.0440577 0.686415 1.54252 2.39897 0.00923148 0.00207777
8 21 442 0.0463804 0.659997 1.65686 2.09904 0.00885939 0.00204085
8 22 433 0.0452588 0.738455 1.95983 2.07418 0.00764637 0.00174185
8 23 419 0.0442832 0.759744 2.11384 2.09393 0.00698405 0.0015755
9 0 366 0.0464125 0.499631 0.0172843 2.51064 0.0134168 0.00309167
9 1 386 0.0436864 0.487823 0.115375 2.86885 0.0141423 0.0031712
9 2 373 0.0461754 0.492794 0.180743 2.54491 0.0135356 0.00311171
9 3 390 0.0465564 0.54627 0.184861 2.52677 0.0138461 0.00319516
9 4 425 0.045189 0.539029 0.262842 2.75162 0.0149378 0.00340048
9 5 431 0.0462408 0.519434 0.297837 2.65087 0.015155 0.00348626
9 6 487 0.0452837 0.560629 0.373855 2.84368 0.0165518 0.00377146
9 7 426 0.0481913 0.541713 0.476727 2.37952 0.0141578 0.00332025
9 8 430 0.0494519 0.51544 0.517594 2.25984 0.0142307 0.00337881
9 9 409 0.0458271 0.555344 0.551057 2.55773 0.0132021 0.00302454
9 10 452 0.0489545 0.548358 0.653129 2.29894 0.0140951 0.00333039
9 11 454 0.0465541 0.597306 0.729524 2.50451 0.0135379 0.00312398
9 12 461 0.0459012 0.593067 0.799064 2.56397 0.0133924 0.00307042
9 13 468 0.0488494 0.604771 0.874828 2.23907 0.0131388 0.00310125
9 14 437 0.0468267 0.609959 0.99933 2.32387 0.0116319 0.00269142
9 15 493 0.0459827 0.648631 1.02974 2.51201 0.0128273 0.00294325
9 16 471 0.0460917 0.66684 1.11828 2.41316 0.011758 0.00270081
9 17 415 0.0476562 0.663162 1.21803 2.08109 0.00994752 0.00232062
9 18 446 0.0496888 0.675906 1.38505 1.87903 0.00994935 0.00236776
9 19 475 0.0475235 0.734383 1.43719 2.12501 0.0102532 0.00238881
9 20 474 0.0446716 0.728663 1.61794 2.36115 0.00953748 0.00215992
9 21 481 0.0455274 0.757495 1.75237 2.22366 0.00914706 0.0020893
9 22 432 0.0429652 0.783518 1.84055 2.3745 0.00791668 0.00176232
9 23 398 0.043062 0.813989 2.05508 2.19946 0.00672334 0.00149814
10 0 405 0.0446931 0.586584 0.0398801 2.76434 0.0143086 0.0032411
10 1 413 0.0451723 0.608523 0.0846138 2.71833 0.0144218 0.00328247
10 2 406 0.0489687 0.584182 0.14338 2.30907 0.0142586 0.00336948
10 3 386 0.04719 0.564557 0.222647 2.43648 0.0135241 0.00314049
10 4 416 0.0470861 0.586662 0.225865 2.51245 0.014434 0.00334835
10 5 454 0.047133 0.601331 0.335172 2.56751 0.0153259 0.0035569
10 6 408 0.0429689 0.60533 0.42205 2.9044 0.0134545 0.00299521
10 7 415 0.0449908 0.602463 0.462611 2.67584 0.013544 0.00307708
10 8 412 0.0495864 0.609575 0.472871 2.18436 0.0133691 0.00317841
10 9 436 0.0480685 0.617248 0.581687 2.35377 0.0136274 0.00319202
10 10 469 0.0467237 0.609922 0.676793 2.53485 0.0142086 0.00328426
10 11 433 0.0474582 0.655965 0.711128 2.35001 0.012754 0.00296952
10 12 458 0.0485145 0.668563 0.792942 2.26392 0.0130284 0.0030651
10 13 473 0.0477776 0.68091 0.8908 2.32877 0.012903 0.00301369
10 14 464 0.049641 0.7171 1.01306 2.06525 0.0119307 0.00283796
10 15 458 0.0481536 0.65421 1.0358 2.20704 0.0118694 0.00278257
10 16 470 0.0453855 0.701744 1.13015 2.47468 0.0115742 0.00263996
10 17 448 0.0476316 0.805988 1.30794 2.09048 0.0100161 0.00233605
10 18 471 0.0447619 0.778738 1.31277 2.45451 0.0105784 0.00239783
10 19 483 0.0500932 0.807853 1.48158 1.85449 0.0100915 0.00241107
10 20 432 0.0448607 0.853171 1.62409 2.2215 0.0084737 0.00192265
10 21 467 0.0464034 0.867618 1.75789 2.07808 0.00869705 0.00200391
10 22 435 0.0417624 0.938692 1.97909 2.45585 0.00740393 0.00162819
10 23 417 0.043523 0.94853 2.09589 2.15777 0.00681296 0.00152519
11 0 418 0.0469345 0.614707 0.0370392 2.5389 0.014587 0.00337878
11 1 396 0.0472495 0.627044 0.100493 2.44323 0.0137004 0.00318331
11 2 417 0.0475167 0.654328 0.155662 2.45002 0.014181 0.00330368
11 3 398 0.0456003 0.580769 0.165896 2.63856 0.0139623 0.00319148
11 4 425 0.0483892 0.591596 0.260285 2.39232 0.0146286 0.00343734
11 5 412 0.0468219 0.660511 0.316428 2.48235 0.0136224 0.00315183
11 6 432 0.0449786 0.643379 0.35883 2.72834 0.0142546 0.00323812
11 7 417 0.0472804 0.685322 0.428435 2.40974 0.0132917 0.00308929
11 8 490 0.0457087 0.687223 0.546057 2.70451 0.0150926 0.00345357
11 9 451 0.0471736 0.689697 0.626529 2.43811 0.013523 0.00313973
11 10 452 0.0457055 0.727722 0.651187 2.57491 0.0132534 0.00303263
11 11 454 0.0481057 0.670907 0.709688 2.32655 0.0133116 0.00311918
11 12 491 0.0488326 0.695923 0.805194 2.28833 0.0137795 0.00325193
11 13 482 0.0454044 0.728829 0.848451 2.60146 0.0131663 0.00300366
11 14 471 0.0505158 0.755733 0.958242 2.00707 0.0122345 0.00293509
11 15 424 0.0471429 0.79462 1.13142 2.15774 0.0101839 0.00236376
11 16 451 0.0463312 0.786224 1.18465 2.28683 0.0106334 0.00244831
11 17 473 0.0456913 0.836682 1.28344 2.35266 0.0105956 0.00242413
11 18 459 0.0459359 0.887917 1.47285 2.21216 0.00945589 0.00216865
11 19 471 0.0468657 0.915611 1.54383 2.10615 0.00939473 0.00217461
11 20 452 0.0460891 0.963706 1.71018 2.07816 0.00840859 0.0019314
11 21 453 0.0463795 1.00243 1.84324 1.99554 0.00798757 0.00184
11 22 421 0.0400677 1.04378 2.02918 2.60981 0.00692547 0.00149681
11 23 408 0.041047 1.1021 2.22018 2.37883 0.00625612 0.00136577
12 0 425 0.0494951 0.709461 0.0271217 2.25368 0.0142025 0.00337355
12 1 408 0.0472474 0.681134 0.0807546 2.44992 0.0137893 0.0032039
12 2 416 0.0465427 0.710991 0.140591 2.52524 0.0138048 0.00318519
12 3 421 0.0473529 0.686152 0.22603 2.45314 0.0139862 0.00325304
12 4 430 0.0465984 0.7218 0.238058 2.53552 0.0140304 0.00323905
12 5 436 0.0460088 0.749012 0.375527 2.57475 0.0136966 0.00314351
12 6 453 0.0465357 0.728847 0.393108 2.56118 0.0142992 0.00329904
12 7 437 0.0486135 0.746551 0.453702 2.2887 0.0134878 0.00317628
12 8 437 0.050552 0.753447 0.486219 2.08973 0.0133341 0.0032
12 9 455 0.0478196 0.753612 0.600896 2.36423 0.0134262 0.0031372
12 10 449 0.0490033 0.790881 0.653641 2.20116 0.0128437 0.00303616
12 11 475 0.0493951 0.787253 0.800636 2.17084 0.0129472 0.00307236
12 12 490 0.0474465 0.787409 0.817322 2.39134 0.0132763 0.00309077
12 13 453 0.0472583 0.812404 0.940362 2.27928 0.0116393 0.00270464
12 14 483 0.0506156 0.890512 1.0258 1.95604 0.0117353 0.00281806
12 15 455 0.0472913 0.91587 1.16235 2.16718 0.0104408 0.00242694
12 16 474 0.0470423 0.922899 1.22919 2.20771 0.0105937 0.00245643
12 17 482 0.0460358 0.87934 1.24891 2.3361 0.0108203 0.00248404
12 18 487 0.0467096 0.960347 1.48787 2.16631 0.00981404 0.00226816
12 19 441 0.0476722 0.979185 1.54569 1.94173 0.00866774 0.00202238
12 20 477 0.0478147 1.01308 1.65284 1.96052 0.00896205 0.00209399
12 21 425 0.0439821 1.1205 1.9293 2.14861 0.00712411 0.00160224
12 22 398 0.0418412 1.12302 2.0157 2.31359 0.00648619 0.00142751
12 23 410 0.0415032 1.15212 2.21257 2.31962 0.00625231 0.00137131
13 0 411 0.0475594 0.83725 0.0201942 2.35201 0.0129137 0.0030097
13 1 440 0.0444175 0.745125 0.0782612 2.80431 0.0144316 0.00325996
13 2 431 0.0490459 0.758929 0.159978 2.28015 0.0139577 0.00330089
13 3 450 0.0453907 0.81374 0.206297 2.67328 0.0141252 0.00322198
13 4 449 0.0443246 0.783121 0.248985 2.79999 0.0142172 0.00320853
13 5 479 0.0478388 0.792808 0.353929 2.46128 0.0148236 0.00346437
13 6 439 0.0462077 0.831155 0.392071 2.51991 0.0132474 0.00304644
13 7 423 0.048999 0.812215 0.491912 2.18015 0.0125714 0.00297166
13 8 469 0.050998 0.809065 0.547756 2.07872 0.0137484 0.00331371
13 9 483 0.0482207 0.850958 0.636869 2.33373 0.0135642 0.00318197
13 10 477 0.0481145 0.85059 0.659078 2.32539 0.013308 0.00311862
13 11 444 0.0479478 0.903775 0.824172 2.19783 0.0115177 0.00269464
13 12 469 0.0482393 0.878461 0.811881 2.23632 0.0123283 0.00289258
13 13 463 0.0469932 0.96595 0.99723 2.25867 0.0110902 0.00257031
13 14 471 0.048684 0.915717 1.01491 2.11327 0.0113972 0.00268581
13 15 496 0.0438933 1.00098 1.15304 2.60574 0.0111372 0.00250255
13 16 475 0.0461256 1.03491 1.25116 2.26819 0.0102086 0.00234571
13 17 494 0.0460333 1.03117 1.35064 2.28401 0.0102684 0.00235727
13 18 444 0.0466383 1.07735 1.4738 2.0582 0.008742 0.00201897
13 19 412 0.0470467 1.07314 1.56754 1.90944 0.00786525 0.00182384
13 20 421 0.0436791 1.12454 1.69489 2.25033 0.00761249 0.00170686
13 21 435 0.0449508 1.20451 1.87016 2.06359 0.00730974 0.00166005
13 22 416 0.04335 1.19152 2.02961 2.15665 0.00666725 0.00148997
13 23 337 0.0406606 1.37222 2.37047 2.15106 0.00473671 0.00102999
14 0 417 0.0496564 0.850898 0.0328208 2.15051 0.0130118 0.00309559
14 1 468 0.0474259 0.84151 0.137147 2.48821 0.0145954 0.00339718
14 2 452 0.0443027 0.806559 0.161221 2.80879 0.0143068 0.00322804
14 3 454 0.0483677 0.877236 0.210373 2.3373 0.0138156 0.00324564
14 4 488 0.050455 0.92039 0.281627 2.17642 0.0144096 0.00345487
14 5 445 0.048386 0.845624 0.349316 2.30906 0.0134556 0.00316163
14 6 480 0.0480964 0.9008 0.4539 2.36714 0.01385 0.00324504
14 7 479 0.046669 0.88042 0.486219 2.51447 0.0138414 0.00319765
14 8 484 0.0486395 0.889057 0.591012 2.29148 0.0135605 0.00319422
14 9 475 0.0482184 0.919778 0.630724 2.29117 0.0129961 0.00304862
14 10 495 0.0474277 0.990219 0.743285 2.35258 0.0127467 0.00296693
14 11 463 0.0488451 0.936341 0.760272 2.15805 0.0121112 0.00285858
14 12 496 0.0467475 1.04054 0.89275 2.36163 0.0119789 0.00276952
14 13 501 0.0477852 0.99336 0.906046 2.27638 0.0122539 0.0028623
14 14 506 0.0489629 1.06927 1.07475 2.08752 0.0114185 0.00269818
14 15 516 0.0470748 1.12929 1.15709 2.25314 0.0111239 0.00258019
14 16 483 0.0463485 1.12457 1.27451 2.22733 0.0100378 0.00231157
14 17 508 0.0446138 1.13068 1.40808 2.42362 0.0100858 0.00228277
14 18 467 0.0468937 1.14518 1.52221 2.04868 0.00889619 0.00205978
14 19 451 0.0437809 1.22296 1.67787 2.2906 0.00802052 0.0018002
14 20 442 0.0429963 1.34132 1.89263 2.27183 0.00717103 0.00159684
14 21 432 0.0432275 1.32621 1.95005 2.20728 0.00691181 0.00154271
14 22 425 0.0423915 1.40873 2.13299 2.22323 0.00634574 0.00140443
14 23 361 0.0428934 1.52842 2.42872 1.897 0.00486861 0.00108301
15 0 454 0.047218 0.949871 0.0495878 2.43044 0.0134819 0.00313157
15 1 453 0.0454582 0.962948 0.0956905 2.60874 0.0133416 0.00304529
15 2 474 0.0488188 0.955438 0.172547 2.30112 0.0139378 0.00328885
15 3 483 0.0484624 0.95322 0.206934 2.35315 0.0141703 0.00333205
15 4 454 0.0474711 0.941358 0.268041 2.39039 0.0132972 0.00309639
15 5 492 0.0466897 0.970165 0.357334 2.52499 0.0140186 0.00323925
15 6 481 0.049732 1.02004 0.434048 2.1579 0.0132042 0.00314367
15 7 456 0.0480315 1.04098 0.518776 2.24555 0.0121839 0.00285286
15 8 459 0.0487567 1.0559 0.573723 2.1603 0.0120327 0.0028376
15 9 484 0.0471985 1.03986 0.669766 2.35453 0.0124711 0.00289622
15 10 472 0.0473485 1.06409 0.729722 2.28786 0.0118501 0.00275608
15 11 512 0.0489863 1.05846 0.75151 2.19985 0.0128056 0.00302665
15 12 519 0.045824 1.13715 0.948678 2.45452 0.0119034 0.00272694
15 13 506 0.0469285 1.20266 1.0541 2.25681 0.0109948 0.00254656
15 14 515 0.0485883 1.16231 1.08229 2.10945 0.0112461 0.00264772
15 15 437 0.047333 1.21339 1.19333 2.02246 0.00907323 0.00210992
15 16 511 0.0449203 1.18871 1.26359 2.42524 0.0104586 0.00237444
15 17 488 0.0456375 1.2527 1.43769 2.22689 0.00928855 0.00212395
15 18 452 0.0465937 1.33084 1.61109 1.97379 0.00799639 0.00184595
15 19 435 0.0456283 1.39138 1.70361 1.99767 0.00737835 0.00168701
15 20 405 0.0423609 1.47613 1.92915 2.22271 0.00631861 0.00139799
15 21 393 0.0438364 1.47669 2.09249 1.96995 0.00585824 0.00131561
15 22 381 0.0440882 1.40627 2.02763 1.94176 0.0058647 0.0013204
15 23 336 0.039478 1.73575 2.54875 2.20135 0.00424786 0.000912541
16 0 482 0.048681 1.0386 0.0259755 2.29753 0.0136991 0.00322817
16 1 529 0.0476726 1.03042 0.111593 2.49369 0.0150536 0.00351235
16 2 487 0.0482759 1.04314 0.186454 2.33802 0.0136985 0.00321522
16 3 475 0.0508009 1.00549 0.213125 2.08437 0.0135752 0.00326573
16 4 504 0.0494984 1.07404 0.303113 2.22348 0.0137844 0.00327435
16 5 495 0.0464006 1.03434 0.355324 2.53202 0.0136895 0.00315414
16 6 509 0.0473244 1.11383 0.477436 2.40407 0.0132772 0.00308726
16 7 487 0.0480152 1.0541 0.526385 2.3055 0.0129153 0.00302363
16 8 478 0.0497848 1.0835 0.547653 2.09442 0.0124551 0.00296685
16 9 501 0.0479707 1.11553 0.664503 2.27962 0.0125285 0.00293178
16 10 540 0.0473303 1.13257 0.721942 2.39889 0.0132166 0.00307336
16 11 526 0.0513822 1.17342 0.810736 1.93814 0.0123758 0.00299398
16 12 511 0.0482314 1.23603 0.967304 2.14587 0.0112532 0.00264012
16 13 505 0.0491995 1.16269 1.00768 2.05197 0.0112788 0.00267136
16 14 459 0.0461282 1.21182 1.08143 2.23344 0.00986263 0.00226627
16 15 458 0.047318 1.28888 1.26812 2.02524 0.00908439 0.0021122
16 16 527 0.04415 1.31947 1.27975 2.4999 0.0103216 0.00232528
16 17 488 0.0486313 1.3291 1.40256 1.90352 0.00919243 0.00216512
16 18 450 0.0442707 1.47205 1.62873 2.18578 0.00764491 0.00172437
16 19 419 0.045671 1.50241 1.7415 1.91823 0.00684694 0.00156617
16 20 434 0.0405652 1.59661 2.01213 2.47281 0.00645291 0.00140181
16 21 398 0.0405538 1.6813 2.17813 2.32747 0.00557156 0.0012102
16 22 339 0.0391197 1.80322 2.34261 2.29801 0.00445188 0.000952844
16 23 289 0.0404652 1.88556 2.54677 1.89253 0.00356448 0.000773541
17 0 506 0.0511597 1.10903 0.0192002 2.07373 0.013886 0.00335211
17 1 513 0.0491087 1.12203 0.0916435 2.27433 0.0139626 0.00330408
17 2 480 0.0488009 1.14388 0.185223 2.22183 0.0128525 0.00303223
17 3 493 0.0469644 1.12068 0.229455 2.44323 0.013298 0.00308111
17 4 522 0.0506695 1.14902 0.318197 2.10928 0.013748 0.00330308
17 5 513 0.0481846 1.21942 0.396239 2.28948 0.0129299 0.00303211
17 6 494 0.0465728 1.18401 0.419411 2.43151 0.01261 0.00291038
17 7 504 0.047688 1.19186 0.525401 2.3125 0.0125787 0.00293535
17 8 531 0.0495608 1.19134 0.575892 2.1681 0.0131209 0.00311863
17 9 512 0.0456876 1.25858 0.670806 2.48142 0.0120468 0.00275605
17 10 494 0.0493943 1.28802 0.781194 2.02572 0.0111973 0.00265709
17 11 537 0.0472938 1.3129 0.878336 2.28692 0.011772 0.00273643
17 12 545 0.046808 1.27571 0.971056 2.34195 0.0118208 0.00273462
17 13 475 0.0490643 1.39451 1.06535 1.90803 0.00963816 0.00227976
17 14 488 0.0479374 1.4125 1.15946 2.01686 0.00960086 0.00224596
17 15 423 0.044476 1.41211 1.29236 2.21102 0.00802711 0.00181431
17 16 480 0.047461 1.44826 1.36889 1.98124 0.008823 0.00205432
17 17 427 0.0470692 1.52835 1.5283 1.8391 0.0073483 0.00170435
17 18 446 0.042356 1.56941 1.67484 2.36781 0.0073009 0.00161524
17 19 446 0.044727 1.63919 1.80085 2.03745 0.0069435 0.00157334
17 20 352 0.040438 1.8077 2.04951 2.22601 0.00495743 0.00107553
17 21 376 0.0384708 1.71795 2.07942 2.57502 0.00535679 0.00113886
17 22 346 0.0371589 1.87284 2.40831 2.57586 0.00441683 0.000926314
17 23 302 0.0353614 2.09925 2.72894 2.61362 0.00345222 0.000710522
18 0 578 0.0489041 1.1888 0.0427218 2.38221 0.0152431 0.00359987
18 1 514 0.0473912 1.26357 0.100756 2.37968 0.0130474 0.00303582
18 2 533 0.0488474 1.27003 0.1455 2.26334 0.0134591 0.00317679
18 3 475 0.048764 1.24857 0.274526 2.15637 0.0119942 0.00282872
18 4 509 0.0505325 1.25272 0.254918 2.0548 0.0128527 0.0030839
18 5 528 0.048823 1.2482 0.374714 2.24428 0.0131731 0.00310855
18 6 511 0.0514658 1.2585 0.465248 1.94167 0.012515 0.0030301
18 7 496 0.0471335 1.28261 0.546199 2.31011 0.0118486 0.00274988
18 8 518 0.0514417 1.33712 0.642394 1.89068 0.0118666 0.00287244
18 9 508 0.048598 1.34424 0.692482 2.12944 0.0114844 0.00270407
18 10 538 0.0479087 1.41323 0.799983 2.2056 0.0115614 0.00270383
18 11 502 0.0470022 1.37634 0.870595 2.228 0.0107655 0.00249527
18 12 534 0.046507 1.48165 1.00053 2.27274 0.0106835 0.00246415
18 13 476 0.0477986 1.45153 1.04205 2.02331 0.00952717 0.00222568
18 14 530 0.0427247 1.51849 1.17843 2.63975 0.0100252 0.00222626
18 15 513 0.0470131 1.63313 1.31749 2.05273 0.00904512 0.00209674
18 16 456 0.0432888 1.70417 1.51607 2.28216 0.00750389 0.0016759
18 17 467 0.044769 1.64389 1.55742 2.14021 0.00773161 0.00175266
18 18 395 0.0449237 1.79199 1.76862 1.86512 0.00597559 0.00135669
18 19 381 0.0403165 1.84245 1.89742 2.3501 0.00552244 0.00119662
18 20 339 0.041911 1.89043 2.0672 1.97653 0.00467102 0.00102875
18 21 305 0.0386945 2.01352 2.21075 2.24204 0.00396442 0.000844794
18 22 278 0.0350288 2.22146 2.61015 2.59014 0.00319108 0.000654481
18 23 248 0.0341159 2.33435 2.86847 2.56139 0.00265301 0.000538909
19 0 582 0.0494771 1.30985 0.0200209 2.27429 0.014473 0.0034372
19 1 565 0.0504816 1.37456 0.119051 2.1153 0.0135891 0.00325898
19 2 561 0.0494424 1.36128 0.147653 2.2125 0.0135601 0.00321929
19 3 531 0.0513604 1.43287 0.255227 1.93593 0.0123239 0.0029808
19 4 484 0.0502251 1.37496 0.312154 1.97046 0.0114754 0.00274522
19 5 507 0.0506093 1.37698 0.393101 1.97029 0.0118967 0.00285663
19 6 502 0.0467335 1.38397 0.483642 2.3304 0.0115933 0.00268001
19 7 513 0.0493249 1.4007 0.530942 2.07412 0.0116734 0.0027682
19 8 510 0.0466497 1.46518 0.644693 2.29346 0.0110741 0.00255786
19 9 513 0.0504444 1.42499 0.719141 1.92206 0.0111622 0.00267599
19 10 528 0.0487893 1.44589 0.768397 2.09236 0.0112787 0.00266063
19 11 499 0.0476788 1.52987 0.893111 2.08934 0.0100533 0.00234581
19 12 517 0.0470695 1.63407 1.0249 2.12209 0.00975218 0.0022619
19 13 503 0.0471538 1.60127 1.08153 2.08443 0.00947491 0.00219943
19 14 467 0.0452011 1.62679 1.16303 2.19349 0.00856015 0.00194889
19 15 469 0.0464339 1.79427 1.44407 1.94721 0.00765508 0.00176436
19 16 421 0.0469964 1.77149 1.44948 1.78489 0.00690763 0.00160099
19 17 426 0.0444589 1.84937 1.63899 2.00951 0.00654928 0.00148003
19 18 356 0.0426356 1.96724 1.79162 1.98116 0.00513283 0.00113881
19 19 394 0.0393838 2.05772 2.02868 2.43204 0.00528087 0.00113336
19 20 334 0.039655 2.0325 2.13265 2.21219 0.00439983 0.000946912
19 21 276 0.0376698 2.18244 2.32493 2.23295 0.00338474 0.000713645
19 22 261 0.0314902 2.44912 2.7464 3.10658 0.00280514 0.000554124
19 23 193 0.0345336 2.52473 3.00017 2.18374 0.00195467 0.00039881
20 0 551 0.0498431 1.49255 0.0439511 2.09766 0.0125656 0.00299488
20 1 542 0.0495522 1.46547 0.101906 2.12044 0.0124998 0.00297076
20 2 551 0.0509114 1.50535 0.17541 1.9865 0.0124369 0.00299511
20 3 565 0.0495454 1.5033 0.280718 2.13484 0.0126727 0.00301164
20 4 554 0.0504768 1.48373 0.334325 2.03009 0.0124737 0.00299133
20 5 506 0.0501497 1.53629 0.409331 1.93904 0.0110411 0.00263939
20 6 558 0.047815 1.58718 0.520847 2.23103 0.0117463 0.00274453
20 7 517 0.048245 1.55357 0.593176 2.11438 0.0109192 0.00256211
20 8 531 0.0477277 1.59822 0.663537 2.16413 0.0108885 0.00254193
20 9 461 0.0493588 1.60587 0.750738 1.84168 0.00928288 0.00220205
20 10 497 0.0478459 1.61521 0.843071 2.04675 0.00980034 0.00229056
20 11 494 0.0477966 1.69518 1.00498 1.98438 0.0091615 0.00214021
20 12 467 0.0456457 1.72146 1.03761 2.14024 0.00852528 0.00194958
20 13 492 0.045669 1.89159 1.19937 2.10129 0.00822054 0.00188033
20 14 472 0.0441435 1.90367 1.31558 2.20421 0.0076737 0.00172865
20 15 441 0.045748 1.90954 1.42549 1.93103 0.00699381 0.00160099
20 16 435 0.0421244 2.03232 1.60028 2.26923 0.00642839 0.00141887
20 17 408 0.0413255 2.16318 1.82606 2.22668 0.00556949 0.00121934
20 18 361 0.0388292 2.13356 1.85409 2.44181 0.00493451 0.00105298
20 19 336 0.0385988 2.24477 2.02732 2.34217 0.00432252 0.000920192
20 20 310 0.0360305 2.27859 2.29305 2.58914 0.00375464 0.000778208
20 21 270 0.0345394 2.67654 2.72149 2.54368 0.0028043 0.000572194
20 22 214 0.0318781 2.63712 2.79025 2.79192 0.00221066 0.000438505
20 23 156 0.032622 2.76165 3.07075 2.26471 0.0015046 0.000300827
21 0 556 0.0487157 1.6259 0.0494291 2.15612 0.0119337 0.00281312
21 1 553 0.0468318 1.67179 0.128047 2.32138 0.0116091 0.00268628
21 2 582 0.0500625 1.62748 0.190694 2.06546 0.0124254 0.00296779
21 3 540 0.0494818 1.62068 0.291416 2.04281 0.0114875 0.0027283
21 4 530 0.0488023 1.70213 0.3389 2.05179 0.0108443 0.00255847
21 5 599 0.0476178 1.69869 0.453291 2.28399 0.0121373 0.00283038
21 6 520 0.0484848 1.73483 0.5335 2.03037 0.0102842 0.00241878
21 7 585 0.0492517 1.70646 0.595663 2.07554 0.0116068 0.00275045
21 8 558 0.0484181 1.7554 0.736685 2.07058 0.0106348 0.00249962
21 9 485 0.048672 1.73622 0.816263 1.89892 0.00918743 0.00216481
21 10 500 0.0472965 1.82765 0.888674 2.02339 0.00904732 0.00210313
21 11 489 0.047558 1.79009 0.914085 1.98294 0.00892698 0.00208052
21 12 522 0.0456509 1.74439 1.02344 2.24605 0.00948217 0.00216852
21 13 440 0.0444252 1.92354 1.18799 2.12113 0.00729449 0.00164788
21 14 434 0.0442939 2.06031 1.41271 2.03768 0.00661015 0.00149132
21 15 421 0.0442541 2.07693 1.46002 1.99791 0.00632341 0.00142605
21 16 387 0.0421676 2.11078 1.57315 2.13163 0.00563222 0.00124368
21 17 345 0.0392671 2.28911 1.79224 2.30997 0.00459901 0.000985832
21 18 315 0.0396098 2.3993 2.0509 2.09756 0.00389906 0.000838748
21 19 304 0.0396731 2.36527 2.03901 2.06305 0.0037996 0.000817887
21 20 258 0.0395186 2.70416 2.51863 1.7653 0.002762 0.000593591
21 21 201 0.0343366 2.73221 2.60076 2.2945 0.00211092 0.000429795
21 22 167 0.0279587 2.98882 3.11038 3.28751 0.00154566 0.000293932
21 23 119 0.0297786 2.84035 2.97083 2.57466 0.00115295 0.000223607
22 0 549 0.0489718 1.8315 0.0505463 2.02904 0.0107793 0.00254737
22 1 585 0.0482455 1.86067 0.104808 2.15178 0.0113361 0.00265994
22 2 542 0.0488991 1.74597 0.188087 2.05575 0.010992 0.00259579
22 3 506 0.0474682 1.82335 0.308954 2.09201 0.00986386 0.00229684
22 4 523 0.0515526 1.85641 0.344205 1.71264 0.0100324 0.00243105
22 5 544 0.0485002 1.85296 0.496687 2.03092 0.0103057 0.00242423
22 6 574 0.0495946 1.86922 0.559902 1.96358 0.0107291 0.00255098
22 7 530 0.0455878 1.95205 0.654819 2.25377 0.00948966 0.00216886
22 8 486 0.0490669 1.90774 0.744653 1.80993 0.0087397 0.00206729
22 9 483 0.0483704 2.05392 0.865971 1.80342 0.0081026 0.00190355
22 10 498 0.0490754 2.17314 0.925839 1.71524 0.00795677 0.00188225
22 11 484 0.0462726 2.05542 1.03702 1.99634 0.00790279 0.00181854
22 12 487 0.0442433 2.0776 1.14482 2.203 0.00775318 0.0017483
22 13 439 0.0426652 2.15495 1.28584 2.23807 0.00666034 0.00147815
22 14 445 0.0462829 2.18085 1.35271 1.81837 0.00662165 0.00152389
22 15 425 0.0419151 2.3066 1.53982 2.21097 0.00590817 0.00130128
22 16 340 0.042175 2.47258 1.76901 1.87328 0.00435386 0.000961475
22 17 319 0.0405901 2.1687 1.66403 2.10722 0.0044916 0.000975987
22 18 288 0.039476 2.63958 2.12046 1.96219 0.00334333 0.000718211
22 19 224 0.035784 2.82928 2.39681 2.17717 0.00239039 0.000494168
22 20 221 0.0366339 2.68862 2.42693 2.05093 0.00241049 0.000502777
22 21 149 0.0341674 2.96401 2.71839 1.96434 0.00147349 0.000299476
22 22 121 0.0275214 3.02474 2.931 3.09573 0.00114555 0.000216812
22 23 103 0.0249425 3.63485 3.58369 3.4519 0.000811565 0.000149338
23 0 531 0.0499444 1.94623 0.0602509 1.85376 0.00994196 0.00237189
23 1 527 0.0490344 1.89103 0.144227 1.95518 0.0100738 0.00238211
23 2 530 0.0470465 2.03535 0.218897 2.10187 0.00953406 0.00221081
23 3 508 0.0450416 1.98993 0.297527 2.29057 0.00926615 0.00210626
23 4 549 0.0445821 1.93603 0.372687 2.43631 0.0101779 0.00230288
23 5 504 0.0492279 2.01951 0.422398 1.8245 0.00900903 0.00213436
23 6 534 0.0475833 2.09283 0.559396 2.00746 0.00917247 0.00213827
23 7 483 0.0480203 2.07835 0.658959 1.85708 0.00825243 0.00193209
23 8 442 0.0467305 2.15717 0.786967 1.85891 0.00723278 0.00167194
23 9 506 0.0448954 2.16245 0.848996 2.18467 0.00819922 0.00186101
23 10 457 0.0449976 2.28216 1.03981 2.00602 0.0069371 0.00157616
23 11 457 0.0451501 2.2085 1.05257 2.01026 0.0070865 0.00161256
23 12 435 0.0439024 2.32643 1.18832 2.04654 0.00637346 0.00143227
23 13 426 0.0412729 2.50578 1.37113 2.26863 0.00576896 0.00126233
23 14 348 0.0408093 2.51253 1.49893 2.10507 0.00461285 0.00100459
23 15 375 0.0378547 2.6325 1.70982 2.52642 0.00466504 0.000985478
23 16 309 0.0416567 2.54202 1.68759 1.8394 0.00394406 0.000866398
23 17 274 0.0364584 2.77317 2.05083 2.33855 0.003127 0.000651028
23 18 258 0.0334709 2.92746 2.24548 2.71748 0.00276613 0.000558064
23 19 181 0.0322372 3.10951 2.51298 2.51696 0.00179998 0.000358412
23 20 152 0.0282285 3.29728 2.81922 3.12289 0.00139927 0.000266872
23 21 120 0.0333006 3.41756 3.03977 1.78004 0.00105044 0.000211544
23 22 98 0.025886 3.5204 3.26399 3.19078 0.000819045 0.000152279
23 23 38 0.0238698 3.70122 3.61096 2.77185 0.000295703 5.3776e-05
