#  ix    iy     NB       E/N    TB    UxB       UyB       muB       rhoB     epsilonB
0 0 20 0.119083 0.00886864 -0.00356965 1.78095 0.00172406 0.00239342
0 1 16 0.0886006 -0.0255925 0.140812 5.47153 0.0013654 0.00182112
0 2 12 0.112208 -0.0269939 0.287042 1.9413 0.000993996 0.0013675
0 3 0 0 0 0 0 0 0
0 4 20 0.14367 0.0394278 0.391017 -0.316386 0.00160467 0.00230073
0 5 25 0.108724 0.024924 0.379743 3.03951 0.00201424 0.00275847
0 6 19 0.137463 0.0104999 0.473339 0.0518012 0.00148039 0.00210534
0 7 14 0.127084 -0.0439606 0.633977 0.516995 0.00101861 0.00142902
0 8 19 0.0914436 -0.0404436 0.672262 4.99762 0.00135856 0.00181877
0 9 18 0.725681 -0.0267036 0.612923 -10.2419 0.00132265 0.00171237
0 10 10 0.717365 0.011528 0.689525 -10.8204 0.000709678 0.000908258
0 11 13 0.718985 0.0922756 0.919804 -10.681 0.000822935 0.00105559
0 12 19 0.728603 0.103587 0.995096 -10.3903 0.00115792 0.00150514
0 13 12 0.727374 0.0526547 1.0083 -10.848 0.000727959 0.000944655
0 14 0 0 0 0 0 0 0
0 15 0 0 0 0 0 0 0
0 16 0 0 0 0 0 0 0
0 17 0 0 0 0 0 0 0
0 18 0 0 0 0 0 0 0
0 19 0 0 0 0 0 0 0
0 20 0 0 0 0 0 0 0
0 21 0 0 0 0 0 0 0
0 22 0 0 0 0 0 0 0
0 23 0 0 0 0 0 0 0
1 0 19 0.146959 0.137482 0.0547913 -0.530541 0.00162028 0.00233315
1 1 18 0.0849707 0.213795 0.186033 6.20237 0.00149293 0.00198176
1 2 15 0.118751 0.213364 0.259362 1.47244 0.00122582 0.001701
1 3 15 0.12598 0.0656904 0.273564 0.814114 0.00124478 0.00174379
1 4 20 0.102128 0.11248 0.357125 3.62825 0.00161467 0.00219218
1 5 21 0.123446 0.143955 0.446999 1.31696 0.00163865 0.00228793
1 6 25 0.0771904 0.116731 0.435556 8.0433 0.00196467 0.0025815
1 7 14 0.101041 0.12097 0.620345 3.31214 0.00102021 0.00138313
1 8 14 0.122699 0.129758 0.66637 0.890393 0.000998532 0.00139281
1 9 15 0.104161 0.0581968 0.708763 2.94175 0.0010538 0.00143454
1 10 13 0.0938133 0.179233 0.790518 4.18224 0.0008706 0.00116915
1 11 15 0.105803 0.173924 0.825998 2.67444 0.000988132 0.00134805
1 12 14 0.719212 0.0205651 1.00688 -10.6494 0.000850386 0.00109114
1 13 0 0 0 0 0 0 0
1 14 0 0 0 0 0 0 0
1 15 0 0 0 0 0 0 0
1 16 0 0 0 0 0 0 0
1 17 0 0 0 0 0 0 0
1 18 0 0 0 0 0 0 0
1 19 0 0 0 0 0 0 0
1 20 0 0 0 0 0 0 0
1 21 0 0 0 0 0 0 0
1 22 0 0 0 0 0 0 0
1 23 0 0 0 0 0 0 0
2 0 24 0.113456 0.160729 0.0310095 2.52615 0.00204179 0.00281363
2 1 23 0.142816 0.261828 0.0459296 -0.0792744 0.00191621 0.00274434
2 2 24 0.116966 0.283833 0.107735 2.12994 0.00197974 0.00274074
2 3 17 0.133114 0.216895 0.291617 0.316692 0.00137737 0.00194769
2 4 11 0.724881 0.141324 0.302856 -10.6234 0.000899377 0.0011631
2 5 12 0.153962 0.152784 0.406384 -1.51325 0.00094891 0.00137898
2 6 13 0.100764 0.238609 0.569639 3.28136 0.000953503 0.00129222
2 7 17 0.0930348 0.139595 0.806208 4.5665 0.00113424 0.00152163
2 8 13 0.0956083 0.140667 0.594256 4.00723 0.000956449 0.00128747
2 9 0 0 0 0 0 0 0
2 10 19 0.0824057 0.189843 0.774051 6.53462 0.00128089 0.00169458
2 11 0 0 0 0 0 0 0
2 12 12 0.0814499 0.256111 1.17223 6.06331 0.000662299 0.000875106
2 13 0 0 0 0 0 0 0
2 14 0 0 0 0 0 0 0
2 15 0 0 0 0 0 0 0
2 16 0 0 0 0 0 0 0
2 17 0 0 0 0 0 0 0
2 18 0 0 0 0 0 0 0
2 19 0 0 0 0 0 0 0
2 20 0 0 0 0 0 0 0
2 21 0 0 0 0 0 0 0
2 22 0 0 0 0 0 0 0
2 23 0 0 0 0 0 0 0
3 0 20 0.12533 0.239874 0.0195944 1.16938 0.00167627 0.00234626
3 1 20 0.117415 0.312227 0.191126 1.88353 0.00161906 0.00224274
3 2 26 0.136834 0.258896 0.127583 0.474088 0.00215348 0.00306005
3 3 26 0.0970319 0.276462 0.262266 4.58429 0.00209446 0.00282461
3 4 16 0.0781414 0.168284 0.343174 7.4141 0.00128841 0.00169503
3 5 18 0.126033 0.401264 0.342751 0.907007 0.00137235 0.00192264
3 6 18 0.112815 0.156116 0.53109 2.187 0.0013576 0.00186923
3 7 11 0.0790556 0.318056 0.612264 6.71809 0.000780526 0.00102809
3 8 19 0.0863431 0.212281 0.603679 5.87491 0.00137964 0.00183467
3 9 16 0.0834507 0.231469 0.671267 6.20335 0.00112464 0.0014899
3 10 17 0.0753093 0.241479 0.73186 7.94176 0.0011608 0.00152149
3 11 0 0 0 0 0 0 0
3 12 15 0.714664 0.273935 1.03566 -10.5882 0.000882377 0.00112503
3 13 0 0 0 0 0 0 0
3 14 0 0 0 0 0 0 0
3 15 0 0 0 0 0 0 0
3 16 0 0 0 0 0 0 0
3 17 0 0 0 0 0 0 0
3 18 0 0 0 0 0 0 0
3 19 0 0 0 0 0 0 0
3 20 0 0 0 0 0 0 0
3 21 0 0 0 0 0 0 0
3 22 0 0 0 0 0 0 0
3 23 0 0 0 0 0 0 0
4 0 18 0.138488 0.387092 0.0556937 -0.0489199 0.00144514 0.00205798
4 1 13 0.11032 0.284579 0.0836695 2.22867 0.00107442 0.00147449
4 2 18 0.129116 0.432707 0.109068 0.673174 0.00141704 0.00199329
4 3 17 0.12616 0.445764 0.206464 0.853414 0.00131537 0.00184311
4 4 20 0.136788 0.266566 0.302425 0.179928 0.00159909 0.00227214
4 5 25 0.150824 0.293464 0.334255 -0.587259 0.00196916 0.00284991
4 6 21 0.113335 0.434907 0.334565 2.28713 0.00158712 0.00218674
4 7 15 0.0978457 0.357484 0.53459 3.81332 0.00108761 0.00146833
4 8 14 0.105391 0.351635 0.626472 2.71665 0.000980176 0.00133647
4 9 11 0.0896083 0.42889 0.736798 4.66444 0.000721625 0.000963752
4 10 11 0.728805 0.463912 0.777493 -10.8904 0.000702965 0.000914015
4 11 16 0.720864 0.459067 0.862322 -10.5096 0.000986647 0.00126889
4 12 0 0 0 0 0 0 0
4 13 0 0 0 0 0 0 0
4 14 0 0 0 0 0 0 0
4 15 0 0 0 0 0 0 0
4 16 0 0 0 0 0 0 0
4 17 0 0 0 0 0 0 0
4 18 0 0 0 0 0 0 0
4 19 0 0 0 0 0 0 0
4 20 0 0 0 0 0 0 0
4 21 0 0 0 0 0 0 0
4 22 0 0 0 0 0 0 0
4 23 0 0 0 0 0 0 0
5 0 15 0.137283 0.488065 -0.0795217 -0.179273 0.00115913 0.00164806
5 1 19 0.11355 0.428382 0.156881 2.20109 0.00149018 0.00205376
5 2 17 0.0851037 0.482534 0.163129 6.04407 0.00130587 0.00173376
5 3 21 0.142241 0.385919 0.210571 -0.183971 0.00165726 0.00237169
5 4 13 0.121179 0.386992 0.283469 1.04478 0.00101044 0.00140661
5 5 14 0.114276 0.250199 0.411265 1.80888 0.00108745 0.00150015
5 6 22 0.134955 0.469085 0.49378 0.300915 0.00156753 0.00222194
5 7 17 0.0946285 0.387965 0.6396 4.35744 0.0011735 0.00157761
5 8 10 0.0769186 0.42073 0.753234 7.0015 0.000652713 0.000857335
5 9 17 0.720876 0.448496 0.68722 -10.3714 0.00113289 0.00145699
5 10 0 0 0 0 0 0 0
5 11 0 0 0 0 0 0 0
5 12 12 0.706823 0.514894 0.94955 -10.7733 0.000702777 0.00088621
5 13 12 0.702375 0.413792 1.28355 -10.8805 0.000616164 0.0007721
5 14 0 0 0 0 0 0 0
5 15 0 0 0 0 0 0 0
5 16 0 0 0 0 0 0 0
5 17 0 0 0 0 0 0 0
5 18 0 0 0 0 0 0 0
5 19 0 0 0 0 0 0 0
5 20 0 0 0 0 0 0 0
5 21 0 0 0 0 0 0 0
5 22 0 0 0 0 0 0 0
5 23 0 0 0 0 0 0 0
6 0 22 0.12658 0.582843 0.0475366 1.0354 0.00163717 0.00229529
6 1 20 0.110166 0.612573 0.0354718 2.55913 0.00146955 0.00201634
6 2 24 0.18346 0.665087 0.16366 -2.47164 0.00170696 0.00257788
6 3 16 0.136499 0.443585 0.258447 -0.0629276 0.00122705 0.00174285
6 4 26 0.0863325 0.546833 0.295997 6.19862 0.00190341 0.00253117
6 5 27 0.0972 0.524572 0.469942 4.46438 0.00190299 0.00256696
6 6 13 0.0817798 0.5038 0.452745 6.33502 0.000927873 0.00122654
6 7 12 0.116077 0.514875 0.483433 1.36912 0.000844989 0.00116843
6 8 17 0.723123 0.563366 0.591652 -10.3815 0.00113492 0.00146416
6 9 15 0.723751 0.511384 0.738355 -10.5501 0.000962039 0.0012422
6 10 14 0.0818042 0.605219 0.822157 6.23609 0.000844535 0.00111642
6 11 14 0.105787 0.740326 1.04069 2.3926 0.000744046 0.00101503
6 12 0 0 0 0 0 0 0
6 13 0 0 0 0 0 0 0
6 14 0 0 0 0 0 0 0
6 15 0 0 0 0 0 0 0
6 16 0 0 0 0 0 0 0
6 17 0 0 0 0 0 0 0
6 18 0 0 0 0 0 0 0
6 19 0 0 0 0 0 0 0
6 20 0 0 0 0 0 0 0
6 21 0 0 0 0 0 0 0
6 22 0 0 0 0 0 0 0
6 23 0 0 0 0 0 0 0
7 0 21 0.102075 0.523224 0.040096 3.62794 0.00160303 0.00217624
7 1 18 0.113144 0.531259 0.189461 2.14701 0.00135156 0.00186172
7 2 17 0.154875 0.527842 0.206058 -1.27352 0.00127505 0.00185515
7 3 23 0.10971 0.615086 0.216648 2.73329 0.00166082 0.00227741
7 4 18 0.0962315 0.615199 0.410825 4.18167 0.00124748 0.0016806
7 5 13 0.125736 0.559259 0.476396 0.514882 0.000903158 0.00126481
7 6 21 0.0959792 0.623732 0.476869 4.35073 0.0014239 0.00191764
7 7 14 0.71983 0.568329 0.610968 -10.5668 0.000926662 0.00119003
7 8 17 0.093534 0.641569 0.516865 4.48674 0.00113109 0.00151841
7 9 13 0.719164 0.511216 0.721295 -10.6619 0.000839613 0.00107725
7 10 10 0.725777 0.739764 1.08104 -11.1701 0.0005231 0.000677323
7 11 0 0 0 0 0 0 0
7 12 10 0.711524 0.609964 0.959499 -11.0094 0.000569336 0.000722715
7 13 0 0 0 0 0 0 0
7 14 0 0 0 0 0 0 0
7 15 0 0 0 0 0 0 0
7 16 0 0 0 0 0 0 0
7 17 0 0 0 0 0 0 0
7 18 0 0 0 0 0 0 0
7 19 0 0 0 0 0 0 0
7 20 0 0 0 0 0 0 0
7 21 0 0 0 0 0 0 0
7 22 0 0 0 0 0 0 0
7 23 0 0 0 0 0 0 0
8 0 22 0.13461 0.685599 0.152789 0.317864 0.00155195 0.00219887
8 1 24 0.10371 0.636336 0.0810814 3.50089 0.00174146 0.00236924
8 2 18 0.127841 0.727743 0.169977 0.650596 0.00124297 0.00174551
8 3 21 0.0765881 0.646235 0.323119 7.88529 0.00146741 0.0019266
8 4 14 0.0819298 0.600037 0.449912 6.34521 0.000965528 0.00127657
8 5 23 0.0937695 0.733739 0.415742 4.74339 0.00151572 0.00203537
8 6 16 0.0911605 0.73898 0.470854 4.77338 0.0010374 0.0013883
8 7 12 0.135585 0.65185 0.614478 -0.458112 0.000770525 0.00109311
8 8 0 0 0 0 0 0 0
8 9 0 0 0 0 0 0 0
8 10 11 0.0770807 0.853055 0.925268 6.86445 0.000589934 0.00077504
8 11 0 0 0 0 0 0 0
8 12 0 0 0 0 0 0 0
8 13 0 0 0 0 0 0 0
8 14 0 0 0 0 0 0 0
8 15 0 0 0 0 0 0 0
8 16 0 0 0 0 0 0 0
8 17 0 0 0 0 0 0 0
8 18 0 0 0 0 0 0 0
8 19 0 0 0 0 0 0 0
8 20 0 0 0 0 0 0 0
8 21 0 0 0 0 0 0 0
8 22 0 0 0 0 0 0 0
8 23 0 0 0 0 0 0 0
9 0 21 0.113267 0.757273 0.082055 2.19733 0.00144014 0.00198406
9 1 14 0.119838 0.793793 0.224445 1.09135 0.000931007 0.00129375
9 2 20 0.089227 0.656903 0.136627 5.41324 0.00143173 0.00191116
9 3 23 0.0868078 0.841759 0.221037 5.87319 0.00149566 0.00199017
9 4 22 0.0765202 0.733601 0.325402 7.90846 0.00147913 0.00194182
9 5 18 0.0908019 0.897559 0.489729 4.87617 0.00108498 0.00145129
9 6 17 0.0828461 0.890393 0.438826 6.241 0.00104009 0.0013768
9 7 0 0 0 0 0 0 0
9 8 17 0.720025 0.811931 0.637247 -10.4721 0.00101976 0.00130995
9 9 0 0 0 0 0 0 0
9 10 0 0 0 0 0 0 0
9 11 0 0 0 0 0 0 0
9 12 0 0 0 0 0 0 0
9 13 0 0 0 0 0 0 0
9 14 0 0 0 0 0 0 0
9 15 0 0 0 0 0 0 0
9 16 0 0 0 0 0 0 0
9 17 0 0 0 0 0 0 0
9 18 0 0 0 0 0 0 0
9 19 0 0 0 0 0 0 0
9 20 0 0 0 0 0 0 0
9 21 0 0 0 0 0 0 0
9 22 0 0 0 0 0 0 0
9 23 0 0 0 0 0 0 0
10 0 20 0.0984691 0.759895 -0.0780162 3.95684 0.00137012 0.00185125
10 1 21 0.085111 1.09889 0.241833 5.96037 0.00120262 0.00159668
10 2 20 0.0961668 0.751214 0.176055 4.28115 0.00136505 0.00183883
10 3 11 0.0963005 0.832852 0.287056 3.61021 0.000711554 0.000958687
10 4 16 0.0762853 0.929354 0.430037 7.53283 0.000963674 0.00126473
10 5 12 0.715535 0.992007 0.367637 -10.8093 0.000710614 0.000907137
10 6 15 0.0794004 0.928303 0.66045 6.73454 0.000853029 0.0011241
10 7 0 0 0 0 0 0 0
10 8 0 0 0 0 0 0 0
10 9 0 0 0 0 0 0 0
10 10 0 0 0 0 0 0 0
10 11 0 0 0 0 0 0 0
10 12 0 0 0 0 0 0 0
10 13 0 0 0 0 0 0 0
10 14 0 0 0 0 0 0 0
10 15 0 0 0 0 0 0 0
10 16 0 0 0 0 0 0 0
10 17 0 0 0 0 0 0 0
10 18 0 0 0 0 0 0 0
10 19 0 0 0 0 0 0 0
10 20 0 0 0 0 0 0 0
10 21 0 0 0 0 0 0 0
10 22 0 0 0 0 0 0 0
10 23 0 0 0 0 0 0 0
11 0 15 0.726957 0.978164 0.146957 -10.6124 0.00091934 0.00119232
11 1 19 0.0917814 0.96161 0.118363 4.79973 0.00117636 0.00157555
11 2 11 0.727905 0.947833 0.135016 -10.9116 0.000684963 0.000889508
11 3 17 0.0864371 1.11582 0.258588 5.49951 0.000963841 0.00128189
11 4 0 0 0 0 0 0 0
11 5 0 0 0 0 0 0 0
11 6 13 0.0783321 1.1585 0.543174 6.74878 0.000690108 0.000908133
11 7 11 0.0939675 1.05657 0.749522 3.75166 0.000579455 0.000778321
11 8 0 0 0 0 0 0 0
11 9 0 0 0 0 0 0 0
11 10 0 0 0 0 0 0 0
11 11 0 0 0 0 0 0 0
11 12 0 0 0 0 0 0 0
11 13 0 0 0 0 0 0 0
11 14 0 0 0 0 0 0 0
11 15 0 0 0 0 0 0 0
11 16 0 0 0 0 0 0 0
11 17 0 0 0 0 0 0 0
11 18 0 0 0 0 0 0 0
11 19 0 0 0 0 0 0 0
11 20 0 0 0 0 0 0 0
11 21 0 0 0 0 0 0 0
11 22 0 0 0 0 0 0 0
11 23 0 0 0 0 0 0 0
12 0 12 0.074091 1.0862 0.0104553 7.72285 0.000700651 0.000916901
12 1 0 0 0 0 0 0 0
12 2 11 0.708364 1.14119 0.213628 -10.9089 0.000618857 0.000782086
12 3 10 0.10479 1.0077 0.31936 2.28736 0.000592428 0.000807138
12 4 12 0.0796621 1.00841 0.43064 6.47812 0.000697078 0.000918905
12 5 0 0 0 0 0 0 0
12 6 10 0.721691 1.11207 0.585794 -11.1228 0.000536715 0.000691041
12 7 16 0.718103 1.208 0.6622 -10.6918 0.000810271 0.00103807
12 8 0 0 0 0 0 0 0
12 9 0 0 0 0 0 0 0
12 10 0 0 0 0 0 0 0
12 11 0 0 0 0 0 0 0
12 12 0 0 0 0 0 0 0
12 13 0 0 0 0 0 0 0
12 14 0 0 0 0 0 0 0
12 15 0 0 0 0 0 0 0
12 16 0 0 0 0 0 0 0
12 17 0 0 0 0 0 0 0
12 18 0 0 0 0 0 0 0
12 19 0 0 0 0 0 0 0
12 20 0 0 0 0 0 0 0
12 21 0 0 0 0 0 0 0
12 22 0 0 0 0 0 0 0
12 23 0 0 0 0 0 0 0
13 0 10 0.724678 1.17125 -0.00896947 -11.0966 0.00055975 0.000723682
13 1 10 0.698443 1.31913 0.184999 -11.0332 0.000517563 0.000644914
13 2 14 0.0850228 1.18791 0.247544 5.52751 0.000767557 0.00101895
13 3 10 0.718637 1.12392 0.373191 -11.071 0.000556177 0.000713068
13 4 0 0 0 0 0 0 0
13 5 0 0 0 0 0 0 0
13 6 0 0 0 0 0 0 0
13 7 0 0 0 0 0 0 0
13 8 0 0 0 0 0 0 0
13 9 0 0 0 0 0 0 0
13 10 0 0 0 0 0 0 0
13 11 0 0 0 0 0 0 0
13 12 0 0 0 0 0 0 0
13 13 0 0 0 0 0 0 0
13 14 0 0 0 0 0 0 0
13 15 0 0 0 0 0 0 0
13 16 0 0 0 0 0 0 0
13 17 0 0 0 0 0 0 0
13 18 0 0 0 0 0 0 0
13 19 0 0 0 0 0 0 0
13 20 0 0 0 0 0 0 0
13 21 0 0 0 0 0 0 0
13 22 0 0 0 0 0 0 0
13 23 0 0 0 0 0 0 0
14 0 0 0 0 0 0 0 0
14 1 0 0 0 0 0 0 0
14 2 0 0 0 0 0 0 0
14 3 0 0 0 0 0 0 0
14 4 0 0 0 0 0 0 0
14 5 0 0 0 0 0 0 0
14 6 0 0 0 0 0 0 0
14 7 0 0 0 0 0 0 0
14 8 0 0 0 0 0 0 0
14 9 0 0 0 0 0 0 0
14 10 0 0 0 0 0 0 0
14 11 0 0 0 0 0 0 0
14 12 0 0 0 0 0 0 0
14 13 0 0 0 0 0 0 0
14 14 0 0 0 0 0 0 0
14 15 0 0 0 0 0 0 0
14 16 0 0 0 0 0 0 0
14 17 0 0 0 0 0 0 0
14 18 0 0 0 0 0 0 0
14 19 0 0 0 0 0 0 0
14 20 0 0 0 0 0 0 0
14 21 0 0 0 0 0 0 0
14 22 0 0 0 0 0 0 0
14 23 0 0 0 0 0 0 0
15 0 0 0 0 0 0 0 0
15 1 0 0 0 0 0 0 0
15 2 0 0 0 0 0 0 0
15 3 0 0 0 0 0 0 0
15 4 0 0 0 0 0 0 0
15 5 0 0 0 0 0 0 0
15 6 0 0 0 0 0 0 0
15 7 0 0 0 0 0 0 0
15 8 0 0 0 0 0 0 0
15 9 0 0 0 0 0 0 0
15 10 0 0 0 0 0 0 0
15 11 0 0 0 0 0 0 0
15 12 0 0 0 0 0 0 0
15 13 0 0 0 0 0 0 0
15 14 0 0 0 0 0 0 0
15 15 0 0 0 0 0 0 0
15 16 0 0 0 0 0 0 0
15 17 0 0 0 0 0 0 0
15 18 0 0 0 0 0 0 0
15 19 0 0 0 0 0 0 0
15 20 0 0 0 0 0 0 0
15 21 0 0 0 0 0 0 0
15 22 0 0 0 0 0 0 0
15 23 0 0 0 0 0 0 0
16 0 0 0 0 0 0 0 0
16 1 0 0 0 0 0 0 0
16 2 0 0 0 0 0 0 0
16 3 0 0 0 0 0 0 0
16 4 0 0 0 0 0 0 0
16 5 0 0 0 0 0 0 0
16 6 0 0 0 0 0 0 0
16 7 0 0 0 0 0 0 0
16 8 0 0 0 0 0 0 0
16 9 0 0 0 0 0 0 0
16 10 0 0 0 0 0 0 0
16 11 0 0 0 0 0 0 0
16 12 0 0 0 0 0 0 0
16 13 0 0 0 0 0 0 0
16 14 0 0 0 0 0 0 0
16 15 0 0 0 0 0 0 0
16 16 0 0 0 0 0 0 0
16 17 0 0 0 0 0 0 0
16 18 0 0 0 0 0 0 0
16 19 0 0 0 0 0 0 0
16 20 0 0 0 0 0 0 0
16 21 0 0 0 0 0 0 0
16 22 0 0 0 0 0 0 0
16 23 0 0 0 0 0 0 0
17 0 0 0 0 0 0 0 0
17 1 0 0 0 0 0 0 0
17 2 0 0 0 0 0 0 0
17 3 0 0 0 0 0 0 0
17 4 0 0 0 0 0 0 0
17 5 0 0 0 0 0 0 0
17 6 0 0 0 0 0 0 0
17 7 0 0 0 0 0 0 0
17 8 0 0 0 0 0 0 0
17 9 0 0 0 0 0 0 0
17 10 0 0 0 0 0 0 0
17 11 0 0 0 0 0 0 0
17 12 0 0 0 0 0 0 0
17 13 0 0 0 0 0 0 0
17 14 0 0 0 0 0 0 0
17 15 0 0 0 0 0 0 0
17 16 0 0 0 0 0 0 0
17 17 0 0 0 0 0 0 0
17 18 0 0 0 0 0 0 0
17 19 0 0 0 0 0 0 0
17 20 0 0 0 0 0 0 0
17 21 0 0 0 0 0 0 0
17 22 0 0 0 0 0 0 0
17 23 0 0 0 0 0 0 0
18 0 0 0 0 0 0 0 0
18 1 0 0 0 0 0 0 0
18 2 0 0 0 0 0 0 0
18 3 0 0 0 0 0 0 0
18 4 0 0 0 0 0 0 0
18 5 0 0 0 0 0 0 0
18 6 0 0 0 0 0 0 0
18 7 0 0 0 0 0 0 0
18 8 0 0 0 0 0 0 0
18 9 0 0 0 0 0 0 0
18 10 0 0 0 0 0 0 0
18 11 0 0 0 0 0 0 0
18 12 0 0 0 0 0 0 0
18 13 0 0 0 0 0 0 0
18 14 0 0 0 0 0 0 0
18 15 0 0 0 0 0 0 0
18 16 0 0 0 0 0 0 0
18 17 0 0 0 0 0 0 0
18 18 0 0 0 0 0 0 0
18 19 0 0 0 0 0 0 0
18 20 0 0 0 0 0 0 0
18 21 0 0 0 0 0 0 0
18 22 0 0 0 0 0 0 0
18 23 0 0 0 0 0 0 0
19 0 0 0 0 0 0 0 0
19 1 0 0 0 0 0 0 0
19 2 0 0 0 0 0 0 0
19 3 0 0 0 0 0 0 0
19 4 0 0 0 0 0 0 0
19 5 0 0 0 0 0 0 0
19 6 0 0 0 0 0 0 0
19 7 0 0 0 0 0 0 0
19 8 0 0 0 0 0 0 0
19 9 0 0 0 0 0 0 0
19 10 0 0 0 0 0 0 0
19 11 0 0 0 0 0 0 0
19 12 0 0 0 0 0 0 0
19 13 0 0 0 0 0 0 0
19 14 0 0 0 0 0 0 0
19 15 0 0 0 0 0 0 0
19 16 0 0 0 0 0 0 0
19 17 0 0 0 0 0 0 0
19 18 0 0 0 0 0 0 0
19 19 0 0 0 0 0 0 0
19 20 0 0 0 0 0 0 0
19 21 0 0 0 0 0 0 0
19 22 0 0 0 0 0 0 0
19 23 0 0 0 0 0 0 0
20 0 0 0 0 0 0 0 0
20 1 0 0 0 0 0 0 0
20 2 0 0 0 0 0 0 0
20 3 0 0 0 0 0 0 0
20 4 0 0 0 0 0 0 0
20 5 0 0 0 0 0 0 0
20 6 0 0 0 0 0 0 0
20 7 0 0 0 0 0 0 0
20 8 0 0 0 0 0 0 0
20 9 0 0 0 0 0 0 0
20 10 0 0 0 0 0 0 0
20 11 0 0 0 0 0 0 0
20 12 0 0 0 0 0 0 0
20 13 0 0 0 0 0 0 0
20 14 0 0 0 0 0 0 0
20 15 0 0 0 0 0 0 0
20 16 0 0 0 0 0 0 0
20 17 0 0 0 0 0 0 0
20 18 0 0 0 0 0 0 0
20 19 0 0 0 0 0 0 0
20 20 0 0 0 0 0 0 0
20 21 0 0 0 0 0 0 0
20 22 0 0 0 0 0 0 0
20 23 0 0 0 0 0 0 0
21 0 0 0 0 0 0 0 0
21 1 0 0 0 0 0 0 0
21 2 0 0 0 0 0 0 0
21 3 0 0 0 0 0 0 0
21 4 0 0 0 0 0 0 0
21 5 0 0 0 0 0 0 0
21 6 0 0 0 0 0 0 0
21 7 0 0 0 0 0 0 0
21 8 0 0 0 0 0 0 0
21 9 0 0 0 0 0 0 0
21 10 0 0 0 0 0 0 0
21 11 0 0 0 0 0 0 0
21 12 0 0 0 0 0 0 0
21 13 0 0 0 0 0 0 0
21 14 0 0 0 0 0 0 0
21 15 0 0 0 0 0 0 0
21 16 0 0 0 0 0 0 0
21 17 0 0 0 0 0 0 0
21 18 0 0 0 0 0 0 0
21 19 0 0 0 0 0 0 0
21 20 0 0 0 0 0 0 0
21 21 0 0 0 0 0 0 0
21 22 0 0 0 0 0 0 0
21 23 0 0 0 0 0 0 0
22 0 0 0 0 0 0 0 0
22 1 0 0 0 0 0 0 0
22 2 0 0 0 0 0 0 0
22 3 0 0 0 0 0 0 0
22 4 0 0 0 0 0 0 0
22 5 0 0 0 0 0 0 0
22 6 0 0 0 0 0 0 0
22 7 0 0 0 0 0 0 0
22 8 0 0 0 0 0 0 0
22 9 0 0 0 0 0 0 0
22 10 0 0 0 0 0 0 0
22 11 0 0 0 0 0 0 0
22 12 0 0 0 0 0 0 0
22 13 0 0 0 0 0 0 0
22 14 0 0 0 0 0 0 0
22 15 0 0 0 0 0 0 0
22 16 0 0 0 0 0 0 0
22 17 0 0 0 0 0 0 0
22 18 0 0 0 0 0 0 0
22 19 0 0 0 0 0 0 0
22 20 0 0 0 0 0 0 0
22 21 0 0 0 0 0 0 0
22 22 0 0 0 0 0 0 0
22 23 0 0 0 0 0 0 0
23 0 0 0 0 0 0 0 0
23 1 0 0 0 0 0 0 0
23 2 0 0 0 0 0 0 0
23 3 0 0 0 0 0 0 0
23 4 0 0 0 0 0 0 0
23 5 0 0 0 0 0 0 0
23 6 0 0 0 0 0 0 0
23 7 0 0 0 0 0 0 0
23 8 0 0 0 0 0 0 0
23 9 0 0 0 0 0 0 0
23 10 0 0 0 0 0 0 0
23 11 0 0 0 0 0 0 0
23 12 0 0 0 0 0 0 0
23 13 0 0 0 0 0 0 0
23 14 0 0 0 0 0 0 0
23 15 0 0 0 0 0 0 0
23 16 0 0 0 0 0 0 0
23 17 0 0 0 0 0 0 0
23 18 0 0 0 0 0 0 0
23 19 0 0 0 0 0 0 0
23 20 0 0 0 0 0 0 0
23 21 0 0 0 0 0 0 0
23 22 0 0 0 0 0 0 0
23 23 0 0 0 0 0 0 0
