#  ix    iy     NB       E/N    TB    UxB       UyB       muB       rhoB     epsilonB
0 0 12 0.713564 0.114683 0.0376823 -10.7267 0.000763687 0.000972201
0 1 13 0.725688 -0.0249816 0.00960062 -10.7043 0.000833035 0.0010785
0 2 14 0.730884 -0.0553183 0.187018 -10.6757 0.00088084 0.00114856
0 3 10 0.717471 0.0393494 0.351352 -10.9816 0.000604366 0.000773592
0 4 10 0.717661 -0.00617226 0.303593 -10.9679 0.000613371 0.000785327
0 5 10 0.0791491 0.0596487 0.310713 6.4538 0.000611166 0.000805113
0 6 0 0 0 0 0 0 0
0 7 0 0 0 0 0 0 0
0 8 11 0.705486 -0.173885 0.413186 -10.8543 0.000643434 0.000809843
0 9 12 0.70726 0.0728627 0.804904 -10.9367 0.000598269 0.00075489
0 10 0 0 0 0 0 0 0
0 11 0 0 0 0 0 0 0
0 12 20 0.715324 0.0480691 0.790949 -10.4618 0.00100482 0.00128233
0 13 0 0 0 0 0 0 0
0 14 0 0 0 0 0 0 0
0 15 13 0.720557 -0.0420199 1.03851 -11.0431 0.000577776 0.000742739
0 16 12 0.706652 0.13374 1.16418 -11.1142 0.000499332 0.000629511
0 17 0 0 0 0 0 0 0
0 18 0 0 0 0 0 0 0
0 19 0 0 0 0 0 0 0
0 20 0 0 0 0 0 0 0
0 21 0 0 0 0 0 0 0
0 22 0 0 0 0 0 0 0
0 23 0 0 0 0 0 0 0
1 0 13 0.0918478 0.14864 0.130804 4.42521 0.000817464 0.00109496
1 1 0 0 0 0 0 0 0
1 2 0 0 0 0 0 0 0
1 3 0 0 0 0 0 0 0
1 4 12 0.078769 0.0781296 0.15771 6.74886 0.000757587 0.000997501
1 5 0 0 0 0 0 0 0
1 6 0 0 0 0 0 0 0
1 7 0 0 0 0 0 0 0
1 8 20 0.727244 0.093815 0.512906 -10.4016 0.0011368 0.00147493
1 9 10 0.733085 0.0513702 0.591787 -11.1561 0.000551125 0.000720797
1 10 0 0 0 0 0 0 0
1 11 12 0.0746155 0.0446073 0.69997 7.492 0.000629767 0.000824705
1 12 10 0.700903 0.0706119 1.05195 -11.2066 0.000441135 0.000551617
1 13 0 0 0 0 0 0 0
1 14 10 0.728654 0.100139 0.90985 -11.2862 0.000472846 0.00061468
1 15 0 0 0 0 0 0 0
1 16 14 0.704248 0.1424 1.24249 -10.9856 0.000560455 0.000704165
1 17 0 0 0 0 0 0 0
1 18 0 0 0 0 0 0 0
1 19 0 0 0 0 0 0 0
1 20 0 0 0 0 0 0 0
1 21 0 0 0 0 0 0 0
1 22 0 0 0 0 0 0 0
1 23 0 0 0 0 0 0 0
2 0 0 0 0 0 0 0 0
2 1 0 0 0 0 0 0 0
2 2 0 0 0 0 0 0 0
2 3 0 0 0 0 0 0 0
2 4 0 0 0 0 0 0 0
2 5 13 0.0990746 0.0922141 0.2793 3.33425 0.000799469 0.00108107
2 6 0 0 0 0 0 0 0
2 7 10 0.0789605 0.16795 0.467891 6.43084 0.00057401 0.000755979
2 8 12 0.73246 0.169518 0.561819 -10.9674 0.000663431 0.000866938
2 9 16 0.07822 0.182165 0.597191 7.0045 0.000869993 0.00114468
2 10 13 0.721403 0.154675 0.651409 -10.8665 0.000692462 0.000891214
2 11 0 0 0 0 0 0 0
2 12 0 0 0 0 0 0 0
2 13 0 0 0 0 0 0 0
2 14 0 0 0 0 0 0 0
2 15 0 0 0 0 0 0 0
2 16 12 0.702999 0.123556 1.24212 -11.1317 0.000480944 0.000603194
2 17 0 0 0 0 0 0 0
2 18 0 0 0 0 0 0 0
2 19 0 0 0 0 0 0 0
2 20 0 0 0 0 0 0 0
2 21 0 0 0 0 0 0 0
2 22 0 0 0 0 0 0 0
2 23 0 0 0 0 0 0 0
3 0 17 0.726072 0.206425 -0.00649406 -10.4586 0.00106722 0.00138243
3 1 13 0.0922035 0.250088 -0.0515362 4.35657 0.000807427 0.00108202
3 2 0 0 0 0 0 0 0
3 3 13 0.0941054 0.103897 0.131288 4.08024 0.000821894 0.00110416
3 4 10 0.706588 0.194311 0.264674 -10.9152 0.000609036 0.000767746
3 5 11 0.732849 0.163333 0.281749 -10.9588 0.000670469 0.0008766
3 6 10 0.0758792 0.185563 0.324826 7.1517 0.00060039 0.000787536
3 7 0 0 0 0 0 0 0
3 8 0 0 0 0 0 0 0
3 9 10 0.730742 0.325177 0.707649 -11.2298 0.000505748 0.000659336
3 10 10 0.728374 0.226737 0.73225 -11.2115 0.00050875 0.0006611
3 11 0 0 0 0 0 0 0
3 12 15 0.0916296 0.245222 0.899901 4.3093 0.000703155 0.000941579
3 13 11 0.704198 0.281249 0.755208 -11.0059 0.000549035 0.000689768
3 14 0 0 0 0 0 0 0
3 15 0 0 0 0 0 0 0
3 16 0 0 0 0 0 0 0
3 17 0 0 0 0 0 0 0
3 18 0 0 0 0 0 0 0
3 19 0 0 0 0 0 0 0
3 20 0 0 0 0 0 0 0
3 21 0 0 0 0 0 0 0
3 22 0 0 0 0 0 0 0
3 23 0 0 0 0 0 0 0
4 0 0 0 0 0 0 0 0
4 1 13 0.730664 0.294104 0.14003 -10.7804 0.000792356 0.00103287
4 2 12 0.711011 0.173682 0.13672 -10.7296 0.000751101 0.000952759
4 3 10 0.0885358 0.403461 0.316258 4.60975 0.000570438 0.000760765
4 4 0 0 0 0 0 0 0
4 5 12 0.709318 0.212244 0.391132 -10.7869 0.000702785 0.000889348
4 6 10 0.724003 0.337715 0.35682 -11.0655 0.00057534 0.000743145
4 7 0 0 0 0 0 0 0
4 8 11 0.0885075 0.295453 0.661557 4.61557 0.000571005 0.000761494
4 9 0 0 0 0 0 0 0
4 10 10 0.721557 0.287981 0.745495 -11.1914 0.000500756 0.000644622
4 11 0 0 0 0 0 0 0
4 12 0 0 0 0 0 0 0
4 13 0 0 0 0 0 0 0
4 14 0 0 0 0 0 0 0
4 15 0 0 0 0 0 0 0
4 16 0 0 0 0 0 0 0
4 17 0 0 0 0 0 0 0
4 18 0 0 0 0 0 0 0
4 19 0 0 0 0 0 0 0
4 20 0 0 0 0 0 0 0
4 21 0 0 0 0 0 0 0
4 22 0 0 0 0 0 0 0
4 23 0 0 0 0 0 0 0
5 0 0 0 0 0 0 0 0
5 1 11 0.728276 0.319195 -0.111566 -10.9387 0.000667976 0.000867891
5 2 12 0.722503 0.393468 0.145425 -10.8482 0.000709348 0.000914339
5 3 10 0.719792 0.381975 0.261301 -11.0322 0.000581746 0.000747048
5 4 0 0 0 0 0 0 0
5 5 15 0.719046 0.285974 0.408347 -10.6367 0.000860533 0.00110391
5 6 0 0 0 0 0 0 0
5 7 0 0 0 0 0 0 0
5 8 13 0.710467 0.317551 0.462555 -10.7596 0.000726758 0.000921175
5 9 10 0.720374 0.343601 0.501762 -11.0956 0.0005477 0.000703896
5 10 13 0.715568 0.29518 0.754663 -10.9026 0.000647446 0.000826538
5 11 0 0 0 0 0 0 0
5 12 12 0.712501 0.435486 0.838145 -11.0326 0.000559217 0.000710844
5 13 0 0 0 0 0 0 0
5 14 0 0 0 0 0 0 0
5 15 0 0 0 0 0 0 0
5 16 0 0 0 0 0 0 0
5 17 0 0 0 0 0 0 0
5 18 0 0 0 0 0 0 0
5 19 0 0 0 0 0 0 0
5 20 0 0 0 0 0 0 0
5 21 0 0 0 0 0 0 0
5 22 0 0 0 0 0 0 0
5 23 0 0 0 0 0 0 0
6 0 0 0 0 0 0 0 0
6 1 0 0 0 0 0 0 0
6 2 0 0 0 0 0 0 0
6 3 12 0.725394 0.428355 0.105943 -10.8714 0.000703761 0.000910767
6 4 0 0 0 0 0 0 0
6 5 15 0.7304 0.341043 0.448135 -10.7233 0.000837821 0.00109174
6 6 0 0 0 0 0 0 0
6 7 14 0.717448 0.529333 0.450945 -10.7834 0.000736806 0.000943086
6 8 0 0 0 0 0 0 0
6 9 10 0.721242 0.319356 0.584506 -11.1264 0.000533515 0.000686492
6 10 0 0 0 0 0 0 0
6 11 0 0 0 0 0 0 0
6 12 0 0 0 0 0 0 0
6 13 0 0 0 0 0 0 0
6 14 0 0 0 0 0 0 0
6 15 0 0 0 0 0 0 0
6 16 0 0 0 0 0 0 0
6 17 0 0 0 0 0 0 0
6 18 0 0 0 0 0 0 0
6 19 0 0 0 0 0 0 0
6 20 0 0 0 0 0 0 0
6 21 0 0 0 0 0 0 0
6 22 0 0 0 0 0 0 0
6 23 0 0 0 0 0 0 0
7 0 13 0.0788041 0.383627 0.0896781 6.76458 0.000775332 0.00102091
7 1 12 0.0807577 0.334177 0.0700908 6.29683 0.000727965 0.000960999
7 2 16 0.119998 0.474221 0.0852771 1.06829 0.000923979 0.00128425
7 3 0 0 0 0 0 0 0
7 4 0 0 0 0 0 0 0
7 5 11 0.0862532 0.755164 0.354186 4.95572 0.000541491 0.000720001
7 6 11 0.731026 0.611312 0.346948 -11.0997 0.000576875 0.000752356
7 7 12 0.714347 0.481878 0.379355 -10.8833 0.000655736 0.000835692
7 8 0 0 0 0 0 0 0
7 9 0 0 0 0 0 0 0
7 10 0 0 0 0 0 0 0
7 11 18 0.706242 0.497817 0.76328 -10.5766 0.00085285 0.00107457
7 12 0 0 0 0 0 0 0
7 13 10 0.700268 0.592566 0.830599 -11.1861 0.000448695 0.000560562
7 14 0 0 0 0 0 0 0
7 15 0 0 0 0 0 0 0
7 16 0 0 0 0 0 0 0
7 17 0 0 0 0 0 0 0
7 18 0 0 0 0 0 0 0
7 19 0 0 0 0 0 0 0
7 20 0 0 0 0 0 0 0
7 21 0 0 0 0 0 0 0
7 22 0 0 0 0 0 0 0
7 23 0 0 0 0 0 0 0
8 0 15 0.721177 0.496113 -0.0137269 -10.6471 0.000861296 0.00110816
8 1 15 0.726873 0.554206 0.0932085 -10.7043 0.000838236 0.00108701
8 2 16 0.700056 0.562242 0.0262412 -10.4958 0.000893788 0.00111629
8 3 16 0.70575 0.532396 0.216549 -10.5322 0.00088923 0.00111963
8 4 0 0 0 0 0 0 0
8 5 0 0 0 0 0 0 0
8 6 0 0 0 0 0 0 0
8 7 14 0.0765331 0.623221 0.610053 7.12308 0.000676358 0.000887945
8 8 12 0.713398 0.589183 0.569336 -10.9754 0.000595021 0.000757307
8 9 14 0.080285 0.544564 0.675587 6.32167 0.000677823 0.000894253
8 10 11 0.713931 0.727366 0.648853 -11.1424 0.000504943 0.000643143
8 11 0 0 0 0 0 0 0
8 12 17 0.70451 0.62743 0.804094 -10.6786 0.000762929 0.000958914
8 13 0 0 0 0 0 0 0
8 14 13 0.717529 0.568118 1.00572 -11.0845 0.000545439 0.000698223
8 15 0 0 0 0 0 0 0
8 16 0 0 0 0 0 0 0
8 17 0 0 0 0 0 0 0
8 18 0 0 0 0 0 0 0
8 19 0 0 0 0 0 0 0
8 20 0 0 0 0 0 0 0
8 21 0 0 0 0 0 0 0
8 22 0 0 0 0 0 0 0
8 23 0 0 0 0 0 0 0
9 0 11 0.086263 0.812538 -0.05306 4.96369 0.000546786 0.000727052
9 1 0 0 0 0 0 0 0
9 2 18 0.721258 0.691231 0.214733 -10.5658 0.000934691 0.00120273
9 3 0 0 0 0 0 0 0
9 4 0 0 0 0 0 0 0
9 5 12 0.711184 0.684674 0.313448 -10.9313 0.000614495 0.000779666
9 6 17 0.721174 0.550228 0.36493 -10.5927 0.000909407 0.00117006
9 7 12 0.700399 0.719076 0.510721 -10.9355 0.000576902 0.000720868
9 8 12 0.729673 0.675897 0.563584 -11.0916 0.000577462 0.000751726
9 9 11 0.710059 0.567409 0.565503 -11.0355 0.00055032 0.000697137
9 10 11 0.720253 0.679966 0.8283 -11.2246 0.000481069 0.00061816
9 11 0 0 0 0 0 0 0
9 12 0 0 0 0 0 0 0
9 13 13 0.711595 0.698827 1.04711 -11.1037 0.000518328 0.00065803
9 14 0 0 0 0 0 0 0
9 15 0 0 0 0 0 0 0
9 16 0 0 0 0 0 0 0
9 17 0 0 0 0 0 0 0
9 18 0 0 0 0 0 0 0
9 19 0 0 0 0 0 0 0
9 20 0 0 0 0 0 0 0
9 21 0 0 0 0 0 0 0
9 22 0 0 0 0 0 0 0
9 23 0 0 0 0 0 0 0
10 0 15 0.0822646 0.806784 -0.0101962 6.02469 0.000748329 0.000989836
10 1 0 0 0 0 0 0 0
10 2 0 0 0 0 0 0 0
10 3 0 0 0 0 0 0 0
10 4 13 0.116456 0.72151 0.306049 1.07701 0.000655895 0.000907408
10 5 19 0.075633 0.661573 0.391565 7.68311 0.000965592 0.00126617
10 6 17 0.0786382 0.744159 0.374668 6.87663 0.000837237 0.00110219
10 7 12 0.69556 0.74927 0.384998 -10.8891 0.000588309 0.000730043
10 8 0 0 0 0 0 0 0
10 9 10 0.0768329 0.81678 0.689753 6.6214 0.000437901 0.000575116
10 10 10 0.713538 0.698955 0.731615 -11.2542 0.000450601 0.00057361
10 11 10 0.69741 0.692675 0.731369 -11.1638 0.000451617 0.00056191
10 12 0 0 0 0 0 0 0
10 13 0 0 0 0 0 0 0
10 14 0 0 0 0 0 0 0
10 15 0 0 0 0 0 0 0
10 16 0 0 0 0 0 0 0
10 17 0 0 0 0 0 0 0
10 18 0 0 0 0 0 0 0
10 19 0 0 0 0 0 0 0
10 20 0 0 0 0 0 0 0
10 21 0 0 0 0 0 0 0
10 22 0 0 0 0 0 0 0
10 23 0 0 0 0 0 0 0
11 0 15 0.731305 0.811906 -0.046004 -10.844 0.000746005 0.000973304
11 1 16 0.715815 0.761966 0.0886575 -10.6753 0.000813782 0.00103924
11 2 11 0.0947913 0.598433 0.137865 3.66366 0.00060087 0.000807959
11 3 17 0.706681 0.87309 0.32841 -10.6469 0.00079687 0.00100466
11 4 15 0.116899 0.927294 0.347173 1.07287 0.000683266 0.000945825
11 5 0 0 0 0 0 0 0
11 6 15 0.726957 0.887848 0.506484 -10.9252 0.000672421 0.000872084
11 7 13 0.719833 0.859559 0.502818 -11.0175 0.000590487 0.000758317
11 8 0 0 0 0 0 0 0
11 9 11 0.719803 0.748961 0.562601 -11.1548 0.000514615 0.000660852
11 10 0 0 0 0 0 0 0
11 11 10 0.700027 0.799276 0.752036 -11.2233 0.000431748 0.000539204
11 12 0 0 0 0 0 0 0
11 13 0 0 0 0 0 0 0
11 14 0 0 0 0 0 0 0
11 15 0 0 0 0 0 0 0
11 16 0 0 0 0 0 0 0
11 17 0 0 0 0 0 0 0
11 18 0 0 0 0 0 0 0
11 19 0 0 0 0 0 0 0
11 20 0 0 0 0 0 0 0
11 21 0 0 0 0 0 0 0
11 22 0 0 0 0 0 0 0
11 23 0 0 0 0 0 0 0
12 0 15 0.0889381 0.89208 -0.0558014 4.77013 0.000716903 0.000956605
12 1 10 0.696378 0.897425 0.132514 -11.1081 0.000474778 0.000589853
12 2 10 0.082477 0.880019 0.242791 5.52541 0.000473423 0.000626384
12 3 15 0.707227 0.780756 0.228633 -10.716 0.000745882 0.000941103
12 4 11 0.716391 0.842406 0.221053 -11.1039 0.000531735 0.000679601
12 5 10 0.082548 0.749209 0.345437 5.55511 0.000494468 0.000654289
12 6 0 0 0 0 0 0 0
12 7 13 0.712333 0.876181 0.621874 -11.0166 0.000567745 0.000721514
12 8 13 0.712071 0.922839 0.619104 -11.0335 0.000557426 0.00070814
12 9 0 0 0 0 0 0 0
12 10 0 0 0 0 0 0 0
12 11 0 0 0 0 0 0 0
12 12 0 0 0 0 0 0 0
12 13 0 0 0 0 0 0 0
12 14 0 0 0 0 0 0 0
12 15 0 0 0 0 0 0 0
12 16 0 0 0 0 0 0 0
12 17 0 0 0 0 0 0 0
12 18 0 0 0 0 0 0 0
12 19 0 0 0 0 0 0 0
12 20 0 0 0 0 0 0 0
12 21 0 0 0 0 0 0 0
12 22 0 0 0 0 0 0 0
12 23 0 0 0 0 0 0 0
13 0 12 0.723 1.0311 0.0466496 -11.1325 0.000535253 0.000690408
13 1 11 0.72184 1.01314 0.129882 -11.208 0.000493286 0.000635255
13 2 15 0.718057 0.863206 0.329539 -10.829 0.000706227 0.000904715
13 3 14 0.0749484 0.92089 0.258764 7.44335 0.000648514 0.000849625
13 4 10 0.710239 0.919909 0.335002 -11.22 0.000458056 0.000580405
13 5 17 0.698296 0.855508 0.21411 -10.5755 0.000817317 0.00101821
13 6 13 0.704896 1.08479 0.394058 -11.0158 0.000545694 0.00068625
13 7 10 0.719719 1.16737 0.579985 -11.4312 0.000390178 0.000500996
13 8 0 0 0 0 0 0 0
13 9 13 0.710937 0.986032 0.605089 -11.05 0.000544954 0.000691193
13 10 0 0 0 0 0 0 0
13 11 0 0 0 0 0 0 0
13 12 0 0 0 0 0 0 0
13 13 0 0 0 0 0 0 0
13 14 0 0 0 0 0 0 0
13 15 0 0 0 0 0 0 0
13 16 0 0 0 0 0 0 0
13 17 0 0 0 0 0 0 0
13 18 0 0 0 0 0 0 0
13 19 0 0 0 0 0 0 0
13 20 0 0 0 0 0 0 0
13 21 0 0 0 0 0 0 0
13 22 0 0 0 0 0 0 0
13 23 0 0 0 0 0 0 0
14 0 0 0 0 0 0 0 0
14 1 14 0.709651 1.08614 0.196275 -10.9426 0.00060256 0.000762875
14 2 12 0.71853 1.15429 0.219198 -11.1797 0.000498573 0.000639119
14 3 13 0.730061 1.05906 0.31271 -11.1255 0.000559372 0.000728564
14 4 0 0 0 0 0 0 0
14 5 13 0.706113 1.16993 0.431918 -11.0682 0.000521312 0.00065672
14 6 0 0 0 0 0 0 0
14 7 0 0 0 0 0 0 0
14 8 0 0 0 0 0 0 0
14 9 0 0 0 0 0 0 0
14 10 0 0 0 0 0 0 0
14 11 0 0 0 0 0 0 0
14 12 0 0 0 0 0 0 0
14 13 0 0 0 0 0 0 0
14 14 0 0 0 0 0 0 0
14 15 0 0 0 0 0 0 0
14 16 0 0 0 0 0 0 0
14 17 0 0 0 0 0 0 0
14 18 0 0 0 0 0 0 0
14 19 0 0 0 0 0 0 0
14 20 0 0 0 0 0 0 0
14 21 0 0 0 0 0 0 0
14 22 0 0 0 0 0 0 0
14 23 0 0 0 0 0 0 0
15 0 0 0 0 0 0 0 0
15 1 0 0 0 0 0 0 0
15 2 0 0 0 0 0 0 0
15 3 11 0.723283 1.25407 0.189142 -11.3377 0.000436591 0.000563367
15 4 0 0 0 0 0 0 0
15 5 11 0.712729 1.07489 0.433227 -11.2277 0.000460654 0.000585743
15 6 0 0 0 0 0 0 0
15 7 0 0 0 0 0 0 0
15 8 0 0 0 0 0 0 0
15 9 10 0.686397 1.02506 0.726599 -11.2255 0.000399186 0.000488831
15 10 0 0 0 0 0 0 0
15 11 0 0 0 0 0 0 0
15 12 0 0 0 0 0 0 0
15 13 0 0 0 0 0 0 0
15 14 0 0 0 0 0 0 0
15 15 0 0 0 0 0 0 0
15 16 0 0 0 0 0 0 0
15 17 0 0 0 0 0 0 0
15 18 0 0 0 0 0 0 0
15 19 0 0 0 0 0 0 0
15 20 0 0 0 0 0 0 0
15 21 0 0 0 0 0 0 0
15 22 0 0 0 0 0 0 0
15 23 0 0 0 0 0 0 0
16 0 0 0 0 0 0 0 0
16 1 0 0 0 0 0 0 0
16 2 11 0.714806 1.34132 0.209502 -11.3356 0.000418194 0.000533303
16 3 0 0 0 0 0 0 0
16 4 0 0 0 0 0 0 0
16 5 10 0.708094 1.30625 0.469727 -11.4092 0.000374687 0.000473335
16 6 0 0 0 0 0 0 0
16 7 11 0.697996 1.22433 0.458466 -11.2198 0.0004284 0.000533471
16 8 0 0 0 0 0 0 0
16 9 0 0 0 0 0 0 0
16 10 0 0 0 0 0 0 0
16 11 0 0 0 0 0 0 0
16 12 0 0 0 0 0 0 0
16 13 0 0 0 0 0 0 0
16 14 0 0 0 0 0 0 0
16 15 0 0 0 0 0 0 0
16 16 0 0 0 0 0 0 0
16 17 0 0 0 0 0 0 0
16 18 0 0 0 0 0 0 0
16 19 0 0 0 0 0 0 0
16 20 0 0 0 0 0 0 0
16 21 0 0 0 0 0 0 0
16 22 0 0 0 0 0 0 0
16 23 0 0 0 0 0 0 0
17 0 0 0 0 0 0 0 0
17 1 0 0 0 0 0 0 0
17 2 10 0.699478 1.40878 0.161402 -11.3761 0.000369438 0.000461024
17 3 0 0 0 0 0 0 0
17 4 0 0 0 0 0 0 0
17 5 0 0 0 0 0 0 0
17 6 0 0 0 0 0 0 0
17 7 0 0 0 0 0 0 0
17 8 0 0 0 0 0 0 0
17 9 0 0 0 0 0 0 0
17 10 0 0 0 0 0 0 0
17 11 0 0 0 0 0 0 0
17 12 0 0 0 0 0 0 0
17 13 0 0 0 0 0 0 0
17 14 0 0 0 0 0 0 0
17 15 0 0 0 0 0 0 0
17 16 0 0 0 0 0 0 0
17 17 0 0 0 0 0 0 0
17 18 0 0 0 0 0 0 0
17 19 0 0 0 0 0 0 0
17 20 0 0 0 0 0 0 0
17 21 0 0 0 0 0 0 0
17 22 0 0 0 0 0 0 0
17 23 0 0 0 0 0 0 0
18 0 0 0 0 0 0 0 0
18 1 0 0 0 0 0 0 0
18 2 0 0 0 0 0 0 0
18 3 0 0 0 0 0 0 0
18 4 0 0 0 0 0 0 0
18 5 0 0 0 0 0 0 0
18 6 0 0 0 0 0 0 0
18 7 0 0 0 0 0 0 0
18 8 0 0 0 0 0 0 0
18 9 0 0 0 0 0 0 0
18 10 0 0 0 0 0 0 0
18 11 0 0 0 0 0 0 0
18 12 0 0 0 0 0 0 0
18 13 0 0 0 0 0 0 0
18 14 0 0 0 0 0 0 0
18 15 0 0 0 0 0 0 0
18 16 0 0 0 0 0 0 0
18 17 0 0 0 0 0 0 0
18 18 0 0 0 0 0 0 0
18 19 0 0 0 0 0 0 0
18 20 0 0 0 0 0 0 0
18 21 0 0 0 0 0 0 0
18 22 0 0 0 0 0 0 0
18 23 0 0 0 0 0 0 0
19 0 0 0 0 0 0 0 0
19 1 0 0 0 0 0 0 0
19 2 0 0 0 0 0 0 0
19 3 0 0 0 0 0 0 0
19 4 0 0 0 0 0 0 0
19 5 0 0 0 0 0 0 0
19 6 0 0 0 0 0 0 0
19 7 0 0 0 0 0 0 0
19 8 0 0 0 0 0 0 0
19 9 0 0 0 0 0 0 0
19 10 0 0 0 0 0 0 0
19 11 0 0 0 0 0 0 0
19 12 0 0 0 0 0 0 0
19 13 0 0 0 0 0 0 0
19 14 0 0 0 0 0 0 0
19 15 0 0 0 0 0 0 0
19 16 0 0 0 0 0 0 0
19 17 0 0 0 0 0 0 0
19 18 0 0 0 0 0 0 0
19 19 0 0 0 0 0 0 0
19 20 0 0 0 0 0 0 0
19 21 0 0 0 0 0 0 0
19 22 0 0 0 0 0 0 0
19 23 0 0 0 0 0 0 0
20 0 0 0 0 0 0 0 0
20 1 0 0 0 0 0 0 0
20 2 0 0 0 0 0 0 0
20 3 0 0 0 0 0 0 0
20 4 0 0 0 0 0 0 0
20 5 0 0 0 0 0 0 0
20 6 0 0 0 0 0 0 0
20 7 0 0 0 0 0 0 0
20 8 0 0 0 0 0 0 0
20 9 0 0 0 0 0 0 0
20 10 0 0 0 0 0 0 0
20 11 0 0 0 0 0 0 0
20 12 0 0 0 0 0 0 0
20 13 0 0 0 0 0 0 0
20 14 0 0 0 0 0 0 0
20 15 0 0 0 0 0 0 0
20 16 0 0 0 0 0 0 0
20 17 0 0 0 0 0 0 0
20 18 0 0 0 0 0 0 0
20 19 0 0 0 0 0 0 0
20 20 0 0 0 0 0 0 0
20 21 0 0 0 0 0 0 0
20 22 0 0 0 0 0 0 0
20 23 0 0 0 0 0 0 0
21 0 0 0 0 0 0 0 0
21 1 0 0 0 0 0 0 0
21 2 0 0 0 0 0 0 0
21 3 0 0 0 0 0 0 0
21 4 0 0 0 0 0 0 0
21 5 0 0 0 0 0 0 0
21 6 0 0 0 0 0 0 0
21 7 0 0 0 0 0 0 0
21 8 0 0 0 0 0 0 0
21 9 0 0 0 0 0 0 0
21 10 0 0 0 0 0 0 0
21 11 0 0 0 0 0 0 0
21 12 0 0 0 0 0 0 0
21 13 0 0 0 0 0 0 0
21 14 0 0 0 0 0 0 0
21 15 0 0 0 0 0 0 0
21 16 0 0 0 0 0 0 0
21 17 0 0 0 0 0 0 0
21 18 0 0 0 0 0 0 0
21 19 0 0 0 0 0 0 0
21 20 0 0 0 0 0 0 0
21 21 0 0 0 0 0 0 0
21 22 0 0 0 0 0 0 0
21 23 0 0 0 0 0 0 0
22 0 0 0 0 0 0 0 0
22 1 0 0 0 0 0 0 0
22 2 0 0 0 0 0 0 0
22 3 0 0 0 0 0 0 0
22 4 0 0 0 0 0 0 0
22 5 0 0 0 0 0 0 0
22 6 0 0 0 0 0 0 0
22 7 0 0 0 0 0 0 0
22 8 0 0 0 0 0 0 0
22 9 0 0 0 0 0 0 0
22 10 0 0 0 0 0 0 0
22 11 0 0 0 0 0 0 0
22 12 0 0 0 0 0 0 0
22 13 0 0 0 0 0 0 0
22 14 0 0 0 0 0 0 0
22 15 0 0 0 0 0 0 0
22 16 0 0 0 0 0 0 0
22 17 0 0 0 0 0 0 0
22 18 0 0 0 0 0 0 0
22 19 0 0 0 0 0 0 0
22 20 0 0 0 0 0 0 0
22 21 0 0 0 0 0 0 0
22 22 0 0 0 0 0 0 0
22 23 0 0 0 0 0 0 0
23 0 0 0 0 0 0 0 0
23 1 0 0 0 0 0 0 0
23 2 0 0 0 0 0 0 0
23 3 0 0 0 0 0 0 0
23 4 0 0 0 0 0 0 0
23 5 0 0 0 0 0 0 0
23 6 0 0 0 0 0 0 0
23 7 0 0 0 0 0 0 0
23 8 0 0 0 0 0 0 0
23 9 0 0 0 0 0 0 0
23 10 0 0 0 0 0 0 0
23 11 0 0 0 0 0 0 0
23 12 0 0 0 0 0 0 0
23 13 0 0 0 0 0 0 0
23 14 0 0 0 0 0 0 0
23 15 0 0 0 0 0 0 0
23 16 0 0 0 0 0 0 0
23 17 0 0 0 0 0 0 0
23 18 0 0 0 0 0 0 0
23 19 0 0 0 0 0 0 0
23 20 0 0 0 0 0 0 0
23 21 0 0 0 0 0 0 0
23 22 0 0 0 0 0 0 0
23 23 0 0 0 0 0 0 0
