#  ix    iy     Npi     E/N       Tpi    Uxpi    Uypi     mupi     rho    epsilon
0 0 396 0.0469318 0.027105 0.0480603 2.67769 0.0167542 0.00388065
0 1 415 0.0484083 0.0226142 0.0685446 2.57186 0.0175391 0.00412202
0 2 401 0.046916 0.00325887 0.132682 2.68469 0.0168438 0.0039008
0 3 419 0.0506717 -0.00674905 0.200595 2.34507 0.0174071 0.00418232
0 4 430 0.0523751 0.041862 0.272699 2.19857 0.0175641 0.00428996
0 5 402 0.0476407 0.0244333 0.297659 2.57784 0.0163215 0.003807
0 6 410 0.047493 4.36658e-05 0.362977 2.59359 0.0163304 0.00380352
0 7 400 0.0491121 0.0546476 0.435082 2.3799 0.0155224 0.00367329
0 8 442 0.0492941 0.003026 0.493729 2.44079 0.0167934 0.00398115
0 9 398 0.0514716 0.0515113 0.521394 2.11814 0.0149383 0.00361702
0 10 440 0.0501739 0.0385786 0.609219 2.30227 0.0159134 0.00380501
0 11 439 0.0485673 0.0105576 0.656836 2.43539 0.0155471 0.00365957
0 12 455 0.0490948 -0.00760822 0.758728 2.371 0.0153589 0.00363398
0 13 458 0.0468014 0.0275699 0.848099 2.56724 0.0147974 0.00342299
0 14 413 0.052356 0.0242165 0.891044 1.90424 0.0130635 0.00319012
0 15 422 0.0483269 0.0480743 1.06754 2.2185 0.0122179 0.00286914
0 16 472 0.0493549 0.0149009 1.07293 2.22655 0.0136354 0.00323441
0 17 460 0.0504441 0.056246 1.17241 2.04647 0.0126406 0.00303039
0 18 460 0.0516357 0.027485 1.26497 1.8913 0.012086 0.00293103
0 19 477 0.0478656 0.045836 1.39433 2.22832 0.0117753 0.00275269
0 20 423 0.0461724 0.0347524 1.53355 2.22111 0.0097884 0.0022502
0 21 464 0.0478289 0.0100589 1.67689 2.07562 0.0100699 0.00235318
0 22 429 0.0454457 0.0210087 1.80331 2.1957 0.00881516 0.00201185
0 23 431 0.0424904 0.0221478 1.96871 2.47595 0.00827026 0.0018322
1 0 410 0.0510714 0.101022 0.0156935 2.30071 0.0172828 0.00416856
1 1 371 0.0471556 0.0701414 0.0594474 2.58634 0.0156543 0.00363393
1 2 380 0.0487029 0.0953497 0.155864 2.44051 0.0158395 0.00373334
1 3 424 0.050458 0.0643591 0.199955 2.37514 0.0175824 0.00421569
1 4 422 0.0481692 0.0839643 0.240652 2.58379 0.0173274 0.0040627
1 5 392 0.0487165 0.058882 0.303185 2.44112 0.0158705 0.00374115
1 6 430 0.0510818 0.0420008 0.339153 2.29735 0.0172413 0.00415898
1 7 398 0.0482976 0.101212 0.455477 2.44527 0.0152827 0.00358782
1 8 399 0.0474146 0.0713702 0.470197 2.53443 0.0152681 0.00355335
1 9 446 0.048378 0.0653049 0.539343 2.52022 0.0166059 0.00390153
1 10 438 0.0468174 0.0966191 0.589089 2.63967 0.0159358 0.00368692
1 11 457 0.0485379 0.117189 0.716882 2.44603 0.0156672 0.00368677
1 12 456 0.0460396 0.0905207 0.817178 2.65731 0.0149252 0.00342654
1 13 437 0.0483175 0.0893874 0.850012 2.36102 0.0140761 0.0033052
1 14 427 0.0513389 0.0913867 0.956637 1.99483 0.0130458 0.00315474
1 15 475 0.0470756 0.127471 0.963736 2.51339 0.0144317 0.00334747
1 16 446 0.0480402 0.133977 1.14725 2.25981 0.0123697 0.00289662
1 17 487 0.050754 0.0860474 1.17611 2.07174 0.0133463 0.00320921
1 18 466 0.0493723 0.103097 1.32296 2.08736 0.0118837 0.00281938
1 19 494 0.0487165 0.103216 1.34286 2.20066 0.0124784 0.00294153
1 20 426 0.0447827 0.106818 1.53 2.38171 0.00985883 0.00223518
1 21 470 0.0448101 0.126884 1.693 2.40351 0.0101074 0.00229216
1 22 479 0.0444042 0.0954557 1.75971 2.44068 0.0100168 0.0022624
1 23 433 0.0454159 0.102402 2.05554 2.10428 0.0080184 0.00182947
2 0 387 0.0504142 0.163522 0.0161475 2.29623 0.0161813 0.00387811
2 1 397 0.0481997 0.17007 0.086013 2.53326 0.0165246 0.00387564
2 2 393 0.0475317 0.0872114 0.139654 2.59576 0.0164313 0.00382849
2 3 375 0.0481939 0.107611 0.179128 2.47331 0.0155539 0.00364776
2 4 428 0.0483113 0.117738 0.27418 2.57239 0.0173784 0.00408037
2 5 384 0.0469683 0.142288 0.320361 2.58665 0.0153551 0.00355788
2 6 430 0.048653 0.138293 0.348431 2.51977 0.017061 0.00401928
2 7 436 0.0509786 0.129304 0.409841 2.29125 0.0169735 0.00409029
2 8 458 0.0499003 0.143269 0.505256 2.40504 0.0171815 0.0040973
2 9 443 0.0488103 0.134197 0.536767 2.46615 0.0164248 0.00387537
2 10 477 0.0525598 0.113635 0.662039 2.13638 0.016778 0.00410523
2 11 473 0.0504566 0.158483 0.673588 2.3106 0.0164812 0.00395161
2 12 468 0.0485848 0.11529 0.746064 2.45148 0.015827 0.00372608
2 13 473 0.0514713 0.149247 0.818474 2.14908 0.0154073 0.00373057
2 14 459 0.0504125 0.140296 0.90831 2.17418 0.0143198 0.00343191
2 15 473 0.0496888 0.157414 0.921623 2.2653 0.0146401 0.00348407
2 16 495 0.0528948 0.162064 1.07998 1.93754 0.0141648 0.00347697
2 17 477 0.0503409 0.165596 1.14883 2.09894 0.0131926 0.00315956
2 18 496 0.0464122 0.149804 1.30405 2.45862 0.0127364 0.00293488
2 19 526 0.0504407 0.170453 1.43561 2.04984 0.0126792 0.00303956
2 20 497 0.0477062 0.182159 1.54382 2.21165 0.0113933 0.00265921
2 21 476 0.0477415 0.174766 1.67204 2.10823 0.0103112 0.00240747
2 22 465 0.0463739 0.182188 1.8077 2.16963 0.00950076 0.00218845
2 23 435 0.0455954 0.221004 2.04919 2.08791 0.00804598 0.00183905
3 0 408 0.0481538 0.18039 0.00578916 2.56704 0.0170133 0.00398845
3 1 404 0.0467239 0.182929 0.0606669 2.70291 0.0168093 0.00388541
3 2 393 0.0469564 0.183732 0.118192 2.64571 0.0162688 0.00376915
3 3 392 0.0441517 0.151468 0.164631 2.95106 0.0162095 0.00365181
3 4 419 0.048061 0.168681 0.285969 2.56678 0.0168498 0.00394653
3 5 447 0.0480835 0.188997 0.308612 2.61995 0.0178103 0.00417242
3 6 408 0.0497065 0.172753 0.36398 2.35464 0.0160356 0.00381682
3 7 409 0.04729 0.214379 0.401082 2.58007 0.0157757 0.00366698
3 8 415 0.0475145 0.223777 0.492023 2.53722 0.0154695 0.00360379
3 9 455 0.0495944 0.185075 0.562641 2.39934 0.0165883 0.00394406
3 10 419 0.0448449 0.151968 0.61797 2.79293 0.0149784 0.00339801
3 11 413 0.0499543 0.200736 0.696623 2.20706 0.0141684 0.00338054
3 12 475 0.0493307 0.203734 0.751701 2.38126 0.0158794 0.0037658
3 13 455 0.0475962 0.204155 0.824419 2.47742 0.0146949 0.00342608
3 14 450 0.0479709 0.189803 0.973256 2.35723 0.0135398 0.00316845
3 15 469 0.0499426 0.206085 0.993627 2.19255 0.0139488 0.00332777
3 16 462 0.0486471 0.247159 1.1118 2.24204 0.0129161 0.00304265
3 17 437 0.0471997 0.267803 1.19161 2.29321 0.0117308 0.00272432
3 18 480 0.048516 0.259698 1.32779 2.18896 0.0120893 0.00284421
3 19 473 0.0463348 0.257192 1.41538 2.35955 0.0114398 0.00263408
3 20 467 0.0482727 0.274814 1.63535 2.04527 0.0102187 0.00239839
3 21 463 0.0490904 0.27688 1.71411 1.92122 0.00979118 0.00231654
3 22 441 0.0458937 0.25365 1.81955 2.15993 0.00893371 0.00204804
3 23 434 0.0446067 0.296179 2.01812 2.20457 0.00809525 0.00183211
4 0 424 0.0476139 0.262072 0.0467565 2.64235 0.0173614 0.0040485
4 1 414 0.0477213 0.256321 0.0821641 2.60673 0.0169395 0.00395428
4 2 417 0.0515925 0.255085 0.161313 2.23144 0.0169158 0.00410063
4 3 410 0.0465795 0.257258 0.214711 2.69802 0.0164727 0.00380215
4 4 392 0.0492482 0.249613 0.267927 2.37139 0.0155973 0.00369594
4 5 413 0.048794 0.271051 0.293902 2.45704 0.0162494 0.00383338
4 6 405 0.0489876 0.22844 0.394082 2.39822 0.0156172 0.00369122
4 7 428 0.0468599 0.238402 0.471126 2.64153 0.0160373 0.00371196
4 8 430 0.048401 0.195589 0.504844 2.48216 0.0160227 0.00376537
4 9 453 0.0481796 0.235274 0.563923 2.52646 0.0163792 0.00384079
4 10 420 0.047651 0.221059 0.637009 2.47592 0.0147557 0.00344211
4 11 436 0.0515173 0.238159 0.669927 2.12187 0.0150567 0.00364731
4 12 460 0.0500582 0.26889 0.766171 2.2629 0.0151315 0.00361397
4 13 449 0.0494598 0.272467 0.83424 2.26391 0.0142996 0.00339544
4 14 493 0.0494281 0.360933 0.959634 2.28682 0.0145859 0.00346236
4 15 486 0.0514407 0.254105 0.983706 2.08743 0.0144456 0.00349669
4 16 487 0.0508595 0.300488 1.14278 2.06073 0.0133307 0.00320873
4 17 511 0.0504945 0.27038 1.16631 2.1353 0.0138805 0.00332927
4 18 447 0.0481835 0.269047 1.31681 2.15541 0.0113064 0.00265134
4 19 486 0.0480039 0.338548 1.46417 2.18258 0.0114083 0.00267053
4 20 440 0.0483686 0.357966 1.68549 1.94768 0.00935833 0.00219852
4 21 487 0.0504147 0.330767 1.57601 1.89982 0.0108862 0.00260906
4 22 459 0.0452778 0.344386 1.86344 2.24359 0.00907709 0.00206816
4 23 451 0.0439834 0.383808 2.00799 2.31285 0.00839707 0.00188856
5 0 418 0.0477317 0.295458 0.00721737 2.60838 0.0169856 0.00396544
5 1 451 0.0467188 0.284424 0.0794094 2.78994 0.0183278 0.00423618
5 2 394 0.0471391 0.294123 0.126308 2.60365 0.0159002 0.00369041
5 3 426 0.0494295 0.287156 0.201136 2.44185 0.0170343 0.0040436
5 4 392 0.0499527 0.242919 0.276984 2.30257 0.0155861 0.00371873
5 5 374 0.0474823 0.277111 0.321864 2.48176 0.0145864 0.00339696
5 6 426 0.048326 0.302805 0.420986 2.4898 0.0160244 0.00376298
5 7 443 0.0498708 0.298825 0.440912 2.37149 0.0165676 0.00394977
5 8 435 0.051083 0.289602 0.50127 2.21951 0.0159519 0.00384799
5 9 423 0.0480525 0.307942 0.605712 2.43963 0.0148251 0.00347201
5 10 436 0.0505738 0.303775 0.633723 2.21307 0.0151153 0.00362823
5 11 441 0.0488801 0.345369 0.714029 2.34424 0.0146403 0.0034567
5 12 468 0.0494572 0.337672 0.763775 2.32661 0.0152211 0.00361415
5 13 453 0.0520229 0.300686 0.81881 2.03597 0.0144652 0.00352112
5 14 482 0.0482402 0.349897 0.994187 2.36748 0.0140575 0.00329832
5 15 473 0.0541823 0.377066 1.03764 1.77518 0.013455 0.00334351
5 16 515 0.050446 0.303747 1.08962 2.18031 0.0144535 0.00346507
5 17 523 0.047506 0.37604 1.25882 2.39614 0.0134222 0.00312658
5 18 492 0.0466972 0.37923 1.33995 2.38197 0.01216 0.00280999
5 19 501 0.0494634 0.417536 1.41991 2.0786 0.011885 0.00282218
5 20 477 0.0503475 0.412502 1.56611 1.88131 0.010619 0.00254335
5 21 468 0.0475714 0.469567 1.75047 2.05218 0.00958025 0.00223307
5 22 457 0.0475994 0.465451 1.83311 1.99252 0.00905141 0.00211039
5 23 456 0.0462811 0.449782 1.92888 2.09251 0.0087085 0.00200411
6 0 389 0.0450871 0.325662 0.0530034 2.80977 0.015653 0.00355966
6 1 410 0.0454936 0.348967 0.0885431 2.80792 0.0163458 0.00373233
6 2 452 0.0475852 0.357913 0.136556 2.67503 0.0178851 0.00416943
6 3 431 0.0499497 0.376198 0.227463 2.373 0.0167185 0.0039888
6 4 439 0.0476725 0.336123 0.241333 2.62632 0.0171883 0.00401044
6 5 436 0.0478736 0.3695 0.325712 2.5693 0.0165732 0.00387458
6 6 464 0.0476189 0.388382 0.380827 2.63664 0.0172713 0.00402767
6 7 455 0.0487252 0.376582 0.456486 2.48472 0.0165921 0.00391159
6 8 449 0.047892 0.368308 0.470263 2.55284 0.0163334 0.00381922
6 9 454 0.0482371 0.385794 0.592448 2.47881 0.0157081 0.00368549
6 10 472 0.0507028 0.365504 0.655606 2.25757 0.0159953 0.00384428
6 11 462 0.0501989 0.382888 0.692195 2.26408 0.0153534 0.003672
6 12 479 0.0492883 0.389353 0.780534 2.34793 0.0152955 0.00362585
6 13 454 0.0488253 0.361178 0.86044 2.30954 0.0140647 0.003319
6 14 445 0.0484696 0.399437 0.942382 2.27977 0.0131772 0.00309874
6 15 538 0.0473126 0.466109 1.06021 2.5205 0.0148984 0.00346383
6 16 472 0.049785 0.445388 1.08787 2.13407 0.0129591 0.0030869
6 17 468 0.0509231 0.485325 1.26189 1.9322 0.0117924 0.0028402
6 18 499 0.0468413 0.497789 1.41758 2.32949 0.0117154 0.00271112
6 19 490 0.0450199 0.483771 1.43665 2.50314 0.0114329 0.00259822
6 20 470 0.0505048 0.502326 1.59492 1.82834 0.0102215 0.00245191
6 21 487 0.050606 0.495087 1.6074 1.85007 0.0105459 0.00253219
6 22 461 0.046412 0.588109 1.97336 2.05817 0.00853342 0.00196637
6 23 458 0.0423693 0.582687 2.10623 2.46697 0.00807514 0.00178678
7 0 419 0.0504456 0.381427 0.0293784 2.31774 0.0165823 0.00397541
7 1 425 0.0488968 0.40916 0.098015 2.46815 0.0165991 0.00391983
7 2 432 0.0488042 0.392128 0.14323 2.49481 0.0168922 0.00398542
7 3 401 0.0483895 0.403303 0.202734 2.4493 0.0154869 0.00363903
7 4 449 0.0499529 0.396426 0.273963 2.39755 0.0171393 0.00408932
7 5 404 0.0466239 0.431921 0.300499 2.60956 0.0151495 0.00349828
7 6 441 0.0480139 0.405332 0.370449 2.54326 0.0163795 0.00383459
7 7 420 0.048452 0.431383 0.476734 2.40907 0.0149696 0.00351964
7 8 469 0.0472025 0.449232 0.536247 2.62089 0.0162839 0.00378184
7 9 429 0.0499846 0.423773 0.570164 2.24907 0.0148192 0.00353686
7 10 473 0.0488988 0.423094 0.653616 2.41951 0.0158142 0.00373454
7 11 480 0.0518053 0.430802 0.702233 2.13738 0.0156978 0.00381318
7 12 473 0.0495235 0.44581 0.785564 2.29707 0.0148733 0.00353387
7 13 486 0.052788 0.485351 0.873965 1.97471 0.0145639 0.00357126
7 14 484 0.0473534 0.472528 0.945777 2.46067 0.0140927 0.00327781
7 15 526 0.0464504 0.498325 1.08498 2.57111 0.0143111 0.00329899
7 16 522 0.0509502 0.536172 1.1239 2.09048 0.0138495 0.00333654
7 17 492 0.0497952 0.508041 1.21275 2.10658 0.0126201 0.00300645
7 18 465 0.0531069 0.541537 1.32992 1.68949 0.0112601 0.00276957
7 19 502 0.0455392 0.585192 1.50775 2.42362 0.0111864 0.00255542
7 20 481 0.0484414 0.649079 1.66984 2.00003 0.00993367 0.00233536
7 21 482 0.0478518 0.664649 1.80068 2.00833 0.00943664 0.00220568
7 22 425 0.0491793 0.671879 1.93602 1.69758 0.00789755 0.00187014
7 23 415 0.0438188 0.729763 2.10575 2.1781 0.00719893 0.00161641
8 0 448 0.0487508 0.423437 0.0463963 2.53343 0.0174646 0.00411831
8 1 379 0.0473217 0.493227 0.10373 2.48141 0.0143408 0.00333448
8 2 402 0.0498024 0.453208 0.152923 2.30279 0.0153666 0.003661
8 3 426 0.048818 0.459394 0.233167 2.44209 0.0160466 0.00378642
8 4 469 0.0477777 0.486378 0.256265 2.62862 0.0174147 0.00406748
8 5 438 0.0500512 0.496701 0.339808 2.31322 0.0159017 0.00379769
8 6 454 0.049722 0.46238 0.363831 2.38655 0.0165804 0.00394709
8 7 461 0.0510754 0.461862 0.439532 2.25223 0.0164709 0.00397289
8 8 436 0.0485364 0.495203 0.500145 2.40981 0.0151078 0.00355507
8 9 475 0.0489655 0.476936 0.572165 2.43341 0.0161413 0.00381428
8 10 466 0.0504427 0.526579 0.70652 2.20531 0.0148148 0.00355159
8 11 484 0.0494059 0.493651 0.704031 2.353 0.0155503 0.00369049
8 12 522 0.0502863 0.508747 0.814521 2.29413 0.0159533 0.00381873
8 13 483 0.0495248 0.552802 0.903397 2.24004 0.0140505 0.0033384
8 14 464 0.0485869 0.52209 0.995248 2.25983 0.0130694 0.00307693
8 15 511 0.051772 0.593057 1.04646 2.01461 0.0138423 0.00336138
8 16 483 0.0491131 0.589502 1.21676 2.1365 0.0121701 0.00288002
8 17 479 0.0508971 0.609407 1.28321 1.92532 0.0116832 0.00281321
8 18 506 0.0506869 0.647701 1.41418 1.93731 0.0115948 0.00278623
8 19 473 0.0479526 0.656328 1.4555 2.11794 0.0106385 0.00248908
8 20 509 0.0444658 0.696952 1.70525 2.46049 0.0102895 0.00232543
8 21 442 0.0460859 0.697792 1.76451 2.11624 0.00873195 0.00200561
8 22 423 0.0462994 0.740627 2.03444 1.94324 0.00751569 0.00172992
8 23 394 0.0432898 0.851381 2.24464 2.12597 0.00641957 0.00143375
9 0 415 0.0501987 0.48636 0.0714687 2.29157 0.015781 0.00377427
9 1 472 0.0477694 0.543074 0.10647 2.6343 0.017499 0.00408684
9 2 433 0.0494232 0.500142 0.179294 2.39241 0.0162025 0.00384592
9 3 456 0.0485343 0.508909 0.200199 2.52524 0.0169526 0.00398911
9 4 441 0.0517615 0.576362 0.276822 2.14425 0.0157434 0.00382263
9 5 498 0.0468294 0.561782 0.345944 2.73851 0.0176137 0.00407559
9 6 487 0.047338 0.542138 0.398396 2.65694 0.0171214 0.00398166
9 7 423 0.0483255 0.523932 0.465489 2.40208 0.0146779 0.00344676
9 8 438 0.050958 0.538251 0.540234 2.15327 0.0147577 0.0035556
9 9 476 0.0494604 0.563422 0.58866 2.35319 0.0156359 0.00371277
9 10 457 0.0508438 0.564692 0.662801 2.15342 0.014604 0.00351469
9 11 519 0.049259 0.616677 0.769885 2.37411 0.0156563 0.00371031
9 12 507 0.0488354 0.581218 0.800562 2.39091 0.0152723 0.00360434
9 13 509 0.0544259 0.607417 0.904148 1.83534 0.014586 0.00363297
9 14 500 0.0498552 0.607896 0.989205 2.1921 0.0138262 0.00329571
9 15 476 0.0466064 0.662594 1.07656 2.42025 0.0125134 0.00288905
9 16 474 0.0489533 0.677075 1.14254 2.14489 0.0120812 0.00285452
9 17 492 0.0478515 0.698082 1.2833 2.22981 0.0117758 0.00275243
9 18 519 0.0488279 0.778956 1.49908 2.08172 0.0112021 0.00264355
9 19 453 0.0480561 0.71763 1.49536 2.03656 0.00991077 0.00232117
9 20 469 0.0495668 0.755049 1.58744 1.87838 0.00982642 0.00233572
9 21 483 0.045571 0.795655 1.77441 2.2418 0.00935941 0.00213874
9 22 414 0.0454821 0.828929 1.993 2.01319 0.00737416 0.00168359
9 23 422 0.0428757 0.900444 2.11142 2.28229 0.00714175 0.00158838
10 0 432 0.0460705 0.602259 0.0307468 2.70301 0.0156754 0.00359988
10 1 436 0.0515042 0.625207 0.0914428 2.15967 0.0156181 0.00378281
10 2 423 0.0480458 0.590325 0.11268 2.47594 0.0153628 0.0035977
10 3 454 0.0490679 0.583495 0.21391 2.43551 0.0163391 0.00386488
10 4 437 0.0489397 0.59795 0.278252 2.39268 0.0154578 0.00365185
10 5 450 0.0491282 0.554832 0.297861 2.41703 0.0161351 0.00381888
10 6 461 0.0481181 0.644623 0.372631 2.48827 0.0156678 0.00367174
10 7 480 0.0507724 0.601634 0.455926 2.26584 0.0162331 0.00390407
10 8 463 0.0504809 0.635755 0.534018 2.2204 0.0150941 0.00361989
10 9 505 0.0511551 0.634031 0.606467 2.22115 0.0160849 0.00388276
10 10 487 0.0464893 0.625538 0.659646 2.63176 0.0152692 0.00352121
10 11 461 0.0512138 0.674102 0.707918 2.07467 0.0139686 0.00337383
10 12 500 0.0485463 0.710089 0.829347 2.35456 0.0143098 0.00336763
10 13 486 0.0511102 0.709204 0.917663 2.04622 0.0134476 0.00324474
10 14 499 0.0512602 0.737066 1.01713 2.01148 0.0131693 0.00318219
10 15 509 0.047566 0.715678 1.13544 2.34917 0.012886 0.00300344
10 16 475 0.0482714 0.786393 1.22273 2.15538 0.0114067 0.00267717
10 17 478 0.0481802 0.830583 1.33164 2.11766 0.0108838 0.00255218
10 18 474 0.0495057 0.817079 1.43326 1.94208 0.0104109 0.00247317
10 19 463 0.0444476 0.841262 1.54703 2.4023 0.00968775 0.00218903
10 20 479 0.0473676 0.870102 1.75869 2.0345 0.00921616 0.00214389
10 21 445 0.0458377 0.939901 1.86714 2.07265 0.00813723 0.0018644
10 22 442 0.0435309 0.983336 2.11809 2.23578 0.00737261 0.00165061
10 23 414 0.0430626 0.991916 2.25083 2.1819 0.00660677 0.00147217
11 0 449 0.0497501 0.648474 0.000562444 2.34589 0.0159629 0.00380113
11 1 436 0.0486265 0.680175 0.0963391 2.40873 0.0152276 0.00358645
11 2 406 0.0487914 0.637469 0.155915 2.33526 0.0143828 0.00339295
11 3 438 0.0496143 0.626292 0.205687 2.32927 0.0154955 0.00368494
11 4 481 0.0522962 0.658728 0.257059 2.15164 0.0166413 0.00406148
11 5 464 0.0496816 0.65253 0.333824 2.34587 0.0158575 0.00377353
11 6 433 0.0485153 0.703654 0.392734 2.35601 0.0142862 0.00336105
11 7 473 0.0479845 0.709949 0.476396 2.47372 0.0152336 0.0035653
11 8 504 0.0498844 0.680336 0.50371 2.35389 0.0163 0.00388648
11 9 468 0.0478619 0.718819 0.621019 2.42837 0.0143776 0.0033609
11 10 512 0.0512101 0.725064 0.658095 2.17912 0.0155011 0.00374383
11 11 505 0.050001 0.732104 0.774248 2.23556 0.0146432 0.00349541
11 12 530 0.0480064 0.749013 0.866756 2.4405 0.0147687 0.00345724
11 13 487 0.0499873 0.801178 0.950835 2.11265 0.0129327 0.0030867
11 14 474 0.050312 0.789347 1.00091 2.03947 0.0123968 0.00296815
11 15 490 0.0495305 0.845698 1.15027 2.07433 0.0119115 0.00283034
11 16 502 0.0479924 0.836713 1.24061 2.21911 0.0118188 0.00276631
11 17 503 0.046882 0.899196 1.40615 2.258 0.0109541 0.00253597
11 18 478 0.0492931 0.866736 1.43938 1.95774 0.0103588 0.00245571
11 19 476 0.0484172 0.985975 1.65769 1.93479 0.00928366 0.00218202
11 20 475 0.0508173 1.01976 1.80835 1.64186 0.00873438 0.00210153
11 21 436 0.0426433 1.07967 1.99624 2.35268 0.00744927 0.00165288
11 22 408 0.0443813 1.15436 2.16051 2.01607 0.00653414 0.00147546
11 23 382 0.0438547 1.17404 2.36214 1.94704 0.00573782 0.00128881
12 0 473 0.0505036 0.70936 0.0110042 2.29797 0.0163465 0.0039211
12 1 450 0.048462 0.690006 0.103105 2.45175 0.0156381 0.00367718
12 2 460 0.0512655 0.698868 0.160241 2.19567 0.0158405 0.00382786
12 3 480 0.046888 0.768918 0.206919 2.63066 0.015911 0.00368374
12 4 465 0.048323 0.707044 0.264405 2.4713 0.0157259 0.00369279
12 5 530 0.0482732 0.780823 0.325675 2.5627 0.017145 0.00402405
12 6 489 0.0491999 0.773841 0.456431 2.36425 0.0154134 0.00365064
12 7 476 0.0524661 0.732993 0.487379 2.04194 0.0151397 0.00370104
12 8 465 0.0527631 0.827047 0.575606 1.92876 0.0138793 0.00340259
12 9 492 0.0493037 0.802067 0.618082 2.30324 0.0146489 0.00347308
12 10 482 0.0527671 0.829459 0.730838 1.91547 0.0137009 0.00335899
12 11 486 0.0491033 0.804675 0.814711 2.24454 0.0135457 0.00320524
12 12 493 0.0485072 0.832652 0.863496 2.291 0.0133763 0.00314672
12 13 506 0.052878 0.846732 0.946347 1.87339 0.013265 0.00325557
12 14 496 0.0482737 0.865709 1.0208 2.253 0.0125792 0.00295244
12 15 513 0.0495549 0.960535 1.1798 2.07432 0.0119397 0.00283771
12 16 495 0.0485146 0.950909 1.26444 2.11327 0.0112065 0.00263649
12 17 489 0.0491349 0.952829 1.35878 2.00506 0.010694 0.00253124
12 18 457 0.0488884 1.0473 1.56139 1.86719 0.0090934 0.0021472
12 19 473 0.0457593 1.07161 1.66578 2.18564 0.00903288 0.002068
12 20 485 0.0464931 1.07998 1.71926 2.11162 0.00908032 0.00209408
12 21 443 0.0469425 1.10975 1.94253 1.89395 0.00766013 0.00177445
12 22 410 0.0418013 1.1342 2.17181 2.33067 0.00656483 0.00144423
12 23 327 0.0422118 1.31227 2.43765 1.94676 0.0047073 0.00103992
13 0 460 0.0498529 0.845067 0.0538169 2.26543 0.014875 0.00354562
13 1 488 0.0499268 0.811181 0.109969 2.33129 0.0160006 0.00381667
13 2 473 0.0467108 0.763128 0.17627 2.64103 0.0157788 0.00364673
13 3 470 0.0484921 0.862053 0.186677 2.40278 0.0149356 0.00351303
13 4 532 0.0521682 0.850232 0.283584 2.17177 0.0167866 0.00409192
13 5 495 0.049775 0.800444 0.334989 2.3359 0.015842 0.00377327
13 6 499 0.0490356 0.835235 0.413978 2.38378 0.0154662 0.00365727
13 7 492 0.0528963 0.868278 0.526895 1.96948 0.0146266 0.00359036
13 8 537 0.0499671 0.862463 0.584278 2.31213 0.0157575 0.00376015
13 9 485 0.0503559 0.86271 0.650546 2.154 0.0139589 0.00334359
13 10 543 0.0517005 0.87169 0.700254 2.12372 0.0153383 0.00372208
13 11 500 0.0514696 0.966482 0.846555 1.98033 0.0130129 0.00315077
13 12 517 0.0491723 0.97976 0.888839 2.21272 0.0132104 0.00312801
13 13 504 0.0514753 0.975201 1.00552 1.93226 0.0124085 0.00300459
13 14 531 0.0478872 1.0014 1.03985 2.31051 0.0128121 0.00299568
13 15 524 0.0504279 1.04399 1.20384 1.97938 0.0118024 0.00282901
13 16 516 0.047143 1.09135 1.31756 2.23784 0.0110333 0.00256092
13 17 488 0.0464374 1.11561 1.45049 2.20562 0.00991603 0.00228555
13 18 475 0.0469981 1.10094 1.52832 2.09683 0.00943799 0.00218749
13 19 452 0.0478189 1.14364 1.70475 1.89384 0.0083876 0.00195985
13 20 458 0.0444972 1.27128 1.87131 2.18579 0.00784603 0.00177376
13 21 450 0.0448473 1.23095 1.91955 2.12178 0.00765788 0.00173731
13 22 392 0.0433883 1.36559 2.19204 2.04626 0.00599764 0.00134085
13 23 349 0.0439559 1.52256 2.59906 1.72705 0.00465937 0.00104763
14 0 456 0.0517016 0.879361 -0.00788248 2.06808 0.0145097 0.00352104
14 1 505 0.0478084 0.872031 0.123887 2.54436 0.0160577 0.00375167
14 2 510 0.0505264 0.932983 0.155713 2.25544 0.0156996 0.00376675
14 3 511 0.0489702 0.921857 0.21239 2.4071 0.0157294 0.00371712
14 4 482 0.0523545 0.872801 0.302765 2.04272 0.0150019 0.00366341
14 5 517 0.049825 0.949514 0.394129 2.29462 0.0152746 0.0036399
14 6 501 0.0514885 0.909694 0.441852 2.1158 0.0149263 0.0036147
14 7 538 0.0522 0.933296 0.491288 2.10104 0.0156849 0.00382453
14 8 527 0.0512826 0.96679 0.57042 2.12979 0.0148538 0.00359002
14 9 496 0.0509394 0.993395 0.662184 2.06558 0.0134954 0.00325089
14 10 489 0.0509373 1.01546 0.746335 2.01907 0.0128796 0.00310248
14 11 559 0.0491496 0.972968 0.779526 2.32994 0.0148205 0.00350847
14 12 537 0.0490463 1.07315 0.929686 2.21686 0.0131023 0.00309861
14 13 536 0.0492335 1.06134 1.01162 2.17494 0.0127971 0.00303196
14 14 507 0.0503849 1.09059 1.06639 1.98143 0.0117787 0.00282216
14 15 537 0.0475636 1.15312 1.20582 2.25269 0.0116978 0.00272645
14 16 527 0.0480824 1.13671 1.30142 2.15486 0.0111851 0.0026203
14 17 511 0.0476156 1.13001 1.44396 2.12659 0.0103674 0.0024176
14 18 502 0.0490369 1.31133 1.66594 1.85044 0.00907424 0.00214579
14 19 448 0.0449418 1.33429 1.74708 2.13721 0.00786021 0.0017849
14 20 406 0.0452841 1.33515 1.93028 1.94569 0.00674327 0.00153651
14 21 392 0.0436599 1.44167 2.14176 2.01445 0.00599934 0.0013449
14 22 380 0.0453641 1.48409 2.22044 1.75924 0.00564612 0.00128754
14 23 323 0.0407271 1.60835 2.50232 2.05974 0.00436121 0.000948985
15 0 521 0.0506068 0.98444 0.0482789 2.24938 0.0157229 0.00377529
15 1 550 0.0503574 1.02649 0.118337 2.30319 0.0162072 0.00388217
15 2 501 0.0523347 0.99525 0.176252 2.03972 0.0149307 0.00364533
15 3 468 0.0497558 0.987992 0.218144 2.20984 0.0139399 0.00331959
15 4 546 0.0497643 1.00203 0.279554 2.34892 0.0160332 0.00381839
15 5 547 0.0487735 0.997013 0.370264 2.43588 0.0158771 0.0037448
15 6 510 0.0493978 1.07853 0.469441 2.24856 0.0139972 0.00332163
15 7 491 0.0501311 1.08518 0.533367 2.12387 0.0132592 0.00316905
15 8 506 0.051615 1.06342 0.614472 2.0066 0.0135375 0.00328238
15 9 536 0.0487136 1.06502 0.680398 2.32262 0.0140929 0.00332202
15 10 544 0.051591 1.14644 0.782222 2.00417 0.0134752 0.00326652
15 11 568 0.0501348 1.12655 0.839189 2.17486 0.0139577 0.00333611
15 12 538 0.0515739 1.22851 0.963193 1.91419 0.0122965 0.00298031
15 13 470 0.0505546 1.21093 1.06067 1.85138 0.0105088 0.00252205
15 14 495 0.0483705 1.26607 1.217 2.05098 0.0103789 0.00243832
15 15 465 0.0484672 1.25479 1.26307 1.96838 0.00964899 0.002269
15 16 538 0.0478693 1.2581 1.28434 2.16717 0.011081 0.00259048
15 17 504 0.0486891 1.29812 1.44266 1.95992 0.00978194 0.00230528
15 18 449 0.0449176 1.46216 1.68806 2.12907 0.00777521 0.00176517
15 19 460 0.0438104 1.46773 1.85012 2.23332 0.00760021 0.00170637
15 20 400 0.0435692 1.63285 2.18443 1.99733 0.00583484 0.00130683
15 21 413 0.0418181 1.59354 2.13578 2.26303 0.00614853 0.00135288
15 22 330 0.0414196 1.67512 2.35657 2.01699 0.00457065 0.00100162
15 23 305 0.0399601 1.87159 2.73677 2.00604 0.00373189 0.000805684
16 0 529 0.0530225 1.06098 0.030073 2.00808 0.015371 0.00377766
16 1 557 0.0505124 1.05435 0.0964279 2.28852 0.0162061 0.00388774
16 2 502 0.0507415 1.04257 0.172507 2.16408 0.0146204 0.00351516
16 3 535 0.0523277 1.07046 0.266789 2.05987 0.0152249 0.00371691
16 4 553 0.0496771 1.11777 0.299245 2.31192 0.0153215 0.00364582
16 5 549 0.0541985 1.14128 0.396573 1.87127 0.0148324 0.00368637
16 6 544 0.0456323 1.12828 0.473551 2.67879 0.0145866 0.00333525
16 7 516 0.0500275 1.14345 0.534189 2.15754 0.0135785 0.00324209
16 8 558 0.0525691 1.1284 0.600161 1.99444 0.0145699 0.00356527
16 9 549 0.0487457 1.24729 0.712295 2.2609 0.0132917 0.00313414
16 10 545 0.0500979 1.16983 0.752748 2.1435 0.0134794 0.00322065
16 11 584 0.0498791 1.28438 0.930437 2.14332 0.0131982 0.00314676
16 12 545 0.049921 1.28054 0.980457 2.05815 0.0121694 0.00290264
16 13 528 0.0488533 1.25842 1.08613 2.10831 0.0115329 0.00272229
16 14 470 0.0496635 1.29501 1.15916 1.87973 0.00993197 0.00236304
16 15 508 0.0458143 1.329 1.30401 2.29967 0.010185 0.00233304
16 16 485 0.0493965 1.40622 1.43894 1.82323 0.00914682 0.00217057
16 17 469 0.0473424 1.44949 1.51234 1.9634 0.00856129 0.00199106
16 18 451 0.0449657 1.58736 1.78769 2.07073 0.00737436 0.00167497
16 19 436 0.0442078 1.59348 1.8518 2.10469 0.00699859 0.00157759
16 20 385 0.0396935 1.60981 2.01707 2.49935 0.0058943 0.00126905
16 21 373 0.0405757 1.78808 2.2396 2.25692 0.00520709 0.00113129
16 22 323 0.0371444 1.90265 2.51771 2.51196 0.00413434 0.000866939
16 23 273 0.0382698 1.90835 2.61315 2.154 0.00341556 0.000724642
17 0 584 0.0500002 1.17806 0.0336377 2.32488 0.0160102 0.00382169
17 1 559 0.0495159 1.16342 0.0632282 2.33433 0.0154266 0.00366505
17 2 566 0.0514559 1.20728 0.153934 2.13862 0.0152255 0.00368601
17 3 514 0.0520047 1.16938 0.281643 1.99946 0.0139237 0.00338872
17 4 543 0.0527337 1.24424 0.298108 1.95198 0.0141688 0.00347258
17 5 533 0.0502892 1.24829 0.388807 2.14309 0.0137208 0.00328441
17 6 538 0.0509096 1.23347 0.470754 2.08808 0.0137643 0.0033147
17 7 541 0.050718 1.20476 0.533695 2.11273 0.0138581 0.00333113
17 8 552 0.0512576 1.29889 0.604926 2.02806 0.0133863 0.00323455
17 9 574 0.051076 1.23151 0.688051 2.09431 0.0140657 0.00339275
17 10 544 0.0501954 1.34768 0.791938 2.05254 0.012422 0.00297081
17 11 550 0.0498217 1.34137 0.908192 2.07362 0.012242 0.00291713
17 12 541 0.0484391 1.40004 0.997062 2.14911 0.011528 0.00271011
17 13 489 0.04893 1.48498 1.0974 1.94477 0.00986743 0.00233092
17 14 561 0.0476946 1.44849 1.2121 2.18882 0.011123 0.00259581
17 15 483 0.049852 1.52462 1.32603 1.77168 0.00907785 0.00216379
17 16 507 0.048207 1.51976 1.47898 1.94283 0.00916285 0.00214919
17 17 424 0.0442724 1.60489 1.59465 2.13436 0.0072632 0.0016383
17 18 427 0.0458281 1.62602 1.71149 1.93129 0.00705716 0.00161678
17 19 403 0.0430825 1.78597 1.89125 2.10419 0.00612745 0.00136564
17 20 322 0.0409159 1.91606 2.2125 2.04648 0.00441132 0.000961745
17 21 333 0.0407334 1.89952 2.29252 2.08861 0.00449272 0.000977666
17 22 274 0.0365491 2.19158 2.72778 2.34441 0.0031903 0.000664839
17 23 232 0.0364722 2.15559 2.84401 2.17183 0.00265254 0.000552329
18 0 594 0.0519697 1.28928 0.00362201 2.10506 0.0154258 0.00375304
18 1 578 0.0515362 1.29801 0.130467 2.10967 0.0149 0.00360999
18 2 563 0.0523449 1.2867 0.14988 2.01489 0.0145776 0.00355949
18 3 536 0.0540991 1.35199 0.234589 1.77637 0.0133764 0.00332135
18 4 522 0.0521793 1.3382 0.305779 1.91697 0.0130238 0.00317504
18 5 537 0.0522438 1.29079 0.403738 1.94919 0.013528 0.00329999
18 6 503 0.0528074 1.27587 0.476288 1.82932 0.0126147 0.00309387
18 7 543 0.0499781 1.34805 0.578551 2.11562 0.0129597 0.00309287
18 8 540 0.050734 1.37523 0.649417 2.01376 0.0125711 0.00302221
18 9 507 0.0510436 1.39719 0.730986 1.89639 0.0115054 0.00277433
18 10 529 0.0487108 1.49832 0.841348 2.09976 0.0112743 0.00265755
18 11 559 0.0495885 1.44907 0.89363 2.07584 0.0119966 0.00285217
18 12 475 0.0494171 1.51037 1.01894 1.87833 0.00968428 0.00229857
18 13 531 0.0485937 1.53369 1.06982 2.05073 0.0106105 0.0024982
18 14 498 0.0472827 1.65494 1.27439 2.03196 0.0091121 0.0021179
18 15 480 0.0449073 1.77632 1.45937 2.17274 0.00811285 0.00184163
18 16 436 0.046521 1.81208 1.57516 1.86307 0.00710311 0.00163856
18 17 421 0.0468066 1.78765 1.62618 1.79222 0.00682083 0.0015779
18 18 412 0.0415214 1.92924 1.87516 2.28975 0.00608231 0.00133427
18 19 386 0.0409183 2.06879 2.16425 2.2071 0.00518157 0.0011297
18 20 309 0.0408617 2.01851 2.23456 1.9868 0.00412651 0.000899152
18 21 273 0.0345633 2.23352 2.52804 2.69863 0.00328774 0.000671007
18 22 244 0.0343966 2.2952 2.69672 2.57013 0.00280973 0.000572439
18 23 200 0.0319505 2.54441 3.17817 2.68837 0.00202149 0.000401292
19 0 586 0.0530701 1.37504 0.0212794 1.95268 0.0146032 0.00359058
19 1 583 0.0499171 1.45528 0.0766443 2.19703 0.0139772 0.00333371
19 2 595 0.0546408 1.46432 0.193851 1.78585 0.0141341 0.00352758
19 3 572 0.0508409 1.41383 0.253441 2.10056 0.0138484 0.00333274
19 4 568 0.0536012 1.43681 0.32047 1.82987 0.013524 0.00334212
19 5 578 0.0514903 1.4278 0.402472 2.02916 0.0136899 0.00331535
19 6 575 0.0476088 1.50687 0.482294 2.35491 0.0130172 0.00303532
19 7 528 0.0493015 1.51654 0.626803 2.07375 0.0116425 0.00276024
19 8 566 0.0510438 1.54758 0.696389 1.95299 0.0121756 0.00293593
19 9 549 0.0518768 1.49564 0.735083 1.85974 0.0119693 0.00290949
19 10 518 0.0501038 1.53969 0.847006 1.92647 0.0108557 0.00259391
19 11 482 0.0482721 1.64553 0.955903 1.97245 0.0095004 0.00222979
19 12 513 0.0477284 1.70444 1.05733 2.04836 0.00969886 0.00226422
19 13 527 0.0470706 1.81961 1.21367 2.07289 0.00928508 0.00215359
19 14 480 0.0470555 1.7364 1.28216 1.99198 0.00854985 0.00198276
19 15 449 0.0481539 1.78253 1.36501 1.77955 0.00774089 0.00181471
19 16 452 0.0466213 1.87973 1.55778 1.8742 0.00725972 0.00167635
19 17 392 0.0448463 2.0899 1.80828 1.81812 0.0056517 0.00128216
19 18 378 0.0389217 2.08181 1.95303 2.49936 0.00529554 0.0011311
19 19 341 0.0406444 2.19852 2.14281 2.09638 0.00447509 0.000972941
19 20 277 0.0355238 2.44481 2.47637 2.52408 0.00324171 0.000668335
19 21 251 0.0345039 2.53904 2.69691 2.53819 0.00277209 0.000565411
19 22 211 0.033189 2.59057 2.89358 2.55287 0.00222933 0.000448423
19 23 155 0.0280879 2.97139 3.49331 3.15666 0.00139923 0.000266459
20 0 611 0.0513988 1.55026 0.0152658 2.06231 0.0140334 0.00339555
20 1 601 0.0496345 1.58979 0.131355 2.19139 0.0135261 0.00321725
20 2 577 0.0522465 1.54253 0.211491 1.92536 0.0132126 0.00322314
20 3 596 0.0508686 1.52282 0.282222 2.08712 0.0136988 0.00329763
20 4 595 0.0506991 1.58556 0.368871 2.06557 0.0131964 0.00317148
20 5 593 0.0498139 1.66154 0.439317 2.10611 0.0126369 0.003011
20 6 565 0.0513378 1.66096 0.524031 1.90474 0.0119207 0.00288264
20 7 597 0.0480701 1.70464 0.630904 2.24244 0.0121937 0.00285623
20 8 538 0.0504535 1.73368 0.69923 1.88384 0.0107529 0.00257809
20 9 491 0.0486212 1.74187 0.833485 1.9445 0.00956741 0.00225322
20 10 526 0.0483805 1.67612 0.859155 2.05697 0.0104517 0.00245567
20 11 534 0.0500902 1.7765 0.973884 1.84718 0.0100151 0.00239274
20 12 519 0.0444755 1.8558 1.12975 2.3469 0.00919485 0.00207823
20 13 435 0.0484081 1.88487 1.22605 1.72103 0.00749009 0.00176031
20 14 468 0.0464568 1.96017 1.38906 1.94023 0.00762049 0.00175679
20 15 424 0.0442408 2.06007 1.49808 2.03701 0.00656549 0.00148045
20 16 410 0.0412985 2.09536 1.63128 2.32482 0.00612253 0.00134004
20 17 360 0.0438937 2.20427 1.80301 1.8156 0.00505405 0.00113566
20 18 318 0.0370903 2.32095 2.04289 2.52312 0.00414647 0.000868994
20 19 302 0.0406959 2.39591 2.1987 1.91584 0.00376133 0.000818192
20 20 247 0.0400532 2.54875 2.5257 1.70965 0.00280973 0.000607178
20 21 210 0.0309236 2.64039 2.63302 3.02473 0.00230488 0.00045255
20 22 133 0.0320671 2.72586 2.93113 2.27377 0.00136596 0.000271497
20 23 98 0.0260914 3.13955 3.42869 3.19826 0.000873249 0.000162721
21 0 587 0.0519822 1.69435 0.0258709 1.90485 0.0126411 0.00307591
21 1 602 0.0510322 1.80057 0.150532 1.96846 0.0123521 0.00297815
21 2 581 0.0495765 1.71725 0.169822 2.10552 0.0123437 0.00293434
21 3 527 0.0511254 1.76718 0.282779 1.83408 0.0108924 0.00262859
21 4 584 0.0522242 1.79508 0.380891 1.81775 0.011841 0.00288793
21 5 566 0.0524533 1.79683 0.482112 1.75542 0.011355 0.00277548
21 6 573 0.0492118 1.84119 0.574495 2.04158 0.0111756 0.00264723
21 7 575 0.0495277 1.86073 0.648698 1.99732 0.0110257 0.00261979
21 8 522 0.050995 1.82356 0.775604 1.75714 0.00996485 0.00240171
21 9 531 0.0505778 1.98915 0.880459 1.73747 0.00939793 0.00225594
21 10 508 0.0527041 1.89087 0.894019 1.53194 0.00928489 0.00227496
21 11 500 0.045589 2.02162 1.06414 2.14297 0.00849545 0.00194166
21 12 479 0.0468424 1.88611 1.09885 2.00302 0.00845333 0.00195625
21 13 479 0.045628 2.09198 1.28979 2.03381 0.00764961 0.00174902
21 14 443 0.0451564 2.21824 1.43144 1.94586 0.00664925 0.00151316
21 15 406 0.0452292 2.23138 1.55613 1.82421 0.00593552 0.00135172
21 16 367 0.0401279 2.34905 1.72238 2.2858 0.00504944 0.00109201
21 17 317 0.0416112 2.33519 1.92128 1.91214 0.00421729 0.000925991
21 18 281 0.0396859 2.66007 2.1814 1.92744 0.00332357 0.000715513
21 19 253 0.0376249 2.68505 2.41563 2.07138 0.00286056 0.000602845
21 20 192 0.0351487 2.84384 2.6184 2.12151 0.0020375 0.000418413
21 21 165 0.0333538 2.969 2.89948 2.21457 0.00163785 0.000330025
21 22 124 0.0294752 3.14536 3.11271 2.64608 0.00115815 0.000223881
21 23 69 0.0264903 3.27997 3.40596 2.72339 0.000604939 0.000113216
22 0 552 0.0514031 1.92659 0.0622349 1.79734 0.010771 0.00260627
22 1 543 0.0511621 1.87546 0.160098 1.8217 0.0107949 0.00260597
22 2 551 0.0477594 1.97573 0.229584 2.12334 0.0104873 0.00244903
22 3 554 0.0465878 1.90292 0.314704 2.27543 0.0108049 0.00249414
22 4 534 0.046719 1.99979 0.375618 2.1821 0.00998017 0.00230676
22 5 573 0.0501966 1.93894 0.469507 1.91989 0.0108801 0.00260208
22 6 551 0.0507256 2.04225 0.580992 1.7805 0.00994784 0.00239137
22 7 516 0.0486408 1.97129 0.676525 1.9311 0.00945841 0.00222798
22 8 459 0.047137 2.09626 0.762366 1.91151 0.00795635 0.00184661
22 9 535 0.0501466 2.10602 0.863698 1.74796 0.00911804 0.00217961
22 10 491 0.043948 2.20898 1.03576 2.25475 0.00789046 0.00177399
22 11 483 0.0487457 2.17869 1.09788 1.72301 0.00776209 0.00183028
22 12 436 0.0444055 2.26598 1.17346 2.04443 0.00674071 0.00152248
22 13 399 0.0452685 2.36543 1.35496 1.80062 0.00582259 0.00132652
22 14 400 0.0415113 2.49046 1.61823 2.17359 0.0054084 0.00118631
22 15 351 0.0406278 2.47594 1.61499 2.16154 0.00476596 0.001036
22 16 319 0.0401905 2.51479 1.80977 2.08167 0.0041518 0.000898464
22 17 267 0.0380152 2.7465 2.14534 2.10069 0.00312037 0.00066027
22 18 242 0.0361713 2.98778 2.38165 2.19781 0.00259629 0.000538917
22 19 197 0.0302324 2.92804 2.52376 3.07179 0.0020906 0.000407443
22 20 125 0.0349592 3.28807 2.8949 1.60585 0.00117872 0.000241574
22 21 128 0.0312995 3.44023 3.12244 2.24544 0.00114127 0.000224986
22 22 84 0.0256978 3.71316 3.58301 3.05314 0.000677192 0.000125647
22 23 30 0.0229482 3.64858 3.68212 2.87082 0.00024079 4.33475e-05
23 0 590 0.0520271 2.06151 0.0611749 1.75328 0.0109072 0.00265514
23 1 574 0.0493884 2.04262 0.136773 1.97853 0.0106751 0.00253305
23 2 523 0.0471518 2.2116 0.231567 2.04307 0.00908909 0.00210983
23 3 525 0.0515024 2.04735 0.303066 1.68126 0.00967804 0.00234405
23 4 523 0.0473554 2.04236 0.409414 2.07564 0.00959102 0.00223082
23 5 535 0.0472637 2.21405 0.509229 2.03621 0.00913282 0.00212232
23 6 497 0.0479398 2.2935 0.624727 1.85476 0.0081662 0.00191039
23 7 497 0.0471748 2.19066 0.716584 1.95967 0.00838194 0.00194612
23 8 473 0.0483274 2.16392 0.785304 1.79318 0.00798554 0.00187526
23 9 490 0.0468939 2.44887 0.965846 1.86088 0.00737313 0.00170714
23 10 454 0.0445199 2.30943 1.01454 2.08182 0.00708963 0.00160312
23 11 412 0.0437801 2.36475 1.10082 2.04115 0.00624929 0.00140264
23 12 399 0.0423618 2.44474 1.26788 2.13184 0.00577044 0.00127672
23 13 353 0.0421376 2.69773 1.52127 1.93203 0.00459593 0.00101455
23 14 345 0.0432209 2.74563 1.63543 1.74859 0.0043656 0.000974337
23 15 298 0.0402941 2.67271 1.77381 1.96816 0.00375804 0.000814117
23 16 256 0.0380381 2.97005 1.98414 2.0325 0.00292449 0.000618967
23 17 212 0.0328626 3.03296 2.14966 2.6586 0.00233347 0.000467745
23 18 164 0.0337831 3.12582 2.41489 2.17809 0.00170548 0.000345218
23 19 144 0.0273358 3.42497 2.7323 3.31233 0.00135775 0.000256456
23 20 90 0.0283504 3.47759 2.93517 2.55758 0.000818487 0.00015631
23 21 74 0.0222837 3.48416 3.18729 4.09633 0.000649618 0.000116091
23 22 28 0.0213512 3.57451 3.36349 3.43586 0.000236861 4.18942e-05
23 23 11 0.0218147 3.53604 3.3496 2.33247 9.37403e-05 1.66653e-05
