#  ix    iy     NB       E/N    TB    UxB       UyB       muB       rhoB     epsilonB
0 0 0 0 0 0 0 0 0
0 1 0 0 0 0 0 0 0
0 2 0 0 0 0 0 0 0
0 3 0 0 0 0 0 0 0
0 4 12 0.733222 0.00869117 0.409017 -10.9984 0.000645726 0.00084468
0 5 0 0 0 0 0 0 0
0 6 0 0 0 0 0 0 0
0 7 0 0 0 0 0 0 0
0 8 15 0.713765 0.0162345 0.366094 -10.6581 0.000818844 0.00104271
0 9 0 0 0 0 0 0 0
0 10 0 0 0 0 0 0 0
0 11 12 0.71926 -0.0300251 0.685864 -11.0407 0.000575176 0.000738065
0 12 0 0 0 0 0 0 0
0 13 13 0.721815 -0.00796465 0.869817 -11.0628 0.00057026 0.000734357
0 14 12 0.689213 0.175859 0.861841 -10.9696 0.000523858 0.000644132
0 15 0 0 0 0 0 0 0
0 16 12 0.701483 0.0307962 1.02281 -11.1096 0.000487622 0.000610251
0 17 10 0.728502 0.0825488 1.13161 -11.4924 0.00038442 0.000499626
0 18 0 0 0 0 0 0 0
0 19 0 0 0 0 0 0 0
0 20 0 0 0 0 0 0 0
0 21 0 0 0 0 0 0 0
0 22 0 0 0 0 0 0 0
0 23 0 0 0 0 0 0 0
1 0 0 0 0 0 0 0 0
1 1 13 0.0747822 0.198607 0.0945613 7.61169 0.000738166 0.000966869
1 2 0 0 0 0 0 0 0
1 3 0 0 0 0 0 0 0
1 4 12 0.703145 0.0342358 0.153836 -10.7728 0.000689168 0.000864527
1 5 0 0 0 0 0 0 0
1 6 0 0 0 0 0 0 0
1 7 11 0.719581 0.0475232 0.439404 -11.0255 0.000584951 0.000750944
1 8 0 0 0 0 0 0 0
1 9 13 0.700522 0.0554743 0.591476 -10.8172 0.000649798 0.000812098
1 10 0 0 0 0 0 0 0
1 11 0 0 0 0 0 0 0
1 12 0 0 0 0 0 0 0
1 13 0 0 0 0 0 0 0
1 14 0 0 0 0 0 0 0
1 15 0 0 0 0 0 0 0
1 16 0 0 0 0 0 0 0
1 17 0 0 0 0 0 0 0
1 18 10 0.705123 0.120239 1.27532 -11.4392 0.000357763 0.000450058
1 19 0 0 0 0 0 0 0
1 20 0 0 0 0 0 0 0
1 21 0 0 0 0 0 0 0
1 22 0 0 0 0 0 0 0
1 23 0 0 0 0 0 0 0
2 0 10 0.0970489 0.0908563 -0.0618951 3.29423 0.000577914 0.000779397
2 1 0 0 0 0 0 0 0
2 2 0 0 0 0 0 0 0
2 3 0 0 0 0 0 0 0
2 4 0 0 0 0 0 0 0
2 5 0 0 0 0 0 0 0
2 6 0 0 0 0 0 0 0
2 7 0 0 0 0 0 0 0
2 8 0 0 0 0 0 0 0
2 9 0 0 0 0 0 0 0
2 10 11 0.725115 0.19001 0.677256 -11.1666 0.000523089 0.000676691
2 11 11 0.720668 0.0424924 0.745851 -11.1638 0.00051235 0.000658734
2 12 15 0.699023 0.218223 0.780331 -10.767 0.000677582 0.00084501
2 13 0 0 0 0 0 0 0
2 14 0 0 0 0 0 0 0
2 15 0 0 0 0 0 0 0
2 16 0 0 0 0 0 0 0
2 17 13 0.697174 0.155847 1.12772 -11.0631 0.000498798 0.000620403
2 18 0 0 0 0 0 0 0
2 19 0 0 0 0 0 0 0
2 20 0 0 0 0 0 0 0
2 21 0 0 0 0 0 0 0
2 22 0 0 0 0 0 0 0
2 23 0 0 0 0 0 0 0
3 0 14 0.706777 0.151903 0.0745255 -10.6403 0.000802547 0.00101195
3 1 0 0 0 0 0 0 0
3 2 0 0 0 0 0 0 0
3 3 0 0 0 0 0 0 0
3 4 0 0 0 0 0 0 0
3 5 11 0.713995 0.208697 0.334477 -10.9787 0.000594967 0.000757872
3 6 0 0 0 0 0 0 0
3 7 0 0 0 0 0 0 0
3 8 0 0 0 0 0 0 0
3 9 10 0.716032 0.158957 0.52215 -11.1431 0.000510328 0.000651914
3 10 11 0.711131 0.3346 0.57667 -11.0749 0.000532114 0.000675091
3 11 0 0 0 0 0 0 0
3 12 0 0 0 0 0 0 0
3 13 11 0.723829 0.288796 0.73798 -11.2025 0.000501227 0.00064726
3 14 0 0 0 0 0 0 0
3 15 0 0 0 0 0 0 0
3 16 0 0 0 0 0 0 0
3 17 0 0 0 0 0 0 0
3 18 0 0 0 0 0 0 0
3 19 0 0 0 0 0 0 0
3 20 0 0 0 0 0 0 0
3 21 0 0 0 0 0 0 0
3 22 0 0 0 0 0 0 0
3 23 0 0 0 0 0 0 0
4 0 10 0.721682 0.17937 -0.0226617 -11.0589 0.00057212 0.000736616
4 1 11 0.725012 0.223165 0.148455 -10.9998 0.00061773 0.00079901
4 2 0 0 0 0 0 0 0
4 3 0 0 0 0 0 0 0
4 4 11 0.719136 0.227811 0.175707 -10.9737 0.000614605 0.000788525
4 5 0 0 0 0 0 0 0
4 6 15 0.715537 0.253864 0.361506 -10.6937 0.000797727 0.00101834
4 7 0 0 0 0 0 0 0
4 8 0 0 0 0 0 0 0
4 9 0 0 0 0 0 0 0
4 10 0 0 0 0 0 0 0
4 11 0 0 0 0 0 0 0
4 12 0 0 0 0 0 0 0
4 13 10 0.0808481 0.347121 0.906867 5.72162 0.000417106 0.000550694
4 14 0 0 0 0 0 0 0
4 15 0 0 0 0 0 0 0
4 16 0 0 0 0 0 0 0
4 17 0 0 0 0 0 0 0
4 18 0 0 0 0 0 0 0
4 19 0 0 0 0 0 0 0
4 20 0 0 0 0 0 0 0
4 21 0 0 0 0 0 0 0
4 22 0 0 0 0 0 0 0
4 23 0 0 0 0 0 0 0
5 0 0 0 0 0 0 0 0
5 1 0 0 0 0 0 0 0
5 2 0 0 0 0 0 0 0
5 3 0 0 0 0 0 0 0
5 4 0 0 0 0 0 0 0
5 5 0 0 0 0 0 0 0
5 6 10 0.712774 0.354654 0.329909 -11.1006 0.000523245 0.000665373
5 7 0 0 0 0 0 0 0
5 8 0 0 0 0 0 0 0
5 9 0 0 0 0 0 0 0
5 10 11 0.709852 0.320254 0.588501 -11.0695 0.000531307 0.000672855
5 11 13 0.699438 0.298288 0.598478 -10.8449 0.000628287 0.000783999
5 12 0 0 0 0 0 0 0
5 13 0 0 0 0 0 0 0
5 14 0 0 0 0 0 0 0
5 15 0 0 0 0 0 0 0
5 16 0 0 0 0 0 0 0
5 17 0 0 0 0 0 0 0
5 18 0 0 0 0 0 0 0
5 19 0 0 0 0 0 0 0
5 20 0 0 0 0 0 0 0
5 21 0 0 0 0 0 0 0
5 22 0 0 0 0 0 0 0
5 23 0 0 0 0 0 0 0
6 0 10 0.733223 0.430701 -0.0156549 -11.1885 0.000533919 0.000698425
6 1 10 0.716134 0.362992 0.113862 -11.0808 0.000543401 0.000694262
6 2 12 0.715076 0.338158 -0.00616024 -10.8794 0.000660898 0.000843131
6 3 0 0 0 0 0 0 0
6 4 10 0.722535 0.613255 0.263624 -11.2316 0.00048356 0.00062333
6 5 0 0 0 0 0 0 0
6 6 0 0 0 0 0 0 0
6 7 0 0 0 0 0 0 0
6 8 0 0 0 0 0 0 0
6 9 0 0 0 0 0 0 0
6 10 0 0 0 0 0 0 0
6 11 10 0.721855 0.392889 0.653844 -11.273 0.000462259 0.000595311
6 12 11 0.0742737 0.306267 0.674832 7.36927 0.00051382 0.000672567
6 13 0 0 0 0 0 0 0
6 14 10 0.705055 0.539084 0.99814 -11.3669 0.000384458 0.000483592
6 15 0 0 0 0 0 0 0
6 16 0 0 0 0 0 0 0
6 17 0 0 0 0 0 0 0
6 18 0 0 0 0 0 0 0
6 19 0 0 0 0 0 0 0
6 20 0 0 0 0 0 0 0
6 21 0 0 0 0 0 0 0
6 22 0 0 0 0 0 0 0
6 23 0 0 0 0 0 0 0
7 0 0 0 0 0 0 0 0
7 1 11 0.721866 0.359395 0.106577 -11.0142 0.000598842 0.000771217
7 2 11 0.0876331 0.428704 0.15503 4.78475 0.000581919 0.00077516
7 3 0 0 0 0 0 0 0
7 4 0 0 0 0 0 0 0
7 5 0 0 0 0 0 0 0
7 6 11 0.0760486 0.536176 0.457952 6.97456 0.000522665 0.000685737
7 7 0 0 0 0 0 0 0
7 8 10 0.709188 0.41705 0.480553 -11.1458 0.000490518 0.000620618
7 9 0 0 0 0 0 0 0
7 10 0 0 0 0 0 0 0
7 11 0 0 0 0 0 0 0
7 12 12 0.714658 0.501768 0.773386 -11.1306 0.000512955 0.000654012
7 13 0 0 0 0 0 0 0
7 14 0 0 0 0 0 0 0
7 15 0 0 0 0 0 0 0
7 16 0 0 0 0 0 0 0
7 17 0 0 0 0 0 0 0
7 18 0 0 0 0 0 0 0
7 19 0 0 0 0 0 0 0
7 20 0 0 0 0 0 0 0
7 21 0 0 0 0 0 0 0
7 22 0 0 0 0 0 0 0
7 23 0 0 0 0 0 0 0
8 0 0 0 0 0 0 0 0
8 1 0 0 0 0 0 0 0
8 2 10 0.726185 0.543123 0.154157 -11.2049 0.00050628 0.000655913
8 3 11 0.709385 0.643941 0.246093 -11.076 0.000526545 0.000666386
8 4 0 0 0 0 0 0 0
8 5 10 0.730546 0.586277 0.47339 -11.3142 0.000464327 0.000605173
8 6 0 0 0 0 0 0 0
8 7 12 0.705383 0.607108 0.487297 -11.0097 0.000550522 0.000692801
8 8 0 0 0 0 0 0 0
8 9 0 0 0 0 0 0 0
8 10 0 0 0 0 0 0 0
8 11 0 0 0 0 0 0 0
8 12 11 0.695806 0.510029 0.698713 -11.0863 0.000483674 0.000600412
8 13 0 0 0 0 0 0 0
8 14 10 0.707327 0.553909 0.830956 -11.3116 0.000411386 0.000519133
8 15 10 0.702277 0.561231 0.966966 -11.3435 0.000387597 0.00048562
8 16 0 0 0 0 0 0 0
8 17 0 0 0 0 0 0 0
8 18 0 0 0 0 0 0 0
8 19 0 0 0 0 0 0 0
8 20 0 0 0 0 0 0 0
8 21 0 0 0 0 0 0 0
8 22 0 0 0 0 0 0 0
8 23 0 0 0 0 0 0 0
9 0 15 0.709307 0.60059 0.0879866 -10.7278 0.000745501 0.000943389
9 1 10 0.716146 0.596658 0.0697236 -11.1674 0.000498385 0.000636758
9 2 10 0.715759 0.724827 0.0300144 -11.2227 0.000470603 0.000600939
9 3 13 0.714856 0.489139 0.14258 -10.8594 0.000673443 0.000858871
9 4 0 0 0 0 0 0 0
9 5 10 0.729521 0.652989 0.209784 -11.2768 0.000479461 0.000624021
9 6 15 0.712149 0.596956 0.454811 -10.8097 0.000697516 0.000886203
9 7 0 0 0 0 0 0 0
9 8 11 0.717774 0.619573 0.551957 -11.1886 0.000492164 0.00063024
9 9 14 0.700857 0.53115 0.584498 -10.8362 0.000638762 0.000798687
9 10 11 0.0808457 0.612208 0.661653 5.85214 0.000475024 0.00062716
9 11 10 0.69253 0.679805 0.599425 -11.1838 0.000430788 0.000532244
9 12 0 0 0 0 0 0 0
9 13 14 0.692738 0.655073 0.809037 -10.9158 0.000563879 0.000696889
9 14 0 0 0 0 0 0 0
9 15 11 0.711787 0.594846 0.982132 -11.315 0.000420018 0.000533367
9 16 0 0 0 0 0 0 0
9 17 0 0 0 0 0 0 0
9 18 0 0 0 0 0 0 0
9 19 0 0 0 0 0 0 0
9 20 0 0 0 0 0 0 0
9 21 0 0 0 0 0 0 0
9 22 0 0 0 0 0 0 0
9 23 0 0 0 0 0 0 0
10 0 11 0.717081 0.652684 0.0278862 -11.1007 0.00053541 0.000684956
10 1 0 0 0 0 0 0 0
10 2 11 0.714021 0.557186 0.149502 -11.0502 0.000553963 0.000705667
10 3 11 0.716298 0.671094 0.21681 -11.1207 0.000522636 0.000667884
10 4 0 0 0 0 0 0 0
10 5 15 0.709139 0.662677 0.292701 -10.781 0.000706243 0.000893498
10 6 0 0 0 0 0 0 0
10 7 14 0.725232 0.767675 0.431255 -11.0121 0.00061089 0.000790402
10 8 0 0 0 0 0 0 0
10 9 12 0.719155 0.680941 0.645358 -11.1627 0.000508809 0.000652807
10 10 0 0 0 0 0 0 0
10 11 13 0.72255 0.676964 0.778618 -11.1475 0.000526023 0.000678079
10 12 0 0 0 0 0 0 0
10 13 0 0 0 0 0 0 0
10 14 0 0 0 0 0 0 0
10 15 0 0 0 0 0 0 0
10 16 0 0 0 0 0 0 0
10 17 0 0 0 0 0 0 0
10 18 0 0 0 0 0 0 0
10 19 0 0 0 0 0 0 0
10 20 0 0 0 0 0 0 0
10 21 0 0 0 0 0 0 0
10 22 0 0 0 0 0 0 0
10 23 0 0 0 0 0 0 0
11 0 16 0.728364 0.67871 0.00505825 -10.7974 0.000769689 0.00100016
11 1 0 0 0 0 0 0 0
11 2 12 0.726285 0.746535 0.0838715 -11.1085 0.00055781 0.000722771
11 3 16 0.713365 0.938727 0.31425 -10.8699 0.000661094 0.000841362
11 4 0 0 0 0 0 0 0
11 5 0 0 0 0 0 0 0
11 6 16 0.722198 0.646432 0.376072 -10.7976 0.000744948 0.000959822
11 7 0 0 0 0 0 0 0
11 8 17 0.706824 0.695185 0.509116 -10.71 0.000748749 0.000944183
11 9 0 0 0 0 0 0 0
11 10 0 0 0 0 0 0 0
11 11 0 0 0 0 0 0 0
11 12 10 0.703205 0.818336 0.883504 -11.3913 0.000371421 0.000465968
11 13 0 0 0 0 0 0 0
11 14 0 0 0 0 0 0 0
11 15 0 0 0 0 0 0 0
11 16 0 0 0 0 0 0 0
11 17 0 0 0 0 0 0 0
11 18 0 0 0 0 0 0 0
11 19 0 0 0 0 0 0 0
11 20 0 0 0 0 0 0 0
11 21 0 0 0 0 0 0 0
11 22 0 0 0 0 0 0 0
11 23 0 0 0 0 0 0 0
12 0 13 0.719251 0.905942 -0.0579974 -11.0681 0.000559617 0.000718092
12 1 13 0.713905 0.761355 0.091084 -10.9701 0.000599785 0.000763913
12 2 0 0 0 0 0 0 0
12 3 11 0.696652 0.69424 0.303011 -11.0384 0.00050979 0.000633601
12 4 17 0.0747956 0.958844 0.335837 7.5459 0.000693331 0.000908159
12 5 0 0 0 0 0 0 0
12 6 0 0 0 0 0 0 0
12 7 13 0.723987 0.778222 0.535206 -11.1115 0.000549472 0.000709716
12 8 0 0 0 0 0 0 0
12 9 0 0 0 0 0 0 0
12 10 12 0.090989 0.896949 0.665611 3.99939 0.000465369 0.000622642
12 11 0 0 0 0 0 0 0
12 12 11 0.701354 0.84063 0.7543 -11.2488 0.000423949 0.000530468
12 13 0 0 0 0 0 0 0
12 14 0 0 0 0 0 0 0
12 15 0 0 0 0 0 0 0
12 16 0 0 0 0 0 0 0
12 17 0 0 0 0 0 0 0
12 18 0 0 0 0 0 0 0
12 19 0 0 0 0 0 0 0
12 20 0 0 0 0 0 0 0
12 21 0 0 0 0 0 0 0
12 22 0 0 0 0 0 0 0
12 23 0 0 0 0 0 0 0
13 0 14 0.718371 0.865067 0.0433149 -10.9686 0.000615253 0.000788516
13 1 12 0.707325 0.876333 0.0837415 -11.0703 0.000523669 0.000660822
13 2 0 0 0 0 0 0 0
13 3 15 0.712667 0.813599 0.260442 -10.8632 0.000663084 0.000843069
13 4 16 0.732985 0.952968 0.28708 -10.9763 0.000659331 0.000862197
13 5 10 0.0794658 0.964744 0.364251 5.97535 0.000404743 0.000533404
13 6 11 0.731805 0.890037 0.448411 -11.3455 0.000452986 0.00059141
13 7 0 0 0 0 0 0 0
13 8 10 0.713287 0.900535 0.587742 -11.3822 0.000395919 0.000503824
13 9 13 0.698144 0.791585 0.587498 -10.9924 0.000538255 0.000670411
13 10 0 0 0 0 0 0 0
13 11 0 0 0 0 0 0 0
13 12 0 0 0 0 0 0 0
13 13 0 0 0 0 0 0 0
13 14 0 0 0 0 0 0 0
13 15 0 0 0 0 0 0 0
13 16 0 0 0 0 0 0 0
13 17 0 0 0 0 0 0 0
13 18 0 0 0 0 0 0 0
13 19 0 0 0 0 0 0 0
13 20 0 0 0 0 0 0 0
13 21 0 0 0 0 0 0 0
13 22 0 0 0 0 0 0 0
13 23 0 0 0 0 0 0 0
14 0 0 0 0 0 0 0 0
14 1 0 0 0 0 0 0 0
14 2 11 0.699867 0.88408 0.230628 -11.133 0.000472141 0.000589515
14 3 18 0.721925 0.872124 0.264605 -10.7586 0.000773474 0.000996199
14 4 10 0.70311 0.891334 0.234427 -11.2501 0.000427516 0.00053627
14 5 12 0.732894 0.847035 0.292263 -11.214 0.000519599 0.000679388
14 6 12 0.702427 0.948028 0.295356 -11.0996 0.000495067 0.000620403
14 7 0 0 0 0 0 0 0
14 8 15 0.721242 0.989026 0.578197 -11.0542 0.000573487 0.000737926
14 9 11 0.710231 1.10155 0.569234 -11.3517 0.000401482 0.000508715
14 10 11 0.708972 0.983554 0.728528 -11.3371 0.000404629 0.000511792
14 11 0 0 0 0 0 0 0
14 12 0 0 0 0 0 0 0
14 13 0 0 0 0 0 0 0
14 14 0 0 0 0 0 0 0
14 15 0 0 0 0 0 0 0
14 16 0 0 0 0 0 0 0
14 17 0 0 0 0 0 0 0
14 18 0 0 0 0 0 0 0
14 19 0 0 0 0 0 0 0
14 20 0 0 0 0 0 0 0
14 21 0 0 0 0 0 0 0
14 22 0 0 0 0 0 0 0
14 23 0 0 0 0 0 0 0
15 0 0 0 0 0 0 0 0
15 1 15 0.700289 0.909308 0.106034 -10.826 0.00064325 0.000803647
15 2 0 0 0 0 0 0 0
15 3 0 0 0 0 0 0 0
15 4 0 0 0 0 0 0 0
15 5 0 0 0 0 0 0 0
15 6 13 0.698372 1.175 0.409218 -11.1218 0.000473487 0.000589933
15 7 0 0 0 0 0 0 0
15 8 0 0 0 0 0 0 0
15 9 0 0 0 0 0 0 0
15 10 0 0 0 0 0 0 0
15 11 0 0 0 0 0 0 0
15 12 0 0 0 0 0 0 0
15 13 0 0 0 0 0 0 0
15 14 0 0 0 0 0 0 0
15 15 0 0 0 0 0 0 0
15 16 0 0 0 0 0 0 0
15 17 0 0 0 0 0 0 0
15 18 0 0 0 0 0 0 0
15 19 0 0 0 0 0 0 0
15 20 0 0 0 0 0 0 0
15 21 0 0 0 0 0 0 0
15 22 0 0 0 0 0 0 0
15 23 0 0 0 0 0 0 0
16 0 10 0.721333 1.03622 0.0453989 -11.4061 0.000403531 0.000519302
16 1 11 0.6967 1.28866 0.107331 -11.3034 0.000391231 0.000486281
16 2 0 0 0 0 0 0 0
16 3 10 0.702063 1.26601 0.168206 -11.4206 0.000358431 0.000448942
16 4 13 0.698369 0.974972 0.308253 -11.012 0.000528452 0.000658414
16 5 0 0 0 0 0 0 0
16 6 0 0 0 0 0 0 0
16 7 0 0 0 0 0 0 0
16 8 0 0 0 0 0 0 0
16 9 12 0.699749 1.09881 0.658824 -11.2275 0.000429272 0.000535898
16 10 0 0 0 0 0 0 0
16 11 0 0 0 0 0 0 0
16 12 0 0 0 0 0 0 0
16 13 0 0 0 0 0 0 0
16 14 0 0 0 0 0 0 0
16 15 0 0 0 0 0 0 0
16 16 0 0 0 0 0 0 0
16 17 0 0 0 0 0 0 0
16 18 0 0 0 0 0 0 0
16 19 0 0 0 0 0 0 0
16 20 0 0 0 0 0 0 0
16 21 0 0 0 0 0 0 0
16 22 0 0 0 0 0 0 0
16 23 0 0 0 0 0 0 0
17 0 0 0 0 0 0 0 0
17 1 0 0 0 0 0 0 0
17 2 0 0 0 0 0 0 0
17 3 0 0 0 0 0 0 0
17 4 0 0 0 0 0 0 0
17 5 0 0 0 0 0 0 0
17 6 0 0 0 0 0 0 0
17 7 0 0 0 0 0 0 0
17 8 12 0.692847 1.30419 0.51338 -11.2468 0.00040521 0.00050087
17 9 0 0 0 0 0 0 0
17 10 0 0 0 0 0 0 0
17 11 0 0 0 0 0 0 0
17 12 0 0 0 0 0 0 0
17 13 0 0 0 0 0 0 0
17 14 0 0 0 0 0 0 0
17 15 0 0 0 0 0 0 0
17 16 0 0 0 0 0 0 0
17 17 0 0 0 0 0 0 0
17 18 0 0 0 0 0 0 0
17 19 0 0 0 0 0 0 0
17 20 0 0 0 0 0 0 0
17 21 0 0 0 0 0 0 0
17 22 0 0 0 0 0 0 0
17 23 0 0 0 0 0 0 0
18 0 0 0 0 0 0 0 0
18 1 0 0 0 0 0 0 0
18 2 11 0.701205 1.40453 0.245128 -11.3916 0.000367234 0.000459405
18 3 0 0 0 0 0 0 0
18 4 0 0 0 0 0 0 0
18 5 0 0 0 0 0 0 0
18 6 0 0 0 0 0 0 0
18 7 0 0 0 0 0 0 0
18 8 0 0 0 0 0 0 0
18 9 0 0 0 0 0 0 0
18 10 0 0 0 0 0 0 0
18 11 0 0 0 0 0 0 0
18 12 0 0 0 0 0 0 0
18 13 0 0 0 0 0 0 0
18 14 0 0 0 0 0 0 0
18 15 0 0 0 0 0 0 0
18 16 0 0 0 0 0 0 0
18 17 0 0 0 0 0 0 0
18 18 0 0 0 0 0 0 0
18 19 0 0 0 0 0 0 0
18 20 0 0 0 0 0 0 0
18 21 0 0 0 0 0 0 0
18 22 0 0 0 0 0 0 0
18 23 0 0 0 0 0 0 0
19 0 0 0 0 0 0 0 0
19 1 0 0 0 0 0 0 0
19 2 0 0 0 0 0 0 0
19 3 0 0 0 0 0 0 0
19 4 0 0 0 0 0 0 0
19 5 0 0 0 0 0 0 0
19 6 0 0 0 0 0 0 0
19 7 0 0 0 0 0 0 0
19 8 0 0 0 0 0 0 0
19 9 0 0 0 0 0 0 0
19 10 0 0 0 0 0 0 0
19 11 0 0 0 0 0 0 0
19 12 0 0 0 0 0 0 0
19 13 0 0 0 0 0 0 0
19 14 0 0 0 0 0 0 0
19 15 0 0 0 0 0 0 0
19 16 0 0 0 0 0 0 0
19 17 0 0 0 0 0 0 0
19 18 0 0 0 0 0 0 0
19 19 0 0 0 0 0 0 0
19 20 0 0 0 0 0 0 0
19 21 0 0 0 0 0 0 0
19 22 0 0 0 0 0 0 0
19 23 0 0 0 0 0 0 0
20 0 0 0 0 0 0 0 0
20 1 0 0 0 0 0 0 0
20 2 0 0 0 0 0 0 0
20 3 0 0 0 0 0 0 0
20 4 0 0 0 0 0 0 0
20 5 0 0 0 0 0 0 0
20 6 0 0 0 0 0 0 0
20 7 0 0 0 0 0 0 0
20 8 0 0 0 0 0 0 0
20 9 0 0 0 0 0 0 0
20 10 0 0 0 0 0 0 0
20 11 0 0 0 0 0 0 0
20 12 0 0 0 0 0 0 0
20 13 0 0 0 0 0 0 0
20 14 0 0 0 0 0 0 0
20 15 0 0 0 0 0 0 0
20 16 0 0 0 0 0 0 0
20 17 0 0 0 0 0 0 0
20 18 0 0 0 0 0 0 0
20 19 0 0 0 0 0 0 0
20 20 0 0 0 0 0 0 0
20 21 0 0 0 0 0 0 0
20 22 0 0 0 0 0 0 0
20 23 0 0 0 0 0 0 0
21 0 0 0 0 0 0 0 0
21 1 0 0 0 0 0 0 0
21 2 0 0 0 0 0 0 0
21 3 0 0 0 0 0 0 0
21 4 0 0 0 0 0 0 0
21 5 0 0 0 0 0 0 0
21 6 0 0 0 0 0 0 0
21 7 0 0 0 0 0 0 0
21 8 0 0 0 0 0 0 0
21 9 0 0 0 0 0 0 0
21 10 0 0 0 0 0 0 0
21 11 0 0 0 0 0 0 0
21 12 0 0 0 0 0 0 0
21 13 0 0 0 0 0 0 0
21 14 0 0 0 0 0 0 0
21 15 0 0 0 0 0 0 0
21 16 0 0 0 0 0 0 0
21 17 0 0 0 0 0 0 0
21 18 0 0 0 0 0 0 0
21 19 0 0 0 0 0 0 0
21 20 0 0 0 0 0 0 0
21 21 0 0 0 0 0 0 0
21 22 0 0 0 0 0 0 0
21 23 0 0 0 0 0 0 0
22 0 0 0 0 0 0 0 0
22 1 0 0 0 0 0 0 0
22 2 0 0 0 0 0 0 0
22 3 0 0 0 0 0 0 0
22 4 0 0 0 0 0 0 0
22 5 0 0 0 0 0 0 0
22 6 0 0 0 0 0 0 0
22 7 0 0 0 0 0 0 0
22 8 0 0 0 0 0 0 0
22 9 0 0 0 0 0 0 0
22 10 0 0 0 0 0 0 0
22 11 0 0 0 0 0 0 0
22 12 0 0 0 0 0 0 0
22 13 0 0 0 0 0 0 0
22 14 0 0 0 0 0 0 0
22 15 0 0 0 0 0 0 0
22 16 0 0 0 0 0 0 0
22 17 0 0 0 0 0 0 0
22 18 0 0 0 0 0 0 0
22 19 0 0 0 0 0 0 0
22 20 0 0 0 0 0 0 0
22 21 0 0 0 0 0 0 0
22 22 0 0 0 0 0 0 0
22 23 0 0 0 0 0 0 0
23 0 0 0 0 0 0 0 0
23 1 0 0 0 0 0 0 0
23 2 0 0 0 0 0 0 0
23 3 0 0 0 0 0 0 0
23 4 0 0 0 0 0 0 0
23 5 0 0 0 0 0 0 0
23 6 0 0 0 0 0 0 0
23 7 0 0 0 0 0 0 0
23 8 0 0 0 0 0 0 0
23 9 0 0 0 0 0 0 0
23 10 0 0 0 0 0 0 0
23 11 0 0 0 0 0 0 0
23 12 0 0 0 0 0 0 0
23 13 0 0 0 0 0 0 0
23 14 0 0 0 0 0 0 0
23 15 0 0 0 0 0 0 0
23 16 0 0 0 0 0 0 0
23 17 0 0 0 0 0 0 0
23 18 0 0 0 0 0 0 0
23 19 0 0 0 0 0 0 0
23 20 0 0 0 0 0 0 0
23 21 0 0 0 0 0 0 0
23 22 0 0 0 0 0 0 0
23 23 0 0 0 0 0 0 0
