#  ix    iy     NB       E/N    TB    UxB       UyB       muB       rhoB     epsilonB
0 0 15 0.727348 0.159128 0.0354966 -10.53 0.00100031 0.00129803
0 1 11 0.088077 0.00383931 0.00923102 4.95277 0.000743206 0.000990582
0 2 18 0.0788054 -0.0626211 0.2164 7.18976 0.00118648 0.00156229
0 3 0 0 0 0 0 0 0
0 4 10 0.712314 -0.109349 0.314485 -10.895 0.000641075 0.000814683
0 5 0 0 0 0 0 0 0
0 6 0 0 0 0 0 0 0
0 7 10 0.700482 -0.0507893 0.441293 -10.868 0.000617495 0.000771682
0 8 11 0.092259 0.0175004 0.610911 4.10631 0.000634182 0.000849921
0 9 0 0 0 0 0 0 0
0 10 12 0.733105 0.024677 0.713832 -10.9762 0.000659792 0.000862943
0 11 14 0.0852196 0.0229124 0.804024 5.45095 0.000737093 0.000978759
0 12 15 0.706596 0.049533 0.8136 -10.6607 0.000785599 0.000990331
0 13 0 0 0 0 0 0 0
0 14 13 0.723608 -0.0849582 1.01634 -10.9969 0.000614962 0.000793889
0 15 11 0.718215 0.0838907 1.10351 -11.1786 0.000498297 0.000638485
0 16 0 0 0 0 0 0 0
0 17 0 0 0 0 0 0 0
0 18 0 0 0 0 0 0 0
0 19 0 0 0 0 0 0 0
0 20 0 0 0 0 0 0 0
0 21 0 0 0 0 0 0 0
0 22 0 0 0 0 0 0 0
0 23 0 0 0 0 0 0 0
1 0 11 0.079534 0.104607 0.0709651 6.56097 0.000737375 0.000971863
1 1 0 0 0 0 0 0 0
1 2 0 0 0 0 0 0 0
1 3 0 0 0 0 0 0 0
1 4 11 0.0791418 0.129671 0.123654 6.63521 0.000731592 0.000963745
1 5 0 0 0 0 0 0 0
1 6 0 0 0 0 0 0 0
1 7 22 0.0857505 0.150418 0.471985 5.94618 0.00133201 0.00176996
1 8 17 0.0798391 0.0460588 0.522768 6.81925 0.0010171 0.00134107
1 9 14 0.727398 0.0978079 0.548217 -10.7212 0.000826443 0.00107249
1 10 11 0.72465 0.129267 0.753014 -11.0428 0.000590594 0.000763529
1 11 14 0.0807356 0.0625995 0.726514 6.35003 0.000764317 0.00100896
1 12 0 0 0 0 0 0 0
1 13 12 0.72229 0.119 0.870976 -10.9997 0.000608968 0.000784719
1 14 11 0.729193 0.1168 0.9096 -11.1419 0.000547775 0.000712613
1 15 12 0.704802 0.166545 1.27589 -11.1077 0.00049755 0.000625622
1 16 0 0 0 0 0 0 0
1 17 0 0 0 0 0 0 0
1 18 0 0 0 0 0 0 0
1 19 0 0 0 0 0 0 0
1 20 0 0 0 0 0 0 0
1 21 0 0 0 0 0 0 0
1 22 0 0 0 0 0 0 0
1 23 0 0 0 0 0 0 0
2 0 12 0.708278 0.0951643 -0.111895 -10.6489 0.000802203 0.00101367
2 1 11 0.106002 0.159608 0.167434 2.33936 0.000724122 0.000988132
2 2 0 0 0 0 0 0 0
2 3 15 0.0769297 0.175287 0.236382 7.39756 0.000972287 0.00127711
2 4 0 0 0 0 0 0 0
2 5 0 0 0 0 0 0 0
2 6 10 0.716648 0.150715 0.425291 -10.9584 0.000615885 0.000787433
2 7 12 0.729645 0.109587 0.542421 -10.8857 0.00070943 0.000923484
2 8 14 0.0809002 0.187076 0.624871 6.35271 0.000792298 0.00104612
2 9 14 0.726888 0.186708 0.555275 -10.731 0.000816202 0.00105846
2 10 14 0.71571 0.0969856 0.805456 -10.7771 0.000734602 0.000937988
2 11 11 0.102914 0.285233 0.940181 2.413 0.000530172 0.00072054
2 12 0 0 0 0 0 0 0
2 13 0 0 0 0 0 0 0
2 14 0 0 0 0 0 0 0
2 15 16 0.703416 0.134896 1.20394 -10.7757 0.000688199 0.000863643
2 16 0 0 0 0 0 0 0
2 17 0 0 0 0 0 0 0
2 18 0 0 0 0 0 0 0
2 19 0 0 0 0 0 0 0
2 20 0 0 0 0 0 0 0
2 21 0 0 0 0 0 0 0
2 22 0 0 0 0 0 0 0
2 23 0 0 0 0 0 0 0
3 0 17 0.0784826 0.232086 -0.0800049 7.1968 0.00111553 0.00146824
3 1 18 0.726545 0.344089 0.110809 -10.3918 0.00114378 0.00148256
3 2 10 0.105905 0.180332 0.0479116 2.26475 0.000664212 0.000906264
3 3 13 0.0761882 0.139348 0.230081 7.42714 0.000848227 0.00111308
3 4 11 0.105373 0.147172 0.3042 2.38816 0.000704125 0.000960051
3 5 13 0.729391 0.22534 0.243657 -10.723 0.000833665 0.00108483
3 6 0 0 0 0 0 0 0
3 7 0 0 0 0 0 0 0
3 8 12 0.0797795 0.296799 0.590591 6.42366 0.000676407 0.000891794
3 9 0 0 0 0 0 0 0
3 10 0 0 0 0 0 0 0
3 11 11 0.0936518 0.305956 0.87455 3.7389 0.0005452 0.000732006
3 12 11 0.710947 0.17498 0.742008 -10.9688 0.000591069 0.000749693
3 13 0 0 0 0 0 0 0
3 14 0 0 0 0 0 0 0
3 15 0 0 0 0 0 0 0
3 16 0 0 0 0 0 0 0
3 17 0 0 0 0 0 0 0
3 18 0 0 0 0 0 0 0
3 19 0 0 0 0 0 0 0
3 20 0 0 0 0 0 0 0
3 21 0 0 0 0 0 0 0
3 22 0 0 0 0 0 0 0
3 23 0 0 0 0 0 0 0
4 0 12 0.096919 0.339035 0.0957339 3.59296 0.000764742 0.00103119
4 1 11 0.0775716 0.238871 0.0150611 6.95972 0.000722828 0.000950243
4 2 11 0.0813773 0.207276 0.215405 6.15029 0.000712106 0.000940828
4 3 18 0.0750421 0.362494 0.239422 7.96392 0.0011155 0.00146161
4 4 0 0 0 0 0 0 0
4 5 13 0.711748 0.192364 0.396054 -10.6656 0.000803905 0.0010208
4 6 11 0.0891165 0.217163 0.39591 4.6834 0.000677384 0.000904083
4 7 0 0 0 0 0 0 0
4 8 14 0.723797 0.222313 0.650264 -10.7606 0.000779602 0.0010067
4 9 11 0.698952 0.276657 0.668529 -10.8847 0.000602163 0.000750878
4 10 14 0.71348 0.262608 0.728537 -10.7472 0.000747899 0.000951992
4 11 11 0.731189 0.337217 0.725251 -11.0944 0.000580428 0.000757157
4 12 10 0.710408 0.223297 0.866335 -11.1261 0.000503563 0.00063822
4 13 0 0 0 0 0 0 0
4 14 0 0 0 0 0 0 0
4 15 0 0 0 0 0 0 0
4 16 0 0 0 0 0 0 0
4 17 0 0 0 0 0 0 0
4 18 0 0 0 0 0 0 0
4 19 0 0 0 0 0 0 0
4 20 0 0 0 0 0 0 0
4 21 0 0 0 0 0 0 0
4 22 0 0 0 0 0 0 0
4 23 0 0 0 0 0 0 0
5 0 0 0 0 0 0 0 0
5 1 13 0.732105 0.295079 -0.0931208 -10.7306 0.000839126 0.001096
5 2 0 0 0 0 0 0 0
5 3 14 0.096817 0.341199 0.216883 3.74458 0.000876984 0.00118237
5 4 10 0.0966021 0.417494 0.502432 3.33707 0.000565674 0.000762442
5 5 13 0.0817112 0.2637 0.387239 6.19455 0.000795412 0.00105135
5 6 14 0.712943 0.376654 0.347841 -10.626 0.00084176 0.00107066
5 7 0 0 0 0 0 0 0
5 8 12 0.728469 0.34424 0.3934 -10.8667 0.000718555 0.000933855
5 9 11 0.72652 0.273264 0.543861 -10.9803 0.000634889 0.000822913
5 10 15 0.728298 0.404514 0.759562 -10.799 0.000768218 0.000998164
5 11 0 0 0 0 0 0 0
5 12 0 0 0 0 0 0 0
5 13 0 0 0 0 0 0 0
5 14 0 0 0 0 0 0 0
5 15 0 0 0 0 0 0 0
5 16 0 0 0 0 0 0 0
5 17 0 0 0 0 0 0 0
5 18 0 0 0 0 0 0 0
5 19 0 0 0 0 0 0 0
5 20 0 0 0 0 0 0 0
5 21 0 0 0 0 0 0 0
5 22 0 0 0 0 0 0 0
5 23 0 0 0 0 0 0 0
6 0 12 0.0803964 0.38063 0.0473557 6.40942 0.000757033 0.0009989
6 1 0 0 0 0 0 0 0
6 2 15 0.0788478 0.70695 0.0953046 6.81754 0.000825097 0.0010865
6 3 11 0.725314 0.41537 0.259421 -10.9239 0.000667498 0.000863742
6 4 0 0 0 0 0 0 0
6 5 14 0.0937084 0.494174 0.368666 4.12019 0.000805207 0.00108118
6 6 0 0 0 0 0 0 0
6 7 14 0.0746651 0.464847 0.471419 7.70543 0.000788749 0.00103297
6 8 10 0.115395 0.411888 0.596858 1.00463 0.000546986 0.000755682
6 9 0 0 0 0 0 0 0
6 10 14 0.704788 0.500539 0.815134 -10.79 0.000683571 0.00085951
6 11 10 0.708351 0.337911 0.689088 -11.0526 0.00053601 0.000677376
6 12 0 0 0 0 0 0 0
6 13 0 0 0 0 0 0 0
6 14 0 0 0 0 0 0 0
6 15 0 0 0 0 0 0 0
6 16 0 0 0 0 0 0 0
6 17 0 0 0 0 0 0 0
6 18 0 0 0 0 0 0 0
6 19 0 0 0 0 0 0 0
6 20 0 0 0 0 0 0 0
6 21 0 0 0 0 0 0 0
6 22 0 0 0 0 0 0 0
6 23 0 0 0 0 0 0 0
7 0 17 0.0829364 0.430548 0.0337485 6.23738 0.00105451 0.00139606
7 1 16 0.0894442 0.434756 0.102371 5.00505 0.000987096 0.00131801
7 2 15 0.0752323 0.373472 0.0847393 7.75546 0.000946481 0.00124046
7 3 12 0.0977226 0.567302 0.304068 3.36369 0.00068179 0.000920302
7 4 11 0.0929976 0.575149 0.299121 3.97416 0.000623657 0.000836626
7 5 11 0.725028 0.632314 0.322148 -11.0188 0.000606129 0.000784021
7 6 10 0.0825931 0.612642 0.40062 5.64406 0.000545214 0.000721481
7 7 15 0.718848 0.505923 0.519154 -10.6831 0.00082059 0.00105238
7 8 0 0 0 0 0 0 0
7 9 11 0.0885047 0.588204 0.644415 4.59666 0.000560041 0.000746869
7 10 11 0.717719 0.462792 0.565408 -10.99 0.000600119 0.000768423
7 11 0 0 0 0 0 0 0
7 12 10 0.700761 0.610131 0.881126 -11.1619 0.000460953 0.000576281
7 13 0 0 0 0 0 0 0
7 14 10 0.706111 0.51819 0.929263 -11.1873 0.000462743 0.000582936
7 15 0 0 0 0 0 0 0
7 16 0 0 0 0 0 0 0
7 17 0 0 0 0 0 0 0
7 18 0 0 0 0 0 0 0
7 19 0 0 0 0 0 0 0
7 20 0 0 0 0 0 0 0
7 21 0 0 0 0 0 0 0
7 22 0 0 0 0 0 0 0
7 23 0 0 0 0 0 0 0
8 0 14 0.0919753 0.598697 -0.021723 4.39763 0.000811467 0.00108711
8 1 10 0.078923 0.551226 0.109045 6.46463 0.000589051 0.00077575
8 2 18 0.718338 0.592845 0.10929 -10.4419 0.00104159 0.00133486
8 3 14 0.723368 0.569879 0.155662 -10.7146 0.000814444 0.00105106
8 4 10 0.127386 0.679821 0.280357 -0.135801 0.000544341 0.000763966
8 5 15 0.709002 0.59213 0.28948 -10.5994 0.000846237 0.0010704
8 6 17 0.0804927 0.642052 0.377333 6.58611 0.000921248 0.00121573
8 7 14 0.729461 0.760776 0.58341 -10.9229 0.000682829 0.000888633
8 8 16 0.076722 0.543685 0.661242 7.27495 0.000821258 0.00107844
8 9 10 0.707846 0.610833 0.499645 -11.0603 0.000530409 0.00066982
8 10 10 0.722243 0.591225 0.733957 -11.2133 0.000491711 0.000633579
8 11 0 0 0 0 0 0 0
8 12 0 0 0 0 0 0 0
8 13 10 0.0766215 0.66455 1.16512 6.58762 0.000403856 0.000530257
8 14 0 0 0 0 0 0 0
8 15 0 0 0 0 0 0 0
8 16 0 0 0 0 0 0 0
8 17 0 0 0 0 0 0 0
8 18 0 0 0 0 0 0 0
8 19 0 0 0 0 0 0 0
8 20 0 0 0 0 0 0 0
8 21 0 0 0 0 0 0 0
8 22 0 0 0 0 0 0 0
8 23 0 0 0 0 0 0 0
9 0 13 0.0978161 0.775498 -0.000999645 3.3684 0.000694116 0.000937055
9 1 12 0.723789 0.625479 0.0336119 -10.8868 0.000687139 0.000887288
9 2 16 0.720009 0.654371 0.270233 -10.6168 0.000882338 0.00113339
9 3 13 0.10858 0.834653 0.340758 1.92881 0.000652396 0.000893276
9 4 0 0 0 0 0 0 0
9 5 0 0 0 0 0 0 0
9 6 10 0.718376 0.522558 0.362194 -11.0447 0.000570185 0.000730762
9 7 11 0.69898 0.596258 0.570429 -10.934 0.000573269 0.000714877
9 8 10 0.081414 0.754231 0.504743 5.79002 0.000500345 0.000661084
9 9 12 0.0797439 0.720146 0.745943 6.2473 0.000562867 0.000742065
9 10 10 0.711303 0.627571 0.668478 -11.1421 0.000498019 0.000631988
9 11 0 0 0 0 0 0 0
9 12 12 0.714806 0.756448 1.04231 -11.1624 0.000497268 0.000634142
9 13 0 0 0 0 0 0 0
9 14 0 0 0 0 0 0 0
9 15 0 0 0 0 0 0 0
9 16 0 0 0 0 0 0 0
9 17 0 0 0 0 0 0 0
9 18 0 0 0 0 0 0 0
9 19 0 0 0 0 0 0 0
9 20 0 0 0 0 0 0 0
9 21 0 0 0 0 0 0 0
9 22 0 0 0 0 0 0 0
9 23 0 0 0 0 0 0 0
10 0 13 0.730184 0.837493 -0.0237787 -10.9407 0.000673297 0.000877096
10 1 14 0.720557 0.737732 0.0586831 -10.7685 0.000760368 0.000977464
10 2 0 0 0 0 0 0 0
10 3 14 0.0782845 0.778066 0.358633 6.79912 0.000718359 0.00094525
10 4 22 0.101583 0.809991 0.308587 3.33665 0.00112326 0.00152392
10 5 12 0.725916 0.654508 0.354106 -10.9529 0.000650468 0.000842404
10 6 20 0.729289 0.705626 0.475551 -10.5117 0.00102918 0.00133906
10 7 16 0.718103 0.768178 0.512468 -10.7118 0.000794243 0.00101753
10 8 0 0 0 0 0 0 0
10 9 10 0.0807194 0.711681 0.53249 5.93893 0.000505019 0.000666651
10 10 14 0.708979 0.79215 0.766776 -10.8857 0.000635529 0.000803854
10 11 0 0 0 0 0 0 0
10 12 0 0 0 0 0 0 0
10 13 0 0 0 0 0 0 0
10 14 0 0 0 0 0 0 0
10 15 0 0 0 0 0 0 0
10 16 0 0 0 0 0 0 0
10 17 0 0 0 0 0 0 0
10 18 0 0 0 0 0 0 0
10 19 0 0 0 0 0 0 0
10 20 0 0 0 0 0 0 0
10 21 0 0 0 0 0 0 0
10 22 0 0 0 0 0 0 0
10 23 0 0 0 0 0 0 0
11 0 14 0.0976063 0.779924 -0.00667274 3.47001 0.000745898 0.00100668
11 1 16 0.0759466 0.824549 0.10218 7.46203 0.000831522 0.00109081
11 2 16 0.0866739 0.757305 0.171668 5.33633 0.000853875 0.00113599
11 3 13 0.718427 0.809617 0.280812 -10.8882 0.000666983 0.000854881
11 4 13 0.0746584 0.827964 0.367124 7.51514 0.000651043 0.000852615
11 5 0 0 0 0 0 0 0
11 6 11 0.723489 1.04096 0.551837 -11.242 0.000480953 0.000620787
11 7 0 0 0 0 0 0 0
11 8 14 0.71231 0.780363 0.609981 -10.8478 0.000672078 0.000854077
11 9 0 0 0 0 0 0 0
11 10 0 0 0 0 0 0 0
11 11 10 0.082816 0.835201 0.871243 5.36606 0.000431091 0.000570628
11 12 0 0 0 0 0 0 0
11 13 0 0 0 0 0 0 0
11 14 0 0 0 0 0 0 0
11 15 0 0 0 0 0 0 0
11 16 0 0 0 0 0 0 0
11 17 0 0 0 0 0 0 0
11 18 0 0 0 0 0 0 0
11 19 0 0 0 0 0 0 0
11 20 0 0 0 0 0 0 0
11 21 0 0 0 0 0 0 0
11 22 0 0 0 0 0 0 0
11 23 0 0 0 0 0 0 0
12 0 11 0.732376 0.979044 -0.0332357 -11.1897 0.000530938 0.000693723
12 1 12 0.718246 1.0529 0.238827 -11.0783 0.000550968 0.000706006
12 2 18 0.715767 0.827493 0.30427 -10.5608 0.000912278 0.00116495
12 3 17 0.722925 0.828081 0.18926 -10.6401 0.000875445 0.00112909
12 4 12 0.719967 0.775994 0.228165 -10.9528 0.000630409 0.000809735
12 5 13 0.730132 0.954732 0.335431 -11.0271 0.00061741 0.000804235
12 6 12 0.724008 1.04236 0.516589 -11.1504 0.000528534 0.000682692
12 7 13 0.712672 1.0978 0.568099 -11.0457 0.000552462 0.000702426
12 8 15 0.0826527 1.01399 0.608245 5.81514 0.000654474 0.000866132
12 9 0 0 0 0 0 0 0
12 10 0 0 0 0 0 0 0
12 11 0 0 0 0 0 0 0
12 12 0 0 0 0 0 0 0
12 13 0 0 0 0 0 0 0
12 14 0 0 0 0 0 0 0
12 15 0 0 0 0 0 0 0
12 16 0 0 0 0 0 0 0
12 17 0 0 0 0 0 0 0
12 18 0 0 0 0 0 0 0
12 19 0 0 0 0 0 0 0
12 20 0 0 0 0 0 0 0
12 21 0 0 0 0 0 0 0
12 22 0 0 0 0 0 0 0
12 23 0 0 0 0 0 0 0
13 0 12 0.730314 0.930086 0.0774485 -11.0688 0.000592756 0.000772314
13 1 16 0.719349 0.961333 0.168633 -10.7447 0.000773663 0.000992887
13 2 14 0.719547 1.05264 0.274779 -10.9352 0.000640154 0.000821772
13 3 14 0.0803203 0.984618 0.214055 6.29736 0.000666342 0.000879146
13 4 0 0 0 0 0 0 0
13 5 14 0.716806 1.07811 0.367147 -10.9459 0.000624131 0.000798152
13 6 0 0 0 0 0 0 0
13 7 0 0 0 0 0 0 0
13 8 11 0.72816 1.12974 0.783122 -11.3619 0.000437233 0.000568
13 9 0 0 0 0 0 0 0
13 10 0 0 0 0 0 0 0
13 11 0 0 0 0 0 0 0
13 12 0 0 0 0 0 0 0
13 13 0 0 0 0 0 0 0
13 14 0 0 0 0 0 0 0
13 15 0 0 0 0 0 0 0
13 16 0 0 0 0 0 0 0
13 17 0 0 0 0 0 0 0
13 18 0 0 0 0 0 0 0
13 19 0 0 0 0 0 0 0
13 20 0 0 0 0 0 0 0
13 21 0 0 0 0 0 0 0
13 22 0 0 0 0 0 0 0
13 23 0 0 0 0 0 0 0
14 0 0 0 0 0 0 0 0
14 1 12 0.698491 1.31202 0.0925167 -11.0867 0.000490728 0.000611519
14 2 0 0 0 0 0 0 0
14 3 10 0.0747536 1.23907 0.307142 7.04652 0.000416668 0.000545742
14 4 12 0.718754 1.10574 0.342281 -11.1197 0.000530064 0.000679699
14 5 0 0 0 0 0 0 0
14 6 0 0 0 0 0 0 0
14 7 0 0 0 0 0 0 0
14 8 15 0.692712 0.997664 0.597951 -10.7571 0.000660739 0.000816564
14 9 0 0 0 0 0 0 0
14 10 0 0 0 0 0 0 0
14 11 0 0 0 0 0 0 0
14 12 0 0 0 0 0 0 0
14 13 0 0 0 0 0 0 0
14 14 0 0 0 0 0 0 0
14 15 0 0 0 0 0 0 0
14 16 0 0 0 0 0 0 0
14 17 0 0 0 0 0 0 0
14 18 0 0 0 0 0 0 0
14 19 0 0 0 0 0 0 0
14 20 0 0 0 0 0 0 0
14 21 0 0 0 0 0 0 0
14 22 0 0 0 0 0 0 0
14 23 0 0 0 0 0 0 0
15 0 0 0 0 0 0 0 0
15 1 0 0 0 0 0 0 0
15 2 0 0 0 0 0 0 0
15 3 12 0.724148 1.24298 0.244027 -11.2019 0.000502404 0.000649065
15 4 12 0.728839 1.19923 0.356316 -11.2189 0.000506252 0.000658274
15 5 0 0 0 0 0 0 0
15 6 0 0 0 0 0 0 0
15 7 11 0.697293 1.30766 0.496431 -11.207 0.000432262 0.000537738
15 8 0 0 0 0 0 0 0
15 9 0 0 0 0 0 0 0
15 10 0 0 0 0 0 0 0
15 11 0 0 0 0 0 0 0
15 12 0 0 0 0 0 0 0
15 13 0 0 0 0 0 0 0
15 14 0 0 0 0 0 0 0
15 15 0 0 0 0 0 0 0
15 16 0 0 0 0 0 0 0
15 17 0 0 0 0 0 0 0
15 18 0 0 0 0 0 0 0
15 19 0 0 0 0 0 0 0
15 20 0 0 0 0 0 0 0
15 21 0 0 0 0 0 0 0
15 22 0 0 0 0 0 0 0
15 23 0 0 0 0 0 0 0
16 0 10 0.717924 1.2119 0.143504 -11.3285 0.000428253 0.000548514
16 1 0 0 0 0 0 0 0
16 2 0 0 0 0 0 0 0
16 3 11 0.722187 1.29893 0.361621 -11.3179 0.000442754 0.000570454
16 4 0 0 0 0 0 0 0
16 5 0 0 0 0 0 0 0
16 6 0 0 0 0 0 0 0
16 7 0 0 0 0 0 0 0
16 8 0 0 0 0 0 0 0
16 9 0 0 0 0 0 0 0
16 10 0 0 0 0 0 0 0
16 11 0 0 0 0 0 0 0
16 12 0 0 0 0 0 0 0
16 13 0 0 0 0 0 0 0
16 14 0 0 0 0 0 0 0
16 15 0 0 0 0 0 0 0
16 16 0 0 0 0 0 0 0
16 17 0 0 0 0 0 0 0
16 18 0 0 0 0 0 0 0
16 19 0 0 0 0 0 0 0
16 20 0 0 0 0 0 0 0
16 21 0 0 0 0 0 0 0
16 22 0 0 0 0 0 0 0
16 23 0 0 0 0 0 0 0
17 0 0 0 0 0 0 0 0
17 1 0 0 0 0 0 0 0
17 2 0 0 0 0 0 0 0
17 3 0 0 0 0 0 0 0
17 4 0 0 0 0 0 0 0
17 5 0 0 0 0 0 0 0
17 6 0 0 0 0 0 0 0
17 7 0 0 0 0 0 0 0
17 8 0 0 0 0 0 0 0
17 9 0 0 0 0 0 0 0
17 10 0 0 0 0 0 0 0
17 11 0 0 0 0 0 0 0
17 12 0 0 0 0 0 0 0
17 13 0 0 0 0 0 0 0
17 14 0 0 0 0 0 0 0
17 15 0 0 0 0 0 0 0
17 16 0 0 0 0 0 0 0
17 17 0 0 0 0 0 0 0
17 18 0 0 0 0 0 0 0
17 19 0 0 0 0 0 0 0
17 20 0 0 0 0 0 0 0
17 21 0 0 0 0 0 0 0
17 22 0 0 0 0 0 0 0
17 23 0 0 0 0 0 0 0
18 0 0 0 0 0 0 0 0
18 1 0 0 0 0 0 0 0
18 2 0 0 0 0 0 0 0
18 3 0 0 0 0 0 0 0
18 4 0 0 0 0 0 0 0
18 5 0 0 0 0 0 0 0
18 6 0 0 0 0 0 0 0
18 7 0 0 0 0 0 0 0
18 8 0 0 0 0 0 0 0
18 9 0 0 0 0 0 0 0
18 10 0 0 0 0 0 0 0
18 11 0 0 0 0 0 0 0
18 12 0 0 0 0 0 0 0
18 13 0 0 0 0 0 0 0
18 14 0 0 0 0 0 0 0
18 15 0 0 0 0 0 0 0
18 16 0 0 0 0 0 0 0
18 17 0 0 0 0 0 0 0
18 18 0 0 0 0 0 0 0
18 19 0 0 0 0 0 0 0
18 20 0 0 0 0 0 0 0
18 21 0 0 0 0 0 0 0
18 22 0 0 0 0 0 0 0
18 23 0 0 0 0 0 0 0
19 0 0 0 0 0 0 0 0
19 1 0 0 0 0 0 0 0
19 2 0 0 0 0 0 0 0
19 3 0 0 0 0 0 0 0
19 4 0 0 0 0 0 0 0
19 5 0 0 0 0 0 0 0
19 6 0 0 0 0 0 0 0
19 7 0 0 0 0 0 0 0
19 8 0 0 0 0 0 0 0
19 9 0 0 0 0 0 0 0
19 10 0 0 0 0 0 0 0
19 11 0 0 0 0 0 0 0
19 12 0 0 0 0 0 0 0
19 13 0 0 0 0 0 0 0
19 14 0 0 0 0 0 0 0
19 15 0 0 0 0 0 0 0
19 16 0 0 0 0 0 0 0
19 17 0 0 0 0 0 0 0
19 18 0 0 0 0 0 0 0
19 19 0 0 0 0 0 0 0
19 20 0 0 0 0 0 0 0
19 21 0 0 0 0 0 0 0
19 22 0 0 0 0 0 0 0
19 23 0 0 0 0 0 0 0
20 0 0 0 0 0 0 0 0
20 1 0 0 0 0 0 0 0
20 2 0 0 0 0 0 0 0
20 3 0 0 0 0 0 0 0
20 4 0 0 0 0 0 0 0
20 5 0 0 0 0 0 0 0
20 6 0 0 0 0 0 0 0
20 7 0 0 0 0 0 0 0
20 8 0 0 0 0 0 0 0
20 9 0 0 0 0 0 0 0
20 10 0 0 0 0 0 0 0
20 11 0 0 0 0 0 0 0
20 12 0 0 0 0 0 0 0
20 13 0 0 0 0 0 0 0
20 14 0 0 0 0 0 0 0
20 15 0 0 0 0 0 0 0
20 16 0 0 0 0 0 0 0
20 17 0 0 0 0 0 0 0
20 18 0 0 0 0 0 0 0
20 19 0 0 0 0 0 0 0
20 20 0 0 0 0 0 0 0
20 21 0 0 0 0 0 0 0
20 22 0 0 0 0 0 0 0
20 23 0 0 0 0 0 0 0
21 0 0 0 0 0 0 0 0
21 1 0 0 0 0 0 0 0
21 2 0 0 0 0 0 0 0
21 3 0 0 0 0 0 0 0
21 4 0 0 0 0 0 0 0
21 5 0 0 0 0 0 0 0
21 6 0 0 0 0 0 0 0
21 7 0 0 0 0 0 0 0
21 8 0 0 0 0 0 0 0
21 9 0 0 0 0 0 0 0
21 10 0 0 0 0 0 0 0
21 11 0 0 0 0 0 0 0
21 12 0 0 0 0 0 0 0
21 13 0 0 0 0 0 0 0
21 14 0 0 0 0 0 0 0
21 15 0 0 0 0 0 0 0
21 16 0 0 0 0 0 0 0
21 17 0 0 0 0 0 0 0
21 18 0 0 0 0 0 0 0
21 19 0 0 0 0 0 0 0
21 20 0 0 0 0 0 0 0
21 21 0 0 0 0 0 0 0
21 22 0 0 0 0 0 0 0
21 23 0 0 0 0 0 0 0
22 0 0 0 0 0 0 0 0
22 1 0 0 0 0 0 0 0
22 2 0 0 0 0 0 0 0
22 3 0 0 0 0 0 0 0
22 4 0 0 0 0 0 0 0
22 5 0 0 0 0 0 0 0
22 6 0 0 0 0 0 0 0
22 7 0 0 0 0 0 0 0
22 8 0 0 0 0 0 0 0
22 9 0 0 0 0 0 0 0
22 10 0 0 0 0 0 0 0
22 11 0 0 0 0 0 0 0
22 12 0 0 0 0 0 0 0
22 13 0 0 0 0 0 0 0
22 14 0 0 0 0 0 0 0
22 15 0 0 0 0 0 0 0
22 16 0 0 0 0 0 0 0
22 17 0 0 0 0 0 0 0
22 18 0 0 0 0 0 0 0
22 19 0 0 0 0 0 0 0
22 20 0 0 0 0 0 0 0
22 21 0 0 0 0 0 0 0
22 22 0 0 0 0 0 0 0
22 23 0 0 0 0 0 0 0
23 0 0 0 0 0 0 0 0
23 1 0 0 0 0 0 0 0
23 2 0 0 0 0 0 0 0
23 3 0 0 0 0 0 0 0
23 4 0 0 0 0 0 0 0
23 5 0 0 0 0 0 0 0
23 6 0 0 0 0 0 0 0
23 7 0 0 0 0 0 0 0
23 8 0 0 0 0 0 0 0
23 9 0 0 0 0 0 0 0
23 10 0 0 0 0 0 0 0
23 11 0 0 0 0 0 0 0
23 12 0 0 0 0 0 0 0
23 13 0 0 0 0 0 0 0
23 14 0 0 0 0 0 0 0
23 15 0 0 0 0 0 0 0
23 16 0 0 0 0 0 0 0
23 17 0 0 0 0 0 0 0
23 18 0 0 0 0 0 0 0
23 19 0 0 0 0 0 0 0
23 20 0 0 0 0 0 0 0
23 21 0 0 0 0 0 0 0
23 22 0 0 0 0 0 0 0
23 23 0 0 0 0 0 0 0
