#  ix    iy     Npi     E/N       Tpi    Uxpi    Uypi     mupi     rho    epsilon
0 0 0 0 0 0 0 0 0
0 1 0 0 0 0 0 0 0
0 2 0 0 0 0 0 0 0
0 3 16 0.0707948 -0.157516 -0.77499 -1.24118 0.00209163 0.000604039
0 4 16 0.0705736 -0.175002 -0.575852 -1.14009 0.00228477 0.00065856
0 5 45 0.0743519 -0.0493773 -0.384019 -0.232165 0.00699406 0.00208188
0 6 58 0.0664494 -0.0800615 -0.32966 0.496777 0.00915425 0.00254538
0 7 107 0.0713841 0.0645061 -0.172207 0.851552 0.0175392 0.00509082
0 8 731 0.137173 0.0217949 0.509279 0.275365 0.108545 0.0503456
0 9 770 0.123115 0.0608207 1.03538 0.447203 0.089075 0.0378985
0 10 374 0.104359 0.130668 1.60091 0.0347726 0.0329442 0.0123602
0 11 163 0.0766436 0.0756427 1.86657 0.253003 0.012821 0.00389021
0 12 42 0.0499915 0.0398514 2.75043 0.424465 0.00239165 0.000570847
0 13 0 0 0 0 0 0 0
0 14 0 0 0 0 0 0 0
0 15 0 0 0 0 0 0 0
0 16 0 0 0 0 0 0 0
0 17 0 0 0 0 0 0 0
0 18 0 0 0 0 0 0 0
0 19 0 0 0 0 0 0 0
0 20 0 0 0 0 0 0 0
0 21 0 0 0 0 0 0 0
0 22 0 0 0 0 0 0 0
0 23 0 0 0 0 0 0 0
1 0 0 0 0 0 0 0 0
1 1 0 0 0 0 0 0 0
1 2 15 0.0553901 -0.678102 -0.954032 -0.439899 0.00162392 0.000408179
1 3 19 0.0784892 -0.267416 -0.697939 -1.46111 0.00253648 0.00078145
1 4 34 0.0733066 -0.29423 -0.513323 -0.535871 0.00487696 0.00143894
1 5 41 0.0725995 -0.151682 -0.370402 -0.233797 0.00634403 0.00186059
1 6 45 0.050183 -0.0790899 -0.459343 1.45086 0.00679784 0.00162556
1 7 110 0.0694292 0.0241784 -0.282 0.970826 0.0176404 0.00503458
1 8 787 0.142231 0.142408 0.588654 0.186402 0.112195 0.0536002
1 9 634 0.123516 0.200236 1.16352 0.17033 0.0682947 0.0291313
1 10 345 0.0987148 0.202989 1.65508 0.128226 0.0295729 0.010655
1 11 114 0.0776162 0.321351 2.18648 -0.289566 0.00783283 0.00239589
1 12 31 0.0446969 0.296335 2.55474 0.73026 0.00187236 0.000424135
1 13 0 0 0 0 0 0 0
1 14 0 0 0 0 0 0 0
1 15 0 0 0 0 0 0 0
1 16 0 0 0 0 0 0 0
1 17 0 0 0 0 0 0 0
1 18 0 0 0 0 0 0 0
1 19 0 0 0 0 0 0 0
1 20 0 0 0 0 0 0 0
1 21 0 0 0 0 0 0 0
1 22 0 0 0 0 0 0 0
1 23 0 0 0 0 0 0 0
2 0 16 0.0630267 -1.20234 -0.303528 -0.978497 0.00167395 0.000451452
2 1 11 0.0542535 -0.821249 -0.559719 -0.567548 0.00130036 0.000323352
2 2 18 0.0714091 -0.739731 -0.506886 -1.21074 0.0022335 0.00064842
2 3 18 0.0627938 -0.310668 -0.422899 -0.500832 0.00265647 0.000714926
2 4 29 0.0563671 -0.418781 -0.422538 0.42028 0.00415385 0.00105372
2 5 42 0.0797185 -0.0880349 -0.249016 -0.540516 0.00676792 0.00210617
2 6 59 0.0626468 -0.130095 -0.221763 0.785992 0.0095236 0.00255965
2 7 154 0.0811415 -0.0607475 -0.0679753 0.719489 0.0255607 0.0080469
2 8 958 0.139458 0.241154 0.691202 0.390959 0.128834 0.0605653
2 9 651 0.117997 0.358318 1.24825 0.297787 0.0661966 0.0272488
2 10 284 0.0949639 0.380912 1.66878 0.0564406 0.0238767 0.00836809
2 11 101 0.0706443 0.501044 2.21799 -0.056974 0.00677656 0.00195446
2 12 22 0.0523467 0.669999 2.3829 -0.347428 0.00137346 0.000335369
2 13 0 0 0 0 0 0 0
2 14 0 0 0 0 0 0 0
2 15 0 0 0 0 0 0 0
2 16 0 0 0 0 0 0 0
2 17 0 0 0 0 0 0 0
2 18 0 0 0 0 0 0 0
2 19 0 0 0 0 0 0 0
2 20 0 0 0 0 0 0 0
2 21 0 0 0 0 0 0 0
2 22 0 0 0 0 0 0 0
2 23 0 0 0 0 0 0 0
3 0 22 0.060986 -0.814569 0.0501623 -0.307769 0.00284072 0.000752072
3 1 25 0.0481081 -0.953422 -0.012046 0.841457 0.00301556 0.000706625
3 2 30 0.0792478 -0.468945 -0.250097 -0.94452 0.00441518 0.00136873
3 3 18 0.0727081 -0.327941 -0.257409 -1.06886 0.002769 0.000812848
3 4 41 0.0616109 -0.446117 -0.311913 0.396067 0.00600175 0.00159801
3 5 57 0.0602143 -0.132631 -0.300871 0.903569 0.00902467 0.00237245
3 6 113 0.0692658 -0.0295139 -0.2681 1.01084 0.0181835 0.00518225
3 7 533 0.133473 0.167804 0.345291 0.0989191 0.0829319 0.0376245
3 8 874 0.128936 0.423607 0.883546 0.44368 0.104045 0.0459137
3 9 525 0.108984 0.491347 1.29557 0.320815 0.0512062 0.0198411
3 10 221 0.0805349 0.669537 1.73994 0.364661 0.0174106 0.00545426
3 11 77 0.0705972 0.66093 2.00801 -0.265215 0.00548767 0.00158208
3 12 17 0.0554354 0.657853 2.56362 -0.927028 0.00100143 0.000251819
3 13 0 0 0 0 0 0 0
3 14 0 0 0 0 0 0 0
3 15 0 0 0 0 0 0 0
3 16 0 0 0 0 0 0 0
3 17 0 0 0 0 0 0 0
3 18 0 0 0 0 0 0 0
3 19 0 0 0 0 0 0 0
3 20 0 0 0 0 0 0 0
3 21 0 0 0 0 0 0 0
3 22 0 0 0 0 0 0 0
3 23 0 0 0 0 0 0 0
4 0 24 0.0649485 -0.636593 -0.0668125 -0.406786 0.00336895 0.000924363
4 1 24 0.0777153 -0.489063 -0.286625 -1.10595 0.00347979 0.00106526
4 2 23 0.044425 -0.381504 -0.55943 1.28905 0.00317411 0.000717054
4 3 30 0.0593416 -0.470855 -0.182492 0.263426 0.0044632 0.00116394
4 4 64 0.0674398 -0.318752 -0.16689 0.527094 0.0100368 0.00281521
4 5 77 0.0671842 -0.171923 -0.17324 0.759763 0.0124674 0.00348913
4 6 205 0.102857 0.0587626 0.101665 0.116601 0.0339335 0.0125965
4 7 964 0.133686 0.383332 0.566044 0.563082 0.132635 0.0602513
4 8 620 0.127522 0.58599 1.03111 0.0354963 0.0666102 0.0291377
4 9 274 0.0975497 0.698393 1.42634 -0.023398 0.0243328 0.00869259
4 10 158 0.068635 0.969833 1.93754 0.549108 0.011035 0.00312774
4 11 36 0.0564563 1.02247 2.48511 -0.272476 0.00209258 0.000531277
4 12 10 0.0577412 1.25707 3.02015 -1.83058 0.000487223 0.000125192
4 13 0 0 0 0 0 0 0
4 14 0 0 0 0 0 0 0
4 15 0 0 0 0 0 0 0
4 16 0 0 0 0 0 0 0
4 17 0 0 0 0 0 0 0
4 18 0 0 0 0 0 0 0
4 19 0 0 0 0 0 0 0
4 20 0 0 0 0 0 0 0
4 21 0 0 0 0 0 0 0
4 22 0 0 0 0 0 0 0
4 23 0 0 0 0 0 0 0
5 0 45 0.0681307 -0.459492 -0.0419929 0.0969339 0.00681004 0.00192174
5 1 53 0.0709828 -0.470411 -0.0360573 0.0881083 0.00798886 0.00231082
5 2 52 0.0820286 -0.29479 -0.0307577 -0.446292 0.00830937 0.0026347
5 3 78 0.0675079 -0.266545 -0.186393 0.731315 0.0123625 0.00346964
5 4 84 0.075283 -0.208148 -0.133591 0.382434 0.0135905 0.00407716
5 5 162 0.0934104 0.0279094 -0.0270563 0.239641 0.0269796 0.00934626
5 6 839 0.13685 0.450826 0.464179 0.361739 0.117399 0.0543485
5 7 811 0.126674 0.661702 0.821221 0.392157 0.0930029 0.0404684
5 8 441 0.110778 0.814392 1.16836 0.0702872 0.0422365 0.0165679
5 9 234 0.0895952 0.994526 1.55255 0.0230071 0.0185936 0.00625702
5 10 83 0.064611 1.14606 2.13745 0.0632637 0.00527309 0.00144247
5 11 23 0.0489127 1.21579 2.66429 -0.128688 0.00123871 0.000292564
5 12 0 0 0 0 0 0 0
5 13 0 0 0 0 0 0 0
5 14 0 0 0 0 0 0 0
5 15 0 0 0 0 0 0 0
5 16 0 0 0 0 0 0 0
5 17 0 0 0 0 0 0 0
5 18 0 0 0 0 0 0 0
5 19 0 0 0 0 0 0 0
5 20 0 0 0 0 0 0 0
5 21 0 0 0 0 0 0 0
5 22 0 0 0 0 0 0 0
5 23 0 0 0 0 0 0 0
6 0 81 0.0708971 -0.292855 -0.0937255 0.572501 0.0129038 0.00372973
6 1 67 0.0773033 -0.209391 -0.0415709 0.0586944 0.0109206 0.00333174
6 2 106 0.0753825 -0.226534 -0.102859 0.609452 0.017144 0.00514752
6 3 110 0.0673144 -0.268394 -0.0108095 1.10247 0.0177057 0.0049608
6 4 329 0.113656 0.138868 0.128817 0.223154 0.0538754 0.0215483
6 5 903 0.135507 0.542299 0.389125 0.459305 0.125178 0.057488
6 6 711 0.12503 0.813672 0.73631 0.284187 0.0798163 0.0343739
6 7 481 0.113749 0.978121 1.01879 0.0692934 0.0463255 0.0185402
6 8 253 0.095486 1.06064 1.34987 -0.0815422 0.0212241 0.00746738
6 9 130 0.0714078 1.27364 1.57111 0.247845 0.00960308 0.00278789
6 10 39 0.0414016 1.29674 2.4691 1.28532 0.00219389 0.000480685
6 11 0 0 0 0 0 0 0
6 12 0 0 0 0 0 0 0
6 13 0 0 0 0 0 0 0
6 14 0 0 0 0 0 0 0
6 15 0 0 0 0 0 0 0
6 16 0 0 0 0 0 0 0
6 17 0 0 0 0 0 0 0
6 18 0 0 0 0 0 0 0
6 19 0 0 0 0 0 0 0
6 20 0 0 0 0 0 0 0
6 21 0 0 0 0 0 0 0
6 22 0 0 0 0 0 0 0
6 23 0 0 0 0 0 0 0
7 0 177 0.0782677 -0.20645 -0.0029467 0.982737 0.0288906 0.00888457
7 1 194 0.0788825 -0.0512643 -0.0425915 1.0624 0.0322618 0.00997148
7 2 415 0.121687 0.323929 0.0811847 0.18176 0.0656052 0.0276591
7 3 764 0.139207 0.521203 0.176815 0.25301 0.111554 0.0523648
7 4 927 0.137861 0.695683 0.401394 0.362595 0.120457 0.0560985
7 5 639 0.124753 0.942171 0.641524 0.163957 0.0702356 0.030195
7 6 438 0.108007 1.08281 0.838728 0.179244 0.0430459 0.0165673
7 7 291 0.0974373 1.26919 1.10136 -6.52576e-05 0.0248023 0.00885301
7 8 123 0.0759696 1.34198 1.30576 0.00467093 0.00965744 0.00291391
7 9 53 0.0597438 1.50233 1.89318 -0.0450241 0.00337724 0.000883999
7 10 16 0.033989 1.9373 2.42284 1.40722 0.000818163 0.000165972
7 11 0 0 0 0 0 0 0
7 12 0 0 0 0 0 0 0
7 13 0 0 0 0 0 0 0
7 14 0 0 0 0 0 0 0
7 15 0 0 0 0 0 0 0
7 16 0 0 0 0 0 0 0
7 17 0 0 0 0 0 0 0
7 18 0 0 0 0 0 0 0
7 19 0 0 0 0 0 0 0
7 20 0 0 0 0 0 0 0
7 21 0 0 0 0 0 0 0
7 22 0 0 0 0 0 0 0
7 23 0 0 0 0 0 0 0
8 0 895 0.138145 0.704676 0.0476233 0.367054 0.121841 0.0568384
8 1 929 0.134997 0.764619 0.143828 0.448038 0.122203 0.0559512
8 2 763 0.133469 0.91647 0.230489 0.207398 0.0924258 0.0419308
8 3 680 0.116766 1.0366 0.383012 0.473083 0.0760433 0.03105
8 4 563 0.113822 1.09011 0.556545 0.315093 0.0593682 0.0237718
8 5 385 0.104398 1.21323 0.733303 0.149202 0.0369871 0.0138808
8 6 251 0.0854356 1.53375 1.12517 0.24876 0.019466 0.00634188
8 7 113 0.0782582 1.66626 1.4414 -0.328242 0.00778393 0.00239356
8 8 45 0.0549168 1.98401 1.81843 0.0744983 0.00261228 0.000653676
8 9 18 0.0451469 1.90311 2.04474 0.063504 0.00101114 0.000230081
8 10 0 0 0 0 0 0 0
8 11 0 0 0 0 0 0 0
8 12 0 0 0 0 0 0 0
8 13 0 0 0 0 0 0 0
8 14 0 0 0 0 0 0 0
8 15 0 0 0 0 0 0 0
8 16 0 0 0 0 0 0 0
8 17 0 0 0 0 0 0 0
8 18 0 0 0 0 0 0 0
8 19 0 0 0 0 0 0 0
8 20 0 0 0 0 0 0 0
8 21 0 0 0 0 0 0 0
8 22 0 0 0 0 0 0 0
8 23 0 0 0 0 0 0 0
9 0 575 0.113058 1.28856 0.0906441 0.326871 0.0586644 0.0233699
9 1 477 0.102348 1.34009 0.198899 0.464768 0.0472127 0.0174624
9 2 423 0.108305 1.34486 0.294266 0.131247 0.0414331 0.0159794
9 3 344 0.0975897 1.45984 0.443378 0.231015 0.0314293 0.011231
9 4 253 0.0942273 1.57305 0.672452 -0.0299586 0.0212793 0.00741686
9 5 156 0.0847591 1.61983 0.864694 -0.16902 0.0124353 0.00402974
9 6 100 0.080801 1.70788 1.04202 -0.496812 0.00745158 0.00233942
9 7 35 0.0708143 2.06772 1.35528 -1.19757 0.00218733 0.000631779
9 8 20 0.0521968 2.53917 2.16886 -0.696116 0.00095624 0.000233158
9 9 0 0 0 0 0 0 0
9 10 0 0 0 0 0 0 0
9 11 0 0 0 0 0 0 0
9 12 0 0 0 0 0 0 0
9 13 0 0 0 0 0 0 0
9 14 0 0 0 0 0 0 0
9 15 0 0 0 0 0 0 0
9 16 0 0 0 0 0 0 0
9 17 0 0 0 0 0 0 0
9 18 0 0 0 0 0 0 0
9 19 0 0 0 0 0 0 0
9 20 0 0 0 0 0 0 0
9 21 0 0 0 0 0 0 0
9 22 0 0 0 0 0 0 0
9 23 0 0 0 0 0 0 0
10 0 244 0.0890324 1.79932 0.0812858 0.106515 0.0197398 0.00661398
10 1 227 0.0867731 1.62519 0.227405 0.20098 0.0196873 0.00648168
10 2 173 0.0849115 1.71125 0.427914 -0.041781 0.0142199 0.00461361
10 3 160 0.0844959 1.83117 0.614417 -0.171282 0.0122604 0.00396481
10 4 99 0.0709753 1.94239 0.812668 -0.032423 0.00707866 0.00204741
10 5 51 0.0611741 2.18628 1.04725 -0.189185 0.00324141 0.000859626
10 6 26 0.0425409 2.3962 1.37338 0.745924 0.00147526 0.000326997
10 7 12 0.0268646 2.09073 1.36338 2.83142 0.000743809 0.000139775
10 8 0 0 0 0 0 0 0
10 9 0 0 0 0 0 0 0
10 10 0 0 0 0 0 0 0
10 11 0 0 0 0 0 0 0
10 12 0 0 0 0 0 0 0
10 13 0 0 0 0 0 0 0
10 14 0 0 0 0 0 0 0
10 15 0 0 0 0 0 0 0
10 16 0 0 0 0 0 0 0
10 17 0 0 0 0 0 0 0
10 18 0 0 0 0 0 0 0
10 19 0 0 0 0 0 0 0
10 20 0 0 0 0 0 0 0
10 21 0 0 0 0 0 0 0
10 22 0 0 0 0 0 0 0
10 23 0 0 0 0 0 0 0
11 0 74 0.0682355 2.39614 0.144335 -0.271209 0.00474277 0.0013396
11 1 82 0.0725011 2.1427 0.272858 -0.328078 0.00574167 0.00168252
11 2 51 0.0593206 2.10605 0.418409 0.0468583 0.00358853 0.000935655
11 3 42 0.0622832 2.22283 0.685913 -0.425908 0.00276452 0.000740578
11 4 24 0.0437186 1.94061 0.951415 0.734494 0.00167967 0.000376763
11 5 13 0.0498995 2.68582 1.08359 -0.785228 0.000707147 0.000168633
11 6 0 0 0 0 0 0 0
11 7 0 0 0 0 0 0 0
11 8 0 0 0 0 0 0 0
11 9 0 0 0 0 0 0 0
11 10 0 0 0 0 0 0 0
11 11 0 0 0 0 0 0 0
11 12 0 0 0 0 0 0 0
11 13 0 0 0 0 0 0 0
11 14 0 0 0 0 0 0 0
11 15 0 0 0 0 0 0 0
11 16 0 0 0 0 0 0 0
11 17 0 0 0 0 0 0 0
11 18 0 0 0 0 0 0 0
11 19 0 0 0 0 0 0 0
11 20 0 0 0 0 0 0 0
11 21 0 0 0 0 0 0 0
11 22 0 0 0 0 0 0 0
11 23 0 0 0 0 0 0 0
12 0 25 0.0427543 2.53785 -0.0192972 0.754666 0.00152747 0.000339303
12 1 15 0.0532464 2.63971 0.312571 -0.871443 0.000880272 0.000216803
12 2 13 0.0414679 3.11297 0.709788 0.0566648 0.000647579 0.000141981
12 3 0 0 0 0 0 0 0
12 4 0 0 0 0 0 0 0
12 5 0 0 0 0 0 0 0
12 6 0 0 0 0 0 0 0
12 7 0 0 0 0 0 0 0
12 8 0 0 0 0 0 0 0
12 9 0 0 0 0 0 0 0
12 10 0 0 0 0 0 0 0
12 11 0 0 0 0 0 0 0
12 12 0 0 0 0 0 0 0
12 13 0 0 0 0 0 0 0
12 14 0 0 0 0 0 0 0
12 15 0 0 0 0 0 0 0
12 16 0 0 0 0 0 0 0
12 17 0 0 0 0 0 0 0
12 18 0 0 0 0 0 0 0
12 19 0 0 0 0 0 0 0
12 20 0 0 0 0 0 0 0
12 21 0 0 0 0 0 0 0
12 22 0 0 0 0 0 0 0
12 23 0 0 0 0 0 0 0
13 0 0 0 0 0 0 0 0
13 1 0 0 0 0 0 0 0
13 2 0 0 0 0 0 0 0
13 3 0 0 0 0 0 0 0
13 4 0 0 0 0 0 0 0
13 5 0 0 0 0 0 0 0
13 6 0 0 0 0 0 0 0
13 7 0 0 0 0 0 0 0
13 8 0 0 0 0 0 0 0
13 9 0 0 0 0 0 0 0
13 10 0 0 0 0 0 0 0
13 11 0 0 0 0 0 0 0
13 12 0 0 0 0 0 0 0
13 13 0 0 0 0 0 0 0
13 14 0 0 0 0 0 0 0
13 15 0 0 0 0 0 0 0
13 16 0 0 0 0 0 0 0
13 17 0 0 0 0 0 0 0
13 18 0 0 0 0 0 0 0
13 19 0 0 0 0 0 0 0
13 20 0 0 0 0 0 0 0
13 21 0 0 0 0 0 0 0
13 22 0 0 0 0 0 0 0
13 23 0 0 0 0 0 0 0
14 0 0 0 0 0 0 0 0
14 1 0 0 0 0 0 0 0
14 2 0 0 0 0 0 0 0
14 3 0 0 0 0 0 0 0
14 4 0 0 0 0 0 0 0
14 5 0 0 0 0 0 0 0
14 6 0 0 0 0 0 0 0
14 7 0 0 0 0 0 0 0
14 8 0 0 0 0 0 0 0
14 9 0 0 0 0 0 0 0
14 10 0 0 0 0 0 0 0
14 11 0 0 0 0 0 0 0
14 12 0 0 0 0 0 0 0
14 13 0 0 0 0 0 0 0
14 14 0 0 0 0 0 0 0
14 15 0 0 0 0 0 0 0
14 16 0 0 0 0 0 0 0
14 17 0 0 0 0 0 0 0
14 18 0 0 0 0 0 0 0
14 19 0 0 0 0 0 0 0
14 20 0 0 0 0 0 0 0
14 21 0 0 0 0 0 0 0
14 22 0 0 0 0 0 0 0
14 23 0 0 0 0 0 0 0
15 0 0 0 0 0 0 0 0
15 1 0 0 0 0 0 0 0
15 2 0 0 0 0 0 0 0
15 3 0 0 0 0 0 0 0
15 4 0 0 0 0 0 0 0
15 5 0 0 0 0 0 0 0
15 6 0 0 0 0 0 0 0
15 7 0 0 0 0 0 0 0
15 8 0 0 0 0 0 0 0
15 9 0 0 0 0 0 0 0
15 10 0 0 0 0 0 0 0
15 11 0 0 0 0 0 0 0
15 12 0 0 0 0 0 0 0
15 13 0 0 0 0 0 0 0
15 14 0 0 0 0 0 0 0
15 15 0 0 0 0 0 0 0
15 16 0 0 0 0 0 0 0
15 17 0 0 0 0 0 0 0
15 18 0 0 0 0 0 0 0
15 19 0 0 0 0 0 0 0
15 20 0 0 0 0 0 0 0
15 21 0 0 0 0 0 0 0
15 22 0 0 0 0 0 0 0
15 23 0 0 0 0 0 0 0
16 0 0 0 0 0 0 0 0
16 1 0 0 0 0 0 0 0
16 2 0 0 0 0 0 0 0
16 3 0 0 0 0 0 0 0
16 4 0 0 0 0 0 0 0
16 5 0 0 0 0 0 0 0
16 6 0 0 0 0 0 0 0
16 7 0 0 0 0 0 0 0
16 8 0 0 0 0 0 0 0
16 9 0 0 0 0 0 0 0
16 10 0 0 0 0 0 0 0
16 11 0 0 0 0 0 0 0
16 12 0 0 0 0 0 0 0
16 13 0 0 0 0 0 0 0
16 14 0 0 0 0 0 0 0
16 15 0 0 0 0 0 0 0
16 16 0 0 0 0 0 0 0
16 17 0 0 0 0 0 0 0
16 18 0 0 0 0 0 0 0
16 19 0 0 0 0 0 0 0
16 20 0 0 0 0 0 0 0
16 21 0 0 0 0 0 0 0
16 22 0 0 0 0 0 0 0
16 23 0 0 0 0 0 0 0
17 0 0 0 0 0 0 0 0
17 1 0 0 0 0 0 0 0
17 2 0 0 0 0 0 0 0
17 3 0 0 0 0 0 0 0
17 4 0 0 0 0 0 0 0
17 5 0 0 0 0 0 0 0
17 6 0 0 0 0 0 0 0
17 7 0 0 0 0 0 0 0
17 8 0 0 0 0 0 0 0
17 9 0 0 0 0 0 0 0
17 10 0 0 0 0 0 0 0
17 11 0 0 0 0 0 0 0
17 12 0 0 0 0 0 0 0
17 13 0 0 0 0 0 0 0
17 14 0 0 0 0 0 0 0
17 15 0 0 0 0 0 0 0
17 16 0 0 0 0 0 0 0
17 17 0 0 0 0 0 0 0
17 18 0 0 0 0 0 0 0
17 19 0 0 0 0 0 0 0
17 20 0 0 0 0 0 0 0
17 21 0 0 0 0 0 0 0
17 22 0 0 0 0 0 0 0
17 23 0 0 0 0 0 0 0
18 0 0 0 0 0 0 0 0
18 1 0 0 0 0 0 0 0
18 2 0 0 0 0 0 0 0
18 3 0 0 0 0 0 0 0
18 4 0 0 0 0 0 0 0
18 5 0 0 0 0 0 0 0
18 6 0 0 0 0 0 0 0
18 7 0 0 0 0 0 0 0
18 8 0 0 0 0 0 0 0
18 9 0 0 0 0 0 0 0
18 10 0 0 0 0 0 0 0
18 11 0 0 0 0 0 0 0
18 12 0 0 0 0 0 0 0
18 13 0 0 0 0 0 0 0
18 14 0 0 0 0 0 0 0
18 15 0 0 0 0 0 0 0
18 16 0 0 0 0 0 0 0
18 17 0 0 0 0 0 0 0
18 18 0 0 0 0 0 0 0
18 19 0 0 0 0 0 0 0
18 20 0 0 0 0 0 0 0
18 21 0 0 0 0 0 0 0
18 22 0 0 0 0 0 0 0
18 23 0 0 0 0 0 0 0
19 0 0 0 0 0 0 0 0
19 1 0 0 0 0 0 0 0
19 2 0 0 0 0 0 0 0
19 3 0 0 0 0 0 0 0
19 4 0 0 0 0 0 0 0
19 5 0 0 0 0 0 0 0
19 6 0 0 0 0 0 0 0
19 7 0 0 0 0 0 0 0
19 8 0 0 0 0 0 0 0
19 9 0 0 0 0 0 0 0
19 10 0 0 0 0 0 0 0
19 11 0 0 0 0 0 0 0
19 12 0 0 0 0 0 0 0
19 13 0 0 0 0 0 0 0
19 14 0 0 0 0 0 0 0
19 15 0 0 0 0 0 0 0
19 16 0 0 0 0 0 0 0
19 17 0 0 0 0 0 0 0
19 18 0 0 0 0 0 0 0
19 19 0 0 0 0 0 0 0
19 20 0 0 0 0 0 0 0
19 21 0 0 0 0 0 0 0
19 22 0 0 0 0 0 0 0
19 23 0 0 0 0 0 0 0
20 0 0 0 0 0 0 0 0
20 1 0 0 0 0 0 0 0
20 2 0 0 0 0 0 0 0
20 3 0 0 0 0 0 0 0
20 4 0 0 0 0 0 0 0
20 5 0 0 0 0 0 0 0
20 6 0 0 0 0 0 0 0
20 7 0 0 0 0 0 0 0
20 8 0 0 0 0 0 0 0
20 9 0 0 0 0 0 0 0
20 10 0 0 0 0 0 0 0
20 11 0 0 0 0 0 0 0
20 12 0 0 0 0 0 0 0
20 13 0 0 0 0 0 0 0
20 14 0 0 0 0 0 0 0
20 15 0 0 0 0 0 0 0
20 16 0 0 0 0 0 0 0
20 17 0 0 0 0 0 0 0
20 18 0 0 0 0 0 0 0
20 19 0 0 0 0 0 0 0
20 20 0 0 0 0 0 0 0
20 21 0 0 0 0 0 0 0
20 22 0 0 0 0 0 0 0
20 23 0 0 0 0 0 0 0
21 0 0 0 0 0 0 0 0
21 1 0 0 0 0 0 0 0
21 2 0 0 0 0 0 0 0
21 3 0 0 0 0 0 0 0
21 4 0 0 0 0 0 0 0
21 5 0 0 0 0 0 0 0
21 6 0 0 0 0 0 0 0
21 7 0 0 0 0 0 0 0
21 8 0 0 0 0 0 0 0
21 9 0 0 0 0 0 0 0
21 10 0 0 0 0 0 0 0
21 11 0 0 0 0 0 0 0
21 12 0 0 0 0 0 0 0
21 13 0 0 0 0 0 0 0
21 14 0 0 0 0 0 0 0
21 15 0 0 0 0 0 0 0
21 16 0 0 0 0 0 0 0
21 17 0 0 0 0 0 0 0
21 18 0 0 0 0 0 0 0
21 19 0 0 0 0 0 0 0
21 20 0 0 0 0 0 0 0
21 21 0 0 0 0 0 0 0
21 22 0 0 0 0 0 0 0
21 23 0 0 0 0 0 0 0
22 0 0 0 0 0 0 0 0
22 1 0 0 0 0 0 0 0
22 2 0 0 0 0 0 0 0
22 3 0 0 0 0 0 0 0
22 4 0 0 0 0 0 0 0
22 5 0 0 0 0 0 0 0
22 6 0 0 0 0 0 0 0
22 7 0 0 0 0 0 0 0
22 8 0 0 0 0 0 0 0
22 9 0 0 0 0 0 0 0
22 10 0 0 0 0 0 0 0
22 11 0 0 0 0 0 0 0
22 12 0 0 0 0 0 0 0
22 13 0 0 0 0 0 0 0
22 14 0 0 0 0 0 0 0
22 15 0 0 0 0 0 0 0
22 16 0 0 0 0 0 0 0
22 17 0 0 0 0 0 0 0
22 18 0 0 0 0 0 0 0
22 19 0 0 0 0 0 0 0
22 20 0 0 0 0 0 0 0
22 21 0 0 0 0 0 0 0
22 22 0 0 0 0 0 0 0
22 23 0 0 0 0 0 0 0
23 0 0 0 0 0 0 0 0
23 1 0 0 0 0 0 0 0
23 2 0 0 0 0 0 0 0
23 3 0 0 0 0 0 0 0
23 4 0 0 0 0 0 0 0
23 5 0 0 0 0 0 0 0
23 6 0 0 0 0 0 0 0
23 7 0 0 0 0 0 0 0
23 8 0 0 0 0 0 0 0
23 9 0 0 0 0 0 0 0
23 10 0 0 0 0 0 0 0
23 11 0 0 0 0 0 0 0
23 12 0 0 0 0 0 0 0
23 13 0 0 0 0 0 0 0
23 14 0 0 0 0 0 0 0
23 15 0 0 0 0 0 0 0
23 16 0 0 0 0 0 0 0
23 17 0 0 0 0 0 0 0
23 18 0 0 0 0 0 0 0
23 19 0 0 0 0 0 0 0
23 20 0 0 0 0 0 0 0
23 21 0 0 0 0 0 0 0
23 22 0 0 0 0 0 0 0
23 23 0 0 0 0 0 0 0
