#  ix    iy     NB       E/N    TB    UxB       UyB       muB       rhoB     epsilonB
0 0 42 0.005 0.0390977 0.0790239 223.857 0.00337401 0.00377647
0 1 42 0.005 0.0587106 0.104121 230.729 0.00336316 0.00387989
0 2 46 0.005 0.0595434 0.151716 227.942 0.00366137 0.0041729
0 3 45 0.005 0.0225224 0.228684 232.091 0.00353685 0.00410437
0 4 42 0.005 0.0573637 0.331464 216.199 0.00321033 0.00347035
0 5 50 0.005 0.0201452 0.334741 223.866 0.00382302 0.00427923
0 6 37 0.005 0.0643176 0.500107 229.206 0.00266434 0.00305341
0 7 47 0.005 -0.032609 0.513279 221.863 0.00337065 0.00373911
0 8 58 0.005 -0.0234308 0.679806 219.256 0.0038675 0.00423986
0 9 52 0.005 0.0853498 0.677737 218.356 0.00346277 0.00378058
0 10 41 0.005 0.0780682 0.735697 218.137 0.00265808 0.00289914
0 11 58 0.005 0.0455047 0.902438 216.595 0.00347051 0.00375848
0 12 45 0.005 -0.0475106 0.93786 214.887 0.00264545 0.00284236
0 13 36 0.005 0.113962 1.13304 210.544 0.00191568 0.00201667
0 14 29 0.005 -0.054892 1.30693 202.194 0.00142038 0.00143597
0 15 17 0.005 -0.0292746 1.32896 210.033 0.000824184 0.000865529
0 16 16 0.005 0.0943148 1.74923 202.504 0.000639692 0.000647701
0 17 12 0.005 0.0211447 1.73893 197.707 0.000482406 0.000476875
0 18 0 0 0 0 0 0 0
0 19 0 0 0 0 0 0 0
0 20 0 0 0 0 0 0 0
0 21 0 0 0 0 0 0 0
0 22 0 0 0 0 0 0 0
0 23 0 0 0 0 0 0 0
1 0 46 0.005 0.131105 0.0257354 219.881 0.003677 0.00404252
1 1 60 0.005 0.108596 0.0818551 214.192 0.00479458 0.0051348
1 2 51 0.005 0.0440666 0.103986 225.063 0.00408692 0.00459907
1 3 36 0.005 0.153706 0.27542 221.156 0.00276877 0.00306165
1 4 44 0.005 0.148428 0.312868 219.577 0.00335303 0.00368125
1 5 55 0.005 0.106273 0.408521 219.787 0.00408634 0.00449061
1 6 46 0.005 0.163147 0.468136 222.862 0.00332367 0.00370359
1 7 54 0.005 0.0622833 0.555034 219.883 0.00380202 0.00418001
1 8 50 0.005 0.170305 0.529355 215.113 0.00352405 0.00379035
1 9 52 0.005 0.0797561 0.69201 215.375 0.00344099 0.00370552
1 10 44 0.005 0.134219 0.787164 210.598 0.00277282 0.00291976
1 11 50 0.005 0.159645 0.96712 210.688 0.00287959 0.00303347
1 12 46 0.005 0.160382 1.08487 210.43 0.00249955 0.00262991
1 13 47 0.005 0.0666137 1.07145 215.9 0.00258351 0.0027889
1 14 28 0.005 0.0840019 1.23953 202.108 0.00141587 0.00143079
1 15 36 0.005 0.11507 1.32407 205.04 0.00174551 0.0017895
1 16 17 0.005 0.0928003 1.6013 203.105 0.000725311 0.000736571
1 17 0 0 0 0 0 0 0
1 18 0 0 0 0 0 0 0
1 19 0 0 0 0 0 0 0
1 20 0 0 0 0 0 0 0
1 21 0 0 0 0 0 0 0
1 22 0 0 0 0 0 0 0
1 23 0 0 0 0 0 0 0
2 0 47 0.005 0.203861 0.0260444 222.538 0.00371273 0.0041311
2 1 49 0.005 0.262287 0.0513967 216.667 0.00381761 0.00413574
2 2 60 0.005 0.130444 0.117706 226.027 0.00476571 0.0053859
2 3 54 0.005 0.167511 0.244302 219.919 0.0041755 0.00459136
2 4 73 0.005 0.171856 0.317577 218.531 0.00553716 0.0060502
2 5 56 0.005 0.198373 0.365523 226.379 0.00416989 0.00471987
2 6 51 0.005 0.117008 0.404752 221.005 0.00379023 0.00418829
2 7 52 0.005 0.185992 0.46577 217.325 0.00374852 0.00407324
2 8 48 0.005 0.165076 0.608733 217.051 0.00327413 0.00355327
2 9 51 0.005 0.176132 0.688362 214.508 0.00335274 0.00359595
2 10 43 0.005 0.230497 0.87676 223.04 0.00256916 0.00286514
2 11 48 0.005 0.214838 0.865561 214.488 0.00288898 0.00309826
2 12 37 0.005 0.325322 1.04675 213.931 0.00201103 0.00215111
2 13 47 0.005 0.248817 1.13402 207.892 0.00247363 0.00257123
2 14 35 0.005 0.273674 1.28841 214.789 0.00170678 0.00183299
2 15 30 0.005 0.247652 1.37737 204.599 0.00140658 0.00143893
2 16 0 0 0 0 0 0 0
2 17 0 0 0 0 0 0 0
2 18 0 0 0 0 0 0 0
2 19 0 0 0 0 0 0 0
2 20 0 0 0 0 0 0 0
2 21 0 0 0 0 0 0 0
2 22 0 0 0 0 0 0 0
2 23 0 0 0 0 0 0 0
3 0 63 0.005 0.260518 -0.00234701 228.117 0.00491653 0.00560772
3 1 39 0.005 0.23908 0.0972705 223.437 0.00304535 0.00340223
3 2 58 0.005 0.30824 0.206792 229.005 0.00438509 0.00502102
3 3 42 0.005 0.261375 0.218773 228.107 0.00320598 0.00365653
3 4 40 0.005 0.268016 0.252576 224.407 0.00302706 0.00339646
3 5 53 0.005 0.297767 0.388922 223.814 0.00383846 0.0042955
3 6 43 0.005 0.199436 0.433399 222.907 0.0031298 0.00348827
3 7 54 0.005 0.210482 0.536016 220.765 0.00377383 0.00416565
3 8 45 0.005 0.298311 0.594904 214.272 0.00302115 0.00323675
3 9 54 0.005 0.229377 0.765116 214.196 0.00340262 0.00364413
3 10 65 0.005 0.287491 0.824019 218.831 0.0039494 0.00432126
3 11 33 0.005 0.439951 1.09075 208.894 0.00172387 0.00180052
3 12 52 0.005 0.273373 0.972759 210.201 0.00294985 0.0031003
3 13 36 0.005 0.342954 1.14056 204.574 0.00186684 0.00190954
3 14 29 0.005 0.287425 1.28418 207.228 0.00141501 0.00146614
3 15 21 0.005 0.402426 1.52483 209.402 0.000906919 0.000949554
3 16 18 0.005 0.408431 1.74819 207.274 0.000706386 0.000732077
3 17 0 0 0 0 0 0 0
3 18 0 0 0 0 0 0 0
3 19 0 0 0 0 0 0 0
3 20 0 0 0 0 0 0 0
3 21 0 0 0 0 0 0 0
3 22 0 0 0 0 0 0 0
3 23 0 0 0 0 0 0 0
4 0 57 0.005 0.297926 0.0710936 218.167 0.00439523 0.00479446
4 1 62 0.005 0.364833 0.145534 220.607 0.00465387 0.00513338
4 2 50 0.005 0.343097 0.200064 226.1 0.00374751 0.00423655
4 3 47 0.005 0.26473 0.151016 226.481 0.00362567 0.00410573
4 4 55 0.005 0.38481 0.299734 232.407 0.00398653 0.00463249
4 5 52 0.005 0.390775 0.373198 224.172 0.00368938 0.00413528
4 6 55 0.005 0.292782 0.362841 218.477 0.00402002 0.00439142
4 7 50 0.005 0.298901 0.574286 217.719 0.00338481 0.0036847
4 8 40 0.005 0.36674 0.745529 226.845 0.00248116 0.0028142
4 9 41 0.005 0.417969 0.777096 214.695 0.00247928 0.00266144
4 10 45 0.005 0.359088 0.950255 217.603 0.00254587 0.00276995
4 11 45 0.005 0.352875 0.881488 213.703 0.00263171 0.00281203
4 12 47 0.005 0.386823 1.04434 214.167 0.00253236 0.00271174
4 13 35 0.005 0.424373 1.18162 207.897 0.00175851 0.00182795
4 14 37 0.005 0.438841 1.31565 207.767 0.00174513 0.0018129
4 15 17 0.005 0.540491 1.54204 203.442 0.000715637 0.000727953
4 16 15 0.005 0.4291 1.58491 205.336 0.000629215 0.000646003
4 17 0 0 0 0 0 0 0
4 18 0 0 0 0 0 0 0
4 19 0 0 0 0 0 0 0
4 20 0 0 0 0 0 0 0
4 21 0 0 0 0 0 0 0
4 22 0 0 0 0 0 0 0
4 23 0 0 0 0 0 0 0
5 0 48 0.005 0.376874 -0.0396495 230.68 0.00361977 0.00417505
5 1 66 0.005 0.394446 0.175941 231.764 0.0048863 0.00566235
5 2 53 0.005 0.324702 0.176885 221.18 0.00400892 0.00443346
5 3 47 0.005 0.491644 0.201174 216.266 0.00334735 0.00361959
5 4 48 0.005 0.404758 0.347013 223.836 0.00341582 0.00382291
5 5 45 0.005 0.497866 0.437217 222.319 0.00302521 0.00336281
5 6 46 0.005 0.379348 0.457137 223.319 0.00318938 0.00356124
5 7 43 0.005 0.347195 0.5479 224.597 0.00290931 0.00326711
5 8 51 0.005 0.406791 0.655739 212.428 0.00325615 0.00345849
5 9 58 0.005 0.383725 0.701209 218.394 0.00365363 0.00398966
5 10 45 0.005 0.452401 0.85013 215.38 0.002614 0.00281503
5 11 45 0.005 0.481566 0.949252 208.271 0.00248483 0.00258759
5 12 31 0.005 0.446525 1.01121 209.113 0.00167716 0.00175358
5 13 28 0.005 0.419925 1.13753 199.998 0.00143668 0.00143667
5 14 24 0.005 0.527803 1.38097 210.389 0.0010844 0.00114073
5 15 18 0.005 0.604225 1.44375 202.53 0.000781578 0.000791463
5 16 12 0.005 0.63103 1.66907 196.811 0.000473112 0.000465569
5 17 0 0 0 0 0 0 0
5 18 0 0 0 0 0 0 0
5 19 0 0 0 0 0 0 0
5 20 0 0 0 0 0 0 0
5 21 0 0 0 0 0 0 0
5 22 0 0 0 0 0 0 0
5 23 0 0 0 0 0 0 0
6 0 68 0.005 0.493933 0.0327432 219.935 0.00491468 0.00540454
6 1 61 0.005 0.420727 0.0985316 227.446 0.00451579 0.0051355
6 2 56 0.005 0.469366 0.255618 223.024 0.00398296 0.00444148
6 3 64 0.005 0.490659 0.273632 219.276 0.0044998 0.00493348
6 4 49 0.005 0.485105 0.284532 226.692 0.00344429 0.00390397
6 5 47 0.005 0.485479 0.380781 225.786 0.00322574 0.00364163
6 6 56 0.005 0.420738 0.432828 222.8 0.00386636 0.00430712
6 7 54 0.005 0.49616 0.538178 217.208 0.00351401 0.00381636
6 8 55 0.005 0.507744 0.654231 213.412 0.00341614 0.00364522
6 9 40 0.005 0.54372 0.743605 216.125 0.00237257 0.00256386
6 10 44 0.005 0.53915 0.790314 215.122 0.00256398 0.00275785
6 11 39 0.005 0.539302 0.993278 213.007 0.0020841 0.00221964
6 12 29 0.005 0.590517 1.06569 210.799 0.00148377 0.00156388
6 13 32 0.005 0.579581 1.16851 206.08 0.00157015 0.00161788
6 14 26 0.005 0.591543 1.28014 204.854 0.00121286 0.0012423
6 15 16 0.005 0.701708 1.55643 200.384 0.000652137 0.00065339
6 16 10 0.005 0.727816 1.82303 200.571 0.000366072 0.000367118
6 17 0 0 0 0 0 0 0
6 18 0 0 0 0 0 0 0
6 19 0 0 0 0 0 0 0
6 20 0 0 0 0 0 0 0
6 21 0 0 0 0 0 0 0
6 22 0 0 0 0 0 0 0
6 23 0 0 0 0 0 0 0
7 0 70 0.005 0.612149 0.064895 227.104 0.00480733 0.00545882
7 1 56 0.005 0.569061 0.0521268 223.102 0.00392107 0.004374
7 2 53 0.005 0.506417 0.170704 217.406 0.00376966 0.00409773
7 3 60 0.005 0.536009 0.245325 225.63 0.00416838 0.00470255
7 4 63 0.005 0.680018 0.357574 221.633 0.00402885 0.00446463
7 5 71 0.005 0.564216 0.34342 214.465 0.00477769 0.00512324
7 6 45 0.005 0.591842 0.586607 217.857 0.00278795 0.00303687
7 7 62 0.005 0.626354 0.581685 218.16 0.00380069 0.00414578
7 8 42 0.005 0.613679 0.734392 214.18 0.00244702 0.00262051
7 9 64 0.005 0.547745 0.675043 209.477 0.00389522 0.0040798
7 10 44 0.005 0.708179 0.821819 211.97 0.00240498 0.00254892
7 11 43 0.005 0.673785 0.989857 214.664 0.00222282 0.00238579
7 12 32 0.005 0.698106 1.0365 206.82 0.00161237 0.00166735
7 13 30 0.005 0.754155 1.23435 205.901 0.00137579 0.00141639
7 14 20 0.005 0.805872 1.56423 199.491 0.000796921 0.000794893
7 15 0 0 0 0 0 0 0
7 16 0 0 0 0 0 0 0
7 17 0 0 0 0 0 0 0
7 18 0 0 0 0 0 0 0
7 19 0 0 0 0 0 0 0
7 20 0 0 0 0 0 0 0
7 21 0 0 0 0 0 0 0
7 22 0 0 0 0 0 0 0
7 23 0 0 0 0 0 0 0
8 0 63 0.005 0.706413 0.0716378 221.183 0.0041426 0.00458137
8 1 66 0.005 0.643403 0.103857 217.829 0.00445915 0.00485666
8 2 73 0.005 0.685581 0.192757 229.772 0.00479534 0.00550918
8 3 70 0.005 0.644779 0.27598 226.217 0.00462174 0.00522758
8 4 63 0.005 0.679336 0.344401 223.396 0.0040418 0.00451462
8 5 52 0.005 0.689217 0.386112 224.394 0.0032906 0.00369195
8 6 50 0.005 0.648327 0.522627 222.156 0.00309856 0.00344182
8 7 43 0.005 0.757675 0.643691 215.977 0.0024592 0.00265565
8 8 44 0.005 0.753451 0.667784 209.002 0.00250059 0.00261314
8 9 42 0.005 0.621017 0.677405 213.707 0.00249393 0.00266485
8 10 39 0.005 0.756447 0.885572 208.74 0.00204887 0.0021384
8 11 34 0.005 0.856102 1.01021 210.392 0.00165242 0.00173828
8 12 23 0.005 0.904054 1.23067 210.389 0.00101616 0.00106895
8 13 26 0.005 0.745463 1.12309 203.54 0.00124927 0.00127138
8 14 14 0.005 0.826077 1.30946 198.085 0.000612566 0.000606702
8 15 0 0 0 0 0 0 0
8 16 0 0 0 0 0 0 0
8 17 0 0 0 0 0 0 0
8 18 0 0 0 0 0 0 0
8 19 0 0 0 0 0 0 0
8 20 0 0 0 0 0 0 0
8 21 0 0 0 0 0 0 0
8 22 0 0 0 0 0 0 0
8 23 0 0 0 0 0 0 0
9 0 76 0.005 0.738057 0.00236926 217.427 0.00493134 0.00536104
9 1 59 0.005 0.792241 0.0983203 221.355 0.00371847 0.00411551
9 2 56 0.005 0.818698 0.200213 216.259 0.00345321 0.00373395
9 3 53 0.005 0.726923 0.283442 222.615 0.00336984 0.00375089
9 4 63 0.005 0.758624 0.271075 217.102 0.00395649 0.00429481
9 5 37 0.005 0.818499 0.502856 212.926 0.00215185 0.00229093
9 6 54 0.005 0.782417 0.571855 211.677 0.00312724 0.00330982
9 7 49 0.005 0.739764 0.559547 206.122 0.0028972 0.00298587
9 8 54 0.005 0.805909 0.694403 216.038 0.00298271 0.00322189
9 9 54 0.005 0.867699 0.845757 213.654 0.00277192 0.00296116
9 10 28 0.005 0.889853 0.935093 209.775 0.00138289 0.00145047
9 11 27 0.005 0.997182 1.11755 208.978 0.00120906 0.00126334
9 12 23 0.005 0.917232 1.1894 205.99 0.00102793 0.00105872
9 13 14 0.005 1.07209 1.30061 205.011 0.000576084 0.000590518
9 14 0 0 0 0 0 0 0
9 15 0 0 0 0 0 0 0
9 16 0 0 0 0 0 0 0
9 17 0 0 0 0 0 0 0
9 18 0 0 0 0 0 0 0
9 19 0 0 0 0 0 0 0
9 20 0 0 0 0 0 0 0
9 21 0 0 0 0 0 0 0
9 22 0 0 0 0 0 0 0
9 23 0 0 0 0 0 0 0
10 0 58 0.005 0.960979 0.0755227 219.817 0.00336759 0.00370127
10 1 50 0.005 0.862874 0.203714 218.59 0.00301718 0.00329762
10 2 59 0.005 0.829269 0.187525 218.371 0.00362499 0.00395796
10 3 49 0.005 0.892573 0.255846 218.416 0.00289579 0.00316244
10 4 63 0.005 0.743877 0.306011 215.211 0.00395888 0.00425996
10 5 52 0.005 0.893055 0.480103 216.976 0.00294471 0.00319467
10 6 44 0.005 0.946087 0.471785 212.574 0.00243839 0.00259169
10 7 48 0.005 0.865521 0.626248 219.204 0.00264533 0.00289933
10 8 34 0.005 1.03151 0.932605 211.659 0.00160083 0.00169415
10 9 38 0.005 0.982594 0.779386 205.976 0.0019105 0.00196759
10 10 30 0.005 1.11055 1.02408 206.114 0.00133544 0.00137627
10 11 23 0.005 1.15824 1.08088 204.249 0.000990064 0.0010111
10 12 15 0.005 1.0769 1.2246 203.681 0.000632365 0.000644002
10 13 16 0.005 1.0124 1.18753 199.16 0.000696183 0.000693258
10 14 0 0 0 0 0 0 0
10 15 0 0 0 0 0 0 0
10 16 0 0 0 0 0 0 0
10 17 0 0 0 0 0 0 0
10 18 0 0 0 0 0 0 0
10 19 0 0 0 0 0 0 0
10 20 0 0 0 0 0 0 0
10 21 0 0 0 0 0 0 0
10 22 0 0 0 0 0 0 0
10 23 0 0 0 0 0 0 0
11 0 67 0.005 1.04664 0.0607054 217.473 0.00372934 0.00405516
11 1 58 0.005 0.980983 0.135148 215.373 0.0033236 0.00357907
11 2 59 0.005 0.985732 0.146897 216.13 0.00337015 0.00364196
11 3 47 0.005 0.930032 0.263789 213.56 0.00272513 0.00290989
11 4 37 0.005 0.929613 0.341012 205.344 0.00212029 0.00217695
11 5 50 0.005 0.974705 0.439472 217.866 0.00275435 0.00300039
11 6 43 0.005 0.959542 0.50972 210.544 0.00234836 0.00247217
11 7 42 0.005 1.13329 0.676156 213.315 0.00204565 0.00218183
11 8 33 0.005 1.06808 0.799767 204.788 0.00159602 0.00163423
11 9 29 0.005 1.02834 0.776966 208.281 0.00143364 0.00149301
11 10 22 0.005 1.03779 0.882158 198.324 0.00104998 0.00104118
11 11 0 0 0 0 0 0 0
11 12 0 0 0 0 0 0 0
11 13 0 0 0 0 0 0 0
11 14 0 0 0 0 0 0 0
11 15 0 0 0 0 0 0 0
11 16 0 0 0 0 0 0 0
11 17 0 0 0 0 0 0 0
11 18 0 0 0 0 0 0 0
11 19 0 0 0 0 0 0 0
11 20 0 0 0 0 0 0 0
11 21 0 0 0 0 0 0 0
11 22 0 0 0 0 0 0 0
11 23 0 0 0 0 0 0 0
12 0 49 0.005 1.13616 -0.00883994 217.149 0.00261077 0.00283463
12 1 62 0.005 1.06437 0.140364 214.643 0.00340792 0.00365743
12 2 51 0.005 1.02287 0.194698 211.098 0.00284893 0.00300701
12 3 37 0.005 1.11398 0.369895 215.307 0.00193506 0.00208317
12 4 44 0.005 1.20681 0.338842 214.171 0.00221291 0.00236971
12 5 42 0.005 1.12897 0.510872 212.556 0.00212711 0.00226065
12 6 37 0.005 1.11748 0.64523 205.224 0.00182779 0.00187553
12 7 40 0.005 1.21106 0.609459 208.521 0.0019148 0.00199638
12 8 33 0.005 1.11002 0.738607 200.845 0.0015968 0.00160355
12 9 17 0.005 1.39939 0.980678 198.709 0.000692442 0.000687974
12 10 17 0.005 1.23676 0.957591 204.816 0.000738474 0.000756257
12 11 0 0 0 0 0 0 0
12 12 0 0 0 0 0 0 0
12 13 0 0 0 0 0 0 0
12 14 0 0 0 0 0 0 0
12 15 0 0 0 0 0 0 0
12 16 0 0 0 0 0 0 0
12 17 0 0 0 0 0 0 0
12 18 0 0 0 0 0 0 0
12 19 0 0 0 0 0 0 0
12 20 0 0 0 0 0 0 0
12 21 0 0 0 0 0 0 0
12 22 0 0 0 0 0 0 0
12 23 0 0 0 0 0 0 0
13 0 37 0.005 1.211 0.012078 211.554 0.00189988 0.00200964
13 1 40 0.005 1.16993 0.141428 213.033 0.00208715 0.00222317
13 2 51 0.005 1.18049 0.165735 210.96 0.00264331 0.00278816
13 3 55 0.005 1.20147 0.255147 205.691 0.00280042 0.00288011
13 4 45 0.005 1.20372 0.430274 213.117 0.00223602 0.00238267
13 5 27 0.005 1.36349 0.466043 208.185 0.00124145 0.00129225
13 6 29 0.005 1.16628 0.469912 203.443 0.00145573 0.00148079
13 7 23 0.005 1.44783 0.700118 206.39 0.00097944 0.00101073
13 8 23 0.005 1.27478 0.811993 207.699 0.00102348 0.00106288
13 9 18 0.005 1.35049 0.905334 202.89 0.000760492 0.000771481
13 10 0 0 0 0 0 0 0
13 11 0 0 0 0 0 0 0
13 12 0 0 0 0 0 0 0
13 13 0 0 0 0 0 0 0
13 14 0 0 0 0 0 0 0
13 15 0 0 0 0 0 0 0
13 16 0 0 0 0 0 0 0
13 17 0 0 0 0 0 0 0
13 18 0 0 0 0 0 0 0
13 19 0 0 0 0 0 0 0
13 20 0 0 0 0 0 0 0
13 21 0 0 0 0 0 0 0
13 22 0 0 0 0 0 0 0
13 23 0 0 0 0 0 0 0
14 0 31 0.005 1.42009 0.0892211 206.379 0.00143749 0.00148334
14 1 30 0.005 1.39587 0.137914 203.48 0.00140445 0.00142889
14 2 30 0.005 1.45135 0.321076 204.689 0.00135046 0.00138212
14 3 26 0.005 1.31844 0.273089 208.919 0.00125019 0.00130594
14 4 25 0.005 1.42309 0.370121 222.329 0.00113377 0.00126035
14 5 20 0.005 1.43855 0.516864 212.597 0.000882993 0.000938607
14 6 15 0.005 1.68123 0.56781 210.534 0.000593884 0.000625163
14 7 21 0.005 1.55678 0.724379 202.168 0.000852301 0.000861541
14 8 0 0 0 0 0 0 0
14 9 0 0 0 0 0 0 0
14 10 0 0 0 0 0 0 0
14 11 0 0 0 0 0 0 0
14 12 0 0 0 0 0 0 0
14 13 0 0 0 0 0 0 0
14 14 0 0 0 0 0 0 0
14 15 0 0 0 0 0 0 0
14 16 0 0 0 0 0 0 0
14 17 0 0 0 0 0 0 0
14 18 0 0 0 0 0 0 0
14 19 0 0 0 0 0 0 0
14 20 0 0 0 0 0 0 0
14 21 0 0 0 0 0 0 0
14 22 0 0 0 0 0 0 0
14 23 0 0 0 0 0 0 0
15 0 21 0.005 1.60946 0.031237 208.201 0.000893656 0.000930299
15 1 27 0.005 1.5243 0.168351 202.636 0.00118932 0.001205
15 2 19 0.005 1.42812 0.237546 206.877 0.000870834 0.000900777
15 3 19 0.005 1.69006 0.303859 205.256 0.000771096 0.000791361
15 4 0 0 0 0 0 0 0
15 5 11 0.005 1.48887 0.466417 200.419 0.000478689 0.000479693
15 6 10 0.005 1.73207 0.661966 199.85 0.000382799 0.000382512
15 7 10 0.005 1.55876 0.801414 200.77 0.000399646 0.000401185
15 8 0 0 0 0 0 0 0
15 9 0 0 0 0 0 0 0
15 10 0 0 0 0 0 0 0
15 11 0 0 0 0 0 0 0
15 12 0 0 0 0 0 0 0
15 13 0 0 0 0 0 0 0
15 14 0 0 0 0 0 0 0
15 15 0 0 0 0 0 0 0
15 16 0 0 0 0 0 0 0
15 17 0 0 0 0 0 0 0
15 18 0 0 0 0 0 0 0
15 19 0 0 0 0 0 0 0
15 20 0 0 0 0 0 0 0
15 21 0 0 0 0 0 0 0
15 22 0 0 0 0 0 0 0
15 23 0 0 0 0 0 0 0
16 0 10 0.005 1.9303 0.0732857 200.003 0.000370751 0.000370756
16 1 0 0 0 0 0 0 0
16 2 15 0.005 1.76832 0.241369 207.364 0.000591305 0.000613078
16 3 10 0.005 1.63709 0.299367 198.312 0.000415362 0.000411856
16 4 0 0 0 0 0 0 0
16 5 0 0 0 0 0 0 0
16 6 0 0 0 0 0 0 0
16 7 0 0 0 0 0 0 0
16 8 0 0 0 0 0 0 0
16 9 0 0 0 0 0 0 0
16 10 0 0 0 0 0 0 0
16 11 0 0 0 0 0 0 0
16 12 0 0 0 0 0 0 0
16 13 0 0 0 0 0 0 0
16 14 0 0 0 0 0 0 0
16 15 0 0 0 0 0 0 0
16 16 0 0 0 0 0 0 0
16 17 0 0 0 0 0 0 0
16 18 0 0 0 0 0 0 0
16 19 0 0 0 0 0 0 0
16 20 0 0 0 0 0 0 0
16 21 0 0 0 0 0 0 0
16 22 0 0 0 0 0 0 0
16 23 0 0 0 0 0 0 0
17 0 0 0 0 0 0 0 0
17 1 0 0 0 0 0 0 0
17 2 0 0 0 0 0 0 0
17 3 0 0 0 0 0 0 0
17 4 0 0 0 0 0 0 0
17 5 0 0 0 0 0 0 0
17 6 0 0 0 0 0 0 0
17 7 0 0 0 0 0 0 0
17 8 0 0 0 0 0 0 0
17 9 0 0 0 0 0 0 0
17 10 0 0 0 0 0 0 0
17 11 0 0 0 0 0 0 0
17 12 0 0 0 0 0 0 0
17 13 0 0 0 0 0 0 0
17 14 0 0 0 0 0 0 0
17 15 0 0 0 0 0 0 0
17 16 0 0 0 0 0 0 0
17 17 0 0 0 0 0 0 0
17 18 0 0 0 0 0 0 0
17 19 0 0 0 0 0 0 0
17 20 0 0 0 0 0 0 0
17 21 0 0 0 0 0 0 0
17 22 0 0 0 0 0 0 0
17 23 0 0 0 0 0 0 0
18 0 0 0 0 0 0 0 0
18 1 0 0 0 0 0 0 0
18 2 0 0 0 0 0 0 0
18 3 0 0 0 0 0 0 0
18 4 0 0 0 0 0 0 0
18 5 0 0 0 0 0 0 0
18 6 0 0 0 0 0 0 0
18 7 0 0 0 0 0 0 0
18 8 0 0 0 0 0 0 0
18 9 0 0 0 0 0 0 0
18 10 0 0 0 0 0 0 0
18 11 0 0 0 0 0 0 0
18 12 0 0 0 0 0 0 0
18 13 0 0 0 0 0 0 0
18 14 0 0 0 0 0 0 0
18 15 0 0 0 0 0 0 0
18 16 0 0 0 0 0 0 0
18 17 0 0 0 0 0 0 0
18 18 0 0 0 0 0 0 0
18 19 0 0 0 0 0 0 0
18 20 0 0 0 0 0 0 0
18 21 0 0 0 0 0 0 0
18 22 0 0 0 0 0 0 0
18 23 0 0 0 0 0 0 0
19 0 0 0 0 0 0 0 0
19 1 0 0 0 0 0 0 0
19 2 0 0 0 0 0 0 0
19 3 0 0 0 0 0 0 0
19 4 0 0 0 0 0 0 0
19 5 0 0 0 0 0 0 0
19 6 0 0 0 0 0 0 0
19 7 0 0 0 0 0 0 0
19 8 0 0 0 0 0 0 0
19 9 0 0 0 0 0 0 0
19 10 0 0 0 0 0 0 0
19 11 0 0 0 0 0 0 0
19 12 0 0 0 0 0 0 0
19 13 0 0 0 0 0 0 0
19 14 0 0 0 0 0 0 0
19 15 0 0 0 0 0 0 0
19 16 0 0 0 0 0 0 0
19 17 0 0 0 0 0 0 0
19 18 0 0 0 0 0 0 0
19 19 0 0 0 0 0 0 0
19 20 0 0 0 0 0 0 0
19 21 0 0 0 0 0 0 0
19 22 0 0 0 0 0 0 0
19 23 0 0 0 0 0 0 0
20 0 0 0 0 0 0 0 0
20 1 0 0 0 0 0 0 0
20 2 0 0 0 0 0 0 0
20 3 0 0 0 0 0 0 0
20 4 0 0 0 0 0 0 0
20 5 0 0 0 0 0 0 0
20 6 0 0 0 0 0 0 0
20 7 0 0 0 0 0 0 0
20 8 0 0 0 0 0 0 0
20 9 0 0 0 0 0 0 0
20 10 0 0 0 0 0 0 0
20 11 0 0 0 0 0 0 0
20 12 0 0 0 0 0 0 0
20 13 0 0 0 0 0 0 0
20 14 0 0 0 0 0 0 0
20 15 0 0 0 0 0 0 0
20 16 0 0 0 0 0 0 0
20 17 0 0 0 0 0 0 0
20 18 0 0 0 0 0 0 0
20 19 0 0 0 0 0 0 0
20 20 0 0 0 0 0 0 0
20 21 0 0 0 0 0 0 0
20 22 0 0 0 0 0 0 0
20 23 0 0 0 0 0 0 0
21 0 0 0 0 0 0 0 0
21 1 0 0 0 0 0 0 0
21 2 0 0 0 0 0 0 0
21 3 0 0 0 0 0 0 0
21 4 0 0 0 0 0 0 0
21 5 0 0 0 0 0 0 0
21 6 0 0 0 0 0 0 0
21 7 0 0 0 0 0 0 0
21 8 0 0 0 0 0 0 0
21 9 0 0 0 0 0 0 0
21 10 0 0 0 0 0 0 0
21 11 0 0 0 0 0 0 0
21 12 0 0 0 0 0 0 0
21 13 0 0 0 0 0 0 0
21 14 0 0 0 0 0 0 0
21 15 0 0 0 0 0 0 0
21 16 0 0 0 0 0 0 0
21 17 0 0 0 0 0 0 0
21 18 0 0 0 0 0 0 0
21 19 0 0 0 0 0 0 0
21 20 0 0 0 0 0 0 0
21 21 0 0 0 0 0 0 0
21 22 0 0 0 0 0 0 0
21 23 0 0 0 0 0 0 0
22 0 0 0 0 0 0 0 0
22 1 0 0 0 0 0 0 0
22 2 0 0 0 0 0 0 0
22 3 0 0 0 0 0 0 0
22 4 0 0 0 0 0 0 0
22 5 0 0 0 0 0 0 0
22 6 0 0 0 0 0 0 0
22 7 0 0 0 0 0 0 0
22 8 0 0 0 0 0 0 0
22 9 0 0 0 0 0 0 0
22 10 0 0 0 0 0 0 0
22 11 0 0 0 0 0 0 0
22 12 0 0 0 0 0 0 0
22 13 0 0 0 0 0 0 0
22 14 0 0 0 0 0 0 0
22 15 0 0 0 0 0 0 0
22 16 0 0 0 0 0 0 0
22 17 0 0 0 0 0 0 0
22 18 0 0 0 0 0 0 0
22 19 0 0 0 0 0 0 0
22 20 0 0 0 0 0 0 0
22 21 0 0 0 0 0 0 0
22 22 0 0 0 0 0 0 0
22 23 0 0 0 0 0 0 0
23 0 0 0 0 0 0 0 0
23 1 0 0 0 0 0 0 0
23 2 0 0 0 0 0 0 0
23 3 0 0 0 0 0 0 0
23 4 0 0 0 0 0 0 0
23 5 0 0 0 0 0 0 0
23 6 0 0 0 0 0 0 0
23 7 0 0 0 0 0 0 0
23 8 0 0 0 0 0 0 0
23 9 0 0 0 0 0 0 0
23 10 0 0 0 0 0 0 0
23 11 0 0 0 0 0 0 0
23 12 0 0 0 0 0 0 0
23 13 0 0 0 0 0 0 0
23 14 0 0 0 0 0 0 0
23 15 0 0 0 0 0 0 0
23 16 0 0 0 0 0 0 0
23 17 0 0 0 0 0 0 0
23 18 0 0 0 0 0 0 0
23 19 0 0 0 0 0 0 0
23 20 0 0 0 0 0 0 0
23 21 0 0 0 0 0 0 0
23 22 0 0 0 0 0 0 0
23 23 0 0 0 0 0 0 0
