#  ix    iy     NK     E/N         TK    Uxpi    UyK      muK      rho      epsilon
0 0 68 0.72342 0.0186595 0.0330202 -8.9259 0.00239265 0.00128175
0 1 67 0.726222 0.0455717 0.0503807 -8.95463 0.00235373 0.00126579
0 2 67 0.725529 -0.0173715 0.0836998 -8.95292 0.00235058 0.00126289
0 3 71 0.726071 -0.0115555 0.131081 -8.90226 0.00247863 0.00133268
0 4 78 0.724063 -0.00710766 0.147094 -8.80154 0.00271717 0.00145689
0 5 68 0.72638 0.026672 0.203677 -8.95887 0.00234539 0.00126158
0 6 72 0.0329557 -0.0294586 0.253874 11.5294 0.00245626 0.0013435
0 7 79 0.721862 0.0317844 0.241221 -8.79711 0.00270284 0.0014448
0 8 72 0.72756 0.0081129 0.36072 -8.94742 0.00238473 0.00128482
0 9 76 0.724378 0.00620048 0.370987 -8.88267 0.00250892 0.00134582
0 10 74 0.0308776 0.0224398 0.424373 12.6186 0.00239807 0.00130311
0 11 74 0.72843 0.0161544 0.471144 -8.96299 0.00235687 0.00127133
0 12 77 0.033631 0.0280745 0.493695 11.1851 0.00243036 0.00133218
0 13 66 0.0312681 0.0243806 0.545808 12.2367 0.00203941 0.00110957
0 14 74 0.722664 0.0301923 0.520935 -8.95769 0.00231005 0.00123621
0 15 96 0.729994 0.0308661 0.660381 -8.7905 0.00281979 0.0015243
0 16 74 0.719413 -0.00774457 0.70327 -9.02383 0.0021313 0.00113542
0 17 81 0.724064 0.0373663 0.773401 -8.98794 0.00225511 0.00120915
0 18 74 0.0359228 -0.0164361 0.809898 9.95899 0.00202468 0.00111787
0 19 80 0.732336 0.0245168 0.832084 -9.06498 0.00216495 0.00117407
0 20 92 0.723939 0.0377119 0.957328 -8.9508 0.00233914 0.00125399
0 21 93 0.732588 0.0118049 0.983313 -8.99053 0.00233484 0.00126664
0 22 87 0.724648 -0.0120916 1.0297 -9.04565 0.00213414 0.00114521
0 23 105 0.724788 0.011487 1.08259 -8.88461 0.00250858 0.0013464
1 0 85 0.728254 0.0201332 0.0380688 -8.72421 0.00299019 0.00161256
1 1 80 0.724155 0.051086 0.0435328 -8.76815 0.00281058 0.00150717
1 2 75 0.72141 0.0532952 0.0685936 -8.82207 0.00263094 0.00140549
1 3 65 0.723459 0.0253889 0.13127 -8.97933 0.00226855 0.00121533
1 4 70 0.725164 0.0731474 0.173629 -8.92132 0.00242217 0.0013007
1 5 74 0.722782 0.0495212 0.203712 -8.85931 0.00255019 0.00136494
1 6 51 0.720211 0.0671222 0.262529 -9.2341 0.00173327 0.0009244
1 7 75 0.728843 0.0730615 0.284605 -8.89243 0.00253373 0.0013675
1 8 63 0.732271 0.0106981 0.348806 -9.0978 0.00209444 0.00113573
1 9 100 0.726358 0.0612126 0.38188 -8.62215 0.00328407 0.00176643
1 10 77 0.72301 0.0991349 0.44219 -8.89246 0.00246953 0.00132219
1 11 81 0.728046 0.037335 0.480745 -8.8751 0.00256904 0.00138505
1 12 74 0.0316913 0.0552003 0.54513 12.118 0.0022851 0.00124491
1 13 74 0.725298 0.0712264 0.530312 -8.97478 0.00229743 0.00123394
1 14 77 0.714113 0.0661253 0.574758 -8.90388 0.00234681 0.00124102
1 15 83 0.727842 0.0430197 0.590117 -8.89538 0.00251524 0.00135566
1 16 79 0.0323028 0.0309992 0.711098 11.7839 0.00226624 0.00123702
1 17 108 0.72692 0.075735 0.749601 -8.70274 0.00303726 0.00163495
1 18 68 0.0319763 0.0689745 0.783694 11.7705 0.00188181 0.00102612
1 19 84 0.0312477 0.0536965 0.894348 12.3252 0.0022029 0.00119844
1 20 89 0.0316223 0.0191891 0.896265 12.1764 0.00233343 0.00127096
1 21 99 0.731453 0.0845676 0.9694 -8.91791 0.00249831 0.00135321
1 22 95 0.0322278 0.0755124 1.05229 11.8385 0.0023012 0.0012558
1 23 84 0.728059 0.0684376 1.12904 -9.14622 0.00195907 0.00105621
2 0 86 0.729226 0.0654279 0.00916282 -8.71802 0.00302158 0.00163166
2 1 62 0.730527 0.0804033 0.0361065 -9.05261 0.00217467 0.00117642
2 2 85 0.719847 0.102612 0.0957486 -8.69598 0.00296391 0.00157993
2 3 71 0.72861 0.0684712 0.164883 -8.9205 0.00246108 0.00132787
2 4 69 0.73048 0.0384965 0.172366 -8.95692 0.00239255 0.00129421
2 5 84 0.719993 0.0875771 0.249577 -8.73252 0.00285942 0.00152454
2 6 83 0.730353 0.0756491 0.280086 -8.79669 0.0028068 0.00151802
2 7 63 0.725716 0.103127 0.37289 -9.08141 0.00206887 0.00111182
2 8 80 0.719667 0.0742733 0.321203 -8.79764 0.00267527 0.00142571
2 9 78 0.723299 0.106683 0.323841 -8.84243 0.00259953 0.00139234
2 10 63 0.715818 0.14014 0.435111 -9.06269 0.00201751 0.00106943
2 11 82 0.731459 0.0876549 0.484866 -8.8819 0.00258999 0.00140289
2 12 81 0.71687 0.114519 0.455556 -8.82088 0.0025815 0.0013704
2 13 79 0.732714 0.12074 0.514045 -8.93893 0.00245982 0.00133467
2 14 80 0.720816 0.0893613 0.589399 -8.90319 0.00241959 0.00129152
2 15 65 0.723729 0.132098 0.623357 -9.14204 0.00193018 0.00103445
2 16 85 0.728969 0.0988931 0.708731 -8.93316 0.00243396 0.00131388
2 17 92 0.0307524 0.148331 0.752975 12.7595 0.00256987 0.00139591
2 18 85 0.72977 0.141056 0.773676 -8.97066 0.0023526 0.00127136
2 19 82 0.727815 0.117606 0.867218 -9.04162 0.00217276 0.00117103
2 20 87 0.719367 0.109282 0.884313 -8.95305 0.00228715 0.00121837
2 21 86 0.72277 0.114574 1.01202 -9.04328 0.00212155 0.0011355
2 22 102 0.0312824 0.0950745 1.02799 12.4319 0.00249884 0.00135959
2 23 99 0.731179 0.15778 1.15079 -9.01064 0.00227434 0.00123144
3 0 71 0.72171 0.119356 -0.00446839 -8.88153 0.00248236 0.00132666
3 1 83 0.726055 0.116285 0.0188028 -8.74434 0.00290247 0.00156053
3 2 80 0.71491 0.13729 0.118402 -8.74103 0.00277172 0.00146735
3 3 69 0.722089 0.163775 0.127373 -8.92577 0.00237892 0.00127205
3 4 77 0.71841 0.114544 0.154783 -8.7969 0.00266236 0.00141636
3 5 66 0.727454 0.120146 0.205579 -9.00035 0.00226074 0.00121784
3 6 59 0.0314482 0.116167 0.27353 12.1132 0.00199139 0.00108406
3 7 92 0.722773 0.120462 0.290041 -8.66707 0.0030906 0.00165416
3 8 68 0.727669 0.124582 0.375362 -9.01653 0.00222655 0.00119978
3 9 86 0.717524 0.12827 0.32102 -8.72065 0.00286198 0.00152068
3 10 87 0.031995 0.141506 0.415493 12.1597 0.00280506 0.00152964
3 11 73 0.0325848 0.106719 0.439318 11.6706 0.00234218 0.00127961
3 12 69 0.0330876 0.135057 0.494605 11.3355 0.00216197 0.00118303
3 13 72 0.730379 0.106433 0.563855 -9.04087 0.00219892 0.0011893
3 14 90 0.720458 0.138405 0.583334 -8.78531 0.00271797 0.00145007
3 15 89 0.727806 0.164037 0.678095 -8.87363 0.00257014 0.00138518
3 16 93 0.728242 0.162163 0.712475 -8.8472 0.00264401 0.00142585
3 17 100 0.0315522 0.11193 0.718384 12.4139 0.00284796 0.00155087
3 18 92 0.730874 0.103517 0.811967 -8.91202 0.00250675 0.00135671
3 19 77 0.721799 0.145294 0.86723 -9.08011 0.00203608 0.00108829
3 20 82 0.727238 0.144705 0.948354 -9.08101 0.00208358 0.00112207
3 21 77 0.73229 0.180036 0.948873 -9.16923 0.00195021 0.00105755
3 22 91 0.731738 0.159147 1.00863 -9.02742 0.00224194 0.00121482
3 23 79 0.727944 0.142037 1.08667 -9.18959 0.00187498 0.00101071
4 0 60 0.718007 0.161907 0.0311797 -9.03977 0.00208453 0.00110833
4 1 71 0.731072 0.148371 0.0142541 -8.92656 0.00247268 0.00133864
4 2 83 0.729587 0.161983 0.123995 -8.77331 0.00286356 0.0015471
4 3 70 0.727855 0.195712 0.150297 -8.94525 0.00239301 0.0012898
4 4 78 0.7236 0.124834 0.166556 -8.80998 0.00268885 0.00144079
4 5 68 0.715188 0.221674 0.23987 -8.93931 0.00227604 0.00120541
4 6 68 0.727267 0.173062 0.228124 -8.98151 0.00230186 0.00123967
4 7 73 0.0307536 0.173479 0.287456 12.7056 0.00243675 0.0013236
4 8 87 0.724912 0.180077 0.323505 -8.74958 0.0028728 0.00154214
4 9 78 0.03072 0.159934 0.35512 12.774 0.00255923 0.00138998
4 10 78 0.723171 0.21605 0.424907 -8.88926 0.00247922 0.00132767
4 11 75 0.722278 0.175361 0.427818 -8.91903 0.00239703 0.00128207
4 12 89 0.729526 0.209058 0.535482 -8.82562 0.0027169 0.00146774
4 13 85 0.723752 0.182594 0.545416 -8.8464 0.00259442 0.00139048
4 14 78 0.72267 0.186611 0.609565 -8.95518 0.00231592 0.00123936
4 15 84 0.727641 0.148956 0.641912 -8.91275 0.00246973 0.00133076
4 16 88 0.0324435 0.180679 0.689487 11.8181 0.00252324 0.00137791
4 17 96 0.0307851 0.167403 0.762153 12.777 0.00266495 0.0014477
4 18 93 0.730785 0.183416 0.802264 -8.90299 0.0025285 0.00136832
4 19 98 0.0313131 0.229393 0.864109 12.444 0.0025725 0.00139981
4 20 70 0.725388 0.160697 0.918495 -9.21768 0.00180269 0.000968337
4 21 73 0.727417 0.175611 1.00044 -9.22625 0.00180332 0.000971385
4 22 91 0.0335822 0.219326 1.11542 11.0705 0.00211637 0.00115988
4 23 92 0.730347 0.225545 1.09967 -9.06101 0.00215477 0.00116537
5 0 66 0.731419 0.200917 -0.0390637 -9.01063 0.00227674 0.00123315
5 1 76 0.725686 0.192988 0.0376759 -8.8429 0.00262578 0.00141104
5 2 71 0.725659 0.175847 0.122106 -8.91428 0.00244461 0.00131364
5 3 68 0.719442 0.230716 0.142776 -8.94309 0.00231082 0.00123111
5 4 72 0.722919 0.214077 0.158379 -8.90007 0.00244984 0.00131148
5 5 88 0.0328116 0.241802 0.191308 11.7891 0.00296104 0.00161887
5 6 75 0.72194 0.21862 0.22516 -8.86763 0.00251967 0.00134704
5 7 77 0.722944 0.213046 0.308247 -8.86447 0.00253888 0.00135919
5 8 81 0.725032 0.185559 0.352391 -8.83095 0.00264971 0.00142262
5 9 78 0.729321 0.211275 0.419156 -8.91346 0.00248621 0.00134274
5 10 69 0.727949 0.181907 0.420546 -9.02578 0.00220875 0.00119064
5 11 83 0.728274 0.218828 0.438172 -8.85469 0.00262464 0.00141546
5 12 83 0.729711 0.20819 0.523475 -8.89129 0.00254628 0.00137591
5 13 71 0.0306854 0.18283 0.559488 12.6217 0.00215449 0.00117003
5 14 66 0.0332059 0.210778 0.590886 11.1829 0.00196861 0.00107763
5 15 76 0.722161 0.185612 0.598023 -8.9738 0.0022681 0.00121292
5 16 98 0.73039 0.219278 0.699375 -8.8053 0.00278318 0.00150533
5 17 74 0.721235 0.221071 0.726911 -9.05881 0.00207472 0.00110808
5 18 74 0.726227 0.195149 0.800039 -9.11183 0.0020114 0.0010817
5 19 94 0.731791 0.23514 0.858814 -8.93 0.00247194 0.00133955
5 20 83 0.731463 0.237193 0.94954 -9.09705 0.00208865 0.00113134
5 21 89 0.727821 0.251336 1.01552 -9.04505 0.00216539 0.00116707
5 22 103 0.729699 0.292411 1.10201 -8.95397 0.00239146 0.00129223
5 23 103 0.725369 0.238465 1.10958 -8.93239 0.00239767 0.0012879
6 0 53 0.720538 0.231353 -0.0238464 -9.18799 0.00181768 0.00096986
6 1 74 0.725183 0.218873 0.0596787 -8.87348 0.00254106 0.00136458
6 2 73 0.727488 0.250066 0.0963357 -8.9068 0.00248282 0.00133753
6 3 99 0.727008 0.282934 0.139054 -8.61273 0.00332462 0.00178984
6 4 75 0.725642 0.223319 0.160495 -8.87344 0.00254631 0.00136826
6 5 67 0.721419 0.239431 0.184939 -8.97494 0.00225808 0.00120631
6 6 100 0.0332338 0.235848 0.2582 11.6928 0.00332375 0.00181959
6 7 75 0.724239 0.221583 0.272387 -8.88894 0.0024917 0.00133633
6 8 72 0.727873 0.229567 0.313862 -8.95801 0.00236285 0.00127358
6 9 77 0.718892 0.223601 0.407075 -8.87849 0.002459 0.00130905
6 10 77 0.726308 0.247852 0.38492 -8.90874 0.0024652 0.00132589
6 11 72 0.0313446 0.278147 0.495722 12.2719 0.00220403 0.00119943
6 12 75 0.0315135 0.267429 0.506724 12.2177 0.00229138 0.00124763
6 13 74 0.732059 0.25557 0.61732 -9.06303 0.00216655 0.00117449
6 14 85 0.72307 0.254835 0.568861 -8.86462 0.00253992 0.00135999
6 15 83 0.731041 0.300648 0.643268 -8.96341 0.00238292 0.00128999
6 16 79 0.0307167 0.287274 0.717793 12.6249 0.00220066 0.00119523
6 17 98 0.032203 0.265057 0.754867 12.0094 0.00269448 0.00147031
6 18 80 0.732862 0.284706 0.838282 -9.09339 0.00210912 0.00114461
6 19 88 0.730488 0.258623 0.85934 -8.99375 0.00230613 0.00124747
6 20 92 0.031834 0.262339 0.94806 12.0515 0.00230939 0.0012587
6 21 99 0.733262 0.294974 0.950169 -8.93669 0.0024712 0.00134184
6 22 79 0.0379173 0.310506 1.11717 9.03963 0.00181671 0.00100939
6 23 90 0.72075 0.327372 1.19633 -9.09883 0.00198905 0.00106161
7 0 58 0.721183 0.307744 0.0389677 -9.12029 0.00195056 0.00104169
7 1 88 0.7263 0.255775 0.0820852 -8.71487 0.0029925 0.00160948
7 2 59 0.72402 0.330541 0.109165 -9.12699 0.00196199 0.00105192
7 3 85 0.729446 0.271415 0.172418 -8.7777 0.00284928 0.00153908
7 4 70 0.726129 0.270779 0.151617 -8.95409 0.00235404 0.00126579
7 5 78 0.730042 0.23579 0.233277 -8.86923 0.00260682 0.00140927
7 6 88 0.719023 0.276727 0.251176 -8.71325 0.00290252 0.00154544
7 7 80 0.723395 0.27997 0.272765 -8.83364 0.0026236 0.00140542
7 8 68 0.719883 0.321469 0.32504 -9.00442 0.0021776 0.00116085
7 9 68 0.732639 0.256044 0.363918 -9.0559 0.00218758 0.00118683
7 10 75 0.729264 0.282564 0.437073 -8.97272 0.00234256 0.00126506
7 11 73 0.0352192 0.287144 0.500057 10.3608 0.00222674 0.0012267
7 12 91 0.716552 0.288217 0.528159 -8.75785 0.00274556 0.00145684
7 13 91 0.729285 0.325738 0.546835 -8.82966 0.00270311 0.00145981
7 14 91 0.0307467 0.293178 0.542369 12.8223 0.0027275 0.0014815
7 15 91 0.730371 0.344247 0.665469 -8.88711 0.00256432 0.00138692
7 16 79 0.0337052 0.304514 0.676253 11.0651 0.00223427 0.00122498
7 17 87 0.729601 0.302636 0.771801 -8.96748 0.00235835 0.00127417
7 18 89 0.721641 0.301516 0.796539 -8.92092 0.00238577 0.00127492
7 19 90 0.725245 0.342625 0.919451 -8.9901 0.00226198 0.00121481
7 20 115 0.0316776 0.338824 0.954324 12.3446 0.00284518 0.00154997
7 21 100 0.0318008 0.358376 1.01479 12.1065 0.00239681 0.00130621
7 22 86 0.727017 0.341356 1.06172 -9.11025 0.00202158 0.00108835
7 23 69 0.0321527 0.347082 1.07415 11.5216 0.00161105 0.00087897
8 0 69 0.726634 0.33879 0.016088 -8.97917 0.00230084 0.00123804
8 1 81 0.726229 0.345707 0.0603556 -8.82067 0.0026912 0.00144729
8 2 75 0.728678 0.362047 0.0822327 -8.91487 0.00247572 0.00133589
8 3 70 0.724754 0.304737 0.0981387 -8.95086 0.00234742 0.00125984
8 4 74 0.720651 0.295607 0.201489 -8.88859 0.00245337 0.00130925
8 5 83 0.718697 0.340444 0.212616 -8.77962 0.00271221 0.00144345
8 6 77 0.732093 0.313244 0.24651 -8.91263 0.00251856 0.00136537
8 7 82 0.720448 0.32309 0.314628 -8.81739 0.00263205 0.00140421
8 8 85 0.727136 0.33019 0.340588 -8.81987 0.00270413 0.00145606
8 9 77 0.729394 0.30558 0.383662 -8.93491 0.00243423 0.00131479
8 10 69 0.729542 0.334201 0.3694 -9.0483 0.00217469 0.00117485
8 11 71 0.726311 0.352694 0.466788 -9.04192 0.00215783 0.00116058
8 12 88 0.72173 0.375994 0.485186 -8.81975 0.00264078 0.00141137
8 13 79 0.733207 0.34752 0.537486 -8.98978 0.00234289 0.00127207
8 14 83 0.733204 0.357326 0.658223 -8.99134 0.0023392 0.00127006
8 15 77 0.0318752 0.33736 0.653271 11.9737 0.00218439 0.00119073
8 16 87 0.033017 0.361869 0.733146 11.4634 0.00237161 0.00129746
8 17 93 0.733069 0.355707 0.766478 -8.92377 0.00250125 0.0013578
8 18 80 0.0330982 0.349439 0.869723 11.2796 0.00205524 0.00112466
8 19 102 0.0311288 0.36277 0.873671 12.5609 0.00260909 0.00141889
8 20 73 0.0345987 0.373457 0.96579 10.4203 0.00178561 0.000981757
8 21 81 0.731058 0.377477 0.980562 -9.15566 0.00196628 0.00106446
8 22 99 0.0340716 0.382768 1.04781 10.9307 0.00232683 0.0012772
8 23 94 0.732036 0.444085 1.17836 -9.11417 0.00205834 0.00111579
9 0 75 0.0323327 0.388395 0.0115725 11.851 0.00246155 0.00134375
9 1 80 0.725546 0.33032 0.0482402 -8.82485 0.00267195 0.00143558
9 2 78 0.726075 0.409299 0.112295 -8.88248 0.00252819 0.00135933
9 3 73 0.0317959 0.318962 0.0967719 12.1264 0.00243853 0.00132893
9 4 80 0.72827 0.37063 0.160191 -8.8595 0.00261202 0.00140865
9 5 61 0.0317049 0.390817 0.196556 11.9611 0.00196783 0.00107211
9 6 80 0.729068 0.366694 0.290459 -8.88642 0.00255153 0.00137753
9 7 85 0.731725 0.351877 0.26216 -8.82649 0.00274071 0.00148506
9 8 70 0.0310486 0.352822 0.281719 12.4564 0.00224643 0.00122136
9 9 95 0.731327 0.388881 0.39287 -8.75881 0.00292755 0.00158544
9 10 85 0.728328 0.422455 0.457055 -8.88731 0.002541 0.00137046
9 11 79 0.0320848 0.404378 0.483366 11.9364 0.00235334 0.00128368
9 12 76 0.0322488 0.386533 0.517513 11.8041 0.00224789 0.00122679
9 13 62 0.718775 0.407104 0.604973 -9.21018 0.00176394 0.000938879
9 14 86 0.0321562 0.373162 0.591546 11.9517 0.00248146 0.00135387
9 15 99 0.729245 0.421716 0.677903 -8.82171 0.00272421 0.00147112
9 16 96 0.723018 0.416681 0.697521 -8.83202 0.00262348 0.00140463
9 17 100 0.730694 0.417606 0.781013 -8.86097 0.00263596 0.00142629
9 18 98 0.72852 0.455811 0.855998 -8.91361 0.00247714 0.00133637
9 19 102 0.0345401 0.43424 0.87179 10.8125 0.0025729 0.00141436
9 20 101 0.726335 0.425933 0.871568 -8.87401 0.00255261 0.00137295
9 21 114 0.732775 0.461932 1.04593 -8.86752 0.00264258 0.00143395
9 22 105 0.726529 0.462815 1.07921 -8.93773 0.00239708 0.00128965
9 23 100 0.0308223 0.463125 1.12581 12.5798 0.00223505 0.00121431
10 0 75 0.73213 0.392788 -0.000152306 -8.93712 0.00245803 0.00133263
10 1 62 0.718614 0.406927 0.0874172 -9.07615 0.00201549 0.00107254
10 2 73 0.733287 0.433121 0.0712506 -8.98553 0.00235366 0.00127806
10 3 82 0.732829 0.380537 0.146105 -8.85604 0.00267373 0.00145096
10 4 71 0.726572 0.378316 0.133755 -8.97053 0.00232018 0.00124834
10 5 69 0.721845 0.409008 0.253651 -9.00779 0.00218923 0.00117022
10 6 87 0.724674 0.392139 0.252452 -8.78271 0.00277629 0.00148985
10 7 72 0.718266 0.396455 0.25408 -8.94532 0.00229364 0.00121996
10 8 82 0.725752 0.460526 0.323271 -8.88576 0.00251635 0.00135236
10 9 70 0.722369 0.434982 0.380262 -9.03557 0.00213419 0.00114163
10 10 88 0.728604 0.381087 0.414534 -8.82784 0.00269998 0.00145675
10 11 93 0.0320422 0.384122 0.472222 12.1318 0.00279717 0.00152556
10 12 76 0.718125 0.420779 0.483833 -8.9627 0.00225273 0.00119796
10 13 97 0.722359 0.417705 0.559198 -8.76373 0.00280073 0.00149816
10 14 90 0.727972 0.487249 0.655315 -8.92036 0.00245457 0.0013232
10 15 104 0.0328374 0.427337 0.681384 11.739 0.00285352 0.00156021
10 16 93 0.729785 0.453333 0.740269 -8.92084 0.00247292 0.00133641
10 17 80 0.729055 0.424633 0.786214 -9.08088 0.0021005 0.00113401
10 18 77 0.0351228 0.458147 0.863024 10.2655 0.00193924 0.00106799
10 19 103 0.730192 0.475216 0.858428 -8.87685 0.00258874 0.00139978
10 20 84 0.0341759 0.530541 0.996834 10.7104 0.0019609 0.0010767
10 21 78 0.723284 0.477323 1.05906 -9.21447 0.00179181 0.000959701
10 22 111 0.032577 0.541096 1.09386 11.7307 0.00247722 0.00135335
10 23 95 0.730598 0.49534 1.21183 -9.1215 0.00203053 0.00109856
11 0 69 0.0354242 0.478393 0.0557464 10.2531 0.00218893 0.00120665
11 1 75 0.725033 0.491375 0.07411 -8.94465 0.00236494 0.00126973
11 2 80 0.719947 0.44367 0.107909 -8.84198 0.00256242 0.00136611
11 3 81 0.728026 0.435398 0.151927 -8.86689 0.00258999 0.0013963
11 4 88 0.730841 0.461076 0.18878 -8.81077 0.00277343 0.00150098
11 5 66 0.0312425 0.431872 0.22479 12.2752 0.00208945 0.00113671
11 6 58 0.729883 0.435292 0.229258 -9.221 0.00183249 0.000990443
11 7 89 0.731364 0.458976 0.282229 -8.81833 0.00275883 0.00149414
11 8 83 0.727682 0.468879 0.370217 -8.89719 0.00250891 0.00135195
11 9 97 0.726588 0.448082 0.384366 -8.73342 0.00294121 0.00158251
11 10 89 0.0324539 0.493409 0.466211 11.8399 0.00259284 0.00141596
11 11 75 0.727335 0.504464 0.480259 -9.04217 0.00216701 0.00116716
11 12 77 0.731467 0.474861 0.526135 -9.03967 0.00221204 0.00119818
11 13 108 0.730174 0.45685 0.601494 -8.7179 0.00303449 0.00164076
11 14 100 0.72866 0.489855 0.639366 -8.81255 0.00274224 0.00147967
11 15 93 0.728772 0.492095 0.723921 -8.92002 0.00246401 0.00132974
11 16 103 0.718359 0.484319 0.725481 -8.77045 0.00273309 0.00145388
11 17 89 0.732172 0.517381 0.761586 -9.00138 0.00230545 0.00124998
11 18 105 0.732871 0.508262 0.875283 -8.88478 0.00259847 0.00141019
11 19 98 0.729171 0.567075 0.902898 -8.96464 0.00236062 0.00127465
11 20 105 0.729762 0.51384 1.02691 -8.93905 0.00242807 0.00131213
11 21 103 0.730665 0.521741 1.01476 -8.95863 0.0023904 0.00129337
11 22 94 0.727707 0.582326 1.05323 -9.06796 0.00211528 0.00113988
11 23 84 0.730954 0.586177 1.19791 -9.25789 0.00177439 0.000960446
12 0 89 0.72009 0.515874 0.00491941 -8.75931 0.00278502 0.00148508
12 1 77 0.723975 0.548097 0.0255303 -8.93492 0.00237697 0.00127433
12 2 73 0.0308537 0.484811 0.119208 12.5904 0.00229974 0.00124958
12 3 77 0.725833 0.475848 0.177347 -8.92622 0.00241742 0.00129934
12 4 85 0.721047 0.467705 0.146407 -8.79918 0.00268756 0.00143501
12 5 73 0.0317554 0.493998 0.217833 12.073 0.00226183 0.00123248
12 6 74 0.725798 0.452324 0.240102 -8.96754 0.00231922 0.0012465
12 7 89 0.0327038 0.516608 0.386527 11.7267 0.00263327 0.00143918
12 8 75 0.730881 0.512732 0.381642 -9.03121 0.00222514 0.00120431
12 9 89 0.726396 0.549525 0.427743 -8.86684 0.00257168 0.00138333
12 10 83 0.731991 0.536969 0.442775 -8.96092 0.00239876 0.00130025
12 11 106 0.03108 0.50101 0.484811 12.7483 0.00306175 0.00166481
12 12 88 0.031414 0.540515 0.522013 12.3504 0.00247717 0.00134836
12 13 90 0.731984 0.512181 0.627724 -8.93473 0.00246233 0.00133469
12 14 86 0.726919 0.562189 0.673066 -8.99097 0.00227671 0.00122554
12 15 87 0.731939 0.568849 0.738004 -9.02862 0.00224122 0.00121477
12 16 96 0.726308 0.534626 0.746976 -8.89897 0.00248941 0.00133891
12 17 91 0.718244 0.565413 0.800695 -8.94757 0.00228826 0.00121706
12 18 114 0.719692 0.562867 0.809085 -8.73137 0.00285887 0.00152362
12 19 100 0.0332129 0.587218 0.87716 11.3866 0.00242161 0.00132563
12 20 110 0.72468 0.609631 0.972013 -8.86978 0.00254485 0.00136566
12 21 93 0.726047 0.599341 1.02661 -9.06412 0.00210801 0.00113337
12 22 87 0.0373326 0.63749 1.12852 9.2985 0.00187127 0.00103778
12 23 104 0.034609 0.664612 1.20976 10.6005 0.00214844 0.00118129
13 0 85 0.718904 0.51231 -0.00969945 -8.79861 0.00266364 0.00141801
13 1 71 0.731745 0.500844 0.0246086 -9.03066 0.00223477 0.00121095
13 2 67 0.733221 0.524634 0.0799698 -9.10699 0.00208389 0.00113147
13 3 77 0.712767 0.468698 0.129742 -8.85963 0.00243822 0.00128693
13 4 87 0.726908 0.498451 0.172684 -8.81688 0.0027095 0.00145849
13 5 70 0.724202 0.556149 0.226233 -9.05356 0.00211316 0.00113325
13 6 84 0.72224 0.521026 0.299785 -8.86289 0.002535 0.00135579
13 7 96 0.731363 0.492319 0.308663 -8.76063 0.00292268 0.00158288
13 8 97 0.729841 0.557465 0.385693 -8.78722 0.00282714 0.00152795
13 9 68 0.723523 0.548566 0.364807 -9.10587 0.00199947 0.00107128
13 10 94 0.730734 0.551685 0.473551 -8.84566 0.00267708 0.00144862
13 11 87 0.0311536 0.562779 0.525789 12.4746 0.002427 0.00131997
13 12 93 0.0313247 0.522259 0.553827 12.4503 0.0026056 0.00141787
13 13 90 0.72529 0.565497 0.587776 -8.90811 0.00245574 0.00131895
13 14 91 0.0325976 0.631793 0.658918 11.6743 0.00236648 0.00129293
13 15 88 0.0358706 0.621884 0.656519 10.1081 0.00229825 0.0012687
13 16 117 0.725807 0.56274 0.739996 -8.70446 0.00301726 0.00162169
13 17 112 0.729594 0.671563 0.806165 -8.82448 0.0027208 0.00146998
13 18 106 0.732481 0.623922 0.865539 -8.90099 0.00255235 0.00138443
13 19 114 0.722846 0.600542 0.896509 -8.79202 0.00272847 0.00146049
13 20 122 0.031745 0.639402 1.01549 12.2741 0.00275006 0.00149846
13 21 95 0.730412 0.662022 1.0182 -9.07462 0.00212626 0.00115006
13 22 117 0.726032 0.684185 1.09412 -8.88415 0.0025235 0.00135673
13 23 83 0.0306949 0.659761 1.13011 12.4222 0.00177452 0.000963713
14 0 99 0.725522 0.586212 0.0038005 -8.70652 0.00300727 0.00161569
14 1 93 0.0323947 0.586806 0.0688943 11.9544 0.00281932 0.00153936
14 2 90 0.72792 0.58875 0.107981 -8.81778 0.00271912 0.0014657
14 3 85 0.721228 0.596748 0.1475 -8.85261 0.00254975 0.00136177
14 4 78 0.719992 0.579025 0.178011 -8.92911 0.00234908 0.00125245
14 5 100 0.0307747 0.566318 0.196802 12.908 0.00301996 0.0016405
14 6 88 0.0318024 0.621552 0.299331 12.1678 0.00255054 0.00139
14 7 102 0.722242 0.537208 0.292693 -8.67347 0.00306371 0.00163857
14 8 112 0.730809 0.603436 0.346464 -8.65604 0.00323711 0.00175185
14 9 71 0.728043 0.647875 0.434646 -9.14003 0.0019711 0.00106267
14 10 101 0.723953 0.634608 0.476873 -8.77625 0.00278542 0.00149326
14 11 102 0.730938 0.610775 0.523845 -8.80232 0.00279817 0.00151457
14 12 105 0.0316655 0.640941 0.504971 12.358 0.00286457 0.00156047
14 13 102 0.723624 0.64362 0.559227 -8.7938 0.00273299 0.00146449
14 14 101 0.0314222 0.663199 0.706923 12.3762 0.00255358 0.00138999
14 15 91 0.730342 0.612004 0.699841 -8.97566 0.00234672 0.00126918
14 16 96 0.724082 0.652627 0.805002 -8.94798 0.00234722 0.00125856
14 17 110 0.0307075 0.689144 0.780162 12.8285 0.0026833 0.00145732
14 18 100 0.728771 0.670981 0.86906 -8.9585 0.00237099 0.00127954
14 19 97 0.0309991 0.707921 0.952999 12.4636 0.0022004 0.00119615
14 20 125 0.72414 0.679622 0.940492 -8.74599 0.00287336 0.0015408
14 21 96 0.0327637 0.790751 1.18377 11.3922 0.00194301 0.00106213
14 22 108 0.728712 0.744336 1.19281 -9.03124 0.00220408 0.00118937
14 23 107 0.728052 0.827781 1.2811 -9.09317 0.00206574 0.00111371
15 0 78 0.722658 0.649072 0.0590052 -8.96162 0.00230093 0.00123132
15 1 80 0.0312718 0.644638 0.0911894 12.3809 0.00236067 0.00128438
15 2 91 0.723684 0.684833 0.0947609 -8.83033 0.00263566 0.00141245
15 3 89 0.729998 0.628151 0.124001 -8.85671 0.00263918 0.00142668
15 4 81 0.724689 0.574283 0.176771 -8.90996 0.00244472 0.00131195
15 5 89 0.731491 0.626512 0.248696 -8.87873 0.00259857 0.0014076
15 6 96 0.723902 0.590333 0.276358 -8.7595 0.00283182 0.00151803
15 7 89 0.724185 0.619643 0.339037 -8.86179 0.00255968 0.00137268
15 8 91 0.718738 0.61036 0.370935 -8.81919 0.00260745 0.00138778
15 9 92 0.722502 0.636349 0.415877 -8.84689 0.00257888 0.00137976
15 10 87 0.730528 0.626225 0.431075 -8.93805 0.00243865 0.00131923
15 11 102 0.0319066 0.701765 0.506582 12.1746 0.00271566 0.00148048
15 12 96 0.727595 0.699527 0.583194 -8.90071 0.00249915 0.00134653
15 13 96 0.032715 0.694309 0.581419 11.6713 0.00250555 0.00136942
15 14 100 0.730114 0.711483 0.634683 -8.8922 0.00254844 0.00137784
15 15 115 0.723661 0.696454 0.717056 -8.74719 0.00286385 0.00153468
15 16 94 0.726272 0.760534 0.77963 -9.00504 0.00223852 0.00120391
15 17 95 0.0329687 0.728223 0.819044 11.4371 0.00225466 0.00123329
15 18 105 0.727731 0.750327 0.877837 -8.93339 0.00242024 0.00130426
15 19 105 0.728496 0.764309 0.927693 -8.96002 0.00236456 0.00127559
15 20 104 0.0322781 0.775831 1.04887 11.7797 0.00222776 0.00121592
15 21 101 0.0331092 0.818091 1.13474 11.2804 0.00206816 0.00113177
15 22 107 0.726856 0.847776 1.21894 -9.06926 0.00210466 0.00113283
15 23 96 0.0332729 0.878986 1.26818 11.0813 0.00183839 0.00100655
16 0 101 0.0354168 0.693189 0.0443631 10.5449 0.00292085 0.00161008
16 1 116 0.720892 0.675728 0.0798569 -8.57016 0.00337691 0.0018027
16 2 87 0.716102 0.73738 0.110709 -8.86736 0.00245583 0.00130229
16 3 69 0.733274 0.721314 0.188585 -9.17475 0.00194781 0.00105766
16 4 88 0.0308886 0.645665 0.230889 12.676 0.00255551 0.0013887
16 5 92 0.0355585 0.671852 0.255256 10.3781 0.00263052 0.0014507
16 6 109 0.0343912 0.698606 0.296962 11.0538 0.00305701 0.00167969
16 7 92 0.0312133 0.749135 0.341824 12.4712 0.00250073 0.00136033
16 8 100 0.0315514 0.700962 0.353984 12.3864 0.00276932 0.00150804
16 9 89 0.730573 0.667941 0.430326 -8.93214 0.00245359 0.00132739
16 10 85 0.723668 0.714717 0.46127 -8.97533 0.00227973 0.00122168
16 11 90 0.726853 0.729186 0.491097 -8.94629 0.00238004 0.00128104
16 12 97 0.729089 0.725062 0.590596 -8.90906 0.00249464 0.00134686
16 13 102 0.725488 0.734442 0.604093 -8.85089 0.00260262 0.00139822
16 14 104 0.722905 0.755239 0.618297 -8.83262 0.00262059 0.00140286
16 15 112 0.731017 0.758099 0.743488 -8.83699 0.00270375 0.00146362
16 16 101 0.0320367 0.815457 0.815476 11.9519 0.00232985 0.00127067
16 17 98 0.733143 0.797771 0.87584 -9.04078 0.00222578 0.00120839
16 18 96 0.732429 0.778199 0.945698 -9.07795 0.0021379 0.00115955
16 19 96 0.0312167 0.872608 1.00705 12.2603 0.00202897 0.00110371
16 20 100 0.727468 0.886856 1.09032 -9.1025 0.00204134 0.00109967
16 21 98 0.729698 0.912767 1.20089 -9.18049 0.00190671 0.00103029
16 22 92 0.73049 0.885677 1.20632 -9.24166 0.00179979 0.000973575
16 23 106 0.0307436 0.869302 1.24364 12.5404 0.00205389 0.00111561
17 0 101 0.721667 0.770081 0.0620105 -8.75585 0.00281429 0.00150397
17 1 100 0.721716 0.72549 0.0601315 -8.74461 0.00284671 0.0015214
17 2 110 0.72249 0.760668 0.11684 -8.67268 0.00306949 0.00164222
17 3 105 0.720655 0.766969 0.131072 -8.71519 0.00291794 0.00155718
17 4 105 0.724413 0.753758 0.208197 -8.73369 0.00291243 0.00156234
17 5 99 0.733252 0.744848 0.213731 -8.82778 0.00275545 0.00149616
17 6 116 0.0312997 0.79519 0.296262 12.6425 0.00311432 0.00169456
17 7 87 0.727885 0.756636 0.352882 -8.96285 0.00235157 0.00126752
17 8 102 0.727173 0.736551 0.385029 -8.79882 0.00276211 0.00148735
17 9 83 0.729389 0.778671 0.45605 -9.04992 0.00216972 0.00117192
17 10 92 0.726799 0.822204 0.507133 -8.96736 0.00232986 0.00125395
17 11 100 0.726045 0.784149 0.501483 -8.86308 0.0025774 0.00138573
17 12 116 0.718243 0.796155 0.535075 -8.69437 0.00294761 0.00156774
17 13 94 0.0315208 0.844798 0.677039 12.1936 0.00224581 0.00122284
17 14 110 0.031531 0.817596 0.677126 12.3557 0.00265579 0.00144613
17 15 114 0.0327566 0.832401 0.720727 11.7243 0.00269874 0.0014752
17 16 82 0.0340762 0.854587 0.829915 10.7026 0.0018564 0.00101899
17 17 97 0.733294 0.905684 0.900697 -9.097 0.00210548 0.00114331
17 18 111 0.0349737 0.850691 0.926927 10.5587 0.00243194 0.00133871
17 19 98 0.732685 0.877509 0.990749 -9.10641 0.00208025 0.00112867
17 20 107 0.730133 0.910398 1.07039 -9.04637 0.00218451 0.00118111
17 21 97 0.726654 0.898505 1.08436 -9.1307 0.0019775 0.00106409
17 22 95 0.732771 0.941482 1.15263 -9.21568 0.0018656 0.00101233
17 23 93 0.0322302 1.02439 1.4062 11.4936 0.00163187 0.000890546
18 0 93 0.0336308 0.778072 0.0639712 11.2455 0.00258119 0.00141485
18 1 95 0.723769 0.749226 0.0407088 -8.81565 0.00267563 0.00143404
18 2 94 0.0307004 0.764768 0.123235 12.8074 0.00261663 0.00142107
18 3 94 0.728571 0.811678 0.17448 -8.88618 0.0025466 0.00137394
18 4 82 0.732224 0.82338 0.197888 -9.04688 0.00220341 0.00119474
18 5 74 0.723886 0.831468 0.268019 -9.12624 0.0019623 0.00105189
18 6 101 0.727326 0.833393 0.288906 -8.8345 0.00266708 0.00143648
18 7 86 0.730279 0.840647 0.343408 -9.02113 0.00224179 0.00121232
18 8 88 0.728064 0.874081 0.399827 -9.01494 0.00223396 0.00120442
18 9 83 0.730848 0.842929 0.464881 -9.08633 0.00210552 0.00113952
18 10 95 0.721054 0.799839 0.461799 -8.88875 0.00245735 0.00131211
18 11 99 0.725601 0.817519 0.52946 -8.89275 0.00249717 0.00134178
18 12 108 0.0345327 0.83955 0.556589 10.8564 0.00267921 0.00147277
18 13 96 0.0322175 0.846012 0.660342 11.8454 0.00230438 0.00125749
18 14 94 0.0346627 0.861158 0.709738 10.6037 0.00220887 0.00121472
18 15 104 0.0345907 0.9151 0.776586 10.6961 0.0023441 0.00128879
18 16 103 0.0334834 0.919704 0.788671 11.2056 0.00230865 0.00126487
18 17 101 0.0325731 0.93655 0.892049 11.6027 0.00217527 0.00118838
18 18 91 0.0331512 0.952376 0.929926 11.1875 0.00192461 0.00105336
18 19 131 0.729556 0.929043 0.9754 -8.81383 0.00274948 0.0014854
18 20 89 0.0344951 1.02739 1.17914 10.4119 0.00168819 0.000927888
18 21 102 0.0341469 1.06541 1.22412 10.6841 0.00188415 0.00103446
18 22 99 0.0320555 1.09242 1.39033 11.6362 0.00171606 0.00093597
18 23 82 0.0326763 1.07767 1.30136 11.1582 0.00147058 0.000803655
19 0 105 0.0334058 0.843156 0.013684 11.4459 0.0028264 0.00154816
19 1 111 0.726977 0.903298 0.0835164 -8.75103 0.00289481 0.00155839
19 2 112 0.0309793 0.900843 0.136425 12.7561 0.00291514 0.00158458
19 3 93 0.732644 0.860876 0.14259 -8.93557 0.00246735 0.00133862
19 4 87 0.727876 0.812449 0.193292 -8.96293 0.00235128 0.00126735
19 5 109 0.0321916 0.903572 0.280689 12.0495 0.0027879 0.00152123
19 6 95 0.0307538 0.929119 0.316356 12.6849 0.0023873 0.00129674
19 7 114 0.725598 0.901098 0.35785 -8.74944 0.00288192 0.0015485
19 8 102 0.731255 0.849221 0.377157 -8.86529 0.00263103 0.00142472
19 9 109 0.0339072 0.911925 0.452056 11.1538 0.00268982 0.00147568
19 10 80 0.033722 0.922409 0.454204 10.9281 0.00196399 0.00107685
19 11 88 0.0325351 0.917533 0.579799 11.5869 0.00209958 0.00114688
19 12 120 0.728956 0.920472 0.568257 -8.76892 0.00286823 0.00154828
19 13 108 0.0323742 1.03307 0.673033 11.8021 0.00239546 0.00130784
19 14 101 0.0327921 0.988539 0.702099 11.5301 0.00226277 0.00123703
19 15 96 0.0328438 0.950496 0.76185 11.4503 0.00214481 0.00117274
19 16 106 0.731123 0.978774 0.857654 -9.01047 0.00227417 0.00123125
19 17 95 0.0339749 1.07183 0.956733 10.7796 0.00191095 0.00104861
19 18 91 0.728862 1.02674 0.999103 -9.2157 0.00183401 0.000989879
19 19 95 0.0373923 1.04688 1.03487 9.27928 0.00187969 0.00104265
19 20 96 0.0325716 1.15183 1.15898 11.3942 0.0017645 0.000963964
19 21 99 0.731178 1.08698 1.16742 -9.21628 0.00185159 0.00100254
19 22 84 0.0318909 1.16337 1.28919 11.5733 0.00147603 0.000804638
19 23 99 0.731581 1.11877 1.36199 -9.29166 0.00172018 0.000931901
20 0 101 0.720463 0.921366 0.0064897 -8.8238 0.00261541 0.00139536
20 1 99 0.728871 0.941362 0.0785513 -8.89242 0.00253407 0.00136774
20 2 92 0.0345381 0.902316 0.154104 10.7395 0.00238949 0.00131353
20 3 96 0.726308 0.91654 0.158404 -8.90472 0.00247513 0.00133123
20 4 102 0.724308 0.935883 0.210583 -8.84985 0.00259183 0.00139016
20 5 99 0.719043 0.959524 0.254061 -8.87306 0.00247407 0.00131735
20 6 123 0.73256 0.944684 0.293492 -8.71374 0.00307901 0.00167028
20 7 101 0.727688 0.953645 0.342999 -8.90164 0.00249785 0.001346
20 8 117 0.0357695 0.936695 0.384386 10.3824 0.00289494 0.00159758
20 9 114 0.729759 0.995137 0.446443 -8.82818 0.00271271 0.00146594
20 10 110 0.733282 1.06522 0.507641 -8.92354 0.00250414 0.00135976
20 11 102 0.0343853 1.00103 0.600282 10.7879 0.00233671 0.0012839
20 12 106 0.0384848 1.03223 0.648773 9.08798 0.00236701 0.00131751
20 13 102 0.0311009 1.03711 0.724162 12.4184 0.00222738 0.0012112
20 14 118 0.730642 0.989579 0.680089 -8.85206 0.00265895 0.00143863
20 15 102 0.0342862 1.06313 0.798363 10.7549 0.00215888 0.00118582
20 16 104 0.731582 1.02297 0.830946 -9.03951 0.00221352 0.00119917
20 17 111 0.0318627 1.10973 0.933893 11.9959 0.00221854 0.0012093
20 18 109 0.726331 1.05761 0.942202 -9.01651 0.00221357 0.00119059
20 19 97 0.732919 1.12212 1.05845 -9.22045 0.00185792 0.00100837
20 20 86 0.723862 1.16051 1.14664 -9.34123 0.00158251 0.000848274
20 21 100 0.727009 1.18687 1.23567 -9.24033 0.00177492 0.000955549
20 22 101 0.724798 1.15153 1.26576 -9.21972 0.00179435 0.000963073
20 23 79 0.72391 1.3058 1.41897 -9.55315 0.00128057 0.000686472
21 0 98 0.0318394 1.03382 -0.0104411 12.0866 0.00239905 0.0013076
21 1 97 0.0307084 0.899052 0.0976152 12.7704 0.00253325 0.00137582
21 2 101 0.731173 1.02223 0.141379 -8.92613 0.00247485 0.00133999
21 3 99 0.0313881 1.00892 0.137999 12.3505 0.00244245 0.00132936
21 4 120 0.730808 0.958532 0.201454 -8.72592 0.0030186 0.00163359
21 5 107 0.0322004 1.04864 0.244737 11.961 0.0025638 0.00139898
21 6 94 0.0328422 1.03572 0.317294 11.4968 0.00224513 0.00122758
21 7 118 0.73059 0.97096 0.328394 -8.76454 0.0029015 0.00156975
21 8 97 0.732451 1.05358 0.375738 -9.01528 0.00227638 0.00123469
21 9 113 0.728486 0.994709 0.427668 -8.82747 0.00269958 0.0014563
21 10 114 0.727763 1.02584 0.526867 -8.85051 0.00262974 0.00141722
21 11 90 0.0316516 1.04612 0.565157 12.0259 0.00203975 0.0011111
21 12 105 0.0310942 1.11109 0.669731 12.4355 0.00225712 0.00122735
21 13 110 0.731843 1.06485 0.65639 -8.95207 0.00241853 0.0013107
21 14 100 0.0311997 1.08167 0.736104 12.3222 0.0021382 0.00116307
21 15 122 0.0319233 1.15574 0.839052 12.0683 0.0024639 0.0013433
21 16 106 0.0350307 1.14803 0.904309 10.39 0.00210774 0.00116045
21 17 106 0.0323982 1.20353 1.01476 11.6098 0.00200128 0.00109272
21 18 84 0.0322932 1.21584 0.999259 11.4322 0.00158625 0.00086582
21 19 93 0.727135 1.23687 1.09523 -9.28655 0.00169569 0.000913051
21 20 89 0.0345068 1.26802 1.2138 10.3219 0.00155124 0.000852649
21 21 102 0.73204 1.26497 1.24362 -9.26866 0.00176371 0.000956085
21 22 99 0.0306868 1.33074 1.39255 12.3272 0.00160622 0.000872288
21 23 69 0.731421 1.38291 1.38634 -9.73355 0.00110499 0.000598495
22 0 113 0.728631 1.02447 -0.00566756 -8.79902 0.00277925 0.00149958
22 1 108 0.0318321 1.1057 0.0887574 12.1501 0.00254629 0.00138782
22 2 98 0.03337 1.03542 0.124571 11.2951 0.00238827 0.00130802
22 3 103 0.0316703 1.09574 0.153865 12.1916 0.00243176 0.00132472
22 4 110 0.0312445 1.10279 0.226863 12.4819 0.00257211 0.00139929
22 5 107 0.728235 1.05188 0.243255 -8.87938 0.0025602 0.00138064
22 6 115 0.0355944 1.05537 0.330293 10.3945 0.00271593 0.00149797
22 7 119 0.0330376 1.08123 0.373249 11.604 0.00275788 0.00150887
22 8 102 0.730395 1.0944 0.443315 -8.98686 0.00232112 0.00125542
22 9 108 0.033349 1.16822 0.466881 11.2962 0.00236629 0.0012959
22 10 89 0.0323631 1.15238 0.533567 11.5964 0.00193879 0.00105848
22 11 122 0.031902 1.12684 0.560284 12.161 0.00267252 0.00145694
22 12 97 0.726827 1.12612 0.650057 -9.07987 0.00208218 0.00112068
22 13 105 0.729595 1.09896 0.722183 -9.01986 0.00223794 0.00120911
22 14 113 0.728132 1.15375 0.736888 -8.96589 0.00234696 0.00126546
22 15 114 0.035281 1.23445 0.823205 10.3409 0.0022434 0.00123612
22 16 103 0.0322633 1.2801 0.940879 11.645 0.001932 0.00105444
22 17 98 0.727286 1.20096 0.900257 -9.16648 0.00191329 0.00103043
22 18 98 0.0331154 1.3036 1.04607 11.1226 0.00177166 0.000969534
22 19 103 0.728253 1.35542 1.14361 -9.24216 0.00178138 0.000960668
22 20 88 0.0325067 1.40431 1.31414 11.2171 0.00142942 0.000780743
22 21 85 0.725551 1.31999 1.3092 -9.45859 0.00141778 0.000761749
22 22 78 0.723025 1.40006 1.38416 -9.5784 0.00124377 0.00066593
22 23 78 0.0313158 1.41772 1.4566 11.6902 0.00121241 0.000659731
23 0 103 0.0332507 1.08225 0.0302648 11.3839 0.00246077 0.00134723
23 1 93 0.729849 1.15214 0.0632054 -9.06355 0.00214464 0.0011591
23 2 118 0.0324045 1.12302 0.152691 11.924 0.00274897 0.00150099
23 3 103 0.732762 1.17995 0.161862 -8.99245 0.00233211 0.00126545
23 4 93 0.0332164 1.07923 0.219331 11.2895 0.00220135 0.00120507
23 5 121 0.0349994 1.19619 0.302327 10.6453 0.00268269 0.00147686
23 6 119 0.0315841 1.18645 0.335546 12.3204 0.0026394 0.00143744
23 7 124 0.0327741 1.224 0.356224 11.714 0.00269484 0.00147315
23 8 116 0.731411 1.1477 0.433057 -8.88524 0.00258081 0.00139782
23 9 107 0.727367 1.17147 0.470032 -8.96568 0.0023396 0.00126017
23 10 125 0.0350305 1.25082 0.548586 10.6001 0.00260011 0.00143153
23 11 121 0.0361247 1.25378 0.628829 10.0732 0.00247332 0.00136644
23 12 122 0.727319 1.19846 0.642055 -8.88122 0.00254525 0.00137085
23 13 87 0.0319318 1.2746 0.757881 11.7002 0.00171276 0.000933805
23 14 103 0.0320703 1.32216 0.804525 11.7654 0.00196823 0.00107356
23 15 94 0.728124 1.30767 0.87638 -9.24531 0.00177477 0.000956931
23 16 106 0.0317387 1.3336 0.934488 11.9353 0.00195316 0.00106422
23 17 88 0.714574 1.34667 0.970778 -9.28972 0.00159884 0.000846034
23 18 103 0.72372 1.32372 0.98662 -9.1689 0.00187896 0.00100698
23 19 76 0.0309337 1.49699 1.2266 11.9178 0.00122844 0.000667646
23 20 87 0.722046 1.39994 1.21524 -9.41766 0.00145437 0.000777631
23 21 78 0.0337266 1.57551 1.3797 10.4193 0.00118345 0.000648892
23 22 66 0.732841 1.56112 1.47302 -9.8583 0.000981443 0.00053261
23 23 54 0.728938 1.65021 1.56817 -10.0908 0.000764712 0.000412784
