#  ix    iy     NK     E/N         TK    Uxpi    UyK      muK      rho      epsilon
0 0 255 0.0764415 0.0188413 0.0272865 3.49216 0.0163372 0.0102503
0 1 239 0.0825791 0.0326561 0.0812338 2.80831 0.0152621 0.00976104
0 2 243 0.0791465 0.0205278 0.083465 3.15913 0.0155197 0.0098201
0 3 265 0.0736953 -0.0180314 0.209536 3.81407 0.0166235 0.0103407
0 4 238 0.073665 0.0284286 0.263406 3.69779 0.0147476 0.00917289
0 5 248 0.0781225 0.0191307 0.324421 3.23759 0.0151191 0.00953605
0 6 277 0.0743287 0.0278018 0.413639 3.72869 0.0164027 0.0102236
0 7 257 0.074318 0.0241922 0.530277 3.61013 0.0145513 0.00906933
0 8 225 0.0740133 0.0282301 0.554564 3.50141 0.0126095 0.00785157
0 9 239 0.0759677 0.002895 0.601099 3.32483 0.0131308 0.00822638
0 10 233 0.0725178 0.0501551 0.693309 3.64672 0.012264 0.00760072
0 11 236 0.0711879 0.0650798 0.808365 3.76322 0.0117499 0.00725179
0 12 217 0.0639317 0.0195674 0.88877 4.61327 0.0103962 0.00627145
0 13 231 0.0616059 0.0402607 1.00151 4.97416 0.0104585 0.00626295
0 14 245 0.0640711 0.0710451 1.16744 4.57427 0.010206 0.00615942
0 15 197 0.062152 -0.0013497 1.23307 4.61497 0.00795428 0.00477154
0 16 158 0.0640956 0.0260214 1.42065 4.01058 0.00582916 0.00351824
0 17 151 0.057939 0.0473491 1.49786 4.91965 0.00537266 0.00318033
0 18 130 0.0491964 0.0741282 1.6404 6.4943 0.0043344 0.00249576
0 19 122 0.0431336 0.103294 1.90463 7.94603 0.00363125 0.00205115
0 20 76 0.0463775 0.00159008 2.16447 6.45043 0.00204327 0.00116607
0 21 32 0.0410379 0.0353162 2.39563 7.08737 0.000790107 0.000443349
0 22 0 0 0 0 0 0 0
0 23 0 0 0 0 0 0 0
1 0 254 0.0783804 0.0435186 0.0341745 3.2836 0.0162572 0.0102622
1 1 284 0.0804359 0.0785586 0.0800208 3.18406 0.0180917 0.0114937
1 2 216 0.0812808 0.0713875 0.145201 2.82148 0.0136684 0.00870646
1 3 276 0.0800502 0.0805887 0.197619 3.1775 0.0173026 0.0109792
1 4 285 0.0814002 0.0725846 0.286454 3.05825 0.0175203 0.0111642
1 5 248 0.0806334 0.0842514 0.321547 2.983 0.0150858 0.00958997
1 6 237 0.0739142 0.112565 0.427102 3.60991 0.0138971 0.00865063
1 7 256 0.0742325 0.107887 0.508267 3.62052 0.0145619 0.0090735
1 8 279 0.069607 0.11987 0.567065 4.23491 0.0154735 0.00950256
1 9 241 0.0727128 0.108605 0.64252 3.6777 0.0129432 0.00802656
1 10 254 0.0704857 0.128918 0.747756 3.94834 0.0129707 0.0079876
1 11 229 0.0652188 0.0952227 0.819006 4.51235 0.011326 0.00686015
1 12 238 0.0696721 0.16269 0.888385 3.91431 0.0113222 0.00695461
1 13 233 0.0649873 0.112462 0.973456 4.48555 0.0106678 0.00645675
1 14 216 0.0612561 0.134732 1.14579 4.88709 0.009069 0.00542488
1 15 197 0.0677907 0.110807 1.20707 3.81545 0.00803628 0.00490713
1 16 197 0.0573118 0.122545 1.29626 5.3902 0.00769196 0.00454422
1 17 158 0.0518912 0.105539 1.54625 6.12047 0.00549115 0.0031889
1 18 147 0.048495 0.112314 1.80652 6.71344 0.00455689 0.00261805
1 19 98 0.0432017 0.153058 2.00187 7.66571 0.00280077 0.00158238
1 20 69 0.0370602 0.121931 2.01781 9.45459 0.00196118 0.00108671
1 21 35 0.051473 0.170558 2.35732 4.37379 0.00087424 0.00050703
1 22 16 0.732704 0.145371 2.62917 -10.8492 0.000364132 0.00019757
1 23 0 0 0 0 0 0 0
2 0 242 0.0809174 0.130778 0.0595733 2.97301 0.0153551 0.00976977
2 1 259 0.0792145 0.176099 0.0879342 3.2007 0.01629 0.0103097
2 2 253 0.0778568 0.137182 0.165394 3.31272 0.015856 0.00999256
2 3 243 0.0837949 0.15031 0.194584 2.68679 0.0151264 0.00971091
2 4 256 0.0789889 0.120554 0.258054 3.19186 0.0157826 0.00998151
2 5 255 0.0850225 0.139609 0.352305 2.58642 0.0152854 0.00985051
2 6 252 0.0814635 0.159537 0.398394 2.88645 0.0148446 0.00946108
2 7 224 0.0737643 0.140088 0.481784 3.54746 0.0128341 0.0079852
2 8 280 0.0760513 0.156469 0.586118 3.47164 0.0153457 0.00961652
2 9 243 0.0723095 0.139496 0.61185 3.74443 0.0131941 0.00817178
2 10 255 0.0740301 0.176167 0.748775 3.52664 0.0129564 0.00806801
2 11 244 0.0691513 0.187306 0.849011 4.02229 0.0118036 0.00723845
2 12 231 0.0689686 0.171055 0.92818 3.95403 0.0107688 0.00660007
2 13 210 0.0678997 0.196031 0.98665 3.96732 0.00949054 0.00579712
2 14 218 0.0615998 0.200002 1.12917 4.84522 0.00918447 0.00549991
2 15 215 0.0584322 0.232559 1.22582 5.30603 0.00861932 0.00511013
2 16 177 0.0588362 0.196051 1.45582 4.93625 0.0063849 0.00379024
2 17 163 0.0539392 0.271924 1.63214 5.67828 0.00540448 0.00315896
2 18 111 0.0546882 0.197465 1.62229 5.15452 0.00371378 0.00217589
2 19 112 0.0447045 0.279684 1.90347 7.39245 0.00331115 0.00187966
2 20 55 0.0384445 0.35263 2.37038 8.54728 0.00135772 0.000755625
2 21 36 0.0328344 0.2839 2.26437 10.6154 0.000926196 0.000506409
2 22 0 0 0 0 0 0 0
2 23 0 0 0 0 0 0 0
3 0 230 0.0805792 0.177355 0.0420769 2.94902 0.0145046 0.00921892
3 1 266 0.0809728 0.17121 0.0940127 3.0537 0.016735 0.0106496
3 2 252 0.0797314 0.193745 0.131136 3.11382 0.0157291 0.0099708
3 3 232 0.0770499 0.203404 0.25483 3.28279 0.0141392 0.00888816
3 4 267 0.0752554 0.222696 0.273611 3.60916 0.0161404 0.0100894
3 5 251 0.0796058 0.214317 0.370341 3.06497 0.0147925 0.00937338
3 6 260 0.0749831 0.23576 0.408816 3.57086 0.0150725 0.00941379
3 7 278 0.0730085 0.214492 0.468182 3.8453 0.0158431 0.00983401
3 8 264 0.0771155 0.214565 0.633864 3.27054 0.0140644 0.00884297
3 9 267 0.0685771 0.21628 0.66833 4.2675 0.0140053 0.00857313
3 10 244 0.0725526 0.255972 0.741646 3.64601 0.0123056 0.00762734
3 11 273 0.0682467 0.246154 0.830066 4.25377 0.0132303 0.00809029
3 12 234 0.0699596 0.2269 0.942704 3.82796 0.0107689 0.00662072
3 13 218 0.064997 0.271931 1.04686 4.36682 0.00948671 0.00574207
3 14 215 0.0597025 0.275296 1.19409 5.10061 0.00871366 0.00518683
3 15 185 0.0632645 0.290887 1.27512 4.34575 0.00720307 0.00433611
3 16 184 0.0545445 0.274606 1.39579 5.78512 0.00678311 0.00397239
3 17 154 0.0555529 0.324839 1.60463 5.31366 0.00514578 0.00302314
3 18 126 0.0540257 0.325825 1.73199 5.35649 0.00398601 0.0023305
3 19 94 0.0455795 0.399493 1.90195 6.96516 0.00275693 0.00156938
3 20 64 0.0484708 0.402546 2.23496 5.70552 0.00165336 0.000949827
3 21 33 0.0357471 0.447073 2.59783 9.04183 0.000750315 0.000414035
3 22 0 0 0 0 0 0 0
3 23 0 0 0 0 0 0 0
4 0 258 0.0836363 0.229983 0.0409654 2.764 0.0161049 0.010334
4 1 255 0.0812705 0.250151 0.0831639 2.96779 0.0158062 0.0100679
4 2 271 0.076084 0.263012 0.154804 3.54757 0.0166152 0.0104131
4 3 244 0.0799887 0.234782 0.245509 3.02802 0.0148098 0.0093956
4 4 286 0.0798201 0.296828 0.30317 3.17543 0.0168771 0.0107014
4 5 247 0.0743042 0.276365 0.344713 3.60697 0.0144828 0.00902621
4 6 252 0.075822 0.306048 0.471008 3.41075 0.0140841 0.00881956
4 7 269 0.0807036 0.288565 0.478752 2.97387 0.0150516 0.00957029
4 8 273 0.0699685 0.267696 0.584046 4.13959 0.0147232 0.00905208
4 9 241 0.0736174 0.332115 0.65416 3.53438 0.0124561 0.00774644
4 10 246 0.0742546 0.348012 0.72137 3.44987 0.0123081 0.0076697
4 11 236 0.0692708 0.344048 0.855394 3.94752 0.0111223 0.00682319
4 12 236 0.066118 0.371443 0.956645 4.31564 0.0105579 0.00641305
4 13 230 0.059772 0.349549 1.04092 5.21941 0.00992728 0.00591054
4 14 224 0.066119 0.375062 1.14937 4.17257 0.00915173 0.00555893
4 15 190 0.0633696 0.393489 1.30286 4.33116 0.00721164 0.0043427
4 16 164 0.0557884 0.420894 1.37581 5.42258 0.00599998 0.00352761
4 17 145 0.0524922 0.438647 1.54969 5.87893 0.00490296 0.00285274
4 18 113 0.0424587 0.460085 1.69839 8.13948 0.00357901 0.00201732
4 19 86 0.044759 0.447603 1.92697 7.09075 0.002487 0.00141205
4 20 53 0.0401215 0.527876 2.21338 7.94737 0.0013669 0.000764784
4 21 22 0.0316084 0.395731 2.14966 10.8034 0.000586708 0.000319551
4 22 0 0 0 0 0 0 0
4 23 0 0 0 0 0 0 0
5 0 293 0.0836029 0.320021 0.0373105 2.87146 0.0178771 0.01147
5 1 282 0.081751 0.323843 0.080579 3.00312 0.0171473 0.0109385
5 2 263 0.0784752 0.355102 0.176597 3.23717 0.0156715 0.0098954
5 3 262 0.0773703 0.343329 0.234377 3.34141 0.0155083 0.00975856
5 4 294 0.078638 0.309383 0.273001 3.32636 0.0174214 0.0110059
5 5 276 0.0833892 0.388909 0.376915 2.75213 0.0155572 0.0099749
5 6 302 0.0739924 0.391301 0.427774 3.78762 0.016748 0.0104278
5 7 281 0.0788272 0.377415 0.537933 3.161 0.0150535 0.00951564
5 8 264 0.0749827 0.40939 0.575613 3.48433 0.0138226 0.00863308
5 9 266 0.0754786 0.389383 0.699917 3.39168 0.0133087 0.00832507
5 10 262 0.0715001 0.398377 0.762684 3.80551 0.0127307 0.00786481
5 11 224 0.068624 0.394917 0.8602 3.96649 0.0104283 0.00638449
5 12 246 0.0628702 0.427317 0.956246 4.8187 0.0108896 0.00654715
5 13 211 0.0574862 0.468514 1.07286 5.49177 0.00878484 0.00519272
5 14 218 0.0578674 0.450872 1.18104 5.4108 0.00866965 0.0051308
5 15 172 0.0596786 0.457127 1.24144 4.8341 0.00664855 0.00395727
5 16 174 0.0518256 0.502661 1.47578 6.22692 0.00602199 0.00349645
5 17 134 0.0543533 0.539316 1.63028 5.37231 0.00432269 0.00252996
5 18 105 0.0509415 0.510933 1.7299 5.80847 0.00326352 0.00188955
5 19 92 0.04329 0.551838 1.943 7.57102 0.00261662 0.00147875
5 20 53 0.0346805 0.610585 2.1229 10.1403 0.00140114 0.000770567
5 21 20 0.729106 0.554977 2.49239 -10.5836 0.000467516 0.000252419
5 22 0 0 0 0 0 0 0
5 23 0 0 0 0 0 0 0
6 0 321 0.0831312 0.367231 0.0305246 2.99196 0.0193077 0.0123697
6 1 239 0.0709432 0.421053 0.0879992 3.97357 0.0140737 0.0086793
6 2 277 0.0793649 0.403381 0.169685 3.18414 0.016267 0.0103
6 3 314 0.0769522 0.394271 0.242341 3.54929 0.0182669 0.0114794
6 4 302 0.0732685 0.415239 0.281914 3.9032 0.0173021 0.0107484
6 5 292 0.0830571 0.476887 0.378605 2.81013 0.0159874 0.0102401
6 6 240 0.0771983 0.45598 0.441476 3.18228 0.0129893 0.00816911
6 7 262 0.0783645 0.478289 0.50903 3.1191 0.0137687 0.00869092
6 8 274 0.0687396 0.449784 0.605387 4.24766 0.014023 0.00858838
6 9 270 0.0640154 0.474087 0.669889 4.85319 0.013379 0.008073
6 10 242 0.0713993 0.478206 0.808606 3.69905 0.0113063 0.00698261
6 11 271 0.066003 0.529282 0.85513 4.48021 0.0122489 0.00743749
6 12 246 0.0694021 0.53478 1.02703 3.85464 0.010307 0.00632564
6 13 234 0.0618744 0.569938 1.05476 4.84714 0.00960798 0.00575851
6 14 180 0.0559378 0.519046 1.15458 5.57013 0.00715246 0.00420718
6 15 163 0.0597839 0.593143 1.31201 4.70725 0.0059603 0.0035488
6 16 149 0.0497286 0.595622 1.45037 6.53862 0.00513604 0.00296233
6 17 131 0.0553152 0.65746 1.66451 5.13095 0.00409614 0.00240467
6 18 103 0.0445777 0.609953 1.77745 7.36322 0.00310169 0.00176004
6 19 63 0.0431954 0.651979 1.99564 7.18969 0.00173664 0.000981151
6 20 32 0.0373039 0.723535 2.36138 8.42175 0.000769854 0.000426913
6 21 18 0.726098 0.770445 2.49892 -10.6965 0.000412136 0.0002216
6 22 0 0 0 0 0 0 0
6 23 0 0 0 0 0 0 0
7 0 260 0.0746008 0.485596 0.0184404 3.60805 0.0149904 0.00935131
7 1 301 0.079433 0.499032 0.0892337 3.23364 0.0172098 0.0108992
7 2 287 0.0814889 0.564361 0.198822 2.94556 0.0157871 0.0100626
7 3 296 0.0785841 0.483037 0.223985 3.29248 0.0167483 0.0105789
7 4 284 0.0774154 0.528138 0.332963 3.33242 0.0154425 0.00971856
7 5 272 0.0740283 0.483203 0.327508 3.67717 0.0150581 0.0093767
7 6 267 0.0742451 0.556016 0.458963 3.57138 0.0138833 0.00865102
7 7 297 0.0743104 0.518431 0.500455 3.67067 0.0154462 0.00962684
7 8 237 0.0746827 0.561162 0.611906 3.35009 0.0116887 0.0072935
7 9 268 0.0710299 0.591394 0.663781 3.87116 0.0128393 0.00792018
7 10 274 0.0687445 0.576612 0.752128 4.15173 0.0127485 0.00780788
7 11 245 0.0690233 0.592725 0.899655 3.93909 0.0106842 0.00654938
7 12 234 0.0672491 0.589975 0.97063 4.09769 0.00991186 0.0060421
7 13 204 0.0599549 0.604555 1.04195 5.01628 0.00835258 0.00497586
7 14 196 0.0507986 0.654409 1.21327 6.65607 0.00737754 0.00426961
7 15 166 0.062288 0.725993 1.32952 4.28875 0.0058624 0.0035182
7 16 149 0.0504117 0.685969 1.47263 6.35581 0.00500679 0.00289404
7 17 105 0.0458688 0.783729 1.67397 7.03627 0.00320281 0.00182487
7 18 75 0.0351751 0.761747 1.78494 10.3693 0.00220215 0.00121298
7 19 50 0.0466215 0.842415 2.11439 5.92551 0.00128926 0.000736334
7 20 23 0.726827 0.75341 2.39198 -10.4183 0.000546089 0.00029392
7 21 0 0 0 0 0 0 0
7 22 0 0 0 0 0 0 0
7 23 0 0 0 0 0 0 0
8 0 289 0.0773064 0.613533 0.00994221 3.36614 0.01579 0.00993384
8 1 283 0.0814667 0.598611 0.0928146 2.93039 0.0155162 0.00988921
8 2 281 0.0790889 0.576204 0.188011 3.15748 0.0154042 0.00974529
8 3 303 0.0796346 0.560383 0.266086 3.17165 0.0165052 0.0104596
8 4 268 0.0829473 0.622144 0.325161 2.69193 0.0140608 0.00900304
8 5 251 0.0822283 0.621699 0.38681 2.6795 0.0129818 0.00829357
8 6 316 0.0793962 0.594169 0.456974 3.17739 0.0162084 0.0102639
8 7 275 0.0715762 0.62267 0.551352 3.85894 0.0135533 0.00837499
8 8 270 0.0773576 0.596131 0.634579 3.17042 0.0130534 0.00821348
8 9 253 0.0745015 0.660038 0.708751 3.36709 0.0116499 0.00726514
8 10 254 0.0691075 0.670375 0.831684 3.96891 0.0111273 0.00682278
8 11 228 0.0659732 0.69882 0.912766 4.23989 0.00959239 0.00582392
8 12 214 0.0631707 0.672351 0.97725 4.56488 0.00884188 0.00532106
8 13 195 0.0576801 0.703713 1.1099 5.30828 0.00756937 0.00447699
8 14 198 0.055558 0.767157 1.2581 5.63843 0.00712719 0.00418729
8 15 128 0.054362 0.870123 1.38235 5.36166 0.0042842 0.00250751
8 16 166 0.0497571 0.863095 1.5014 6.56737 0.00532109 0.00306934
8 17 97 0.050602 0.911541 1.77392 5.72683 0.00278698 0.0016119
8 18 71 0.0386361 1.02145 2.08304 8.75832 0.00180153 0.00100323
8 19 38 0.0444608 1.05891 2.20648 6.18281 0.00092135 0.000522624
8 20 17 0.0422216 0.955376 2.12911 6.09313 0.000429224 0.000241752
8 21 0 0 0 0 0 0 0
8 22 0 0 0 0 0 0 0
8 23 0 0 0 0 0 0 0
9 0 320 0.0774649 0.68374 0.0268397 3.41913 0.0169289 0.0106557
9 1 289 0.0727047 0.629484 0.128836 3.86442 0.0155857 0.009665
9 2 254 0.0753326 0.652763 0.147233 3.42437 0.0135319 0.0084608
9 3 325 0.0714781 0.636242 0.230579 4.11219 0.0172538 0.0106583
9 4 302 0.0766903 0.655865 0.351195 3.41497 0.015532 0.00975272
9 5 282 0.0755863 0.680587 0.377401 3.44933 0.014266 0.00892689
9 6 292 0.0725154 0.712091 0.476059 3.79468 0.0142158 0.00881027
9 7 243 0.0756086 0.684446 0.580677 3.23934 0.0115922 0.00725426
9 8 264 0.0721818 0.7098 0.633921 3.68607 0.012259 0.00758961
9 9 239 0.0728895 0.721407 0.726257 3.46723 0.0107059 0.00664278
9 10 240 0.0683257 0.786517 0.835709 3.97413 0.010107 0.00618195
9 11 227 0.0648712 0.758178 0.931948 4.36597 0.0093091 0.00563234
9 12 230 0.0642418 0.812187 0.969155 4.43953 0.00914551 0.0055224
9 13 202 0.0577204 0.824654 1.1502 5.28819 0.00747218 0.00442008
9 14 158 0.0546527 0.880074 1.28189 5.55026 0.00547849 0.00320946
9 15 159 0.0537204 0.95104 1.42326 5.67246 0.00514125 0.00300303
9 16 128 0.0457442 0.91464 1.51731 7.30064 0.00403319 0.00229709
9 17 82 0.0364796 0.923258 1.65948 9.91452 0.00244915 0.00135461
9 18 49 0.0481493 1.09979 2.00633 5.51128 0.00125793 0.000721925
9 19 29 0.0385211 0.983165 1.93118 7.96283 0.000778908 0.000433599
9 20 15 0.0373739 1.06873 2.35493 7.59645 0.000346788 0.000192349
9 21 0 0 0 0 0 0 0
9 22 0 0 0 0 0 0 0
9 23 0 0 0 0 0 0 0
10 0 317 0.0777441 0.736373 0.0372501 3.35547 0.0163555 0.0103037
10 1 316 0.075607 0.796706 0.091115 3.54938 0.0158029 0.00988928
10 2 299 0.0774073 0.770295 0.172018 3.30719 0.0150451 0.0094682
10 3 295 0.0738214 0.784695 0.25375 3.6691 0.014589 0.00907868
10 4 281 0.0743726 0.762136 0.358797 3.54925 0.0137764 0.00858783
10 5 272 0.0718922 0.816284 0.392213 3.77342 0.0129238 0.00799393
10 6 276 0.0761632 0.835074 0.49214 3.27059 0.0127038 0.00796373
10 7 276 0.0688874 0.817131 0.548615 4.12229 0.0126095 0.00772622
10 8 253 0.0708557 0.807413 0.682815 3.75084 0.0111434 0.00687027
10 9 254 0.0679936 0.845784 0.704867 4.09767 0.0109471 0.0066888
10 10 244 0.0628532 0.862362 0.854671 4.73043 0.00994383 0.00597823
10 11 240 0.0614799 0.918343 0.950471 4.87482 0.00928276 0.00555667
10 12 209 0.0642402 0.937775 1.04008 4.27876 0.00778553 0.00470117
10 13 159 0.0567309 0.982698 1.26246 5.1423 0.0054023 0.00318568
10 14 186 0.0515185 1.01727 1.27522 6.32787 0.00623143 0.00361454
10 15 127 0.0506135 0.965243 1.39332 6.11917 0.0041367 0.00239263
10 16 117 0.0448428 1.02034 1.51744 7.43653 0.00359857 0.00204371
10 17 71 0.0453991 1.10027 1.67606 6.70938 0.00203139 0.0011557
10 18 40 0.0378688 1.25309 2.08063 8.43727 0.00097619 0.000542301
10 19 27 0.729852 1.29619 2.30133 -10.3162 0.000612831 0.000331214
10 20 0 0 0 0 0 0 0
10 21 0 0 0 0 0 0 0
10 22 0 0 0 0 0 0 0
10 23 0 0 0 0 0 0 0
11 0 284 0.0768469 0.858907 0.0197039 3.28069 0.0138088 0.00867494
11 1 287 0.0736259 0.882175 0.110294 3.63219 0.0137494 0.00855094
11 2 298 0.0709743 0.881487 0.229464 3.9732 0.0141223 0.0087101
11 3 303 0.0743446 0.864319 0.26864 3.59671 0.0144005 0.00897605
11 4 272 0.0769575 0.874723 0.344852 3.18545 0.0127027 0.00798285
11 5 255 0.072736 0.920566 0.42269 3.55534 0.0114838 0.00712203
11 6 280 0.0692532 0.91366 0.451986 4.0721 0.0125695 0.00771059
11 7 263 0.0687451 0.937087 0.542159 4.04329 0.0114392 0.00700601
11 8 226 0.0693289 0.931825 0.674409 3.78296 0.0095049 0.00583205
11 9 234 0.0579906 0.965024 0.771662 5.47382 0.00943651 0.00558682
11 10 221 0.0652707 0.951204 0.85196 4.24514 0.0087345 0.00529134
11 11 200 0.0566463 1.0439 0.96385 5.46963 0.00737893 0.00435013
11 12 180 0.0564168 1.04093 1.08886 5.36675 0.00638163 0.00375945
11 13 148 0.0473244 1.02202 1.11354 7.14465 0.00523484 0.00299643
11 14 122 0.049269 1.20244 1.40998 6.32257 0.003714 0.00213903
11 15 103 0.0532738 1.21627 1.56028 5.21769 0.00297856 0.00173733
11 16 88 0.0470446 1.24443 1.71171 6.44084 0.00241004 0.00137829
11 17 58 0.0366803 1.31352 1.83938 9.3441 0.00150429 0.000832541
11 18 25 0.032328 1.319 2.07158 10.4491 0.000604366 0.000329916
11 19 0 0 0 0 0 0 0
11 20 0 0 0 0 0 0 0
11 21 0 0 0 0 0 0 0
11 22 0 0 0 0 0 0 0
11 23 0 0 0 0 0 0 0
12 0 305 0.0752225 0.981631 0.0340921 3.46683 0.0139483 0.00871814
12 1 287 0.0686032 0.990598 0.133477 4.19054 0.0130119 0.00796567
12 2 301 0.0756724 0.975804 0.187556 3.39846 0.0136868 0.00856679
12 3 255 0.0788452 1.01383 0.250281 2.87284 0.0113055 0.00714685
12 4 270 0.0686834 0.982508 0.328549 4.10083 0.0120202 0.00736044
12 5 272 0.0663095 0.996977 0.413495 4.40455 0.0118501 0.00720228
12 6 279 0.072101 1.0014 0.526479 3.66128 0.0118444 0.00733107
12 7 221 0.0712552 1.01838 0.57892 3.51015 0.00919788 0.00567792
12 8 248 0.062373 1.06165 0.716845 4.78764 0.00978242 0.00587229
12 9 217 0.063406 1.13687 0.827775 4.43706 0.00806112 0.0048548
12 10 207 0.0579352 1.12151 0.95045 5.24897 0.00746319 0.00441775
12 11 200 0.0535631 1.12168 1.05026 6.01199 0.00699292 0.00408257
12 12 167 0.0501074 1.16178 1.13626 6.53922 0.00561038 0.0032398
12 13 121 0.0535032 1.23516 1.22491 5.43142 0.00386564 0.00225639
12 14 100 0.0443361 1.19306 1.39023 7.42272 0.00307132 0.00174148
12 15 89 0.0431939 1.31675 1.56475 7.55693 0.00250614 0.00141588
12 16 38 0.0396004 1.30993 1.77563 7.82367 0.00100551 0.000561656
12 17 20 0.73046 1.62211 2.06509 -10.6139 0.000456254 0.000246796
12 18 12 0.730149 1.31529 2.00997 -11.0464 0.00029564 0.000159849
12 19 0 0 0 0 0 0 0
12 20 0 0 0 0 0 0 0
12 21 0 0 0 0 0 0 0
12 22 0 0 0 0 0 0 0
12 23 0 0 0 0 0 0 0
13 0 256 0.0730624 1.11341 0.0518549 3.47043 0.0109588 0.0068034
13 1 263 0.0670454 1.12977 0.127302 4.24154 0.0111344 0.006783
13 2 285 0.0730054 1.04141 0.191756 3.61213 0.0125435 0.00778584
13 3 284 0.0672477 1.09215 0.297973 4.29343 0.0120525 0.00734695
13 4 296 0.0686958 1.14723 0.372559 4.10667 0.0121101 0.00741575
13 5 244 0.0662169 1.13432 0.466912 4.23586 0.00988301 0.00600497
13 6 232 0.0668966 1.14025 0.513166 4.08049 0.00928851 0.00565584
13 7 222 0.0644432 1.15918 0.60956 4.35284 0.00863621 0.00521817
13 8 195 0.0620477 1.18554 0.697721 4.55218 0.00735 0.0044076
13 9 196 0.0642679 1.23229 0.834324 4.16944 0.00700755 0.00423177
13 10 184 0.0629975 1.30674 0.900856 4.25012 0.00628748 0.00378175
13 11 179 0.055021 1.27404 0.991117 5.57651 0.00604292 0.00354425
13 12 131 0.0491785 1.36232 1.18818 6.43436 0.0040649 0.00234045
13 13 109 0.0458494 1.33672 1.25033 7.08648 0.00335005 0.00190864
13 14 93 0.0434349 1.34251 1.46926 7.55011 0.00267652 0.0015133
13 15 68 0.0428112 1.43555 1.54095 7.3808 0.0018697 0.00105504
13 16 39 0.0460968 1.58112 1.83603 5.76342 0.000953742 0.000543806
13 17 28 0.0422901 1.66659 2.0492 6.46397 0.000635508 0.000358015
13 18 16 0.72551 1.73608 2.28964 -10.8948 0.000337112 0.000181114
13 19 0 0 0 0 0 0 0
13 20 0 0 0 0 0 0 0
13 21 0 0 0 0 0 0 0
13 22 0 0 0 0 0 0 0
13 23 0 0 0 0 0 0 0
14 0 229 0.0671394 1.23019 0.0411399 4.04408 0.00925627 0.00564052
14 1 264 0.0664313 1.18968 0.125238 4.29994 0.0108539 0.00659932
14 2 264 0.0656472 1.2116 0.209518 4.39276 0.0106778 0.00647626
14 3 250 0.0656385 1.23682 0.289322 4.31967 0.00991309 0.00601229
14 4 253 0.0641925 1.20128 0.332594 4.55084 0.0101487 0.00612723
14 5 216 0.0672717 1.23275 0.452834 3.92774 0.00838819 0.00511366
14 6 207 0.0641861 1.23851 0.583846 4.29188 0.00782606 0.00472484
14 7 235 0.0550389 1.33956 0.614946 5.9092 0.0084574 0.00496065
14 8 183 0.0586338 1.34354 0.702923 4.9825 0.00645835 0.00383139
14 9 167 0.0583172 1.3221 0.845849 4.92163 0.00575228 0.00340911
14 10 132 0.0527744 1.37427 0.986852 5.68967 0.00430542 0.0025073
14 11 123 0.0514584 1.44579 1.05066 5.85946 0.00384997 0.00223275
14 12 126 0.0444379 1.39497 1.13182 7.63958 0.00392855 0.00222826
14 13 86 0.0418538 1.49287 1.37661 7.94621 0.00243547 0.00137013
14 14 56 0.0458407 1.475 1.39255 6.34185 0.00158726 0.000904293
14 15 29 0.0486471 1.64966 1.6885 4.83835 0.000725121 0.000416802
14 16 18 0.73224 1.79548 1.70291 -10.6756 0.000432312 0.000234415
14 17 0 0 0 0 0 0 0
14 18 0 0 0 0 0 0 0
14 19 0 0 0 0 0 0 0
14 20 0 0 0 0 0 0 0
14 21 0 0 0 0 0 0 0
14 22 0 0 0 0 0 0 0
14 23 0 0 0 0 0 0 0
15 0 214 0.0607308 1.32164 0.00768776 4.88011 0.00827707 0.00494296
15 1 254 0.061971 1.33699 0.111513 4.8447 0.00973041 0.00583366
15 2 241 0.0692193 1.38483 0.212329 3.73962 0.0089751 0.00550508
15 3 243 0.063393 1.40381 0.300863 4.53834 0.00890299 0.00536159
15 4 207 0.0653572 1.36768 0.378051 4.09947 0.00764384 0.00463188
15 5 225 0.0642955 1.40931 0.480405 4.30303 0.00804148 0.00485657
15 6 211 0.0560111 1.4377 0.532529 5.58892 0.00738921 0.00434744
15 7 175 0.0522118 1.39528 0.651211 6.15852 0.00611002 0.0035519
15 8 165 0.0566347 1.46943 0.770321 5.17058 0.00545998 0.00321872
15 9 164 0.0562157 1.56117 0.890862 5.18205 0.00511097 0.00300899
15 10 126 0.0454533 1.55221 1.00204 7.33239 0.00384464 0.00218769
15 11 97 0.0512001 1.5518 1.12343 5.62507 0.00287727 0.00166728
15 12 89 0.0532146 1.56228 1.21772 5.0828 0.00257114 0.00149941
15 13 52 0.0414652 1.6288 1.42667 7.51674 0.0013976 0.000785291
15 14 34 0.0341169 1.69075 1.57508 9.92047 0.000865619 0.000475208
15 15 20 0.0386831 1.91977 1.9297 7.33597 0.000442106 0.000246236
15 16 0 0 0 0 0 0 0
15 17 0 0 0 0 0 0 0
15 18 0 0 0 0 0 0 0
15 19 0 0 0 0 0 0 0
15 20 0 0 0 0 0 0 0
15 21 0 0 0 0 0 0 0
15 22 0 0 0 0 0 0 0
15 23 0 0 0 0 0 0 0
16 0 225 0.0604162 1.52652 0.0483863 4.88476 0.00790072 0.00471353
16 1 194 0.0590372 1.38175 0.118139 5.0322 0.00727359 0.00432054
16 2 194 0.05455 1.46101 0.241557 5.80973 0.00695959 0.00407581
16 3 192 0.0587546 1.44524 0.270186 5.03099 0.00692174 0.00410787
16 4 176 0.0624245 1.52606 0.383679 4.29938 0.00605122 0.00363308
16 5 185 0.0577279 1.49012 0.474165 5.13026 0.00638902 0.00377943
16 6 167 0.0584028 1.57042 0.579963 4.86001 0.00548975 0.0032544
16 7 149 0.0518238 1.62954 0.693754 5.97863 0.00469607 0.00272659
16 8 133 0.0517285 1.55179 0.732584 5.90941 0.00429258 0.00249157
16 9 116 0.049244 1.75357 0.915933 6.22667 0.00335443 0.00193178
16 10 94 0.0439676 1.82004 1.16326 7.33654 0.00253149 0.00143371
16 11 61 0.0447102 1.77413 1.15944 6.7055 0.00166858 0.000947226
16 12 50 0.0430669 1.79588 1.31698 6.94897 0.00131291 0.000741453
16 13 30 0.0332229 1.87147 1.4515 10.2069 0.000748033 0.000409498
16 14 28 0.0347728 1.72479 1.52092 9.42655 0.00071577 0.000393759
16 15 13 0.718215 1.7749 1.6101 -10.9118 0.000320924 0.000170683
16 16 0 0 0 0 0 0 0
16 17 0 0 0 0 0 0 0
16 18 0 0 0 0 0 0 0
16 19 0 0 0 0 0 0 0
16 20 0 0 0 0 0 0 0
16 21 0 0 0 0 0 0 0
16 22 0 0 0 0 0 0 0
16 23 0 0 0 0 0 0 0
17 0 171 0.0660755 1.64175 0.0620652 3.70501 0.00569926 0.00346136
17 1 167 0.0577614 1.76286 0.16324 4.93078 0.00526488 0.00311478
17 2 171 0.0536216 1.71867 0.241778 5.75491 0.00547237 0.00319544
17 3 162 0.0566299 1.641 0.294095 5.14957 0.00534172 0.00314896
17 4 143 0.0561405 1.75421 0.444445 5.0539 0.00443357 0.00260956
17 5 142 0.0554854 1.77236 0.535014 5.15297 0.00432598 0.00254097
17 6 125 0.0525208 1.74263 0.649004 5.61675 0.00379505 0.00220831
17 7 94 0.0544762 1.86736 0.690498 4.87909 0.00270455 0.00158352
17 8 89 0.0448474 1.74803 0.859661 7.11229 0.00260548 0.00147974
17 9 69 0.0400453 1.88744 0.879752 8.31092 0.0019147 0.00107102
17 10 64 0.0492544 1.82496 1.11727 5.56605 0.00173694 0.00100032
17 11 46 0.0374517 1.97928 1.23187 8.77513 0.0011624 0.000644896
17 12 26 0.733212 1.72422 1.22012 -10.1792 0.00071316 0.000387214
17 13 16 0.0327049 2.17875 1.68198 9.70876 0.000350229 0.000191414
17 14 0 0 0 0 0 0 0
17 15 0 0 0 0 0 0 0
17 16 0 0 0 0 0 0 0
17 17 0 0 0 0 0 0 0
17 18 0 0 0 0 0 0 0
17 19 0 0 0 0 0 0 0
17 20 0 0 0 0 0 0 0
17 21 0 0 0 0 0 0 0
17 22 0 0 0 0 0 0 0
17 23 0 0 0 0 0 0 0
18 0 135 0.0531741 1.74588 0.0243537 5.6056 0.00430082 0.00250779
18 1 135 0.043961 1.83988 0.117436 7.82699 0.00412606 0.00233675
18 2 118 0.0475031 1.83835 0.195528 6.7244 0.00359879 0.00206112
18 3 121 0.0560596 1.78231 0.345407 4.8995 0.00374224 0.00220209
18 4 111 0.047971 1.81628 0.438696 6.53728 0.00335746 0.00192575
18 5 106 0.0473319 1.85406 0.560222 6.62434 0.00311725 0.00178436
18 6 84 0.0337364 1.88669 0.679583 11.1229 0.00240293 0.00131758
18 7 60 0.0408123 1.9561 0.759023 7.90217 0.00165475 0.000927859
18 8 72 0.0411582 1.98352 0.84122 7.94729 0.00194308 0.00109073
18 9 34 0.0359314 2.23921 1.08633 9.04234 0.000812576 0.000448653
18 10 33 0.0362631 2.17006 1.13364 8.88598 0.000799866 0.000442098
18 11 26 0.0339953 2.26639 1.4651 9.57605 0.000579101 0.000317793
18 12 14 0.0311061 2.66287 1.6711 10.3128 0.000272032 0.000147928
18 13 0 0 0 0 0 0 0
18 14 0 0 0 0 0 0 0
18 15 0 0 0 0 0 0 0
18 16 0 0 0 0 0 0 0
18 17 0 0 0 0 0 0 0
18 18 0 0 0 0 0 0 0
18 19 0 0 0 0 0 0 0
18 20 0 0 0 0 0 0 0
18 21 0 0 0 0 0 0 0
18 22 0 0 0 0 0 0 0
18 23 0 0 0 0 0 0 0
19 0 78 0.0486679 2.00906 0.0218219 5.95575 0.00222788 0.00128068
19 1 84 0.0451791 1.92885 0.10001 6.96818 0.00247572 0.00140752
19 2 71 0.0509613 1.93271 0.31627 5.34867 0.00206975 0.00119844
19 3 63 0.0548636 2.04879 0.346513 4.36855 0.00175129 0.00102664
19 4 64 0.0483119 2.2212 0.555049 5.73767 0.0016421 0.000942884
19 5 61 0.0445045 2.17933 0.600607 6.71083 0.0015819 0.000897433
19 6 48 0.0423951 2.2318 0.639141 7.08092 0.00121726 0.000685978
19 7 43 0.0427871 2.26556 0.799124 6.82002 0.00105927 0.00059768
19 8 31 0.0404324 2.22698 0.880321 7.26065 0.000765751 0.00042886
19 9 22 0.0348549 2.50118 1.16806 8.99041 0.000480328 0.000264306
19 10 11 0.732595 2.44813 1.3077 -11.2697 0.000239014 0.000129665
19 11 11 0.709956 2.34614 1.57176 -11.1849 0.000235373 0.000123743
19 12 0 0 0 0 0 0 0
19 13 0 0 0 0 0 0 0
19 14 0 0 0 0 0 0 0
19 15 0 0 0 0 0 0 0
19 16 0 0 0 0 0 0 0
19 17 0 0 0 0 0 0 0
19 18 0 0 0 0 0 0 0
19 19 0 0 0 0 0 0 0
19 20 0 0 0 0 0 0 0
19 21 0 0 0 0 0 0 0
19 22 0 0 0 0 0 0 0
19 23 0 0 0 0 0 0 0
20 0 59 0.0385832 2.22863 0.00957142 8.6266 0.0015483 0.000862068
20 1 43 0.0422968 2.22804 0.123655 7.03497 0.00112723 0.000635043
20 2 40 0.0329374 2.01425 0.199473 10.7672 0.00113574 0.000621181
20 3 43 0.0446703 2.15486 0.36141 6.34212 0.00114711 0.000651114
20 4 34 0.726706 2.09115 0.427638 -9.89109 0.000924659 0.000497594
20 5 20 0.0366919 2.48788 0.634143 8.16598 0.000465303 0.000257529
20 6 29 0.0353086 2.28461 0.67016 9.192 0.000719875 0.000396688
20 7 13 0.034304 2.73101 1.02878 8.66813 0.00027013 0.000148384
20 8 15 0.0402356 2.50262 0.976221 6.50299 0.000335454 0.000187754
20 9 0 0 0 0 0 0 0
20 10 0 0 0 0 0 0 0
20 11 0 0 0 0 0 0 0
20 12 0 0 0 0 0 0 0
20 13 0 0 0 0 0 0 0
20 14 0 0 0 0 0 0 0
20 15 0 0 0 0 0 0 0
20 16 0 0 0 0 0 0 0
20 17 0 0 0 0 0 0 0
20 18 0 0 0 0 0 0 0
20 19 0 0 0 0 0 0 0
20 20 0 0 0 0 0 0 0
20 21 0 0 0 0 0 0 0
20 22 0 0 0 0 0 0 0
20 23 0 0 0 0 0 0 0
21 0 25 0.0415209 2.33103 0.0477888 6.70446 0.000631696 0.000355003
21 1 25 0.0469376 2.44777 0.320119 5.0809 0.000601684 0.000343984
21 2 22 0.723707 2.26429 0.205896 -10.3656 0.000567776 0.00030428
21 3 17 0.72211 2.37446 0.361464 -10.6627 0.000418862 0.00022398
21 4 16 0.724234 2.57656 0.439311 -10.8057 0.000366495 0.000196554
21 5 10 0.0381637 2.04953 0.406766 7.06324 0.000276725 0.000153872
21 6 0 0 0 0 0 0 0
21 7 0 0 0 0 0 0 0
21 8 0 0 0 0 0 0 0
21 9 0 0 0 0 0 0 0
21 10 0 0 0 0 0 0 0
21 11 0 0 0 0 0 0 0
21 12 0 0 0 0 0 0 0
21 13 0 0 0 0 0 0 0
21 14 0 0 0 0 0 0 0
21 15 0 0 0 0 0 0 0
21 16 0 0 0 0 0 0 0
21 17 0 0 0 0 0 0 0
21 18 0 0 0 0 0 0 0
21 19 0 0 0 0 0 0 0
21 20 0 0 0 0 0 0 0
21 21 0 0 0 0 0 0 0
21 22 0 0 0 0 0 0 0
21 23 0 0 0 0 0 0 0
22 0 0 0 0 0 0 0 0
22 1 0 0 0 0 0 0 0
22 2 0 0 0 0 0 0 0
22 3 0 0 0 0 0 0 0
22 4 0 0 0 0 0 0 0
22 5 0 0 0 0 0 0 0
22 6 0 0 0 0 0 0 0
22 7 0 0 0 0 0 0 0
22 8 0 0 0 0 0 0 0
22 9 0 0 0 0 0 0 0
22 10 0 0 0 0 0 0 0
22 11 0 0 0 0 0 0 0
22 12 0 0 0 0 0 0 0
22 13 0 0 0 0 0 0 0
22 14 0 0 0 0 0 0 0
22 15 0 0 0 0 0 0 0
22 16 0 0 0 0 0 0 0
22 17 0 0 0 0 0 0 0
22 18 0 0 0 0 0 0 0
22 19 0 0 0 0 0 0 0
22 20 0 0 0 0 0 0 0
22 21 0 0 0 0 0 0 0
22 22 0 0 0 0 0 0 0
22 23 0 0 0 0 0 0 0
23 0 0 0 0 0 0 0 0
23 1 0 0 0 0 0 0 0
23 2 0 0 0 0 0 0 0
23 3 0 0 0 0 0 0 0
23 4 0 0 0 0 0 0 0
23 5 0 0 0 0 0 0 0
23 6 0 0 0 0 0 0 0
23 7 0 0 0 0 0 0 0
23 8 0 0 0 0 0 0 0
23 9 0 0 0 0 0 0 0
23 10 0 0 0 0 0 0 0
23 11 0 0 0 0 0 0 0
23 12 0 0 0 0 0 0 0
23 13 0 0 0 0 0 0 0
23 14 0 0 0 0 0 0 0
23 15 0 0 0 0 0 0 0
23 16 0 0 0 0 0 0 0
23 17 0 0 0 0 0 0 0
23 18 0 0 0 0 0 0 0
23 19 0 0 0 0 0 0 0
23 20 0 0 0 0 0 0 0
23 21 0 0 0 0 0 0 0
23 22 0 0 0 0 0 0 0
23 23 0 0 0 0 0 0 0
