#  ix    iy     NB       E/N    TB    UxB       UyB       muB       rhoB     epsilonB
0 0 13 0.0783475 -0.0279627 -0.0198061 7.24931 0.000928027 0.00126053
0 1 13 0.0779324 0.0963561 0.0327365 7.33708 0.0009238 0.00125413
0 2 21 0.0859712 0.011787 0.106042 6.17924 0.00149153 0.00204557
0 3 14 0.0982365 0.127629 0.357809 3.70542 0.000934818 0.00130213
0 4 17 0.731015 0.00462863 0.274115 -10.65 0.00117107 0.00158202
0 5 12 0.731766 0.0254894 0.430343 -11.0513 0.000787117 0.00106442
0 6 15 0.120288 -0.0202396 0.387043 1.13828 0.00099902 0.00143103
0 7 23 0.0962081 0.122515 0.454591 4.46772 0.00148636 0.00206508
0 8 12 0.0792364 0.038661 0.61951 6.81231 0.000728255 0.000990295
0 9 13 0.708154 0.0602338 0.590073 -10.9097 0.000798651 0.00104517
0 10 14 0.0839242 0.0860339 0.760489 5.9375 0.000794115 0.00108627
0 11 17 0.732526 0.0406062 0.758744 -10.8496 0.000966847 0.00130883
0 12 0 0 0 0 0 0 0
0 13 14 0.710618 0.0259474 0.92756 -11.009 0.000733031 0.000962633
0 14 11 0.0887615 0.0220774 1.31103 4.53573 0.000476472 0.000655772
0 15 0 0 0 0 0 0 0
0 16 0 0 0 0 0 0 0
0 17 0 0 0 0 0 0 0
0 18 0 0 0 0 0 0 0
0 19 0 0 0 0 0 0 0
0 20 0 0 0 0 0 0 0
0 21 0 0 0 0 0 0 0
0 22 0 0 0 0 0 0 0
0 23 0 0 0 0 0 0 0
1 0 18 0.124103 0.0724606 0.012152 1.02094 0.00128226 0.00184565
1 1 16 0.0788324 0.0687657 0.0337843 7.34794 0.00113952 0.00154875
1 2 14 0.0837422 0.128344 0.110857 6.18927 0.000985922 0.00134834
1 3 23 0.0803407 0.122098 0.261329 7.34984 0.0015785 0.00214948
1 4 13 0.10593 0.168157 0.21347 2.62841 0.000896075 0.0012604
1 5 15 0.0781371 0.160166 0.277499 7.39081 0.00102033 0.00138554
1 6 14 0.102334 0.134055 0.513598 3.07953 0.000883279 0.00123675
1 7 21 0.0825706 0.131825 0.461343 6.73685 0.00135239 0.00184677
1 8 11 0.0847013 0.210954 0.501703 5.64752 0.000690124 0.000944953
1 9 20 0.726328 0.165943 0.724242 -10.6463 0.00114669 0.00153915
1 10 10 0.68963 0.0625612 0.798079 -11.1652 0.00055762 0.000710651
1 11 13 0.732441 0.191407 0.847771 -11.1709 0.000700863 0.000948654
1 12 11 0.72718 0.163381 0.964816 -11.3647 0.000561574 0.000754658
1 13 12 0.714337 0.161419 1.19143 -11.32 0.000548105 0.00072355
1 14 0 0 0 0 0 0 0
1 15 0 0 0 0 0 0 0
1 16 0 0 0 0 0 0 0
1 17 0 0 0 0 0 0 0
1 18 0 0 0 0 0 0 0
1 19 0 0 0 0 0 0 0
1 20 0 0 0 0 0 0 0
1 21 0 0 0 0 0 0 0
1 22 0 0 0 0 0 0 0
1 23 0 0 0 0 0 0 0
2 0 15 0.727146 0.162363 -0.0141466 -10.7316 0.00105748 0.001421
2 1 17 0.092153 0.140721 0.146924 4.87908 0.00118991 0.00164473
2 2 21 0.100454 0.122406 0.118002 3.85065 0.00147878 0.00206563
2 3 24 0.116413 0.120956 0.141249 2.0566 0.00168539 0.00240237
2 4 10 0.0974732 0.12566 0.318231 3.49198 0.000675824 0.000940463
2 5 0 0 0 0 0 0 0
2 6 16 0.72939 0.214556 0.380727 -10.7532 0.00104722 0.00141156
2 7 23 0.111598 0.173962 0.577622 2.40259 0.00140672 0.00199294
2 8 13 0.715188 0.0916874 0.602542 -10.9553 0.000792909 0.00104796
2 9 25 0.732057 0.151886 0.666256 -10.4252 0.00147435 0.00199457
2 10 13 0.732437 0.203918 0.684651 -11.0957 0.000755578 0.00102271
2 11 14 0.104774 0.192496 0.906117 2.57471 0.00073361 0.00103037
2 12 12 0.0886534 0.258306 0.871751 4.84058 0.000634195 0.000872727
2 13 0 0 0 0 0 0 0
2 14 0 0 0 0 0 0 0
2 15 0 0 0 0 0 0 0
2 16 0 0 0 0 0 0 0
2 17 0 0 0 0 0 0 0
2 18 0 0 0 0 0 0 0
2 19 0 0 0 0 0 0 0
2 20 0 0 0 0 0 0 0
2 21 0 0 0 0 0 0 0
2 22 0 0 0 0 0 0 0
2 23 0 0 0 0 0 0 0
3 0 21 0.106649 0.267835 0.0607686 3.01765 0.00144644 0.00203639
3 1 17 0.729581 0.218615 0.159021 -10.6415 0.00117221 0.00158045
3 2 0 0 0 0 0 0 0
3 3 17 0.11866 0.193246 0.308017 1.43448 0.00114118 0.0016313
3 4 18 0.0946308 0.179145 0.385876 4.47998 0.0011831 0.00164046
3 5 22 0.105395 0.230247 0.29436 3.19204 0.001472 0.00206908
3 6 11 0.114847 0.0944477 0.486603 1.35044 0.000703975 0.00100146
3 7 19 0.0928852 0.275785 0.468258 4.76291 0.00119244 0.00164976
3 8 0 0 0 0 0 0 0
3 9 18 0.102636 0.277277 0.648461 3.21281 0.0010507 0.00147173
3 10 13 0.107207 0.266856 0.763006 2.25423 0.00072215 0.00101741
3 11 0 0 0 0 0 0 0
3 12 0 0 0 0 0 0 0
3 13 0 0 0 0 0 0 0
3 14 11 0.729223 0.328306 1.20927 -11.5116 0.000490104 0.000660466
3 15 0 0 0 0 0 0 0
3 16 0 0 0 0 0 0 0
3 17 0 0 0 0 0 0 0
3 18 0 0 0 0 0 0 0
3 19 0 0 0 0 0 0 0
3 20 0 0 0 0 0 0 0
3 21 0 0 0 0 0 0 0
3 22 0 0 0 0 0 0 0
3 23 0 0 0 0 0 0 0
4 0 21 0.726648 0.30124 0.0246784 -10.4231 0.00143585 0.00192812
4 1 21 0.0788394 0.264471 0.247259 7.55968 0.00141041 0.00191693
4 2 13 0.718577 0.436202 0.246785 -10.9278 0.000830149 0.00110238
4 3 19 0.10249 0.282829 0.127547 3.44223 0.00129619 0.00181526
4 4 15 0.73072 0.320409 0.288905 -10.8227 0.000983779 0.00132847
4 5 17 0.0809161 0.291994 0.250451 6.89795 0.00113332 0.00154439
4 6 18 0.726943 0.32298 0.441046 -10.6658 0.00112815 0.00151555
4 7 11 0.725608 0.337878 0.60154 -11.2151 0.000646725 0.000867209
4 8 18 0.719777 0.24464 0.453151 -10.6144 0.00114305 0.00152043
4 9 0 0 0 0 0 0 0
4 10 19 0.724624 0.425751 0.831146 -10.7822 0.000991893 0.00132825
4 11 12 0.714172 0.419634 1.03059 -11.2748 0.000572931 0.000756148
4 12 0 0 0 0 0 0 0
4 13 0 0 0 0 0 0 0
4 14 10 0.716729 0.463389 1.25251 -11.58 0.000428129 0.000567063
4 15 0 0 0 0 0 0 0
4 16 0 0 0 0 0 0 0
4 17 0 0 0 0 0 0 0
4 18 0 0 0 0 0 0 0
4 19 0 0 0 0 0 0 0
4 20 0 0 0 0 0 0 0
4 21 0 0 0 0 0 0 0
4 22 0 0 0 0 0 0 0
4 23 0 0 0 0 0 0 0
5 0 30 0.1219 0.393501 0.0630629 1.67008 0.00199061 0.00285724
5 1 15 0.138807 0.304555 -0.00933415 -0.442825 0.00102491 0.00150298
5 2 16 0.720614 0.342671 0.107309 -10.6797 0.00107561 0.00143239
5 3 13 0.0789436 0.273967 0.249715 7.05456 0.000870674 0.00118352
5 4 12 0.720167 0.29894 0.350856 -11.0007 0.000778428 0.00103599
5 5 19 0.112538 0.422398 0.47733 2.0901 0.00114444 0.00162329
5 6 13 0.0886084 0.333605 0.374054 5.11769 0.000830138 0.0011423
5 7 15 0.713405 0.246832 0.531081 -10.7921 0.000924548 0.0012189
5 8 24 0.726131 0.445135 0.577752 -10.4564 0.00138504 0.00185857
5 9 11 0.084387 0.356854 0.581672 5.64628 0.000648999 0.000888289
5 10 14 0.0884685 0.395343 0.798684 5.03613 0.000746561 0.00102712
5 11 16 0.091484 0.352556 0.846433 4.64329 0.000842355 0.00116334
5 12 14 0.726162 0.561577 0.991561 -11.1984 0.000659587 0.000885131
5 13 0 0 0 0 0 0 0
5 14 0 0 0 0 0 0 0
5 15 0 0 0 0 0 0 0
5 16 0 0 0 0 0 0 0
5 17 0 0 0 0 0 0 0
5 18 0 0 0 0 0 0 0
5 19 0 0 0 0 0 0 0
5 20 0 0 0 0 0 0 0
5 21 0 0 0 0 0 0 0
5 22 0 0 0 0 0 0 0
5 23 0 0 0 0 0 0 0
6 0 25 0.094466 0.436541 0.106522 4.82527 0.00162883 0.00225802
6 1 21 0.103581 0.460776 0.114468 3.34262 0.00135503 0.00190029
6 2 25 0.0839285 0.491396 0.116557 6.63342 0.00159397 0.00218041
6 3 22 0.0775253 0.444929 0.208423 7.85165 0.00141039 0.00191373
6 4 19 0.10106 0.476409 0.445054 3.50419 0.00113687 0.00158926
6 5 0 0 0 0 0 0 0
6 6 13 0.0821778 0.442606 0.357743 6.29963 0.000807032 0.00110151
6 7 0 0 0 0 0 0 0
6 8 13 0.724486 0.472709 0.466517 -11.0301 0.000773516 0.00103562
6 9 10 0.697682 0.44288 0.630394 -11.1961 0.000565836 0.000729541
6 10 11 0.704015 0.470093 0.788343 -11.2087 0.000578848 0.000753092
6 11 10 0.722291 0.523514 0.793892 -11.4201 0.000517608 0.0006909
6 12 11 0.726894 0.511895 1.09903 -11.4794 0.000499949 0.000671581
6 13 0 0 0 0 0 0 0
6 14 0 0 0 0 0 0 0
6 15 0 0 0 0 0 0 0
6 16 0 0 0 0 0 0 0
6 17 0 0 0 0 0 0 0
6 18 0 0 0 0 0 0 0
6 19 0 0 0 0 0 0 0
6 20 0 0 0 0 0 0 0
6 21 0 0 0 0 0 0 0
6 22 0 0 0 0 0 0 0
6 23 0 0 0 0 0 0 0
7 0 22 0.0774197 0.482091 0.0334217 7.87869 0.00141488 0.00191957
7 1 22 0.0910454 0.609999 0.0606789 5.18001 0.00133974 0.00184923
7 2 17 0.0864202 0.758258 0.0389675 5.66309 0.000967114 0.00132711
7 3 14 0.149241 0.42222 0.264264 -1.3216 0.000895106 0.00133009
7 4 14 0.10982 0.424682 0.232398 2.16133 0.000900075 0.00127229
7 5 19 0.0810579 0.454565 0.328078 6.91207 0.00118382 0.00161349
7 6 12 0.728799 0.449994 0.337948 -11.088 0.000746981 0.00100605
7 7 12 0.715255 0.614352 0.430741 -11.1011 0.000685612 0.000906236
7 8 0 0 0 0 0 0 0
7 9 11 0.7265 0.574584 0.726436 -11.3349 0.000576446 0.00077392
7 10 0 0 0 0 0 0 0
7 11 0 0 0 0 0 0 0
7 12 0 0 0 0 0 0 0
7 13 0 0 0 0 0 0 0
7 14 0 0 0 0 0 0 0
7 15 0 0 0 0 0 0 0
7 16 0 0 0 0 0 0 0
7 17 0 0 0 0 0 0 0
7 18 0 0 0 0 0 0 0
7 19 0 0 0 0 0 0 0
7 20 0 0 0 0 0 0 0
7 21 0 0 0 0 0 0 0
7 22 0 0 0 0 0 0 0
7 23 0 0 0 0 0 0 0
8 0 12 0.715036 0.618241 0.0824719 -11.0409 0.000727275 0.000961011
8 1 19 0.0908904 0.693293 0.248253 5.00215 0.00109281 0.0015081
8 2 20 0.717132 0.49613 0.167914 -10.4984 0.00126549 0.00167711
8 3 22 0.722136 0.598798 0.176261 -10.4733 0.00133305 0.00177896
8 4 16 0.0827787 0.536553 0.246327 6.37742 0.000984138 0.00134426
8 5 17 0.110623 0.605886 0.322839 2.17422 0.00100108 0.0014165
8 6 20 0.0791267 0.598553 0.412959 7.29763 0.00115538 0.0015709
8 7 0 0 0 0 0 0 0
8 8 12 0.700566 0.662198 0.673737 -11.1159 0.00062308 0.000806668
8 9 17 0.70166 0.738169 0.771018 -10.835 0.000830192 0.00107648
8 10 10 0.713122 0.622235 0.74432 -11.3802 0.00051267 0.000675622
8 11 0 0 0 0 0 0 0
8 12 0 0 0 0 0 0 0
8 13 0 0 0 0 0 0 0
8 14 0 0 0 0 0 0 0
8 15 0 0 0 0 0 0 0
8 16 0 0 0 0 0 0 0
8 17 0 0 0 0 0 0 0
8 18 0 0 0 0 0 0 0
8 19 0 0 0 0 0 0 0
8 20 0 0 0 0 0 0 0
8 21 0 0 0 0 0 0 0
8 22 0 0 0 0 0 0 0
8 23 0 0 0 0 0 0 0
9 0 20 0.0976714 0.704478 -0.0336513 4.00964 0.00116743 0.00162498
9 1 15 0.091182 0.614751 0.0929536 4.7704 0.000909901 0.00125615
9 2 18 0.728605 0.547726 0.197948 -10.6899 0.00111103 0.00149595
9 3 11 0.71901 0.647694 0.187044 -11.1725 0.000651492 0.000865656
9 4 12 0.129828 0.682976 0.403491 -0.139187 0.000671518 0.00097361
9 5 13 0.107048 0.595926 0.365127 2.32636 0.000761112 0.00107208
9 6 0 0 0 0 0 0 0
9 7 16 0.0783937 0.811213 0.528157 7.11674 0.000821155 0.00111543
9 8 14 0.0839818 0.829474 0.717223 5.76205 0.000673827 0.000921798
9 9 12 0.685614 0.706937 0.784723 -11.087 0.000589307 0.000746661
9 10 0 0 0 0 0 0 0
9 11 0 0 0 0 0 0 0
9 12 0 0 0 0 0 0 0
9 13 0 0 0 0 0 0 0
9 14 0 0 0 0 0 0 0
9 15 0 0 0 0 0 0 0
9 16 0 0 0 0 0 0 0
9 17 0 0 0 0 0 0 0
9 18 0 0 0 0 0 0 0
9 19 0 0 0 0 0 0 0
9 20 0 0 0 0 0 0 0
9 21 0 0 0 0 0 0 0
9 22 0 0 0 0 0 0 0
9 23 0 0 0 0 0 0 0
10 0 32 0.7308 0.792343 0.0081071 -10.2238 0.00179148 0.00241943
10 1 18 0.732021 0.775388 0.0552541 -10.7983 0.00101509 0.00137319
10 2 16 0.0793313 0.743697 0.203788 7.0091 0.000905032 0.00123083
10 3 21 0.0819269 0.804248 0.243875 6.70318 0.00114832 0.00156684
10 4 25 0.103469 0.774582 0.399641 3.3507 0.00134615 0.00188757
10 5 14 0.0870497 0.910296 0.617284 5.18523 0.000672722 0.000923867
10 6 16 0.084553 0.830456 0.537069 5.83922 0.000812583 0.00111242
10 7 12 0.0829053 0.798015 0.474772 5.90316 0.00062811 0.000858088
10 8 14 0.72435 1.11103 0.848207 -11.3142 0.000581844 0.000778855
10 9 0 0 0 0 0 0 0
10 10 0 0 0 0 0 0 0
10 11 0 0 0 0 0 0 0
10 12 0 0 0 0 0 0 0
10 13 0 0 0 0 0 0 0
10 14 0 0 0 0 0 0 0
10 15 0 0 0 0 0 0 0
10 16 0 0 0 0 0 0 0
10 17 0 0 0 0 0 0 0
10 18 0 0 0 0 0 0 0
10 19 0 0 0 0 0 0 0
10 20 0 0 0 0 0 0 0
10 21 0 0 0 0 0 0 0
10 22 0 0 0 0 0 0 0
10 23 0 0 0 0 0 0 0
11 0 18 0.726758 0.901352 0.108282 -10.8347 0.000951947 0.00127851
11 1 17 0.078659 0.715412 0.0667799 7.24136 0.000986125 0.00133997
11 2 11 0.0915496 1.03301 0.246006 4.18535 0.000538662 0.000743986
11 3 19 0.0914652 0.828785 0.24237 4.84477 0.00102719 0.00141857
11 4 12 0.686502 0.795088 0.258772 -10.9825 0.000657567 0.000834226
11 5 14 0.728454 0.947995 0.342546 -11.145 0.00070429 0.000948102
11 6 0 0 0 0 0 0 0
11 7 16 0.0783492 0.977099 0.628692 7.02996 0.000745522 0.00101264
11 8 0 0 0 0 0 0 0
11 9 0 0 0 0 0 0 0
11 10 10 0.721013 0.951072 0.739296 -11.5395 0.000456238 0.000607907
11 11 0 0 0 0 0 0 0
11 12 0 0 0 0 0 0 0
11 13 0 0 0 0 0 0 0
11 14 0 0 0 0 0 0 0
11 15 0 0 0 0 0 0 0
11 16 0 0 0 0 0 0 0
11 17 0 0 0 0 0 0 0
11 18 0 0 0 0 0 0 0
11 19 0 0 0 0 0 0 0
11 20 0 0 0 0 0 0 0
11 21 0 0 0 0 0 0 0
11 22 0 0 0 0 0 0 0
11 23 0 0 0 0 0 0 0
12 0 18 0.0978661 0.981106 -0.0141578 3.74062 0.000917719 0.00127772
12 1 11 0.689193 0.790003 0.0729135 -11.0639 0.000615528 0.000783955
12 2 15 0.0959601 0.991631 0.311741 3.8114 0.00074281 0.0010317
12 3 18 0.727385 0.946309 0.35479 -10.8893 0.000904317 0.00121559
12 4 12 0.705256 0.921034 0.336363 -11.1599 0.00061202 0.000797654
12 5 0 0 0 0 0 0 0
12 6 0 0 0 0 0 0 0
12 7 0 0 0 0 0 0 0
12 8 0 0 0 0 0 0 0
12 9 0 0 0 0 0 0 0
12 10 0 0 0 0 0 0 0
12 11 0 0 0 0 0 0 0
12 12 0 0 0 0 0 0 0
12 13 0 0 0 0 0 0 0
12 14 0 0 0 0 0 0 0
12 15 0 0 0 0 0 0 0
12 16 0 0 0 0 0 0 0
12 17 0 0 0 0 0 0 0
12 18 0 0 0 0 0 0 0
12 19 0 0 0 0 0 0 0
12 20 0 0 0 0 0 0 0
12 21 0 0 0 0 0 0 0
12 22 0 0 0 0 0 0 0
12 23 0 0 0 0 0 0 0
13 0 12 0.732303 1.0152 0.0519425 -11.3237 0.000601104 0.000813471
13 1 10 0.696511 1.118 0.0977815 -11.3641 0.000475189 0.000611641
13 2 12 0.707576 1.176 0.312387 -11.2901 0.000544224 0.000711628
13 3 0 0 0 0 0 0 0
13 4 11 0.721479 1.11063 0.356011 -11.4278 0.000511431 0.000681887
13 5 10 0.712716 1.22695 0.454207 -11.5451 0.000433761 0.000571307
13 6 10 0.710951 1.17921 0.507368 -11.5236 0.000438951 0.00057671
13 7 0 0 0 0 0 0 0
13 8 0 0 0 0 0 0 0
13 9 0 0 0 0 0 0 0
13 10 0 0 0 0 0 0 0
13 11 0 0 0 0 0 0 0
13 12 0 0 0 0 0 0 0
13 13 0 0 0 0 0 0 0
13 14 0 0 0 0 0 0 0
13 15 0 0 0 0 0 0 0
13 16 0 0 0 0 0 0 0
13 17 0 0 0 0 0 0 0
13 18 0 0 0 0 0 0 0
13 19 0 0 0 0 0 0 0
13 20 0 0 0 0 0 0 0
13 21 0 0 0 0 0 0 0
13 22 0 0 0 0 0 0 0
13 23 0 0 0 0 0 0 0
14 0 0 0 0 0 0 0 0
14 1 16 0.0963785 1.16324 0.194388 3.74355 0.000739111 0.00102711
14 2 12 0.113021 1.11924 0.243262 1.3282 0.000563729 0.000800093
14 3 0 0 0 0 0 0 0
14 4 11 0.729163 1.2726 0.316046 -11.5395 0.000476462 0.00064203
14 5 0 0 0 0 0 0 0
14 6 0 0 0 0 0 0 0
14 7 0 0 0 0 0 0 0
14 8 0 0 0 0 0 0 0
14 9 0 0 0 0 0 0 0
14 10 0 0 0 0 0 0 0
14 11 0 0 0 0 0 0 0
14 12 0 0 0 0 0 0 0
14 13 0 0 0 0 0 0 0
14 14 0 0 0 0 0 0 0
14 15 0 0 0 0 0 0 0
14 16 0 0 0 0 0 0 0
14 17 0 0 0 0 0 0 0
14 18 0 0 0 0 0 0 0
14 19 0 0 0 0 0 0 0
14 20 0 0 0 0 0 0 0
14 21 0 0 0 0 0 0 0
14 22 0 0 0 0 0 0 0
14 23 0 0 0 0 0 0 0
15 0 0 0 0 0 0 0 0
15 1 0 0 0 0 0 0 0
15 2 0 0 0 0 0 0 0
15 3 0 0 0 0 0 0 0
15 4 0 0 0 0 0 0 0
15 5 0 0 0 0 0 0 0
15 6 0 0 0 0 0 0 0
15 7 0 0 0 0 0 0 0
15 8 0 0 0 0 0 0 0
15 9 0 0 0 0 0 0 0
15 10 0 0 0 0 0 0 0
15 11 0 0 0 0 0 0 0
15 12 0 0 0 0 0 0 0
15 13 0 0 0 0 0 0 0
15 14 0 0 0 0 0 0 0
15 15 0 0 0 0 0 0 0
15 16 0 0 0 0 0 0 0
15 17 0 0 0 0 0 0 0
15 18 0 0 0 0 0 0 0
15 19 0 0 0 0 0 0 0
15 20 0 0 0 0 0 0 0
15 21 0 0 0 0 0 0 0
15 22 0 0 0 0 0 0 0
15 23 0 0 0 0 0 0 0
16 0 0 0 0 0 0 0 0
16 1 0 0 0 0 0 0 0
16 2 0 0 0 0 0 0 0
16 3 0 0 0 0 0 0 0
16 4 0 0 0 0 0 0 0
16 5 0 0 0 0 0 0 0
16 6 0 0 0 0 0 0 0
16 7 0 0 0 0 0 0 0
16 8 0 0 0 0 0 0 0
16 9 0 0 0 0 0 0 0
16 10 0 0 0 0 0 0 0
16 11 0 0 0 0 0 0 0
16 12 0 0 0 0 0 0 0
16 13 0 0 0 0 0 0 0
16 14 0 0 0 0 0 0 0
16 15 0 0 0 0 0 0 0
16 16 0 0 0 0 0 0 0
16 17 0 0 0 0 0 0 0
16 18 0 0 0 0 0 0 0
16 19 0 0 0 0 0 0 0
16 20 0 0 0 0 0 0 0
16 21 0 0 0 0 0 0 0
16 22 0 0 0 0 0 0 0
16 23 0 0 0 0 0 0 0
17 0 0 0 0 0 0 0 0
17 1 0 0 0 0 0 0 0
17 2 0 0 0 0 0 0 0
17 3 0 0 0 0 0 0 0
17 4 0 0 0 0 0 0 0
17 5 0 0 0 0 0 0 0
17 6 0 0 0 0 0 0 0
17 7 0 0 0 0 0 0 0
17 8 0 0 0 0 0 0 0
17 9 0 0 0 0 0 0 0
17 10 0 0 0 0 0 0 0
17 11 0 0 0 0 0 0 0
17 12 0 0 0 0 0 0 0
17 13 0 0 0 0 0 0 0
17 14 0 0 0 0 0 0 0
17 15 0 0 0 0 0 0 0
17 16 0 0 0 0 0 0 0
17 17 0 0 0 0 0 0 0
17 18 0 0 0 0 0 0 0
17 19 0 0 0 0 0 0 0
17 20 0 0 0 0 0 0 0
17 21 0 0 0 0 0 0 0
17 22 0 0 0 0 0 0 0
17 23 0 0 0 0 0 0 0
18 0 0 0 0 0 0 0 0
18 1 0 0 0 0 0 0 0
18 2 0 0 0 0 0 0 0
18 3 0 0 0 0 0 0 0
18 4 0 0 0 0 0 0 0
18 5 0 0 0 0 0 0 0
18 6 0 0 0 0 0 0 0
18 7 0 0 0 0 0 0 0
18 8 0 0 0 0 0 0 0
18 9 0 0 0 0 0 0 0
18 10 0 0 0 0 0 0 0
18 11 0 0 0 0 0 0 0
18 12 0 0 0 0 0 0 0
18 13 0 0 0 0 0 0 0
18 14 0 0 0 0 0 0 0
18 15 0 0 0 0 0 0 0
18 16 0 0 0 0 0 0 0
18 17 0 0 0 0 0 0 0
18 18 0 0 0 0 0 0 0
18 19 0 0 0 0 0 0 0
18 20 0 0 0 0 0 0 0
18 21 0 0 0 0 0 0 0
18 22 0 0 0 0 0 0 0
18 23 0 0 0 0 0 0 0
19 0 0 0 0 0 0 0 0
19 1 0 0 0 0 0 0 0
19 2 0 0 0 0 0 0 0
19 3 0 0 0 0 0 0 0
19 4 0 0 0 0 0 0 0
19 5 0 0 0 0 0 0 0
19 6 0 0 0 0 0 0 0
19 7 0 0 0 0 0 0 0
19 8 0 0 0 0 0 0 0
19 9 0 0 0 0 0 0 0
19 10 0 0 0 0 0 0 0
19 11 0 0 0 0 0 0 0
19 12 0 0 0 0 0 0 0
19 13 0 0 0 0 0 0 0
19 14 0 0 0 0 0 0 0
19 15 0 0 0 0 0 0 0
19 16 0 0 0 0 0 0 0
19 17 0 0 0 0 0 0 0
19 18 0 0 0 0 0 0 0
19 19 0 0 0 0 0 0 0
19 20 0 0 0 0 0 0 0
19 21 0 0 0 0 0 0 0
19 22 0 0 0 0 0 0 0
19 23 0 0 0 0 0 0 0
20 0 0 0 0 0 0 0 0
20 1 0 0 0 0 0 0 0
20 2 0 0 0 0 0 0 0
20 3 0 0 0 0 0 0 0
20 4 0 0 0 0 0 0 0
20 5 0 0 0 0 0 0 0
20 6 0 0 0 0 0 0 0
20 7 0 0 0 0 0 0 0
20 8 0 0 0 0 0 0 0
20 9 0 0 0 0 0 0 0
20 10 0 0 0 0 0 0 0
20 11 0 0 0 0 0 0 0
20 12 0 0 0 0 0 0 0
20 13 0 0 0 0 0 0 0
20 14 0 0 0 0 0 0 0
20 15 0 0 0 0 0 0 0
20 16 0 0 0 0 0 0 0
20 17 0 0 0 0 0 0 0
20 18 0 0 0 0 0 0 0
20 19 0 0 0 0 0 0 0
20 20 0 0 0 0 0 0 0
20 21 0 0 0 0 0 0 0
20 22 0 0 0 0 0 0 0
20 23 0 0 0 0 0 0 0
21 0 0 0 0 0 0 0 0
21 1 0 0 0 0 0 0 0
21 2 0 0 0 0 0 0 0
21 3 0 0 0 0 0 0 0
21 4 0 0 0 0 0 0 0
21 5 0 0 0 0 0 0 0
21 6 0 0 0 0 0 0 0
21 7 0 0 0 0 0 0 0
21 8 0 0 0 0 0 0 0
21 9 0 0 0 0 0 0 0
21 10 0 0 0 0 0 0 0
21 11 0 0 0 0 0 0 0
21 12 0 0 0 0 0 0 0
21 13 0 0 0 0 0 0 0
21 14 0 0 0 0 0 0 0
21 15 0 0 0 0 0 0 0
21 16 0 0 0 0 0 0 0
21 17 0 0 0 0 0 0 0
21 18 0 0 0 0 0 0 0
21 19 0 0 0 0 0 0 0
21 20 0 0 0 0 0 0 0
21 21 0 0 0 0 0 0 0
21 22 0 0 0 0 0 0 0
21 23 0 0 0 0 0 0 0
22 0 0 0 0 0 0 0 0
22 1 0 0 0 0 0 0 0
22 2 0 0 0 0 0 0 0
22 3 0 0 0 0 0 0 0
22 4 0 0 0 0 0 0 0
22 5 0 0 0 0 0 0 0
22 6 0 0 0 0 0 0 0
22 7 0 0 0 0 0 0 0
22 8 0 0 0 0 0 0 0
22 9 0 0 0 0 0 0 0
22 10 0 0 0 0 0 0 0
22 11 0 0 0 0 0 0 0
22 12 0 0 0 0 0 0 0
22 13 0 0 0 0 0 0 0
22 14 0 0 0 0 0 0 0
22 15 0 0 0 0 0 0 0
22 16 0 0 0 0 0 0 0
22 17 0 0 0 0 0 0 0
22 18 0 0 0 0 0 0 0
22 19 0 0 0 0 0 0 0
22 20 0 0 0 0 0 0 0
22 21 0 0 0 0 0 0 0
22 22 0 0 0 0 0 0 0
22 23 0 0 0 0 0 0 0
23 0 0 0 0 0 0 0 0
23 1 0 0 0 0 0 0 0
23 2 0 0 0 0 0 0 0
23 3 0 0 0 0 0 0 0
23 4 0 0 0 0 0 0 0
23 5 0 0 0 0 0 0 0
23 6 0 0 0 0 0 0 0
23 7 0 0 0 0 0 0 0
23 8 0 0 0 0 0 0 0
23 9 0 0 0 0 0 0 0
23 10 0 0 0 0 0 0 0
23 11 0 0 0 0 0 0 0
23 12 0 0 0 0 0 0 0
23 13 0 0 0 0 0 0 0
23 14 0 0 0 0 0 0 0
23 15 0 0 0 0 0 0 0
23 16 0 0 0 0 0 0 0
23 17 0 0 0 0 0 0 0
23 18 0 0 0 0 0 0 0
23 19 0 0 0 0 0 0 0
23 20 0 0 0 0 0 0 0
23 21 0 0 0 0 0 0 0
23 22 0 0 0 0 0 0 0
23 23 0 0 0 0 0 0 0
