#  ix    iy     NB       E/N    TB    UxB       UyB       muB       rhoB     epsilonB
0 0 14 0.700102 0.0872973 0.0058308 -10.8023 0.00085041 0.00110025
0 1 0 0 0 0 0 0 0
0 2 0 0 0 0 0 0 0
0 3 0 0 0 0 0 0 0
0 4 17 0.713774 -0.0226007 0.110482 -10.686 0.00103006 0.0013587
0 5 11 0.723895 0.105831 0.304644 -11.219 0.000638356 0.000853965
0 6 0 0 0 0 0 0 0
0 7 12 0.708838 0.0681364 0.404357 -11.0787 0.000677 0.000886824
0 8 0 0 0 0 0 0 0
0 9 0 0 0 0 0 0 0
0 10 12 0.708736 0.0666817 0.658386 -11.182 0.000610197 0.000799202
0 11 0 0 0 0 0 0 0
0 12 14 0.710055 -0.0824291 0.737634 -11.0729 0.000685476 0.000899469
0 13 0 0 0 0 0 0 0
0 14 0 0 0 0 0 0 0
0 15 0 0 0 0 0 0 0
0 16 0 0 0 0 0 0 0
0 17 0 0 0 0 0 0 0
0 18 0 0 0 0 0 0 0
0 19 0 0 0 0 0 0 0
0 20 0 0 0 0 0 0 0
0 21 0 0 0 0 0 0 0
0 22 0 0 0 0 0 0 0
0 23 0 0 0 0 0 0 0
1 0 14 0.702404 0.0661688 0.0158749 -10.8136 0.000851689 0.00110553
1 1 12 0.70128 0.118251 0.0871345 -10.9699 0.000723939 0.000938201
1 2 13 0.0863842 0.123222 0.300608 5.42064 0.000753894 0.00103447
1 3 13 0.72627 0.135685 0.22151 -11.0478 0.00076722 0.00102972
1 4 12 0.0852018 0.0869629 0.268106 5.57282 0.000704267 0.000964929
1 5 11 0.697752 0.0987749 0.293969 -11.0724 0.000640633 0.000826061
1 6 18 0.0796959 0.0733349 0.370849 7.05674 0.00102665 0.00139687
1 7 0 0 0 0 0 0 0
1 8 12 0.099172 -0.0010209 0.444622 3.23642 0.000668598 0.000932414
1 9 0 0 0 0 0 0 0
1 10 0 0 0 0 0 0 0
1 11 11 0.109308 0.172447 0.846733 1.64866 0.000507505 0.000716911
1 12 0 0 0 0 0 0 0
1 13 0 0 0 0 0 0 0
1 14 0 0 0 0 0 0 0
1 15 0 0 0 0 0 0 0
1 16 0 0 0 0 0 0 0
1 17 0 0 0 0 0 0 0
1 18 0 0 0 0 0 0 0
1 19 0 0 0 0 0 0 0
1 20 0 0 0 0 0 0 0
1 21 0 0 0 0 0 0 0
1 22 0 0 0 0 0 0 0
1 23 0 0 0 0 0 0 0
2 0 16 0.685979 0.177167 0.0238247 -10.6007 0.000960385 0.00121747
2 1 0 0 0 0 0 0 0
2 2 0 0 0 0 0 0 0
2 3 11 0.689756 0.136831 0.0897884 -10.9945 0.000661926 0.000843736
2 4 0 0 0 0 0 0 0
2 5 10 0.711354 0.0792636 0.197558 -11.2193 0.000596394 0.000784009
2 6 0 0 0 0 0 0 0
2 7 12 0.715293 0.287759 0.401831 -11.1455 0.000655963 0.000867093
2 8 16 0.147911 0.10576 0.444859 -1.24099 0.000887254 0.0013162
2 9 10 0.0861611 0.147835 0.621661 5.07837 0.000513814 0.000704841
2 10 15 0.71001 0.0364404 0.584659 -10.9318 0.000789195 0.0010355
2 11 10 0.714006 0.132141 0.79631 -11.4624 0.000474469 0.000626053
2 12 0 0 0 0 0 0 0
2 13 11 0.718738 0.204793 0.890585 -11.4454 0.000495132 0.000657648
2 14 0 0 0 0 0 0 0
2 15 0 0 0 0 0 0 0
2 16 0 0 0 0 0 0 0
2 17 0 0 0 0 0 0 0
2 18 0 0 0 0 0 0 0
2 19 0 0 0 0 0 0 0
2 20 0 0 0 0 0 0 0
2 21 0 0 0 0 0 0 0
2 22 0 0 0 0 0 0 0
2 23 0 0 0 0 0 0 0
3 0 15 0.720923 0.220388 -0.00615679 -10.8672 0.000893183 0.00118996
3 1 10 0.706492 0.227141 0.0934751 -11.1997 0.000592155 0.000773116
3 2 14 0.0777239 0.256374 0.0451048 7.27205 0.000826127 0.00112124
3 3 0 0 0 0 0 0 0
3 4 0 0 0 0 0 0 0
3 5 13 0.0974747 0.234 0.373507 3.5625 0.000725353 0.00100939
3 6 17 0.712134 0.293689 0.421009 -10.7877 0.000922183 0.00121361
3 7 10 0.701883 0.184719 0.469086 -11.2581 0.000544477 0.00070623
3 8 10 0.733154 0.273119 0.561445 -11.4785 0.000517223 0.000700769
3 9 10 0.704679 0.317017 0.6426 -11.3676 0.000495649 0.000645457
3 10 0 0 0 0 0 0 0
3 11 0 0 0 0 0 0 0
3 12 11 0.717608 0.262916 0.834858 -11.4202 0.000504707 0.000669313
3 13 0 0 0 0 0 0 0
3 14 0 0 0 0 0 0 0
3 15 0 0 0 0 0 0 0
3 16 0 0 0 0 0 0 0
3 17 0 0 0 0 0 0 0
3 18 0 0 0 0 0 0 0
3 19 0 0 0 0 0 0 0
3 20 0 0 0 0 0 0 0
3 21 0 0 0 0 0 0 0
3 22 0 0 0 0 0 0 0
3 23 0 0 0 0 0 0 0
4 0 13 0.711494 0.269396 0.0634802 -10.9724 0.000763962 0.00100449
4 1 14 0.710529 0.0998892 -0.00300975 -10.8611 0.000849427 0.00111535
4 2 14 0.725029 0.20576 0.126167 -10.9628 0.00082983 0.00111185
4 3 10 0.113591 0.257508 0.250671 1.28282 0.000573827 0.000815015
4 4 13 0.717671 0.270527 0.0941989 -11.0085 0.000762034 0.00101065
4 5 15 0.0769335 0.302903 0.321922 7.46389 0.000836554 0.00113426
4 6 11 0.0798501 0.28444 0.491833 6.4582 0.000583178 0.000793631
4 7 12 0.0983348 0.173445 0.642171 3.2631 0.000609235 0.000848725
4 8 0 0 0 0 0 0 0
4 9 11 0.0794614 0.261201 0.56744 6.51669 0.000568863 0.000773771
4 10 0 0 0 0 0 0 0
4 11 10 0.716845 0.408362 0.897287 -11.5665 0.000434226 0.000575232
4 12 0 0 0 0 0 0 0
4 13 10 0.0899785 0.412745 1.01851 4.17652 0.000410378 0.000565678
4 14 0 0 0 0 0 0 0
4 15 0 0 0 0 0 0 0
4 16 0 0 0 0 0 0 0
4 17 0 0 0 0 0 0 0
4 18 0 0 0 0 0 0 0
4 19 0 0 0 0 0 0 0
4 20 0 0 0 0 0 0 0
4 21 0 0 0 0 0 0 0
4 22 0 0 0 0 0 0 0
4 23 0 0 0 0 0 0 0
5 0 16 0.0770938 0.317928 -0.0105534 7.53283 0.000929705 0.00126081
5 1 16 0.723998 0.175113 0.106767 -10.816 0.000955716 0.0012787
5 2 10 0.727627 0.327069 0.182884 -11.3504 0.000570983 0.000767776
5 3 0 0 0 0 0 0 0
5 4 11 0.715314 0.234788 0.32524 -11.198 0.000622516 0.000822903
5 5 11 0.702197 0.408856 0.300401 -11.1658 0.000598152 0.000776198
5 6 17 0.716196 0.343125 0.393229 -10.8133 0.000918966 0.00121628
5 7 13 0.719426 0.285167 0.399662 -11.0865 0.000711549 0.000946004
5 8 15 0.697119 0.276667 0.485403 -10.8486 0.000798461 0.00102864
5 9 0 0 0 0 0 0 0
5 10 0 0 0 0 0 0 0
5 11 0 0 0 0 0 0 0
5 12 0 0 0 0 0 0 0
5 13 0 0 0 0 0 0 0
5 14 0 0 0 0 0 0 0
5 15 0 0 0 0 0 0 0
5 16 0 0 0 0 0 0 0
5 17 0 0 0 0 0 0 0
5 18 0 0 0 0 0 0 0
5 19 0 0 0 0 0 0 0
5 20 0 0 0 0 0 0 0
5 21 0 0 0 0 0 0 0
5 22 0 0 0 0 0 0 0
5 23 0 0 0 0 0 0 0
6 0 15 0.0885573 0.389888 0.119035 5.14672 0.000846963 0.00116538
6 1 12 0.720351 0.508991 0.0603072 -11.1802 0.000651157 0.000866826
6 2 14 0.077452 0.434909 0.122416 7.27325 0.000777942 0.00105548
6 3 16 0.693624 0.336697 0.248415 -10.7092 0.000900002 0.00115364
6 4 17 0.721063 0.430534 0.202109 -10.821 0.000936102 0.00124738
6 5 10 0.0853033 0.384678 0.208507 5.32199 0.000558622 0.000765476
6 6 10 0.125289 0.567017 0.437309 -0.0392361 0.000495762 0.000714662
6 7 0 0 0 0 0 0 0
6 8 0 0 0 0 0 0 0
6 9 0 0 0 0 0 0 0
6 10 0 0 0 0 0 0 0
6 11 15 0.72576 0.402436 0.788533 -11.1587 0.000684828 0.000918495
6 12 0 0 0 0 0 0 0
6 13 10 0.695354 0.489151 1.35173 -11.6685 0.000348208 0.000447452
6 14 0 0 0 0 0 0 0
6 15 0 0 0 0 0 0 0
6 16 0 0 0 0 0 0 0
6 17 0 0 0 0 0 0 0
6 18 0 0 0 0 0 0 0
6 19 0 0 0 0 0 0 0
6 20 0 0 0 0 0 0 0
6 21 0 0 0 0 0 0 0
6 22 0 0 0 0 0 0 0
6 23 0 0 0 0 0 0 0
7 0 11 0.711785 0.473486 0.0455658 -11.2061 0.000605699 0.000796723
7 1 14 0.0799642 0.475209 0.101008 6.70897 0.000767839 0.00104508
7 2 0 0 0 0 0 0 0
7 3 12 0.707322 0.394479 0.271853 -11.096 0.000659888 0.00086256
7 4 0 0 0 0 0 0 0
7 5 0 0 0 0 0 0 0
7 6 11 0.71046 0.65268 0.567994 -11.3763 0.000507227 0.000665953
7 7 0 0 0 0 0 0 0
7 8 0 0 0 0 0 0 0
7 9 0 0 0 0 0 0 0
7 10 0 0 0 0 0 0 0
7 11 0 0 0 0 0 0 0
7 12 0 0 0 0 0 0 0
7 13 0 0 0 0 0 0 0
7 14 0 0 0 0 0 0 0
7 15 0 0 0 0 0 0 0
7 16 0 0 0 0 0 0 0
7 17 0 0 0 0 0 0 0
7 18 0 0 0 0 0 0 0
7 19 0 0 0 0 0 0 0
7 20 0 0 0 0 0 0 0
7 21 0 0 0 0 0 0 0
7 22 0 0 0 0 0 0 0
7 23 0 0 0 0 0 0 0
8 0 13 0.723729 0.455225 -0.0243909 -11.096 0.000721269 0.000964662
8 1 15 0.722189 0.501075 0.017157 -10.9624 0.000817625 0.00109121
8 2 11 0.696037 0.530504 0.239499 -11.1627 0.000579685 0.000745634
8 3 10 0.694227 0.460208 0.232633 -11.2198 0.000541944 0.000695278
8 4 0 0 0 0 0 0 0
8 5 13 0.730974 0.560196 0.357597 -11.223 0.000660181 0.000891798
8 6 12 0.719988 0.442284 0.448747 -11.2288 0.000619072 0.000823698
8 7 12 0.717436 0.685752 0.452533 -11.3058 0.000565359 0.000749566
8 8 0 0 0 0 0 0 0
8 9 0 0 0 0 0 0 0
8 10 0 0 0 0 0 0 0
8 11 0 0 0 0 0 0 0
8 12 0 0 0 0 0 0 0
8 13 0 0 0 0 0 0 0
8 14 0 0 0 0 0 0 0
8 15 0 0 0 0 0 0 0
8 16 0 0 0 0 0 0 0
8 17 0 0 0 0 0 0 0
8 18 0 0 0 0 0 0 0
8 19 0 0 0 0 0 0 0
8 20 0 0 0 0 0 0 0
8 21 0 0 0 0 0 0 0
8 22 0 0 0 0 0 0 0
8 23 0 0 0 0 0 0 0
9 0 13 0.728983 0.514011 0.0635256 -11.1484 0.00070388 0.000948239
9 1 13 0.710909 0.55757 0.122868 -11.0734 0.000688384 0.000904372
9 2 16 0.726109 0.693225 0.194085 -11.0154 0.000791785 0.00106246
9 3 0 0 0 0 0 0 0
9 4 13 0.711623 0.621454 0.195029 -11.113 0.000664213 0.000873494
9 5 11 0.721614 0.590518 0.247545 -11.3291 0.00056486 0.000753265
9 6 0 0 0 0 0 0 0
9 7 14 0.719854 0.576424 0.446159 -11.1198 0.000689844 0.000917693
9 8 0 0 0 0 0 0 0
9 9 0 0 0 0 0 0 0
9 10 0 0 0 0 0 0 0
9 11 10 0.708817 0.700377 0.688573 -11.5209 0.000435023 0.000569834
9 12 0 0 0 0 0 0 0
9 13 0 0 0 0 0 0 0
9 14 0 0 0 0 0 0 0
9 15 0 0 0 0 0 0 0
9 16 0 0 0 0 0 0 0
9 17 0 0 0 0 0 0 0
9 18 0 0 0 0 0 0 0
9 19 0 0 0 0 0 0 0
9 20 0 0 0 0 0 0 0
9 21 0 0 0 0 0 0 0
9 22 0 0 0 0 0 0 0
9 23 0 0 0 0 0 0 0
10 0 13 0.0946967 0.674154 0.021541 3.88183 0.000657167 0.000911289
10 1 10 0.732921 0.700591 0.0870496 -11.5149 0.000498129 0.000674685
10 2 12 0.112862 0.736588 0.111889 1.38593 0.00058676 0.000832613
10 3 10 0.710156 0.609072 0.136868 -11.3551 0.000517244 0.000678814
10 4 12 0.731033 0.745865 0.264015 -11.3635 0.000573819 0.0007752
10 5 0 0 0 0 0 0 0
10 6 0 0 0 0 0 0 0
10 7 14 0.713465 0.745949 0.455695 -11.156 0.000642722 0.000847418
10 8 0 0 0 0 0 0 0
10 9 0 0 0 0 0 0 0
10 10 0 0 0 0 0 0 0
10 11 0 0 0 0 0 0 0
10 12 0 0 0 0 0 0 0
10 13 0 0 0 0 0 0 0
10 14 0 0 0 0 0 0 0
10 15 0 0 0 0 0 0 0
10 16 0 0 0 0 0 0 0
10 17 0 0 0 0 0 0 0
10 18 0 0 0 0 0 0 0
10 19 0 0 0 0 0 0 0
10 20 0 0 0 0 0 0 0
10 21 0 0 0 0 0 0 0
10 22 0 0 0 0 0 0 0
10 23 0 0 0 0 0 0 0
11 0 16 0.731273 0.790877 -0.0213108 -11.077 0.00076511 0.00103396
11 1 18 0.713518 0.643491 0.136198 -10.8009 0.000916984 0.00120912
11 2 0 0 0 0 0 0 0
11 3 15 0.723057 0.854157 0.328329 -11.1591 0.000674757 0.000901617
11 4 0 0 0 0 0 0 0
11 5 17 0.710221 0.836699 0.342446 -10.959 0.000768931 0.00100921
11 6 0 0 0 0 0 0 0
11 7 0 0 0 0 0 0 0
11 8 0 0 0 0 0 0 0
11 9 0 0 0 0 0 0 0
11 10 0 0 0 0 0 0 0
11 11 0 0 0 0 0 0 0
11 12 0 0 0 0 0 0 0
11 13 0 0 0 0 0 0 0
11 14 0 0 0 0 0 0 0
11 15 0 0 0 0 0 0 0
11 16 0 0 0 0 0 0 0
11 17 0 0 0 0 0 0 0
11 18 0 0 0 0 0 0 0
11 19 0 0 0 0 0 0 0
11 20 0 0 0 0 0 0 0
11 21 0 0 0 0 0 0 0
11 22 0 0 0 0 0 0 0
11 23 0 0 0 0 0 0 0
12 0 14 0.693879 0.886482 0.0766672 -11.0551 0.000637747 0.000817775
12 1 17 0.0774532 0.75112 0.161401 7.32806 0.000822006 0.00111526
12 2 0 0 0 0 0 0 0
12 3 10 0.0874327 0.965349 0.260023 4.67138 0.000431215 0.000592487
12 4 0 0 0 0 0 0 0
12 5 16 0.726023 0.83054 0.352012 -11.1039 0.000724423 0.000971952
12 6 10 0.0794026 0.982558 0.435042 6.21497 0.000415398 0.000564985
12 7 10 0.718464 0.952905 0.586524 -11.6416 0.00040632 0.00053948
12 8 0 0 0 0 0 0 0
12 9 0 0 0 0 0 0 0
12 10 0 0 0 0 0 0 0
12 11 0 0 0 0 0 0 0
12 12 0 0 0 0 0 0 0
12 13 0 0 0 0 0 0 0
12 14 0 0 0 0 0 0 0
12 15 0 0 0 0 0 0 0
12 16 0 0 0 0 0 0 0
12 17 0 0 0 0 0 0 0
12 18 0 0 0 0 0 0 0
12 19 0 0 0 0 0 0 0
12 20 0 0 0 0 0 0 0
12 21 0 0 0 0 0 0 0
12 22 0 0 0 0 0 0 0
12 23 0 0 0 0 0 0 0
13 0 13 0.0832631 1.01606 0.00875504 5.71041 0.000556018 0.000759944
13 1 11 0.719287 0.935507 0.0432305 -11.4597 0.000489567 0.000650753
13 2 12 0.723699 1.02263 0.134402 -11.4438 0.000509331 0.000681177
13 3 11 0.682548 1.12691 0.175374 -11.3565 0.000442202 0.000557771
13 4 17 0.688613 0.894001 0.321666 -10.861 0.000751483 0.000956305
13 5 0 0 0 0 0 0 0
13 6 11 0.722238 0.82608 0.407489 -11.4679 0.000493338 0.000658456
13 7 0 0 0 0 0 0 0
13 8 0 0 0 0 0 0 0
13 9 0 0 0 0 0 0 0
13 10 0 0 0 0 0 0 0
13 11 11 0.0878914 1.07246 0.916124 4.48356 0.000387929 0.000533322
13 12 0 0 0 0 0 0 0
13 13 0 0 0 0 0 0 0
13 14 0 0 0 0 0 0 0
13 15 0 0 0 0 0 0 0
13 16 0 0 0 0 0 0 0
13 17 0 0 0 0 0 0 0
13 18 0 0 0 0 0 0 0
13 19 0 0 0 0 0 0 0
13 20 0 0 0 0 0 0 0
13 21 0 0 0 0 0 0 0
13 22 0 0 0 0 0 0 0
13 23 0 0 0 0 0 0 0
14 0 13 0.685462 1.03125 0.113721 -11.1549 0.000550103 0.000696834
14 1 0 0 0 0 0 0 0
14 2 11 0.702832 1.08458 0.193423 -11.4522 0.000450802 0.000585517
14 3 0 0 0 0 0 0 0
14 4 12 0.721989 1.11948 0.3655 -11.5073 0.000473617 0.000631917
14 5 0 0 0 0 0 0 0
14 6 0 0 0 0 0 0 0
14 7 0 0 0 0 0 0 0
14 8 0 0 0 0 0 0 0
14 9 0 0 0 0 0 0 0
14 10 0 0 0 0 0 0 0
14 11 0 0 0 0 0 0 0
14 12 0 0 0 0 0 0 0
14 13 0 0 0 0 0 0 0
14 14 0 0 0 0 0 0 0
14 15 0 0 0 0 0 0 0
14 16 0 0 0 0 0 0 0
14 17 0 0 0 0 0 0 0
14 18 0 0 0 0 0 0 0
14 19 0 0 0 0 0 0 0
14 20 0 0 0 0 0 0 0
14 21 0 0 0 0 0 0 0
14 22 0 0 0 0 0 0 0
14 23 0 0 0 0 0 0 0
15 0 0 0 0 0 0 0 0
15 1 0 0 0 0 0 0 0
15 2 0 0 0 0 0 0 0
15 3 0 0 0 0 0 0 0
15 4 0 0 0 0 0 0 0
15 5 0 0 0 0 0 0 0
15 6 0 0 0 0 0 0 0
15 7 0 0 0 0 0 0 0
15 8 0 0 0 0 0 0 0
15 9 0 0 0 0 0 0 0
15 10 0 0 0 0 0 0 0
15 11 0 0 0 0 0 0 0
15 12 0 0 0 0 0 0 0
15 13 0 0 0 0 0 0 0
15 14 0 0 0 0 0 0 0
15 15 0 0 0 0 0 0 0
15 16 0 0 0 0 0 0 0
15 17 0 0 0 0 0 0 0
15 18 0 0 0 0 0 0 0
15 19 0 0 0 0 0 0 0
15 20 0 0 0 0 0 0 0
15 21 0 0 0 0 0 0 0
15 22 0 0 0 0 0 0 0
15 23 0 0 0 0 0 0 0
16 0 0 0 0 0 0 0 0
16 1 0 0 0 0 0 0 0
16 2 10 0.725458 1.28276 0.181946 -11.7658 0.000372567 0.00049948
16 3 0 0 0 0 0 0 0
16 4 10 0.716904 1.31461 0.425142 -11.7612 0.000357511 0.000473644
16 5 0 0 0 0 0 0 0
16 6 0 0 0 0 0 0 0
16 7 0 0 0 0 0 0 0
16 8 0 0 0 0 0 0 0
16 9 0 0 0 0 0 0 0
16 10 0 0 0 0 0 0 0
16 11 0 0 0 0 0 0 0
16 12 0 0 0 0 0 0 0
16 13 0 0 0 0 0 0 0
16 14 0 0 0 0 0 0 0
16 15 0 0 0 0 0 0 0
16 16 0 0 0 0 0 0 0
16 17 0 0 0 0 0 0 0
16 18 0 0 0 0 0 0 0
16 19 0 0 0 0 0 0 0
16 20 0 0 0 0 0 0 0
16 21 0 0 0 0 0 0 0
16 22 0 0 0 0 0 0 0
16 23 0 0 0 0 0 0 0
17 0 0 0 0 0 0 0 0
17 1 0 0 0 0 0 0 0
17 2 0 0 0 0 0 0 0
17 3 0 0 0 0 0 0 0
17 4 0 0 0 0 0 0 0
17 5 0 0 0 0 0 0 0
17 6 0 0 0 0 0 0 0
17 7 0 0 0 0 0 0 0
17 8 0 0 0 0 0 0 0
17 9 0 0 0 0 0 0 0
17 10 0 0 0 0 0 0 0
17 11 0 0 0 0 0 0 0
17 12 0 0 0 0 0 0 0
17 13 0 0 0 0 0 0 0
17 14 0 0 0 0 0 0 0
17 15 0 0 0 0 0 0 0
17 16 0 0 0 0 0 0 0
17 17 0 0 0 0 0 0 0
17 18 0 0 0 0 0 0 0
17 19 0 0 0 0 0 0 0
17 20 0 0 0 0 0 0 0
17 21 0 0 0 0 0 0 0
17 22 0 0 0 0 0 0 0
17 23 0 0 0 0 0 0 0
18 0 0 0 0 0 0 0 0
18 1 0 0 0 0 0 0 0
18 2 0 0 0 0 0 0 0
18 3 0 0 0 0 0 0 0
18 4 0 0 0 0 0 0 0
18 5 0 0 0 0 0 0 0
18 6 0 0 0 0 0 0 0
18 7 0 0 0 0 0 0 0
18 8 0 0 0 0 0 0 0
18 9 0 0 0 0 0 0 0
18 10 0 0 0 0 0 0 0
18 11 0 0 0 0 0 0 0
18 12 0 0 0 0 0 0 0
18 13 0 0 0 0 0 0 0
18 14 0 0 0 0 0 0 0
18 15 0 0 0 0 0 0 0
18 16 0 0 0 0 0 0 0
18 17 0 0 0 0 0 0 0
18 18 0 0 0 0 0 0 0
18 19 0 0 0 0 0 0 0
18 20 0 0 0 0 0 0 0
18 21 0 0 0 0 0 0 0
18 22 0 0 0 0 0 0 0
18 23 0 0 0 0 0 0 0
19 0 0 0 0 0 0 0 0
19 1 0 0 0 0 0 0 0
19 2 0 0 0 0 0 0 0
19 3 0 0 0 0 0 0 0
19 4 0 0 0 0 0 0 0
19 5 0 0 0 0 0 0 0
19 6 0 0 0 0 0 0 0
19 7 0 0 0 0 0 0 0
19 8 0 0 0 0 0 0 0
19 9 0 0 0 0 0 0 0
19 10 0 0 0 0 0 0 0
19 11 0 0 0 0 0 0 0
19 12 0 0 0 0 0 0 0
19 13 0 0 0 0 0 0 0
19 14 0 0 0 0 0 0 0
19 15 0 0 0 0 0 0 0
19 16 0 0 0 0 0 0 0
19 17 0 0 0 0 0 0 0
19 18 0 0 0 0 0 0 0
19 19 0 0 0 0 0 0 0
19 20 0 0 0 0 0 0 0
19 21 0 0 0 0 0 0 0
19 22 0 0 0 0 0 0 0
19 23 0 0 0 0 0 0 0
20 0 0 0 0 0 0 0 0
20 1 0 0 0 0 0 0 0
20 2 0 0 0 0 0 0 0
20 3 0 0 0 0 0 0 0
20 4 0 0 0 0 0 0 0
20 5 0 0 0 0 0 0 0
20 6 0 0 0 0 0 0 0
20 7 0 0 0 0 0 0 0
20 8 0 0 0 0 0 0 0
20 9 0 0 0 0 0 0 0
20 10 0 0 0 0 0 0 0
20 11 0 0 0 0 0 0 0
20 12 0 0 0 0 0 0 0
20 13 0 0 0 0 0 0 0
20 14 0 0 0 0 0 0 0
20 15 0 0 0 0 0 0 0
20 16 0 0 0 0 0 0 0
20 17 0 0 0 0 0 0 0
20 18 0 0 0 0 0 0 0
20 19 0 0 0 0 0 0 0
20 20 0 0 0 0 0 0 0
20 21 0 0 0 0 0 0 0
20 22 0 0 0 0 0 0 0
20 23 0 0 0 0 0 0 0
21 0 0 0 0 0 0 0 0
21 1 0 0 0 0 0 0 0
21 2 0 0 0 0 0 0 0
21 3 0 0 0 0 0 0 0
21 4 0 0 0 0 0 0 0
21 5 0 0 0 0 0 0 0
21 6 0 0 0 0 0 0 0
21 7 0 0 0 0 0 0 0
21 8 0 0 0 0 0 0 0
21 9 0 0 0 0 0 0 0
21 10 0 0 0 0 0 0 0
21 11 0 0 0 0 0 0 0
21 12 0 0 0 0 0 0 0
21 13 0 0 0 0 0 0 0
21 14 0 0 0 0 0 0 0
21 15 0 0 0 0 0 0 0
21 16 0 0 0 0 0 0 0
21 17 0 0 0 0 0 0 0
21 18 0 0 0 0 0 0 0
21 19 0 0 0 0 0 0 0
21 20 0 0 0 0 0 0 0
21 21 0 0 0 0 0 0 0
21 22 0 0 0 0 0 0 0
21 23 0 0 0 0 0 0 0
22 0 0 0 0 0 0 0 0
22 1 0 0 0 0 0 0 0
22 2 0 0 0 0 0 0 0
22 3 0 0 0 0 0 0 0
22 4 0 0 0 0 0 0 0
22 5 0 0 0 0 0 0 0
22 6 0 0 0 0 0 0 0
22 7 0 0 0 0 0 0 0
22 8 0 0 0 0 0 0 0
22 9 0 0 0 0 0 0 0
22 10 0 0 0 0 0 0 0
22 11 0 0 0 0 0 0 0
22 12 0 0 0 0 0 0 0
22 13 0 0 0 0 0 0 0
22 14 0 0 0 0 0 0 0
22 15 0 0 0 0 0 0 0
22 16 0 0 0 0 0 0 0
22 17 0 0 0 0 0 0 0
22 18 0 0 0 0 0 0 0
22 19 0 0 0 0 0 0 0
22 20 0 0 0 0 0 0 0
22 21 0 0 0 0 0 0 0
22 22 0 0 0 0 0 0 0
22 23 0 0 0 0 0 0 0
23 0 0 0 0 0 0 0 0
23 1 0 0 0 0 0 0 0
23 2 0 0 0 0 0 0 0
23 3 0 0 0 0 0 0 0
23 4 0 0 0 0 0 0 0
23 5 0 0 0 0 0 0 0
23 6 0 0 0 0 0 0 0
23 7 0 0 0 0 0 0 0
23 8 0 0 0 0 0 0 0
23 9 0 0 0 0 0 0 0
23 10 0 0 0 0 0 0 0
23 11 0 0 0 0 0 0 0
23 12 0 0 0 0 0 0 0
23 13 0 0 0 0 0 0 0
23 14 0 0 0 0 0 0 0
23 15 0 0 0 0 0 0 0
23 16 0 0 0 0 0 0 0
23 17 0 0 0 0 0 0 0
23 18 0 0 0 0 0 0 0
23 19 0 0 0 0 0 0 0
23 20 0 0 0 0 0 0 0
23 21 0 0 0 0 0 0 0
23 22 0 0 0 0 0 0 0
23 23 0 0 0 0 0 0 0
