#  ix    iy     NB       E/N    TB    UxB       UyB       muB       rhoB     epsilonB
0 0 26 0.005 -0.0207881 -0.00752283 204.102 0.00122612 0.00125127
0 1 19 0.005 0.0967641 -0.000154357 200.238 0.00089206 0.000893122
0 2 12 0.005 -0.0114748 0.176529 202.688 0.000557383 0.000564874
0 3 12 0.005 -0.0715456 0.232726 204.912 0.000549971 0.000563478
0 4 26 0.005 0.0478331 0.176485 204.645 0.00120641 0.00123443
0 5 25 0.005 0.109094 0.182876 201.262 0.00115338 0.00116066
0 6 19 0.005 -0.0746598 0.345726 204.182 0.000844933 0.000862602
0 7 18 0.005 0.0577552 0.322735 202.426 0.0008068 0.000816588
0 8 23 0.005 0.0925198 0.475563 205.467 0.000976355 0.00100305
0 9 0 0 0 0 0 0 0
0 10 32 0.005 -0.0498116 0.55605 200.039 0.00131796 0.00131822
0 11 30 0.005 0.00982544 0.594972 200.72 0.00121608 0.00122045
0 12 26 0.005 -0.026572 0.683299 203.634 0.00101236 0.00103075
0 13 23 0.005 0.0769335 0.714475 202.627 0.000881021 0.000892591
0 14 24 0.005 -0.0276234 0.845838 205.363 0.000864153 0.000887325
0 15 22 0.005 0.0998637 0.896265 201.085 0.000770648 0.000774831
0 16 22 0.005 0.041529 0.924748 201.287 0.000761543 0.000766444
0 17 31 0.005 -0.00075017 0.949631 200.086 0.00106034 0.00106079
0 18 24 0.005 -0.0145858 1.08548 201.389 0.000767005 0.000772332
0 19 21 0.005 0.124931 1.14766 204.429 0.00064856 0.000662921
0 20 11 0.005 -0.0638363 1.15927 196.123 0.000338617 0.000332053
0 21 31 0.005 0.0217355 1.33879 199.236 0.000874989 0.000871648
0 22 16 0.005 0.0911446 1.38221 200.921 0.000441755 0.000443789
0 23 22 0.005 0.0605964 1.45738 198.241 0.000586785 0.000581623
1 0 25 0.005 0.128198 0.0712419 205.249 0.00116676 0.00119739
1 1 24 0.005 -0.0112544 0.131338 201.242 0.00112237 0.00112934
1 2 24 0.005 0.181744 0.0802454 202.927 0.00111037 0.00112662
1 3 15 0.005 0.0591127 0.179526 202.374 0.000695238 0.000703489
1 4 24 0.005 0.00192604 0.247995 200.369 0.00109879 0.00110082
1 5 13 0.005 0.00877322 0.15411 202.265 0.00060603 0.000612892
1 6 26 0.005 0.0550929 0.262096 203.69 0.00118466 0.00120652
1 7 14 0.005 0.0225543 0.386881 201.031 0.000615755 0.000618928
1 8 28 0.005 0.0793596 0.366859 206.18 0.00123652 0.00127473
1 9 28 0.005 0.0750359 0.442135 201.119 0.00120512 0.00121186
1 10 22 0.005 0.00502855 0.55617 202.963 0.000906899 0.000920334
1 11 19 0.005 0.0522592 0.592532 209.807 0.000770258 0.000808027
1 12 23 0.005 0.0192403 0.57117 199.859 0.000941935 0.00094127
1 13 26 0.005 0.0239252 0.686949 202.479 0.00101068 0.00102321
1 14 18 0.005 0.0167777 0.762378 197.519 0.000675152 0.000666777
1 15 21 0.005 0.0363088 0.880747 202.074 0.00074308 0.000750786
1 16 26 0.005 0.130193 0.973094 197.546 0.000875149 0.000864412
1 17 23 0.005 0.118583 1.07002 202.153 0.000738355 0.000746303
1 18 27 0.005 0.126276 0.996923 200.198 0.000898362 0.000899252
1 19 19 0.005 0.113084 1.08423 198.573 0.000605844 0.00060152
1 20 19 0.005 0.0955896 1.12952 197.761 0.000592897 0.000586261
1 21 19 0.005 0.182871 1.42165 198.623 0.000512798 0.000509268
1 22 18 0.005 0.0513295 1.45538 205.359 0.000480626 0.000493504
1 23 32 0.005 0.0806572 1.5509 198.257 0.000817188 0.000810065
2 0 23 0.005 0.117853 0.096354 205.492 0.00107255 0.001102
2 1 18 0.005 0.237274 0.186463 201.666 0.000812851 0.000819622
2 2 24 0.005 0.0668969 0.106925 199.948 0.00112318 0.00112289
2 3 21 0.005 0.120501 0.188027 206.415 0.000966751 0.000997762
2 4 28 0.005 0.0924203 0.185444 207.587 0.00129329 0.00134235
2 5 25 0.005 0.178587 0.293502 203.676 0.00111526 0.00113576
2 6 22 0.005 0.136531 0.340887 200.962 0.000974134 0.00097882
2 7 22 0.005 0.0894245 0.378699 200.181 0.000967101 0.000967978
2 8 18 0.005 0.279953 0.467099 204.197 0.000745661 0.000761308
2 9 27 0.005 0.0458682 0.493165 203.015 0.00114127 0.00115847
2 10 17 0.005 0.0820732 0.617554 202.529 0.000680615 0.000689222
2 11 17 0.005 0.113748 0.531093 197.932 0.000704658 0.000697371
2 12 20 0.005 0.0757785 0.743154 199.759 0.000755801 0.000754892
2 13 31 0.005 0.0893497 0.782128 200.034 0.00114897 0.00114916
2 14 26 0.005 0.177143 0.772916 198.523 0.000960963 0.000953867
2 15 27 0.005 0.187543 0.814487 199.959 0.000977209 0.000977007
2 16 24 0.005 0.101161 0.911055 199.754 0.000834519 0.000833494
2 17 26 0.005 0.102895 0.888851 200.972 0.000913952 0.000918396
2 18 19 0.005 0.16391 1.05379 198.909 0.000613028 0.000609685
2 19 26 0.005 0.25989 1.0764 196.015 0.000821972 0.000805593
2 20 27 0.005 0.156321 1.25582 195.974 0.000789614 0.000773718
2 21 22 0.005 0.192233 1.30854 200.602 0.000625866 0.000627749
2 22 16 0.005 0.105341 1.44112 198.908 0.000429488 0.000427143
2 23 17 0.005 0.126122 1.59661 202.92 0.000424697 0.000430897
3 0 25 0.005 0.152547 0.0737526 201.923 0.00116267 0.00117385
3 1 15 0.005 0.145407 0.0666321 198.815 0.000698667 0.000694527
3 2 26 0.005 0.121656 0.106365 204.981 0.00121071 0.00124086
3 3 23 0.005 0.142573 0.188369 201.775 0.00105584 0.00106521
3 4 24 0.005 0.0966614 0.212724 200.338 0.00110238 0.00110425
3 5 19 0.005 0.127758 0.272796 203.585 0.000858138 0.000873519
3 6 28 0.005 0.141927 0.234585 204.721 0.00127375 0.00130381
3 7 20 0.005 0.0976923 0.401955 204.076 0.000871756 0.000889525
3 8 18 0.005 0.148815 0.432426 206.992 0.000772145 0.000799139
3 9 16 0.005 0.186823 0.490595 207.505 0.000668235 0.000693311
3 10 24 0.005 0.138318 0.505138 200.546 0.00100286 0.0010056
3 11 26 0.005 0.206998 0.49172 204.585 0.00108205 0.00110686
3 12 34 0.005 0.209661 0.569068 203.833 0.0013713 0.00139758
3 13 28 0.005 0.162526 0.714224 205.035 0.0010655 0.00109232
3 14 27 0.005 0.240779 0.662636 201.851 0.0010409 0.00105053
3 15 30 0.005 0.200947 0.829602 201.155 0.00107631 0.00108252
3 16 23 0.005 0.182831 0.974932 201.28 0.000770247 0.000775176
3 17 22 0.005 0.171333 0.985423 204.947 0.000733714 0.000751863
3 18 27 0.005 0.200242 1.0413 196.001 0.000873793 0.000856324
3 19 35 0.005 0.169415 1.17792 199.88 0.0010621 0.00106146
3 20 18 0.005 0.279222 1.4075 203.062 0.000485452 0.000492883
3 21 20 0.005 0.191507 1.32629 201.131 0.000564219 0.00056741
3 22 21 0.005 0.25543 1.5049 198.858 0.00054283 0.00053973
3 23 26 0.005 0.203351 1.57913 196.344 0.000652293 0.000640369
4 0 28 0.005 0.265752 0.00891325 202.915 0.0012764 0.00129501
4 1 25 0.005 0.132251 0.0482046 199.801 0.00116773 0.00116657
4 2 24 0.005 0.229424 0.10019 201.832 0.00109818 0.00110825
4 3 25 0.005 0.235322 0.186524 199.526 0.00112943 0.00112675
4 4 18 0.005 0.14539 0.310074 198.707 0.000803257 0.000798065
4 5 20 0.005 0.283046 0.315377 203.284 0.000868622 0.000882887
4 6 18 0.005 0.292271 0.32618 202.706 0.000777736 0.000788257
4 7 20 0.005 0.0883873 0.336043 203.704 0.000891133 0.000907636
4 8 29 0.005 0.216047 0.419605 204.043 0.00123707 0.00126208
4 9 24 0.005 0.209415 0.516408 198.481 0.000988898 0.000981386
4 10 22 0.005 0.250678 0.468521 201.957 0.000916396 0.000925362
4 11 34 0.005 0.18396 0.592679 202.746 0.0013627 0.00138141
4 12 34 0.005 0.26022 0.659107 201.227 0.00130854 0.00131657
4 13 27 0.005 0.254181 0.752759 197.976 0.000997165 0.000987073
4 14 19 0.005 0.252919 0.826296 204.115 0.000678117 0.00069207
4 15 25 0.005 0.235798 0.869123 203.873 0.00087629 0.00089326
4 16 24 0.005 0.298432 0.90881 200.83 0.000818072 0.000821468
4 17 28 0.005 0.201622 1.00232 200.693 0.000923513 0.000926713
4 18 32 0.005 0.276597 1.17093 200.012 0.000964817 0.000964875
4 19 26 0.005 0.300053 1.11704 200.168 0.000802108 0.00080278
4 20 21 0.005 0.316201 1.2095 199.484 0.000618755 0.000617158
4 21 23 0.005 0.346522 1.35253 199.553 0.00063172 0.000630309
4 22 13 0.005 0.273352 1.37017 197.15 0.000356897 0.000351812
4 23 0 0 0 0 0 0 0
5 0 18 0.005 0.235919 0.0127576 199.103 0.000826307 0.000822603
5 1 19 0.005 0.358994 0.106693 203.937 0.000839297 0.000855817
5 2 18 0.005 0.321655 0.0750083 201.432 0.00080622 0.000811993
5 3 19 0.005 0.377865 0.0589773 201.437 0.000837098 0.000843112
5 4 24 0.005 0.259589 0.227549 203.321 0.00107011 0.00108788
5 5 20 0.005 0.309464 0.15969 204.89 0.000890921 0.000912706
5 6 21 0.005 0.213686 0.353631 200.275 0.000915498 0.000916757
5 7 11 0.005 0.194191 0.411209 206.195 0.000472322 0.000486953
5 8 22 0.005 0.349109 0.48369 200.642 0.000891217 0.00089408
5 9 20 0.005 0.339748 0.485669 202.939 0.000811555 0.00082348
5 10 30 0.005 0.271318 0.521628 202.647 0.00121986 0.001236
5 11 34 0.005 0.316766 0.605449 199.406 0.00132416 0.00132023
5 12 34 0.005 0.292904 0.715558 202.864 0.00126876 0.00128693
5 13 32 0.005 0.25879 0.649445 200.309 0.0012371 0.00123901
5 14 19 0.005 0.34828 0.884082 205.598 0.000649695 0.00066788
5 15 31 0.005 0.308377 0.823647 200.291 0.00109802 0.00109962
5 16 24 0.005 0.278996 0.912946 206.684 0.00081886 0.000846227
5 17 24 0.005 0.325476 0.891435 205.606 0.000821166 0.000844182
5 18 25 0.005 0.31763 1.1138 202.498 0.000770659 0.000780284
5 19 28 0.005 0.356565 1.14303 200.326 0.000846627 0.000848007
5 20 21 0.005 0.309817 1.24541 198.924 0.000608839 0.000605564
5 21 27 0.005 0.369097 1.40705 195.122 0.000721487 0.000703889
5 22 24 0.005 0.342539 1.36191 196.789 0.000656662 0.000646118
5 23 15 0.005 0.386911 1.55741 196.992 0.000374199 0.000368572
6 0 37 0.005 0.307249 0.0636879 203.469 0.00166523 0.00169411
6 1 18 0.005 0.245786 0.0379356 201.801 0.000823958 0.000831378
6 2 26 0.005 0.297825 0.0938442 203.78 0.00117067 0.00119279
6 3 27 0.005 0.356811 0.202431 201.198 0.00117829 0.00118535
6 4 29 0.005 0.314691 0.252609 201.505 0.00126853 0.00127808
6 5 33 0.005 0.311553 0.228131 202.585 0.0014521 0.00147087
6 6 23 0.005 0.368092 0.315631 198.133 0.000976199 0.000967088
6 7 24 0.005 0.284147 0.358161 199.792 0.00102958 0.00102851
6 8 17 0.005 0.444308 0.350369 198.602 0.000697909 0.000693031
6 9 21 0.005 0.326139 0.469874 202.095 0.000859852 0.000868859
6 10 31 0.005 0.37357 0.490595 201.937 0.00124465 0.00125671
6 11 16 0.005 0.46852 0.624594 203.435 0.000594869 0.000605086
6 12 26 0.005 0.391736 0.705565 201.468 0.000954393 0.000961396
6 13 29 0.005 0.397458 0.713122 203.728 0.00105964 0.00107939
6 14 28 0.005 0.326478 0.787695 200.654 0.00100501 0.00100829
6 15 16 0.005 0.321328 0.804058 201.125 0.000570551 0.000573759
6 16 20 0.005 0.388428 0.926485 200.211 0.000665544 0.000666245
6 17 25 0.005 0.308816 0.971419 198.618 0.000825835 0.00082013
6 18 25 0.005 0.327343 1.02815 195.793 0.000801586 0.000784724
6 19 27 0.005 0.375547 1.09923 201.447 0.000830913 0.000836926
6 20 19 0.005 0.337081 1.2535 200.598 0.00054696 0.000548597
6 21 25 0.005 0.382006 1.32317 199.956 0.00069287 0.000692718
6 22 19 0.005 0.396353 1.49073 200.143 0.000487528 0.000487877
6 23 14 0.005 0.403082 1.45467 197.752 0.000364714 0.000360615
7 0 22 0.005 0.348936 0.0222601 204.028 0.000979584 0.000999315
7 1 26 0.005 0.380369 0.0805333 200.833 0.00114306 0.00114782
7 2 29 0.005 0.318416 0.122558 202.424 0.00129464 0.00131034
7 3 29 0.005 0.388156 0.151381 206.714 0.00126272 0.0013051
7 4 27 0.005 0.406879 0.274179 201.572 0.00114338 0.00115237
7 5 26 0.005 0.275368 0.283305 204.416 0.00114062 0.00116581
7 6 26 0.005 0.280571 0.363759 199.334 0.00111444 0.00111074
7 7 27 0.005 0.383876 0.38811 203.742 0.00111787 0.00113879
7 8 20 0.005 0.38383 0.495553 205.994 0.000799345 0.000823301
7 9 21 0.005 0.463925 0.537193 208.061 0.000807771 0.000840328
7 10 27 0.005 0.421362 0.547799 202.971 0.00104772 0.00106328
7 11 30 0.005 0.395568 0.657696 203.266 0.00112258 0.00114091
7 12 26 0.005 0.332135 0.663307 201.774 0.000984988 0.000993727
7 13 25 0.005 0.393051 0.754141 200.873 0.000898326 0.000902246
7 14 28 0.005 0.380287 0.743324 200.911 0.00101382 0.00101844
7 15 29 0.005 0.485986 0.894792 199.035 0.000958482 0.000953856
7 16 30 0.005 0.426728 0.926453 203.46 0.000990664 0.0010078
7 17 22 0.005 0.358658 0.948895 196.464 0.000728521 0.000715639
7 18 26 0.005 0.481147 1.17544 199.738 0.000758673 0.000757681
7 19 22 0.005 0.507468 1.28108 201.933 0.000609518 0.00061541
7 20 32 0.005 0.515468 1.25985 196.353 0.000893653 0.000877358
7 21 30 0.005 0.492302 1.35579 198.296 0.000806254 0.000799385
7 22 18 0.005 0.572962 1.54892 198.801 0.000439776 0.00043714
7 23 20 0.005 0.478954 1.58711 198.779 0.000487276 0.000484303
8 0 22 0.005 0.365745 0.0107349 208.817 0.000974546 0.00101751
8 1 28 0.005 0.360778 0.0882575 206.912 0.00123811 0.00128091
8 2 13 0.005 0.416685 0.0320153 195.888 0.000565787 0.000554155
8 3 14 0.005 0.422353 0.115922 201.832 0.000604904 0.000610446
8 4 23 0.005 0.473424 0.303524 202.754 0.000945631 0.000958652
8 5 29 0.005 0.451247 0.246968 204.197 0.00121642 0.00124194
8 6 23 0.005 0.41005 0.312819 202.894 0.000964219 0.000978172
8 7 28 0.005 0.47397 0.380769 200.167 0.00112855 0.00112949
8 8 23 0.005 0.367857 0.436767 200.925 0.000942121 0.000946476
8 9 34 0.005 0.413514 0.518376 204.697 0.00133661 0.00136801
8 10 24 0.005 0.428085 0.552313 203.606 0.00092796 0.000944691
8 11 37 0.005 0.423677 0.57008 203.731 0.00142289 0.00144943
8 12 28 0.005 0.441604 0.704395 200.155 0.00101561 0.0010164
8 13 27 0.005 0.399264 0.642557 203.07 0.00101569 0.00103128
8 14 22 0.005 0.471588 0.784584 204.186 0.000765452 0.000781472
8 15 25 0.005 0.457629 0.86675 200.968 0.000842172 0.000846249
8 16 26 0.005 0.53044 0.967548 199.571 0.000823577 0.000821811
8 17 30 0.005 0.530378 1.09544 200.306 0.000898351 0.000899724
8 18 28 0.005 0.488117 0.991822 198.67 0.00088604 0.000880146
8 19 17 0.005 0.532789 1.33495 202.856 0.000457962 0.000464501
8 20 21 0.005 0.61886 1.31094 200.82 0.000562463 0.000564768
8 21 19 0.005 0.531875 1.40757 200.591 0.000496059 0.000497524
8 22 12 0.005 0.500382 1.45383 194.979 0.000308615 0.000300868
8 23 18 0.005 0.611365 1.56174 201.256 0.000434825 0.000437557
9 0 22 0.005 0.450469 0.0308521 202.894 0.000945793 0.000959477
9 1 32 0.005 0.492717 0.0405684 202.272 0.0013531 0.00136848
9 2 30 0.005 0.502943 0.184899 198.43 0.00124731 0.00123751
9 3 39 0.005 0.489748 0.19255 204.114 0.00162797 0.00166146
9 4 26 0.005 0.435921 0.279646 203.269 0.00108903 0.00110683
9 5 19 0.005 0.349892 0.199109 202.279 0.000831384 0.000840857
9 6 18 0.005 0.507061 0.315097 200.922 0.000729027 0.000732388
9 7 34 0.005 0.474782 0.418185 204.107 0.00135529 0.00138313
9 8 29 0.005 0.412903 0.352932 202.828 0.00120204 0.00121904
9 9 20 0.005 0.450276 0.534923 203.406 0.000773148 0.000786314
9 10 33 0.005 0.487249 0.55104 199.804 0.00125392 0.00125269
9 11 32 0.005 0.549346 0.587879 200.893 0.00117603 0.00118128
9 12 31 0.005 0.423083 0.638515 199.582 0.00116086 0.00115843
9 13 22 0.005 0.463553 0.718893 201.878 0.000788591 0.000795995
9 14 30 0.005 0.564903 0.781258 201.061 0.00101874 0.00102415
9 15 38 0.005 0.463094 0.876431 200.746 0.00127301 0.00127776
9 16 25 0.005 0.525918 0.870199 197.948 0.000826887 0.000818403
9 17 28 0.005 0.559373 1.02098 204.204 0.000860595 0.000878683
9 18 26 0.005 0.685209 1.14398 199.404 0.000735792 0.000733599
9 19 21 0.005 0.632494 1.30999 199.434 0.000561147 0.000559559
9 20 22 0.005 0.686491 1.35862 199.298 0.000569779 0.000567779
9 21 16 0.005 0.738941 1.52565 201.562 0.000383464 0.000386459
9 22 16 0.005 0.667326 1.54852 195.181 0.000384977 0.000375701
9 23 11 0.005 0.665308 1.65881 196.254 0.000253354 0.000248609
10 0 28 0.005 0.422853 0.0977293 204.06 0.00121157 0.00123617
10 1 24 0.005 0.490211 0.0146702 205.95 0.00101642 0.00104666
10 2 22 0.005 0.486494 0.156978 200.351 0.000924005 0.000925629
10 3 29 0.005 0.52794 0.136013 199.701 0.00120103 0.00119924
10 4 26 0.005 0.45146 0.188199 201.704 0.00110169 0.00111108
10 5 22 0.005 0.547886 0.269384 202.176 0.00088571 0.000895347
10 6 28 0.005 0.540153 0.308016 203.83 0.00112161 0.00114308
10 7 20 0.005 0.494027 0.309066 200.764 0.000815097 0.00081821
10 8 33 0.005 0.521266 0.416993 202.108 0.00129465 0.0013083
10 9 28 0.005 0.546731 0.448296 200.68 0.00107843 0.0010821
10 10 30 0.005 0.594421 0.610002 201.501 0.0010773 0.00108538
10 11 26 0.005 0.496566 0.640562 199.97 0.000952773 0.000952631
10 12 19 0.005 0.713477 0.778578 200.771 0.000616224 0.000618601
10 13 25 0.005 0.610938 0.74789 196.494 0.000848271 0.000833402
10 14 34 0.005 0.577746 0.78603 201.844 0.00114801 0.00115859
10 15 22 0.005 0.537268 0.870499 198.797 0.000725419 0.000721055
10 16 22 0.005 0.617889 0.924328 199.631 0.00069396 0.00069268
10 17 29 0.005 0.670161 1.1034 199.619 0.00083769 0.000836094
10 18 24 0.005 0.694807 1.08522 202.211 0.00069406 0.000701734
10 19 15 0.005 0.737196 1.31831 198.675 0.000390595 0.000388008
10 20 21 0.005 0.603281 1.19334 195.762 0.000593248 0.000580677
10 21 18 0.005 0.691748 1.45107 200.191 0.000448483 0.000448911
10 22 11 0.005 0.825472 1.54311 197.905 0.000257427 0.000254731
10 23 13 0.005 0.785926 1.59928 194.673 0.000300096 0.000292103
11 0 35 0.005 0.529201 0.00910325 201.569 0.00145916 0.00147061
11 1 30 0.005 0.638218 0.0585053 203.269 0.00119141 0.00121088
11 2 31 0.005 0.62338 0.173368 200.564 0.00122768 0.00123115
11 3 17 0.005 0.56555 0.274987 200.315 0.000678819 0.000679887
11 4 25 0.005 0.555289 0.243436 197.797 0.00100838 0.00099727
11 5 21 0.005 0.607852 0.329177 200.725 0.000814835 0.00081779
11 6 12 0.005 0.59113 0.330018 207.953 0.000468722 0.000487361
11 7 32 0.005 0.566411 0.406751 201.982 0.00123813 0.0012504
11 8 25 0.005 0.558997 0.517022 200.86 0.00093822 0.000942255
11 9 27 0.005 0.604639 0.417667 203.543 0.00102627 0.00104446
11 10 27 0.005 0.62433 0.513305 200.13 0.000990503 0.000991148
11 11 20 0.005 0.660965 0.594689 201.274 0.000705023 0.000709513
11 12 27 0.005 0.604336 0.62655 203.086 0.000960605 0.000975425
11 13 21 0.005 0.66776 0.71116 202.097 0.000709059 0.000716492
11 14 30 0.005 0.695215 0.880424 200.212 0.000941625 0.000942621
11 15 35 0.005 0.705866 0.967985 202.652 0.00105794 0.00107197
11 16 22 0.005 0.683419 0.899641 202.734 0.000687798 0.000697201
11 17 27 0.005 0.754231 1.02681 198.18 0.000786344 0.000779189
11 18 19 0.005 0.657368 0.989586 195.02 0.000577141 0.00056277
11 19 17 0.005 0.68472 1.19339 195.817 0.000471451 0.00046159
11 20 23 0.005 0.828364 1.48472 199.58 0.000550027 0.000548871
11 21 18 0.005 0.756265 1.37292 199.537 0.000456664 0.000455606
11 22 13 0.005 0.802157 1.51238 195.631 0.000309293 0.000302536
11 23 11 0.005 0.800183 1.76483 191.953 0.000237949 0.000228376
12 0 34 0.005 0.598612 -0.0104973 206.788 0.00137601 0.00142271
12 1 29 0.005 0.644371 0.0863324 201.069 0.00114686 0.00115299
12 2 28 0.005 0.643035 0.182391 198.919 0.00109805 0.00109212
12 3 21 0.005 0.593209 0.158831 205.182 0.000844106 0.000865975
12 4 36 0.005 0.632588 0.2043 203.568 0.00141416 0.00143939
12 5 27 0.005 0.664947 0.29659 202.045 0.00102959 0.00104012
12 6 18 0.005 0.624606 0.34072 202.096 0.000691818 0.000699068
12 7 32 0.005 0.682521 0.438222 202.546 0.0011723 0.00118722
12 8 31 0.005 0.654596 0.479108 203.346 0.00113561 0.0011546
12 9 26 0.005 0.672816 0.473172 200.01 0.000947166 0.000947213
12 10 33 0.005 0.614404 0.555855 202.04 0.00119864 0.00121087
12 11 29 0.005 0.69746 0.593161 202.532 0.00100892 0.00102169
12 12 26 0.005 0.765293 0.826801 203.049 0.000814131 0.00082654
12 13 30 0.005 0.723659 0.800033 200.543 0.000962018 0.000964631
12 14 26 0.005 0.708376 0.819125 200.101 0.000832015 0.000832435
12 15 25 0.005 0.846476 0.950744 203.436 0.00072848 0.000740993
12 16 23 0.005 0.719465 1.06684 199.185 0.000665727 0.000663014
12 17 22 0.005 0.744658 0.997001 196.334 0.000650043 0.000638128
12 18 22 0.005 0.857137 1.27322 199.922 0.000566488 0.000566267
12 19 17 0.005 0.87201 1.35279 203.165 0.000423194 0.000429891
12 20 20 0.005 0.776176 1.17578 196.167 0.000546044 0.00053558
12 21 15 0.005 0.835705 1.32984 197.294 0.000380003 0.000374862
12 22 0 0 0 0 0 0 0
12 23 0 0 0 0 0 0 0
13 0 23 0.005 0.690781 0.0647684 200.36 0.000891374 0.000892978
13 1 33 0.005 0.691857 0.0906568 203.247 0.00127655 0.00129728
13 2 27 0.005 0.760482 0.200109 201.346 0.00100112 0.00100786
13 3 21 0.005 0.710383 0.211375 204.617 0.000795816 0.000814187
13 4 30 0.005 0.847762 0.261757 200.982 0.00105851 0.00106371
13 5 27 0.005 0.808078 0.264135 198.432 0.000970322 0.000962716
13 6 37 0.005 0.768299 0.37047 200.598 0.00132786 0.00133183
13 7 38 0.005 0.662364 0.367215 201.837 0.00142891 0.00144204
13 8 24 0.005 0.722372 0.455722 201.373 0.000860824 0.000866734
13 9 23 0.005 0.725446 0.650604 201.632 0.000777005 0.000783345
13 10 28 0.005 0.794779 0.60332 200.568 0.000934927 0.000937584
13 11 17 0.005 0.838676 0.765795 201.488 0.000529923 0.000533865
13 12 22 0.005 0.766982 0.752489 199.319 0.00070699 0.000704584
13 13 24 0.005 0.87997 0.826982 199.936 0.000722042 0.000721812
13 14 26 0.005 0.83947 0.917515 198.386 0.000768532 0.000762331
13 15 26 0.005 0.787672 0.895001 196.623 0.000788133 0.000774825
13 16 19 0.005 0.81086 1.04604 199.462 0.000540279 0.000538827
13 17 21 0.005 0.943914 1.087 202.976 0.000565113 0.000573523
13 18 19 0.005 0.99266 1.24128 198.873 0.000477273 0.000474583
13 19 16 0.005 0.862511 1.2634 197.405 0.000412956 0.000407597
13 20 18 0.005 1.06505 1.52027 195.982 0.000402693 0.000394602
13 21 10 0.005 1.11828 1.7059 199.082 0.00020764 0.000206687
13 22 0 0 0 0 0 0 0
13 23 0 0 0 0 0 0 0
14 0 33 0.005 0.843638 0.0677373 201.775 0.00118817 0.00119872
14 1 24 0.005 0.790405 0.0888484 202.704 0.000885994 0.000897973
14 2 30 0.005 0.752678 0.188096 205.368 0.00111806 0.00114808
14 3 36 0.005 0.789192 0.194074 200.721 0.0013178 0.00132255
14 4 38 0.005 0.839146 0.304703 203.14 0.00133713 0.00135812
14 5 33 0.005 0.782061 0.369405 202.284 0.00117733 0.00119078
14 6 22 0.005 0.891621 0.513498 203.763 0.000723259 0.000736866
14 7 32 0.005 0.861391 0.469833 201.565 0.00107741 0.00108585
14 8 33 0.005 0.769744 0.393923 201.911 0.00117746 0.00118871
14 9 24 0.005 0.816716 0.531806 200.961 0.000810729 0.000814623
14 10 34 0.005 0.867714 0.616766 202.407 0.00109803 0.00111124
14 11 34 0.005 0.834253 0.672505 197.94 0.00109421 0.00108294
14 12 26 0.005 0.774194 0.646009 197.704 0.000863608 0.000853693
14 13 31 0.005 0.850377 0.789537 199.653 0.000954585 0.000952929
14 14 18 0.005 0.885666 0.940833 209.249 0.000519656 0.000543688
14 15 23 0.005 0.978811 0.922023 202.375 0.000647408 0.000655097
14 16 21 0.005 1.01436 1.11145 197.265 0.000548266 0.000540768
14 17 0 0 0 0 0 0 0
14 18 18 0.005 0.949513 1.28374 200.986 0.000450661 0.000452883
14 19 20 0.005 1.03187 1.246 196.903 0.000496026 0.000488344
14 20 15 0.005 1.22011 1.56788 195.884 0.000318118 0.000311571
14 21 0 0 0 0 0 0 0
14 22 0 0 0 0 0 0 0
14 23 0 0 0 0 0 0 0
15 0 33 0.005 0.84638 0.0632874 203.408 0.00118677 0.00120699
15 1 39 0.005 0.870424 0.0193264 201.222 0.00138745 0.00139593
15 2 28 0.005 0.911003 0.129882 203.842 0.00097188 0.000990552
15 3 26 0.005 0.928025 0.18116 200.254 0.000891132 0.000892264
15 4 35 0.005 0.957492 0.22629 203.922 0.00117685 0.00119992
15 5 39 0.005 0.935448 0.283543 202.159 0.00131554 0.00132974
15 6 29 0.005 0.925061 0.399969 202.717 0.000963491 0.000976579
15 7 29 0.005 0.853735 0.455075 204.107 0.000983138 0.00100333
15 8 29 0.005 0.907317 0.58537 198.269 0.00092949 0.000921445
15 9 29 0.005 0.992825 0.582721 205.748 0.000897069 0.000922851
15 10 28 0.005 0.960879 0.685058 201.274 0.000853862 0.000859302
15 11 29 0.005 0.887645 0.584505 200.043 0.000937383 0.000937586
15 12 21 0.005 0.927389 0.715796 198.165 0.000643114 0.000637215
15 13 22 0.005 0.985494 0.822299 199.451 0.000637792 0.000636041
15 14 32 0.005 1.03578 0.941887 202.005 0.000877343 0.000886137
15 15 26 0.005 1.0307 0.94389 203.181 0.000713651 0.000725
15 16 21 0.005 1.02871 1.04573 198.803 0.00055796 0.000554622
15 17 25 0.005 1.11311 1.18654 198.167 0.00061751 0.00061185
15 18 0 0 0 0 0 0 0
15 19 18 0.005 1.30313 1.56093 198.303 0.000374698 0.000371517
15 20 13 0.005 0.963059 1.25745 194.75 0.000327368 0.000318775
15 21 0 0 0 0 0 0 0
15 22 0 0 0 0 0 0 0
15 23 0 0 0 0 0 0 0
16 0 29 0.005 1.05464 0.020288 201.31 0.00094112 0.000947285
16 1 31 0.005 0.912612 0.100327 201.09 0.00107714 0.00108301
16 2 35 0.005 0.963097 0.116681 199.941 0.00118495 0.0011846
16 3 35 0.005 0.896775 0.240444 201.856 0.00120987 0.0012211
16 4 29 0.005 0.967719 0.264553 202.858 0.000965709 0.000979509
16 5 29 0.005 0.897974 0.266655 204.942 0.000998336 0.001023
16 6 28 0.005 0.930297 0.321164 199.553 0.000941334 0.000939229
16 7 29 0.005 0.918276 0.482331 200.608 0.000949427 0.000952314
16 8 24 0.005 1.08205 0.502337 203.226 0.000727248 0.00073898
16 9 33 0.005 0.966142 0.579591 200.319 0.0010333 0.00103495
16 10 26 0.005 0.99588 0.578407 201.086 0.000804085 0.000808451
16 11 27 0.005 1.08062 0.784501 201.111 0.000763408 0.000767647
16 12 32 0.005 0.999661 0.746691 200.884 0.000943974 0.000948144
16 13 25 0.005 1.12992 0.838921 202.463 0.000683061 0.000691473
16 14 20 0.005 1.02813 0.853426 196.51 0.000565264 0.000555401
16 15 26 0.005 1.07412 1.05005 200.954 0.00067963 0.000682871
16 16 28 0.005 1.1157 1.0898 198.923 0.000712887 0.000709048
16 17 13 0.005 1.15598 1.15445 196.903 0.000320134 0.000315177
16 18 10 0.005 1.38077 1.33295 194.469 0.000217966 0.000211938
16 19 14 0.005 1.21959 1.28465 199.772 0.000324647 0.000324277
16 20 0 0 0 0 0 0 0
16 21 0 0 0 0 0 0 0
16 22 0 0 0 0 0 0 0
16 23 0 0 0 0 0 0 0
17 0 40 0.005 1.03149 0.0910097 201.469 0.0013107 0.00132032
17 1 32 0.005 1.07651 0.0433917 203.702 0.00102686 0.00104586
17 2 38 0.005 0.944679 0.133306 203.028 0.00129691 0.00131655
17 3 39 0.005 0.988538 0.216679 201.087 0.00129302 0.00130005
17 4 37 0.005 1.00765 0.284593 198.872 0.00120541 0.00119861
17 5 26 0.005 1.02978 0.388157 197.446 0.00082477 0.000814237
17 6 25 0.005 1.04648 0.420191 201.541 0.000782404 0.000788432
17 7 36 0.005 1.07776 0.508492 202.166 0.00109156 0.00110338
17 8 20 0.005 1.05361 0.456547 201.956 0.000619565 0.000625624
17 9 27 0.005 1.21828 0.59196 200.131 0.000756449 0.000756945
17 10 21 0.005 1.07008 0.690989 199.882 0.000611678 0.000611317
17 11 22 0.005 1.12773 0.744269 198.789 0.000617337 0.0006136
17 12 25 0.005 1.1734 0.839593 198.867 0.000671743 0.000667938
17 13 32 0.005 1.14372 0.841194 199.836 0.000869199 0.000868488
17 14 15 0.005 1.17207 0.917482 200.876 0.000394576 0.000396304
17 15 22 0.005 1.38838 1.14859 200.502 0.000503562 0.000504826
17 16 21 0.005 1.16739 1.08324 198.536 0.000526763 0.000522908
17 17 13 0.005 1.39733 1.30156 192.104 0.000284472 0.000273241
17 18 10 0.005 1.38783 1.30838 197.832 0.000219029 0.000216655
17 19 0 0 0 0 0 0 0
17 20 0 0 0 0 0 0 0
17 21 0 0 0 0 0 0 0
17 22 0 0 0 0 0 0 0
17 23 0 0 0 0 0 0 0
18 0 41 0.005 1.14652 0.0342071 204.493 0.00127089 0.00129944
18 1 32 0.005 1.10363 0.0621606 200.096 0.00101264 0.00101313
18 2 39 0.005 1.10716 0.122488 201.462 0.00122893 0.00123791
18 3 33 0.005 1.17961 0.15138 206.16 0.00100179 0.00103264
18 4 28 0.005 1.15883 0.180712 203.277 0.00085692 0.000870959
18 5 28 0.005 1.21949 0.365601 199.437 0.000815836 0.000813541
18 6 27 0.005 1.07622 0.382528 198.673 0.000838942 0.000833376
18 7 28 0.005 1.19776 0.530215 201.105 0.000801451 0.00080588
18 8 28 0.005 1.30124 0.533672 205.408 0.000765345 0.000786039
18 9 27 0.005 1.14588 0.60056 202.424 0.00077888 0.000788319
18 10 24 0.005 1.29046 0.659048 199.068 0.000643014 0.000640016
18 11 24 0.005 1.24553 0.783148 200.92 0.000636374 0.000639302
18 12 29 0.005 1.16855 0.748709 198.065 0.000799687 0.000791949
18 13 25 0.005 1.30543 0.882225 198.734 0.000631918 0.00062792
18 14 24 0.005 1.35017 0.965479 198.404 0.000584203 0.000579541
18 15 13 0.005 1.30436 1.16387 199.007 0.000304481 0.000302969
18 16 17 0.005 1.16418 0.967116 195.524 0.000442052 0.000432158
18 17 0 0 0 0 0 0 0
18 18 0 0 0 0 0 0 0
18 19 0 0 0 0 0 0 0
18 20 0 0 0 0 0 0 0
18 21 0 0 0 0 0 0 0
18 22 0 0 0 0 0 0 0
18 23 0 0 0 0 0 0 0
19 0 27 0.005 1.20402 0.117453 199.277 0.000811437 0.000808503
19 1 37 0.005 1.12742 0.0919787 198.237 0.00115596 0.00114577
19 2 26 0.005 1.19524 0.157451 201.337 0.000782985 0.000788219
19 3 29 0.005 1.30099 0.20749 200.72 0.000827053 0.000830028
19 4 28 0.005 1.23182 0.314533 203.906 0.00081654 0.000832487
19 5 33 0.005 1.28571 0.322091 204.023 0.00093751 0.000956368
19 6 27 0.005 1.23799 0.444944 198.531 0.000770724 0.000765063
19 7 27 0.005 1.23764 0.507594 199.365 0.000762558 0.000760137
19 8 26 0.005 1.0881 0.450554 201.125 0.000793805 0.000798269
19 9 23 0.005 1.24033 0.593418 198.646 0.000638118 0.000633797
19 10 22 0.005 1.21867 0.570652 196.423 0.000618973 0.000607903
19 11 28 0.005 1.37933 0.749282 200.076 0.000709635 0.000709904
19 12 12 0.005 1.30589 0.718601 199.435 0.000315356 0.000314465
19 13 18 0.005 1.50276 1.11637 198.804 0.000400046 0.000397654
19 14 21 0.005 1.2047 0.943301 192.588 0.000541922 0.000521839
19 15 16 0.005 1.33687 1.04343 197.647 0.000383349 0.000378839
19 16 10 0.005 1.34254 1.12931 196.902 0.00023359 0.000229971
19 17 0 0 0 0 0 0 0
19 18 0 0 0 0 0 0 0
19 19 0 0 0 0 0 0 0
19 20 0 0 0 0 0 0 0
19 21 0 0 0 0 0 0 0
19 22 0 0 0 0 0 0 0
19 23 0 0 0 0 0 0 0
20 0 32 0.005 1.2993 0.0658035 201.187 0.000919888 0.000925349
20 1 27 0.005 1.3338 0.0443631 196.239 0.00076371 0.000749349
20 2 26 0.005 1.26253 0.171717 198.256 0.000757181 0.000750579
20 3 32 0.005 1.20053 0.207136 201.09 0.000957685 0.000962903
20 4 29 0.005 1.31034 0.265757 198.766 0.000819303 0.000814248
20 5 37 0.005 1.2669 0.376029 199.285 0.00105313 0.00104936
20 6 27 0.005 1.30459 0.460805 200.682 0.000746039 0.000748584
20 7 22 0.005 1.24481 0.530072 200.249 0.000616813 0.00061758
20 8 28 0.005 1.27379 0.516269 203.568 0.000777038 0.0007909
20 9 26 0.005 1.47725 0.644071 197.904 0.000646639 0.000639862
20 10 26 0.005 1.35984 0.590535 198.124 0.000685811 0.00067938
20 11 13 0.005 1.42388 0.802495 202.421 0.000320029 0.000323903
20 12 11 0.005 1.48231 0.992075 194.183 0.000253742 0.000246362
20 13 11 0.005 1.34773 0.850058 191.584 0.000275816 0.000264209
20 14 13 0.005 1.41359 0.987446 197.684 0.000307632 0.00030407
20 15 16 0.005 1.7315 1.3332 200.198 0.000314043 0.000314353
20 16 0 0 0 0 0 0 0
20 17 0 0 0 0 0 0 0
20 18 0 0 0 0 0 0 0
20 19 0 0 0 0 0 0 0
20 20 0 0 0 0 0 0 0
20 21 0 0 0 0 0 0 0
20 22 0 0 0 0 0 0 0
20 23 0 0 0 0 0 0 0
21 0 29 0.005 1.35798 0.0631138 201.481 0.000810559 0.000816559
21 1 31 0.005 1.42563 0.0874313 199.146 0.000838659 0.000835078
21 2 30 0.005 1.38711 0.208303 201.49 0.000821471 0.000827591
21 3 30 0.005 1.37041 0.212001 201.844 0.0008277 0.000835333
21 4 33 0.005 1.51326 0.303459 201.662 0.000846426 0.000853459
21 5 26 0.005 1.44312 0.279316 197.194 0.000689845 0.000680166
21 6 25 0.005 1.37978 0.417444 203.524 0.000672149 0.000683993
21 7 20 0.005 1.50329 0.376089 198.091 0.000511528 0.000506646
21 8 32 0.005 1.4945 0.530317 200.8 0.000805129 0.00080835
21 9 16 0.005 1.54376 0.647009 200.248 0.000387069 0.000387548
21 10 25 0.005 1.53008 0.734274 199.043 0.000598648 0.000595784
21 11 12 0.005 1.37539 0.712909 195.44 0.00030698 0.000299981
21 12 13 0.005 1.84998 1.0261 194.868 0.000262062 0.000255338
21 13 0 0 0 0 0 0 0
21 14 14 0.005 1.71741 1.09736 198.856 0.000290893 0.000289229
21 15 0 0 0 0 0 0 0
21 16 0 0 0 0 0 0 0
21 17 0 0 0 0 0 0 0
21 18 0 0 0 0 0 0 0
21 19 0 0 0 0 0 0 0
21 20 0 0 0 0 0 0 0
21 21 0 0 0 0 0 0 0
21 22 0 0 0 0 0 0 0
21 23 0 0 0 0 0 0 0
22 0 21 0.005 1.41593 0.0366353 198.991 0.000571312 0.000568431
22 1 30 0.005 1.56815 0.165545 199.725 0.000757864 0.000756824
22 2 19 0.005 1.34341 0.15492 198.685 0.000532869 0.000529366
22 3 39 0.005 1.57602 0.20402 201.696 0.000979763 0.000988073
22 4 18 0.005 1.61416 0.385936 198.137 0.00043819 0.000434108
22 5 19 0.005 1.6047 0.353108 198.078 0.000465942 0.000461465
22 6 14 0.005 1.56941 0.406485 200.178 0.00034669 0.000346998
22 7 17 0.005 1.67334 0.547859 196.444 0.000396014 0.000388972
22 8 11 0.005 1.8283 0.550604 204.559 0.000240727 0.000246214
22 9 21 0.005 1.63612 0.648484 200.527 0.00048936 0.00049065
22 10 11 0.005 1.7205 0.841879 199.455 0.000240132 0.000239479
22 11 0 0 0 0 0 0 0
22 12 10 0.005 1.70146 0.878908 197.568 0.000218336 0.000215681
22 13 0 0 0 0 0 0 0
22 14 0 0 0 0 0 0 0
22 15 0 0 0 0 0 0 0
22 16 0 0 0 0 0 0 0
22 17 0 0 0 0 0 0 0
22 18 0 0 0 0 0 0 0
22 19 0 0 0 0 0 0 0
22 20 0 0 0 0 0 0 0
22 21 0 0 0 0 0 0 0
22 22 0 0 0 0 0 0 0
22 23 0 0 0 0 0 0 0
23 0 14 0.005 1.62187 0.0200861 205.455 0.000346568 0.00035602
23 1 15 0.005 1.67229 0.0111418 203.819 0.000363124 0.000370057
23 2 21 0.005 1.5813 0.162127 197.723 0.000527465 0.00052146
23 3 26 0.005 1.65066 0.208829 198.391 0.000631779 0.000626695
23 4 21 0.005 1.66769 0.353394 200.34 0.000501202 0.000502055
23 5 16 0.005 1.64683 0.318873 200.571 0.000386464 0.000387567
23 6 11 0.005 1.93071 0.419874 197.305 0.000234306 0.000231149
23 7 0 0 0 0 0 0 0
23 8 15 0.005 1.67123 0.481404 198.651 0.000352684 0.000350305
23 9 0 0 0 0 0 0 0
23 10 0 0 0 0 0 0 0
23 11 0 0 0 0 0 0 0
23 12 13 0.005 1.77355 0.89471 196.485 0.000275729 0.000270882
23 13 0 0 0 0 0 0 0
23 14 0 0 0 0 0 0 0
23 15 0 0 0 0 0 0 0
23 16 0 0 0 0 0 0 0
23 17 0 0 0 0 0 0 0
23 18 0 0 0 0 0 0 0
23 19 0 0 0 0 0 0 0
23 20 0 0 0 0 0 0 0
23 21 0 0 0 0 0 0 0
23 22 0 0 0 0 0 0 0
23 23 0 0 0 0 0 0 0
