#  ix    iy     NB       E/N    TB    UxB       UyB       muB       rhoB     epsilonB
0 0 30 0.005 -0.0508006 -0.0152403 204.908 0.00146852 0.00150456
0 1 22 0.005 0.108925 -0.0143674 202.354 0.00107198 0.0010846
0 2 16 0.005 0.0789927 0.279431 206.508 0.000753201 0.000777709
0 3 16 0.005 0.0403187 0.151237 205.857 0.00077488 0.000797573
0 4 25 0.005 0.00817053 0.18709 208.993 0.00120455 0.00125872
0 5 22 0.005 0.0361038 0.185614 197.876 0.00105965 0.0010484
0 6 18 0.005 0.0307123 0.266317 209.241 0.000852259 0.000891637
0 7 24 0.005 0.02055 0.373222 206.199 0.001102 0.00113616
0 8 20 0.005 0.0217563 0.454067 205.325 0.000892502 0.000916266
0 9 21 0.005 -0.047605 0.623285 200.272 0.0008729 0.000874087
0 10 29 0.005 0.0303208 0.55387 199.9 0.00124313 0.0012425
0 11 30 0.005 0.0577196 0.563019 198.408 0.00127983 0.00126964
0 12 26 0.005 -0.0251489 0.733295 203.903 0.00102758 0.00104763
0 13 21 0.005 0.00285129 0.699549 207.661 0.000843503 0.000875815
0 14 29 0.005 0.0174646 0.883177 205.256 0.00106542 0.00109342
0 15 28 0.005 0.0778854 0.916683 202.179 0.00101011 0.00102111
0 16 25 0.005 -0.0207142 0.99454 201.015 0.000868828 0.000873235
0 17 31 0.005 0.0274998 0.965865 200.19 0.0010928 0.00109384
0 18 26 0.005 0.0885424 1.13918 204.712 0.000839371 0.000859148
0 19 14 0.005 0.000128884 1.29817 200.335 0.000418799 0.0004195
0 20 30 0.005 0.0122405 1.27683 198.577 0.000906728 0.000900277
0 21 15 0.005 0.127066 1.50273 202.446 0.000406349 0.000411319
0 22 23 0.005 0.0825433 1.37705 200.351 0.000661712 0.000662874
0 23 19 0.005 -0.0440362 1.54016 195.324 0.000507048 0.000495192
1 0 29 0.005 0.137408 0.112125 202.061 0.00139973 0.00141415
1 1 22 0.005 0.0341855 0.100481 201.469 0.00107241 0.00108029
1 2 22 0.005 0.0956379 0.066011 199.657 0.00107122 0.00106938
1 3 19 0.005 0.0103169 0.18212 207.686 0.000916254 0.000951463
1 4 23 0.005 0.0199833 0.195506 199.581 0.00110629 0.00110397
1 5 26 0.005 0.0860405 0.250863 206.456 0.00123192 0.00127169
1 6 25 0.005 0.0752465 0.31105 205.685 0.00116718 0.00120035
1 7 24 0.005 0.141528 0.411279 205.829 0.00107884 0.00111028
1 8 28 0.005 0.0777939 0.396105 205.731 0.00127276 0.00130923
1 9 28 0.005 0.0521596 0.487936 202.425 0.00123219 0.00124713
1 10 21 0.005 0.0117069 0.562328 208.46 0.000897229 0.000935184
1 11 24 0.005 -0.000191553 0.620047 204.215 0.000999865 0.00102094
1 12 22 0.005 -0.00128568 0.603411 201.149 0.000923354 0.00092866
1 13 35 0.005 0.0610512 0.711316 201.912 0.00139635 0.00140969
1 14 21 0.005 0.0661191 0.899677 201.266 0.000764356 0.000769196
1 15 23 0.005 0.0823522 0.910324 199.52 0.000832192 0.000830196
1 16 22 0.005 0.0367808 0.976387 201.749 0.000771355 0.000778099
1 17 28 0.005 0.157281 0.935005 198.786 0.000996021 0.000989974
1 18 23 0.005 0.112212 1.03916 202.349 0.00077942 0.000788575
1 19 26 0.005 0.143629 1.09998 199.401 0.000853364 0.000850807
1 20 23 0.005 0.0966545 1.39128 197.732 0.000656983 0.000649534
1 21 14 0.005 0.0901417 1.52924 205.59 0.000375136 0.000385622
1 22 32 0.005 0.0749351 1.5098 196.183 0.000865454 0.000848936
1 23 13 0.005 0.16327 1.85001 199.584 0.000302115 0.000301487
2 0 23 0.005 0.127799 0.0287984 205.026 0.0011179 0.00114599
2 1 20 0.005 0.0940619 0.0988349 212.15 0.000971392 0.0010304
2 2 19 0.005 0.141585 0.135318 202.41 0.000914008 0.000925021
2 3 20 0.005 0.163775 0.233862 205.345 0.000942722 0.000967919
2 4 29 0.005 0.118855 0.265991 204.147 0.00136483 0.00139313
2 5 22 0.005 0.0875877 0.296712 204.201 0.00103026 0.0010519
2 6 19 0.005 0.149878 0.346424 202.761 0.000871366 0.000883393
2 7 20 0.005 0.0972926 0.356891 202.582 0.000919498 0.000931367
2 8 19 0.005 0.0681625 0.468987 205.995 0.000841642 0.00086687
2 9 24 0.005 0.0918815 0.465357 200.515 0.00106295 0.00106569
2 10 18 0.005 0.0940192 0.575613 201.991 0.000762189 0.000769778
2 11 24 0.005 0.144246 0.598495 203.767 0.00100184 0.00102071
2 12 29 0.005 0.159679 0.724121 203.068 0.00114189 0.0011594
2 13 26 0.005 0.141925 0.811639 202.167 0.000983627 0.000994283
2 14 24 0.005 0.191239 0.764347 200.899 0.000924095 0.00092825
2 15 24 0.005 0.164477 0.769293 201.081 0.000924647 0.000929642
2 16 22 0.005 0.100572 0.957879 202.006 0.000776746 0.000784536
2 17 22 0.005 0.151418 1.006 201.015 0.000755988 0.000759824
2 18 29 0.005 0.202742 1.03394 199.172 0.000978618 0.000974566
2 19 18 0.005 0.196595 1.11382 194.644 0.000584449 0.000568797
2 20 25 0.005 0.160212 1.29973 202.217 0.000743752 0.000751999
2 21 26 0.005 0.157125 1.33806 201.119 0.000759619 0.00076387
2 22 24 0.005 0.132957 1.5232 203.088 0.000643947 0.000653888
2 23 10 0.005 0.0841818 1.57749 196.594 0.000262187 0.000257722
3 0 27 0.005 0.194764 0.029355 206.378 0.00129858 0.00133999
3 1 13 0.005 0.154957 0.107398 199.799 0.000626222 0.000625593
3 2 26 0.005 0.114323 0.140826 203.406 0.00125405 0.0012754
3 3 27 0.005 0.114666 0.174281 201.197 0.00129564 0.00130339
3 4 20 0.005 0.173935 0.26197 208.123 0.000935243 0.000973229
3 5 28 0.005 0.21764 0.242859 204.677 0.00130491 0.00133543
3 6 29 0.005 0.0889784 0.258062 202.661 0.00137139 0.00138964
3 7 22 0.005 0.195436 0.443567 204.137 0.000970439 0.000990511
3 8 23 0.005 0.118659 0.444593 208.197 0.00102422 0.0010662
3 9 24 0.005 0.232559 0.448831 199.602 0.00104995 0.00104786
3 10 21 0.005 0.162545 0.551704 204.712 0.000892346 0.000913371
3 11 40 0.005 0.194138 0.594435 202.848 0.00166249 0.00168616
3 12 31 0.005 0.191179 0.574737 203.629 0.00129977 0.00132336
3 13 24 0.005 0.209602 0.668765 203.132 0.000963421 0.000978509
3 14 32 0.005 0.264539 0.814075 204.472 0.00119168 0.00121832
3 15 27 0.005 0.132383 0.919172 201.495 0.000969833 0.00097708
3 16 25 0.005 0.224297 0.871595 205.104 0.000910903 0.000934147
3 17 30 0.005 0.220445 1.08825 200.467 0.000984141 0.000986439
3 18 34 0.005 0.183252 1.14722 199.852 0.00108729 0.00108648
3 19 22 0.005 0.29091 1.21099 206.329 0.000675191 0.000696557
3 20 26 0.005 0.308217 1.34832 199.185 0.000746752 0.000743709
3 21 19 0.005 0.172088 1.45565 198.376 0.000524892 0.00052063
3 22 26 0.005 0.201761 1.51684 194.62 0.000697224 0.000678471
3 23 14 0.005 0.253882 1.58321 199.273 0.000363163 0.000361843
4 0 28 0.005 0.201944 -0.00425886 202.56 0.00134538 0.0013626
4 1 27 0.005 0.162097 0.0180061 202.12 0.00130627 0.00132012
4 2 25 0.005 0.203347 0.142199 208.628 0.00118942 0.00124073
4 3 23 0.005 0.262017 0.138358 197.394 0.001081 0.00106691
4 4 22 0.005 0.21021 0.321908 202.829 0.0010066 0.00102084
4 5 17 0.005 0.298902 0.282923 205.364 0.000770618 0.000791286
4 6 16 0.005 0.144008 0.346801 211.462 0.000734252 0.000776333
4 7 23 0.005 0.178252 0.342398 206.626 0.00105181 0.00108665
4 8 20 0.005 0.233991 0.473002 201.319 0.000867067 0.000872785
4 9 27 0.005 0.280383 0.504705 202.098 0.00114621 0.00115823
4 10 34 0.005 0.263974 0.523012 200.848 0.00143805 0.00144415
4 11 37 0.005 0.245461 0.659744 205.062 0.00148312 0.00152066
4 12 35 0.005 0.26191 0.740666 201.932 0.00134914 0.00136218
4 13 18 0.005 0.25603 0.686525 204.678 0.000711744 0.000728392
4 14 27 0.005 0.23601 0.850829 203.488 0.000992136 0.00100944
4 15 25 0.005 0.31999 0.867339 204.357 0.000899863 0.000919465
4 16 29 0.005 0.231697 0.927888 200.985 0.00102736 0.00103242
4 17 29 0.005 0.249481 1.12496 201.288 0.000931746 0.000937744
4 18 36 0.005 0.286399 1.14879 200.84 0.0011387 0.00114348
4 19 18 0.005 0.297832 1.22608 200.159 0.000548058 0.000548493
4 20 22 0.005 0.358801 1.31638 199.166 0.000637511 0.000634853
4 21 14 0.005 0.334047 1.46068 197.12 0.000380959 0.000375474
4 22 16 0.005 0.257204 1.31328 194.274 0.000469484 0.000456042
4 23 11 0.005 0.411371 1.79068 205.359 0.000257772 0.000264679
5 0 25 0.005 0.279236 -0.00616559 202.536 0.00118032 0.00119528
5 1 15 0.005 0.323414 0.127438 199.821 0.000694528 0.000693908
5 2 22 0.005 0.414491 0.161032 200.241 0.0009854 0.000986589
5 3 28 0.005 0.325968 0.105003 203.476 0.00129851 0.00132108
5 4 28 0.005 0.266295 0.188918 201.758 0.00130476 0.00131623
5 5 24 0.005 0.269088 0.261651 205.126 0.00110145 0.00112967
5 6 22 0.005 0.271484 0.302291 202.283 0.000999111 0.00101051
5 7 15 0.005 0.196786 0.377944 203.607 0.000676444 0.000688644
5 8 22 0.005 0.274497 0.404918 201.337 0.000968731 0.000975205
5 9 27 0.005 0.283393 0.476256 203.614 0.00115764 0.00117856
5 10 32 0.005 0.34786 0.53929 201.978 0.00132016 0.00133322
5 11 31 0.005 0.282649 0.63229 206.201 0.00124924 0.00128797
5 12 32 0.005 0.283998 0.642852 203.267 0.00128339 0.00130435
5 13 23 0.005 0.346981 0.76277 203.58 0.000864153 0.000879623
5 14 26 0.005 0.277807 0.84131 201.003 0.000953952 0.000958738
5 15 29 0.005 0.320642 0.937012 206.313 0.00101006 0.00104194
5 16 21 0.005 0.285866 0.824585 202.889 0.000775583 0.000786786
5 17 29 0.005 0.360116 1.04893 201.921 0.000951964 0.000961109
5 18 22 0.005 0.314848 1.11027 200.862 0.000706227 0.000709272
5 19 26 0.005 0.334041 1.19173 202.638 0.000800993 0.00081156
5 20 31 0.005 0.394036 1.35373 196.53 0.000879129 0.000863875
5 21 27 0.005 0.34726 1.33434 196.397 0.000777062 0.000763062
5 22 16 0.005 0.385676 1.5212 197.162 0.00042148 0.000415499
5 23 12 0.005 0.45646 1.86342 201.277 0.000271892 0.000273627
6 0 36 0.005 0.297849 0.00383681 203.171 0.00169127 0.00171808
6 1 27 0.005 0.315442 0.0519411 203.989 0.00126067 0.00128582
6 2 26 0.005 0.3057 0.194989 204.686 0.00119818 0.00122625
6 3 26 0.005 0.382918 0.172578 198.525 0.00117507 0.0011664
6 4 31 0.005 0.334928 0.272321 204.002 0.00139517 0.00142309
6 5 34 0.005 0.327923 0.190718 204.172 0.00155831 0.00159081
6 6 28 0.005 0.353958 0.407727 198.85 0.00120775 0.0012008
6 7 22 0.005 0.289162 0.302754 206.523 0.00099477 0.00102722
6 8 30 0.005 0.436116 0.46771 202.611 0.00123892 0.00125509
6 9 29 0.005 0.33631 0.533504 203.096 0.00120242 0.00122103
6 10 31 0.005 0.425122 0.548171 206.907 0.0012486 0.00129172
6 11 23 0.005 0.398039 0.697425 202.31 0.000879096 0.000889248
6 12 27 0.005 0.405804 0.63518 202.402 0.00105692 0.00106961
6 13 32 0.005 0.359889 0.794091 201.857 0.00118236 0.00119334
6 14 22 0.005 0.402007 0.817921 197.09 0.000797068 0.00078547
6 15 28 0.005 0.352551 0.838917 200.143 0.00101515 0.00101588
6 16 26 0.005 0.33087 0.9561 197.009 0.000895943 0.000882544
6 17 27 0.005 0.339169 0.985159 200.481 0.000916475 0.00091868
6 18 20 0.005 0.419283 1.26233 201.356 0.000589137 0.00059313
6 19 25 0.005 0.313093 1.09601 198.93 0.000808194 0.00080387
6 20 22 0.005 0.398424 1.37545 203.681 0.000617446 0.000628812
6 21 29 0.005 0.37523 1.4059 202.537 0.000805147 0.00081536
6 22 12 0.005 0.407568 1.57399 198.668 0.000308169 0.000306117
6 23 10 0.005 0.426233 1.48246 199.171 0.000266656 0.000265551
7 0 25 0.005 0.355049 0.0418113 205.237 0.00115396 0.00118418
7 1 25 0.005 0.405017 0.109261 201.707 0.00113008 0.00113973
7 2 21 0.005 0.264552 0.161951 199.84 0.000983198 0.000982411
7 3 33 0.005 0.377315 0.146482 206.538 0.00149948 0.0015485
7 4 32 0.005 0.388805 0.285058 208.453 0.00141299 0.00147271
7 5 30 0.005 0.369524 0.282947 205.746 0.00133326 0.00137157
7 6 25 0.005 0.389678 0.373116 204.65 0.00107854 0.00110361
7 7 24 0.005 0.464054 0.401384 203.556 0.00100277 0.0010206
7 8 26 0.005 0.339173 0.483824 211.811 0.00109728 0.00116208
7 9 27 0.005 0.486626 0.46924 201.917 0.00109649 0.001107
7 10 34 0.005 0.362735 0.571907 201.676 0.00137998 0.00139154
7 11 25 0.005 0.417641 0.629227 203.417 0.000977938 0.000994648
7 12 28 0.005 0.368074 0.677771 201.973 0.00108685 0.00109757
7 13 26 0.005 0.422266 0.795542 203.511 0.000947023 0.000963648
7 14 26 0.005 0.44209 0.823223 201.658 0.000931232 0.000938952
7 15 30 0.005 0.486231 0.934766 200.866 0.00101234 0.00101673
7 16 29 0.005 0.423573 0.979717 201.936 0.000971933 0.000981339
7 17 26 0.005 0.452857 1.07126 198.86 0.000830926 0.00082619
7 18 22 0.005 0.4559 1.09516 202.952 0.00069508 0.000705339
7 19 34 0.005 0.561202 1.31734 198.793 0.000954277 0.000948516
7 20 21 0.005 0.519033 1.28522 196.859 0.000602295 0.000592835
7 21 18 0.005 0.569421 1.53761 199.407 0.000459428 0.000458066
7 22 24 0.005 0.510771 1.56303 197.421 0.000611291 0.000603408
7 23 0 0 0 0 0 0 0
8 0 28 0.005 0.372852 0.00849447 206.635 0.00128602 0.00132869
8 1 20 0.005 0.343825 -0.011696 207.027 0.000927066 0.000959636
8 2 28 0.005 0.478241 0.0383684 202.839 0.00123749 0.00125506
8 3 31 0.005 0.450569 0.163845 204.475 0.00137026 0.00140092
8 4 22 0.005 0.418899 0.320996 207.923 0.000953761 0.000991546
8 5 20 0.005 0.345069 0.331721 200.204 0.000884309 0.000885213
8 6 29 0.005 0.405575 0.357718 202.13 0.00125043 0.00126375
8 7 29 0.005 0.401326 0.386918 202.968 0.00124167 0.00126009
8 8 33 0.005 0.449464 0.425756 205.303 0.0013754 0.00141186
8 9 23 0.005 0.42507 0.647639 205.136 0.000891294 0.000914183
8 10 40 0.005 0.472082 0.611961 202.346 0.00155142 0.00156961
8 11 42 0.005 0.485407 0.629067 204.78 0.00161193 0.00165045
8 12 25 0.005 0.413532 0.640031 199.282 0.000974748 0.000971248
8 13 31 0.005 0.392163 0.736158 202.195 0.00116696 0.00117976
8 14 31 0.005 0.541644 0.875495 199.251 0.00105879 0.00105483
8 15 19 0.005 0.494994 0.900747 198.202 0.000649491 0.000643652
8 16 31 0.005 0.574159 0.99784 202.857 0.000996524 0.00101076
8 17 34 0.005 0.577238 1.09537 202.467 0.00104719 0.00106011
8 18 23 0.005 0.534775 1.15574 201.701 0.000696312 0.000702233
8 19 20 0.005 0.685062 1.33198 204.885 0.000544371 0.000557668
8 20 21 0.005 0.516373 1.38578 198.385 0.000576628 0.000571972
8 21 17 0.005 0.539591 1.46329 199.907 0.000449802 0.000449593
8 22 14 0.005 0.635072 1.61262 205.149 0.000342972 0.000351802
8 23 12 0.005 0.542788 1.50823 193.501 0.000311354 0.000301237
9 0 24 0.005 0.508228 0.10637 204.818 0.00104411 0.00106926
9 1 26 0.005 0.490817 0.160072 203.283 0.0011325 0.00115108
9 2 28 0.005 0.495911 0.200317 200.102 0.00121031 0.00121093
9 3 31 0.005 0.493559 0.180405 201.572 0.00134518 0.00135576
9 4 24 0.005 0.393621 0.229672 202.129 0.00107054 0.00108194
9 5 23 0.005 0.517663 0.276395 202.246 0.000972385 0.000983304
9 6 29 0.005 0.500144 0.339727 203.433 0.0012165 0.00123738
9 7 26 0.005 0.426522 0.287476 201.669 0.00113337 0.00114283
9 8 35 0.005 0.427012 0.411113 202.758 0.00147589 0.00149624
9 9 29 0.005 0.609383 0.559863 203.495 0.0010952 0.00111434
9 10 23 0.005 0.505792 0.582517 202.543 0.000892682 0.000904033
9 11 26 0.005 0.478726 0.541126 203.751 0.00103309 0.00105246
9 12 32 0.005 0.466345 0.718903 198.716 0.00119113 0.00118348
9 13 33 0.005 0.603815 0.814643 202.979 0.00113586 0.00115278
9 14 23 0.005 0.473353 0.927577 202.485 0.000780909 0.00079061
9 15 30 0.005 0.498464 0.816804 201.068 0.00106251 0.00106819
9 16 32 0.005 0.513807 0.945522 203.865 0.00106781 0.00108844
9 17 26 0.005 0.666953 1.0969 201.268 0.00078322 0.000788186
9 18 22 0.005 0.631851 1.17906 198.133 0.000645706 0.000639678
9 19 22 0.005 0.641817 1.26541 198.908 0.000621267 0.000617874
9 20 25 0.005 0.690413 1.44146 200.931 0.000650013 0.000653038
9 21 16 0.005 0.748799 1.45532 195.342 0.000408927 0.000399403
9 22 15 0.005 0.674599 1.55672 192.331 0.000373363 0.000359047
9 23 10 0.005 0.838646 1.77138 196.14 0.00022279 0.00021849
10 0 39 0.005 0.488041 0.0546976 203.549 0.001716 0.00174645
10 1 34 0.005 0.507799 0.0184697 205.501 0.00148585 0.00152672
10 2 27 0.005 0.559673 0.16209 203.077 0.00114357 0.00116116
10 3 27 0.005 0.520219 0.209653 201.747 0.00115436 0.00116444
10 4 27 0.005 0.500626 0.22973 202.125 0.0011593 0.00117161
10 5 21 0.005 0.531232 0.331995 203.398 0.000872374 0.000887198
10 6 29 0.005 0.500199 0.284557 202.648 0.00123211 0.00124842
10 7 27 0.005 0.598686 0.382838 200.275 0.00107886 0.00108035
10 8 32 0.005 0.515598 0.481633 202.387 0.00128171 0.00129701
10 9 36 0.005 0.538395 0.433733 203.487 0.00145156 0.00147687
10 10 31 0.005 0.603008 0.556874 201.347 0.0011746 0.00118251
10 11 16 0.005 0.680655 0.62876 204.626 0.000575299 0.000588606
10 12 16 0.005 0.667203 0.8272 198.531 0.000537476 0.000533527
10 13 38 0.005 0.57287 0.739354 201.938 0.00136042 0.0013736
10 14 29 0.005 0.662658 0.8982 205.034 0.000948582 0.00097246
10 15 27 0.005 0.654247 0.923393 201.042 0.000876395 0.000880961
10 16 32 0.005 0.678121 0.970195 199.605 0.00101231 0.00101031
10 17 31 0.005 0.715247 1.04391 197.33 0.000942181 0.000929603
10 18 14 0.005 0.724247 1.20888 198.314 0.000397153 0.000393805
10 19 25 0.005 0.735116 1.32771 200.645 0.000674281 0.000676457
10 20 11 0.005 0.638994 1.30031 197.597 0.000306298 0.000302617
10 21 13 0.005 0.764002 1.4869 203.121 0.000327138 0.000332243
10 22 17 0.005 0.726299 1.53575 194.507 0.000422732 0.000411122
10 23 0 0 0 0 0 0 0
11 0 31 0.005 0.586009 0.0193491 203.204 0.00131089 0.00133189
11 1 29 0.005 0.626669 0.114971 203.571 0.00119891 0.00122032
11 2 34 0.005 0.602793 0.175864 202.2 0.00141147 0.001427
11 3 26 0.005 0.565198 0.213438 206.198 0.00109088 0.00112468
11 4 29 0.005 0.598841 0.263981 204.203 0.00118948 0.00121448
11 5 25 0.005 0.64088 0.256776 206.648 0.00100848 0.001042
11 6 23 0.005 0.613164 0.396848 203.305 0.000910462 0.000925509
11 7 33 0.005 0.592648 0.409131 203.396 0.00131268 0.00133497
11 8 34 0.005 0.652593 0.482584 204.494 0.00129407 0.00132314
11 9 24 0.005 0.565561 0.511507 202.408 0.000935506 0.000946768
11 10 24 0.005 0.642073 0.640711 200.26 0.000871396 0.000872527
11 11 27 0.005 0.675742 0.642952 204.347 0.000967857 0.000988893
11 12 29 0.005 0.700357 0.672172 206.032 0.00102002 0.00105078
11 13 29 0.005 0.669225 0.727257 198.008 0.00101109 0.00100102
11 14 26 0.005 0.770375 0.980541 206.032 0.000797357 0.000821404
11 15 28 0.005 0.667209 0.959326 201.558 0.000892419 0.000899369
11 16 21 0.005 0.690618 0.970847 200.782 0.0006618 0.000664389
11 17 22 0.005 0.701565 1.01125 198.159 0.000680048 0.000673787
11 18 21 0.005 0.839897 1.34393 201.255 0.000549336 0.000552783
11 19 15 0.005 0.758406 1.28648 196.788 0.000409115 0.000402544
11 20 17 0.005 0.776373 1.29719 198.053 0.000459749 0.000455274
11 21 12 0.005 0.813318 1.56027 194.69 0.000290653 0.000282937
11 22 10 0.005 0.829491 1.45911 191.852 0.000250903 0.000240681
11 23 0 0 0 0 0 0 0
12 0 34 0.005 0.582205 0.0380114 203.886 0.00143956 0.00146753
12 1 30 0.005 0.687949 0.0902455 202.128 0.00120824 0.00122109
12 2 24 0.005 0.74453 0.161908 205.732 0.00093579 0.000962611
12 3 21 0.005 0.655366 0.149749 207.784 0.000854312 0.00088756
12 4 30 0.005 0.689032 0.211056 204.333 0.00119308 0.00121892
12 5 32 0.005 0.68933 0.296469 198.137 0.00125467 0.00124298
12 6 26 0.005 0.767224 0.334211 201.424 0.00097741 0.000984367
12 7 27 0.005 0.714946 0.368607 204.591 0.0010313 0.00105497
12 8 32 0.005 0.614574 0.481991 203.546 0.00123625 0.00125816
12 9 25 0.005 0.654602 0.626184 200.37 0.000908242 0.000909921
12 10 33 0.005 0.67036 0.580226 201.849 0.00121042 0.00122161
12 11 25 0.005 0.736262 0.680596 202.677 0.000865408 0.000876993
12 12 28 0.005 0.713453 0.803108 199.736 0.000935202 0.000933966
12 13 27 0.005 0.741286 0.759606 199.875 0.000907612 0.000907045
12 14 26 0.005 0.789745 0.910156 198.213 0.000813909 0.000806636
12 15 24 0.005 0.769899 0.952674 200.541 0.000744016 0.000746029
12 16 22 0.005 0.865423 1.14386 200.287 0.000616764 0.00061765
12 17 24 0.005 0.867789 1.16276 201.65 0.000667646 0.000673154
12 18 19 0.005 0.868362 1.33132 200.093 0.000495968 0.000496199
12 19 26 0.005 0.868299 1.28188 200.852 0.00069149 0.000694437
12 20 17 0.005 0.87781 1.33926 196.823 0.000441407 0.000434395
12 21 0 0 0 0 0 0 0
12 22 0 0 0 0 0 0 0
12 23 0 0 0 0 0 0 0
13 0 29 0.005 0.804707 0.0119619 200.007 0.00110746 0.0011075
13 1 32 0.005 0.758959 0.129052 205.632 0.00124296 0.00127796
13 2 24 0.005 0.755166 0.107468 205.359 0.00093541 0.000960476
13 3 28 0.005 0.844561 0.256422 202.372 0.00102905 0.00104125
13 4 42 0.005 0.830092 0.312108 202.775 0.00154036 0.00156173
13 5 33 0.005 0.754282 0.435159 202.375 0.00121994 0.00123442
13 6 26 0.005 0.751916 0.385467 201.385 0.000973515 0.000980257
13 7 35 0.005 0.727578 0.378303 201.881 0.00132665 0.00133913
13 8 32 0.005 0.736269 0.512946 203.6 0.0011675 0.00118851
13 9 33 0.005 0.865552 0.619771 200.162 0.00110754 0.00110843
13 10 28 0.005 0.953889 0.632195 202.67 0.000903154 0.000915211
13 11 23 0.005 0.758919 0.668964 196.367 0.000792591 0.000778195
13 12 26 0.005 0.754842 0.685362 202.543 0.000892443 0.00090379
13 13 36 0.005 0.917013 0.940821 201.917 0.00106882 0.00107907
13 14 18 0.005 0.853306 0.919309 199.055 0.000550048 0.000547449
13 15 20 0.005 0.923534 1.03027 202.066 0.000574285 0.000580216
13 16 17 0.005 0.835754 0.999786 200.254 0.000507333 0.000507977
13 17 15 0.005 0.993039 1.15369 202.543 0.00040372 0.000408854
13 18 16 0.005 0.868492 1.12128 198.549 0.000451954 0.000448676
13 19 18 0.005 1.10673 1.35972 196.019 0.000437168 0.000428465
13 20 17 0.005 1.1112 1.65739 199.141 0.000373361 0.000371757
13 21 0 0 0 0 0 0 0
13 22 0 0 0 0 0 0 0
13 23 0 0 0 0 0 0 0
14 0 41 0.005 0.890791 0.0885792 206.806 0.00149746 0.00154841
14 1 39 0.005 0.804447 0.0953781 203.16 0.0014855 0.00150898
14 2 33 0.005 0.78644 0.120308 200.658 0.00126589 0.00127005
14 3 27 0.005 0.848768 0.210059 199.908 0.000996366 0.000995906
14 4 40 0.005 0.897571 0.248925 203.638 0.00143479 0.00146089
14 5 42 0.005 0.857462 0.274899 203.395 0.00152997 0.00155594
14 6 25 0.005 0.936647 0.509796 206.087 0.000838276 0.00086379
14 7 36 0.005 0.829406 0.486614 200.816 0.00127201 0.0012772
14 8 27 0.005 0.782689 0.48508 200.638 0.00097363 0.000976736
14 9 26 0.005 0.913618 0.562778 205.549 0.000868922 0.000893029
14 10 30 0.005 0.832103 0.660458 201.945 0.00100796 0.00101776
14 11 26 0.005 0.804344 0.581399 198.791 0.000904615 0.000899146
14 12 30 0.005 0.843345 0.692191 199.344 0.00099365 0.000990391
14 13 29 0.005 0.95076 0.893964 201.682 0.00086464 0.000871911
14 14 34 0.005 0.977083 0.859211 208.297 0.00101563 0.00105777
14 15 26 0.005 0.986897 0.983555 201.428 0.000743139 0.000748445
14 16 21 0.005 1.02406 1.11746 198.289 0.000566895 0.000562046
14 17 17 0.005 0.978029 1.14801 203.358 0.00046052 0.000468253
14 18 20 0.005 1.17915 1.36209 200.383 0.000475801 0.000476712
14 19 11 0.005 1.13304 1.38615 192.61 0.000262948 0.000253232
14 20 0 0 0 0 0 0 0
14 21 0 0 0 0 0 0 0
14 22 0 0 0 0 0 0 0
14 23 0 0 0 0 0 0 0
15 0 35 0.005 0.873259 0.0280161 202.551 0.00129201 0.00130849
15 1 32 0.005 0.883256 0.0887585 201.84 0.0011731 0.00118389
15 2 33 0.005 1.06452 0.174698 207.989 0.00109972 0.00114366
15 3 28 0.005 0.941502 0.219776 201.06 0.000986775 0.000992003
15 4 29 0.005 0.907652 0.270521 206.646 0.00103213 0.00106642
15 5 36 0.005 0.840619 0.314754 203.309 0.00131325 0.00133498
15 6 28 0.005 0.848056 0.324037 199.457 0.00101623 0.00101347
15 7 31 0.005 0.909912 0.497637 202.146 0.00105478 0.0010661
15 8 33 0.005 1.0364 0.602407 204.541 0.00103622 0.00105975
15 9 30 0.005 0.970349 0.637074 199.877 0.000959829 0.000959241
15 10 27 0.005 1.02988 0.665271 206.617 0.000836531 0.000864207
15 11 36 0.005 0.963918 0.657238 200.198 0.00114846 0.00114959
15 12 27 0.005 1.11714 0.832771 205.785 0.000771701 0.000794021
15 13 23 0.005 0.941346 0.824545 198.685 0.000703832 0.000699205
15 14 23 0.005 1.10074 0.920099 201.9 0.000644709 0.000650834
15 15 24 0.005 1.013 0.963895 199.609 0.000684358 0.000683019
15 16 21 0.005 1.09418 1.22594 200.537 0.000535156 0.000536593
15 17 10 0.005 1.18978 1.2201 196.633 0.000248087 0.00024391
15 18 15 0.005 1.23151 1.39237 200.153 0.000348355 0.000348621
15 19 12 0.005 1.24345 1.44535 199.18 0.000273223 0.000272103
15 20 0 0 0 0 0 0 0
15 21 0 0 0 0 0 0 0
15 22 0 0 0 0 0 0 0
15 23 0 0 0 0 0 0 0
16 0 40 0.005 1.06741 0.0362521 205.578 0.00134015 0.00137753
16 1 32 0.005 1.00812 0.0808232 204.319 0.00110291 0.00112672
16 2 45 0.005 0.965921 0.133847 202.866 0.00157929 0.00160193
16 3 46 0.005 0.93932 0.21483 200.61 0.00162376 0.00162871
16 4 31 0.005 1.00392 0.299164 198.971 0.00104929 0.00104389
16 5 30 0.005 0.964635 0.322742 201.622 0.00103096 0.00103932
16 6 33 0.005 1.01842 0.428137 202.833 0.00108557 0.00110095
16 7 29 0.005 1.04442 0.441468 205.582 0.000940281 0.000966522
16 8 29 0.005 1.1086 0.560717 202.341 0.000891376 0.000901807
16 9 30 0.005 1.04748 0.545143 199.629 0.000950372 0.000948611
16 10 22 0.005 1.08312 0.696196 200.434 0.000661496 0.000662932
16 11 21 0.005 1.04827 0.789827 199.689 0.000623862 0.000622892
16 12 28 0.005 1.05159 0.814967 197.791 0.000824682 0.000815575
16 13 17 0.005 1.16856 0.936495 204.562 0.00046278 0.000473336
16 14 25 0.005 1.18828 1.0767 199.093 0.000648481 0.00064554
16 15 29 0.005 1.11439 1.02021 200.33 0.000784608 0.000785903
16 16 22 0.005 1.24164 1.13199 195.665 0.000551552 0.000539598
16 17 10 0.005 1.25419 1.1639 194.763 0.000247345 0.000240868
16 18 10 0.005 1.22544 1.31272 201.483 0.000238484 0.000240253
16 19 0 0 0 0 0 0 0
16 20 0 0 0 0 0 0 0
16 21 0 0 0 0 0 0 0
16 22 0 0 0 0 0 0 0
16 23 0 0 0 0 0 0 0
17 0 45 0.005 1.1044 0.0437631 204.545 0.00147995 0.00151359
17 1 45 0.005 1.06542 0.0457584 202.345 0.00150889 0.00152659
17 2 36 0.005 1.04424 0.11828 203.725 0.00121648 0.00123914
17 3 36 0.005 1.09887 0.171775 202.492 0.00117988 0.00119458
17 4 33 0.005 1.21027 0.251031 204.583 0.00101745 0.00104077
17 5 28 0.005 1.069 0.381464 199.835 0.00090735 0.000906602
17 6 27 0.005 1.21141 0.480166 199.786 0.000805762 0.000804899
17 7 30 0.005 1.30215 0.614095 205.426 0.00083894 0.0008617
17 8 26 0.005 1.0327 0.449897 197.608 0.000846131 0.000836013
17 9 27 0.005 1.20533 0.627238 201.328 0.000784509 0.000789718
17 10 31 0.005 1.098 0.667527 201.79 0.000933277 0.000941629
17 11 32 0.005 1.17303 0.734238 199.598 0.000918739 0.000916891
17 12 33 0.005 1.24411 0.856604 201.221 0.000892982 0.000898435
17 13 26 0.005 1.14474 0.824804 197.643 0.000736978 0.000728294
17 14 18 0.005 1.47372 1.16407 201.398 0.000414707 0.000417607
17 15 18 0.005 1.25382 1.03644 195.449 0.000462081 0.000451567
17 16 0 0 0 0 0 0 0
17 17 10 0.005 1.45018 1.40135 196.246 0.000217772 0.000213685
17 18 0 0 0 0 0 0 0
17 19 0 0 0 0 0 0 0
17 20 0 0 0 0 0 0 0
17 21 0 0 0 0 0 0 0
17 22 0 0 0 0 0 0 0
17 23 0 0 0 0 0 0 0
18 0 37 0.005 1.14287 0.0943589 202.886 0.00119204 0.00120924
18 1 35 0.005 1.09789 0.0632988 197.576 0.00115426 0.00114027
18 2 31 0.005 1.15054 0.189936 202.736 0.00098922 0.00100275
18 3 28 0.005 1.16605 0.239903 204.907 0.000882812 0.000904473
18 4 32 0.005 1.21727 0.281571 206.678 0.000980196 0.00101293
18 5 38 0.005 1.23245 0.357151 203.571 0.00114504 0.00116548
18 6 18 0.005 1.23787 0.440801 200.128 0.000534354 0.000534697
18 7 33 0.005 1.13108 0.468514 201.227 0.00102332 0.0010296
18 8 22 0.005 1.21343 0.498417 200.823 0.000653795 0.000656487
18 9 22 0.005 1.29693 0.60219 199.066 0.000618048 0.000615161
18 10 25 0.005 1.19964 0.668588 201.38 0.000721358 0.000726334
18 11 20 0.005 1.35137 0.703135 199.905 0.000538011 0.000537757
18 12 17 0.005 1.30753 0.9252 202.575 0.000441316 0.000446998
18 13 22 0.005 1.31173 0.907935 196.751 0.000572777 0.000563471
18 14 20 0.005 1.28228 1.00578 198.977 0.000512752 0.000510128
18 15 15 0.005 1.21463 1.00465 197.178 0.000393896 0.000388338
18 16 0 0 0 0 0 0 0
18 17 0 0 0 0 0 0 0
18 18 0 0 0 0 0 0 0
18 19 0 0 0 0 0 0 0
18 20 0 0 0 0 0 0 0
18 21 0 0 0 0 0 0 0
18 22 0 0 0 0 0 0 0
18 23 0 0 0 0 0 0 0
19 0 29 0.005 1.24607 0.0832692 199.957 0.000888546 0.000888353
19 1 36 0.005 1.21426 0.0826596 198.643 0.0011203 0.00111271
19 2 27 0.005 1.23632 0.0913638 199.58 0.000830974 0.00082923
19 3 37 0.005 1.25154 0.23776 201.67 0.00111991 0.00112926
19 4 31 0.005 1.24537 0.242824 198.518 0.000940628 0.000933656
19 5 32 0.005 1.15067 0.36821 200.708 0.0010002 0.00100374
19 6 33 0.005 1.24992 0.449926 201.079 0.000972873 0.000978124
19 7 22 0.005 1.3409 0.554349 199.575 0.000611982 0.000610682
19 8 25 0.005 1.25283 0.561213 201.541 0.000721559 0.000727119
19 9 23 0.005 1.29483 0.589028 198.212 0.000648397 0.0006426
19 10 19 0.005 1.38086 0.669017 201.74 0.000508533 0.000512956
19 11 16 0.005 1.28559 0.765816 196.807 0.000435782 0.000428826
19 12 14 0.005 1.44074 0.98438 195.757 0.000341235 0.000333995
19 13 15 0.005 1.24099 0.899518 197.522 0.000401783 0.000396806
19 14 18 0.005 1.49172 1.07607 198.949 0.000421453 0.000419238
19 15 13 0.005 1.51305 1.24926 199.588 0.000289363 0.000288767
19 16 0 0 0 0 0 0 0
19 17 0 0 0 0 0 0 0
19 18 0 0 0 0 0 0 0
19 19 0 0 0 0 0 0 0
19 20 0 0 0 0 0 0 0
19 21 0 0 0 0 0 0 0
19 22 0 0 0 0 0 0 0
19 23 0 0 0 0 0 0 0
20 0 32 0.005 1.38906 0.0506627 203.674 0.000916082 0.000932911
20 1 31 0.005 1.42176 0.103835 202.008 0.000872678 0.000881438
20 2 30 0.005 1.30911 0.231876 202.51 0.000883983 0.000895077
20 3 33 0.005 1.4002 0.207762 200.693 0.000933372 0.000936607
20 4 37 0.005 1.47765 0.307755 201.535 0.00100174 0.00100943
20 5 28 0.005 1.24395 0.294941 197.355 0.000845643 0.000834461
20 6 25 0.005 1.40013 0.422061 203.93 0.000691749 0.000705341
20 7 27 0.005 1.48767 0.406467 199.809 0.000720078 0.00071939
20 8 32 0.005 1.46692 0.574114 203.282 0.000840694 0.000854489
20 9 27 0.005 1.51218 0.636814 200.762 0.000688796 0.000691419
20 10 28 0.005 1.48782 0.728006 198.94 0.000709388 0.000705628
20 11 11 0.005 1.49704 0.738967 200.077 0.000277079 0.000277185
20 12 10 0.005 1.6902 0.966175 194.453 0.00022397 0.000217759
20 13 10 0.005 1.59338 0.986063 202.244 0.000230794 0.000233384
20 14 0 0 0 0 0 0 0
20 15 0 0 0 0 0 0 0
20 16 0 0 0 0 0 0 0
20 17 0 0 0 0 0 0 0
20 18 0 0 0 0 0 0 0
20 19 0 0 0 0 0 0 0
20 20 0 0 0 0 0 0 0
20 21 0 0 0 0 0 0 0
20 22 0 0 0 0 0 0 0
20 23 0 0 0 0 0 0 0
21 0 26 0.005 1.39588 0.0579025 198.648 0.000741817 0.000736802
21 1 30 0.005 1.4908 0.163245 199.544 0.000815844 0.000813984
21 2 28 0.005 1.45355 0.189585 202.346 0.000773497 0.000782571
21 3 35 0.005 1.51013 0.181206 201.723 0.000942554 0.000950673
21 4 19 0.005 1.48361 0.310143 198.548 0.000512915 0.00050919
21 5 15 0.005 1.56855 0.311963 195.138 0.000389833 0.000380356
21 6 16 0.005 1.44837 0.436721 200.26 0.000432505 0.000433067
21 7 17 0.005 1.59905 0.547023 200.134 0.000424364 0.00042465
21 8 17 0.005 1.55738 0.538611 200.986 0.000432323 0.000434454
21 9 18 0.005 1.69421 0.744263 202.824 0.00041949 0.000425412
21 10 14 0.005 1.63499 0.839131 196.588 0.000328015 0.000322419
21 11 14 0.005 1.65612 0.87689 194.653 0.000323094 0.000314456
21 12 0 0 0 0 0 0 0
21 13 12 0.005 1.70027 1.07333 192.412 0.000261944 0.000252007
21 14 0 0 0 0 0 0 0
21 15 0 0 0 0 0 0 0
21 16 0 0 0 0 0 0 0
21 17 0 0 0 0 0 0 0
21 18 0 0 0 0 0 0 0
21 19 0 0 0 0 0 0 0
21 20 0 0 0 0 0 0 0
21 21 0 0 0 0 0 0 0
21 22 0 0 0 0 0 0 0
21 23 0 0 0 0 0 0 0
22 0 16 0.005 1.5726 0.0206715 203.069 0.000420829 0.000427286
22 1 18 0.005 1.60316 0.0863273 202.979 0.000466496 0.000473444
22 2 20 0.005 1.56339 0.206535 200.595 0.00052503 0.000526592
22 3 26 0.005 1.67044 0.229502 201.461 0.000650137 0.000654888
22 4 22 0.005 1.49079 0.33918 198.459 0.000590313 0.000585766
22 5 15 0.005 1.83449 0.360377 198.769 0.000346806 0.000344671
22 6 18 0.005 1.84429 0.456122 197.281 0.000410976 0.000405389
22 7 0 0 0 0 0 0 0
22 8 14 0.005 1.68767 0.539453 200.016 0.000337317 0.000337344
22 9 0 0 0 0 0 0 0
22 10 0 0 0 0 0 0 0
22 11 0 0 0 0 0 0 0
22 12 0 0 0 0 0 0 0
22 13 0 0 0 0 0 0 0
22 14 0 0 0 0 0 0 0
22 15 0 0 0 0 0 0 0
22 16 0 0 0 0 0 0 0
22 17 0 0 0 0 0 0 0
22 18 0 0 0 0 0 0 0
22 19 0 0 0 0 0 0 0
22 20 0 0 0 0 0 0 0
22 21 0 0 0 0 0 0 0
22 22 0 0 0 0 0 0 0
22 23 0 0 0 0 0 0 0
23 0 10 0.005 1.77428 0.11932 193.241 0.000240271 0.000232151
23 1 17 0.005 1.80287 0.0419763 198.949 0.000404126 0.000402002
23 2 13 0.005 1.73123 0.176919 197.617 0.0003175 0.000313716
23 3 23 0.005 1.73921 0.180082 199.374 0.000559733 0.000557981
23 4 19 0.005 1.71872 0.356919 200.869 0.00046102 0.000463022
23 5 0 0 0 0 0 0 0
23 6 10 0.005 1.81498 0.488219 204.039 0.000230251 0.0002349
23 7 14 0.005 1.87385 0.481055 201.302 0.000315125 0.000317176
23 8 10 0.005 2.12257 0.618243 195.97 0.000202024 0.000197953
23 9 11 0.005 2.0069 0.786045 201.307 0.00022694 0.000228423
23 10 0 0 0 0 0 0 0
23 11 0 0 0 0 0 0 0
23 12 0 0 0 0 0 0 0
23 13 0 0 0 0 0 0 0
23 14 0 0 0 0 0 0 0
23 15 0 0 0 0 0 0 0
23 16 0 0 0 0 0 0 0
23 17 0 0 0 0 0 0 0
23 18 0 0 0 0 0 0 0
23 19 0 0 0 0 0 0 0
23 20 0 0 0 0 0 0 0
23 21 0 0 0 0 0 0 0
23 22 0 0 0 0 0 0 0
23 23 0 0 0 0 0 0 0
