#  ix    iy     NK     E/N         TK    Uxpi    UyK      muK      rho      epsilon
0 0 0 0 0 0 0 0 0
0 1 0 0 0 0 0 0 0
0 2 0 0 0 0 0 0 0
0 3 0 0 0 0 0 0 0
0 4 0 0 0 0 0 0 0
0 5 0 0 0 0 0 0 0
0 6 0 0 0 0 0 0 0
0 7 16 0.0645519 -0.0174323 -0.11135 3.29871 0.00305756 0.00184808
0 8 231 0.146876 0.0776365 0.668301 0.0134428 0.0368576 0.0286
0 9 156 0.0999111 0.115555 1.10483 1.70433 0.0200714 0.013543
0 10 52 0.0713682 0.114191 1.35764 3.05529 0.00591704 0.00365393
0 11 0 0 0 0 0 0 0
0 12 0 0 0 0 0 0 0
0 13 0 0 0 0 0 0 0
0 14 0 0 0 0 0 0 0
0 15 0 0 0 0 0 0 0
0 16 0 0 0 0 0 0 0
0 17 0 0 0 0 0 0 0
0 18 0 0 0 0 0 0 0
0 19 0 0 0 0 0 0 0
0 20 0 0 0 0 0 0 0
0 21 0 0 0 0 0 0 0
0 22 0 0 0 0 0 0 0
0 23 0 0 0 0 0 0 0
1 0 0 0 0 0 0 0 0
1 1 0 0 0 0 0 0 0
1 2 0 0 0 0 0 0 0
1 3 0 0 0 0 0 0 0
1 4 0 0 0 0 0 0 0
1 5 0 0 0 0 0 0 0
1 6 0 0 0 0 0 0 0
1 7 13 0.0443871 0.0497705 -0.100347 7.19597 0.00248446 0.00140895
1 8 206 0.127411 0.128576 0.648052 0.688121 0.033053 0.0242296
1 9 145 0.102116 0.188695 1.13586 1.46478 0.0182844 0.0124207
1 10 36 0.0820756 0.169327 1.40402 1.51597 0.00399708 0.00255237
1 11 0 0 0 0 0 0 0
1 12 0 0 0 0 0 0 0
1 13 0 0 0 0 0 0 0
1 14 0 0 0 0 0 0 0
1 15 0 0 0 0 0 0 0
1 16 0 0 0 0 0 0 0
1 17 0 0 0 0 0 0 0
1 18 0 0 0 0 0 0 0
1 19 0 0 0 0 0 0 0
1 20 0 0 0 0 0 0 0
1 21 0 0 0 0 0 0 0
1 22 0 0 0 0 0 0 0
1 23 0 0 0 0 0 0 0
2 0 0 0 0 0 0 0 0
2 1 0 0 0 0 0 0 0
2 2 0 0 0 0 0 0 0
2 3 0 0 0 0 0 0 0
2 4 0 0 0 0 0 0 0
2 5 0 0 0 0 0 0 0
2 6 11 0.0479549 -0.115458 -0.174058 6.058 0.0020707 0.00118764
2 7 31 0.0896545 0.0061527 0.220627 1.22669 0.00582143 0.00380584
2 8 293 0.128169 0.266585 0.78305 0.926838 0.0434173 0.0318986
2 9 110 0.0897544 0.384214 1.19756 2.03461 0.0131653 0.00860966
2 10 34 0.066418 0.386984 1.42595 3.21602 0.0036648 0.00222816
2 11 0 0 0 0 0 0 0
2 12 0 0 0 0 0 0 0
2 13 0 0 0 0 0 0 0
2 14 0 0 0 0 0 0 0
2 15 0 0 0 0 0 0 0
2 16 0 0 0 0 0 0 0
2 17 0 0 0 0 0 0 0
2 18 0 0 0 0 0 0 0
2 19 0 0 0 0 0 0 0
2 20 0 0 0 0 0 0 0
2 21 0 0 0 0 0 0 0
2 22 0 0 0 0 0 0 0
2 23 0 0 0 0 0 0 0
3 0 0 0 0 0 0 0 0
3 1 0 0 0 0 0 0 0
3 2 0 0 0 0 0 0 0
3 3 0 0 0 0 0 0 0
3 4 0 0 0 0 0 0 0
3 5 0 0 0 0 0 0 0
3 6 16 0.0575706 -0.00477513 -0.124081 4.41994 0.00305347 0.00180539
3 7 178 0.157515 0.276474 0.50494 -0.565818 0.0296662 0.0237306
3 8 237 0.12399 0.41649 0.896064 0.826733 0.0324196 0.0235251
3 9 84 0.113225 0.533289 1.18956 0.180893 0.00983193 0.00690804
3 10 23 0.0509117 0.542051 1.57813 5.45372 0.00227369 0.00131632
3 11 0 0 0 0 0 0 0
3 12 0 0 0 0 0 0 0
3 13 0 0 0 0 0 0 0
3 14 0 0 0 0 0 0 0
3 15 0 0 0 0 0 0 0
3 16 0 0 0 0 0 0 0
3 17 0 0 0 0 0 0 0
3 18 0 0 0 0 0 0 0
3 19 0 0 0 0 0 0 0
3 20 0 0 0 0 0 0 0
3 21 0 0 0 0 0 0 0
3 22 0 0 0 0 0 0 0
3 23 0 0 0 0 0 0 0
4 0 0 0 0 0 0 0 0
4 1 0 0 0 0 0 0 0
4 2 0 0 0 0 0 0 0
4 3 0 0 0 0 0 0 0
4 4 12 0.0415597 -0.303297 -0.203209 7.92483 0.00216775 0.00121839
4 5 16 0.0461191 -0.176741 -0.162758 6.90068 0.00299178 0.00170598
4 6 49 0.0987715 0.120514 0.229892 0.993368 0.00912083 0.00613274
4 7 278 0.132592 0.450699 0.637345 0.704558 0.0421422 0.0313685
4 8 133 0.115223 0.55713 1.11449 0.560513 0.0160091 0.0113161
4 9 50 0.0823409 0.615985 1.29762 1.80896 0.00549382 0.00351102
4 10 10 0.034824 0.779579 1.41285 9.75061 0.001013 0.000557362
4 11 0 0 0 0 0 0 0
4 12 0 0 0 0 0 0 0
4 13 0 0 0 0 0 0 0
4 14 0 0 0 0 0 0 0
4 15 0 0 0 0 0 0 0
4 16 0 0 0 0 0 0 0
4 17 0 0 0 0 0 0 0
4 18 0 0 0 0 0 0 0
4 19 0 0 0 0 0 0 0
4 20 0 0 0 0 0 0 0
4 21 0 0 0 0 0 0 0
4 22 0 0 0 0 0 0 0
4 23 0 0 0 0 0 0 0
5 0 0 0 0 0 0 0 0
5 1 0 0 0 0 0 0 0
5 2 11 0.0470384 -0.352092 -0.0113342 6.25356 0.0019952 0.00114103
5 3 10 0.0852104 -0.188299 -0.167992 0.46586 0.00186463 0.00120234
5 4 17 0.0419992 -0.158394 -0.150345 8.17078 0.00319395 0.00179767
5 5 53 0.10671 0.191482 0.129248 0.565994 0.00993075 0.00684115
5 6 245 0.135143 0.519834 0.537308 0.487731 0.0377355 0.0282995
5 7 179 0.103894 0.710435 0.82853 1.59109 0.0232547 0.0158831
5 8 70 0.0804839 0.762169 1.12343 2.3613 0.00798375 0.00507285
5 9 18 0.0663635 0.925501 1.65296 2.40466 0.00161591 0.000982291
5 10 0 0 0 0 0 0 0
5 11 0 0 0 0 0 0 0
5 12 0 0 0 0 0 0 0
5 13 0 0 0 0 0 0 0
5 14 0 0 0 0 0 0 0
5 15 0 0 0 0 0 0 0
5 16 0 0 0 0 0 0 0
5 17 0 0 0 0 0 0 0
5 18 0 0 0 0 0 0 0
5 19 0 0 0 0 0 0 0
5 20 0 0 0 0 0 0 0
5 21 0 0 0 0 0 0 0
5 22 0 0 0 0 0 0 0
5 23 0 0 0 0 0 0 0
6 0 0 0 0 0 0 0 0
6 1 15 0.056823 -0.21205 0.16127 4.46373 0.0027874 0.00164418
6 2 18 0.0525975 -0.128203 -0.0147419 5.50034 0.00343307 0.00199816
6 3 32 0.083121 -0.0259016 -0.0261333 1.8488 0.00614968 0.00393973
6 4 108 0.127473 0.379567 0.219263 0.132828 0.019022 0.0139467
6 5 270 0.139609 0.640916 0.489855 0.377613 0.0404131 0.0307056
6 6 172 0.107434 0.740924 0.648922 1.38659 0.0235659 0.01627
6 7 89 0.0951355 0.873774 0.910981 1.40502 0.0106281 0.0070668
6 8 36 0.0690431 0.954345 1.21687 2.892 0.00375924 0.00230453
6 9 0 0 0 0 0 0 0
6 10 0 0 0 0 0 0 0
6 11 0 0 0 0 0 0 0
6 12 0 0 0 0 0 0 0
6 13 0 0 0 0 0 0 0
6 14 0 0 0 0 0 0 0
6 15 0 0 0 0 0 0 0
6 16 0 0 0 0 0 0 0
6 17 0 0 0 0 0 0 0
6 18 0 0 0 0 0 0 0
6 19 0 0 0 0 0 0 0
6 20 0 0 0 0 0 0 0
6 21 0 0 0 0 0 0 0
6 22 0 0 0 0 0 0 0
6 23 0 0 0 0 0 0 0
7 0 50 0.0793618 0.0558748 0.0190935 2.65694 0.00959867 0.00607764
7 1 89 0.112226 0.332807 -0.0541533 0.736541 0.0162182 0.0113608
7 2 161 0.143571 0.556649 0.143936 -0.182651 0.0268413 0.0206298
7 3 244 0.119014 0.637881 0.245058 1.24771 0.0387418 0.0276983
7 4 269 0.133532 0.763561 0.40037 0.592105 0.0391796 0.0292439
7 5 139 0.113716 0.967411 0.632188 0.730129 0.0174911 0.0123077
7 6 79 0.110165 1.01832 0.847503 0.28086 0.00915258 0.00637153
7 7 33 0.0661316 1.03145 0.900533 3.27672 0.00374285 0.00227357
7 8 0 0 0 0 0 0 0
7 9 0 0 0 0 0 0 0
7 10 0 0 0 0 0 0 0
7 11 0 0 0 0 0 0 0
7 12 0 0 0 0 0 0 0
7 13 0 0 0 0 0 0 0
7 14 0 0 0 0 0 0 0
7 15 0 0 0 0 0 0 0
7 16 0 0 0 0 0 0 0
7 17 0 0 0 0 0 0 0
7 18 0 0 0 0 0 0 0
7 19 0 0 0 0 0 0 0
7 20 0 0 0 0 0 0 0
7 21 0 0 0 0 0 0 0
7 22 0 0 0 0 0 0 0
7 23 0 0 0 0 0 0 0
8 0 235 0.129563 0.828986 -0.00480822 0.643552 0.0347917 0.025667
8 1 243 0.120137 0.856277 0.181895 1.09453 0.0351618 0.0252234
8 2 207 0.112811 0.935041 0.228453 1.27423 0.0286803 0.020126
8 3 139 0.115118 1.06744 0.401734 0.662118 0.0176227 0.0124527
8 4 88 0.0889733 1.09454 0.564692 1.88807 0.0106671 0.00695906
8 5 45 0.0834679 1.04678 0.716935 1.67873 0.00535687 0.00343553
8 6 24 0.0743193 1.29741 0.79019 1.86358 0.00253774 0.00158169
8 7 0 0 0 0 0 0 0
8 8 0 0 0 0 0 0 0
8 9 0 0 0 0 0 0 0
8 10 0 0 0 0 0 0 0
8 11 0 0 0 0 0 0 0
8 12 0 0 0 0 0 0 0
8 13 0 0 0 0 0 0 0
8 14 0 0 0 0 0 0 0
8 15 0 0 0 0 0 0 0
8 16 0 0 0 0 0 0 0
8 17 0 0 0 0 0 0 0
8 18 0 0 0 0 0 0 0
8 19 0 0 0 0 0 0 0
8 20 0 0 0 0 0 0 0
8 21 0 0 0 0 0 0 0
8 22 0 0 0 0 0 0 0
8 23 0 0 0 0 0 0 0
9 0 109 0.0890254 1.23318 0.120288 2.09417 0.0131649 0.00858998
9 1 85 0.100031 1.26205 0.185681 1.00796 0.0100848 0.00680709
9 2 68 0.0879877 1.2142 0.303786 1.70248 0.0081626 0.00530894
9 3 52 0.0782634 1.21537 0.486202 2.31056 0.00607063 0.00383062
9 4 31 0.0867316 1.29274 0.578418 0.944837 0.00343861 0.00222777
9 5 22 0.0563574 1.31706 0.678843 4.38584 0.00236675 0.001394
9 6 0 0 0 0 0 0 0
9 7 0 0 0 0 0 0 0
9 8 0 0 0 0 0 0 0
9 9 0 0 0 0 0 0 0
9 10 0 0 0 0 0 0 0
9 11 0 0 0 0 0 0 0
9 12 0 0 0 0 0 0 0
9 13 0 0 0 0 0 0 0
9 14 0 0 0 0 0 0 0
9 15 0 0 0 0 0 0 0
9 16 0 0 0 0 0 0 0
9 17 0 0 0 0 0 0 0
9 18 0 0 0 0 0 0 0
9 19 0 0 0 0 0 0 0
9 20 0 0 0 0 0 0 0
9 21 0 0 0 0 0 0 0
9 22 0 0 0 0 0 0 0
9 23 0 0 0 0 0 0 0
10 0 25 0.0600251 1.46515 0.0108901 3.87912 0.00271021 0.0016149
10 1 16 0.0629006 1.67571 0.339635 2.86672 0.00155342 0.000934054
10 2 11 0.0563348 1.4037 0.286889 3.71974 0.00121073 0.000713064
10 3 0 0 0 0 0 0 0
10 4 0 0 0 0 0 0 0
10 5 0 0 0 0 0 0 0
10 6 0 0 0 0 0 0 0
10 7 0 0 0 0 0 0 0
10 8 0 0 0 0 0 0 0
10 9 0 0 0 0 0 0 0
10 10 0 0 0 0 0 0 0
10 11 0 0 0 0 0 0 0
10 12 0 0 0 0 0 0 0
10 13 0 0 0 0 0 0 0
10 14 0 0 0 0 0 0 0
10 15 0 0 0 0 0 0 0
10 16 0 0 0 0 0 0 0
10 17 0 0 0 0 0 0 0
10 18 0 0 0 0 0 0 0
10 19 0 0 0 0 0 0 0
10 20 0 0 0 0 0 0 0
10 21 0 0 0 0 0 0 0
10 22 0 0 0 0 0 0 0
10 23 0 0 0 0 0 0 0
11 0 0 0 0 0 0 0 0
11 1 0 0 0 0 0 0 0
11 2 0 0 0 0 0 0 0
11 3 0 0 0 0 0 0 0
11 4 0 0 0 0 0 0 0
11 5 0 0 0 0 0 0 0
11 6 0 0 0 0 0 0 0
11 7 0 0 0 0 0 0 0
11 8 0 0 0 0 0 0 0
11 9 0 0 0 0 0 0 0
11 10 0 0 0 0 0 0 0
11 11 0 0 0 0 0 0 0
11 12 0 0 0 0 0 0 0
11 13 0 0 0 0 0 0 0
11 14 0 0 0 0 0 0 0
11 15 0 0 0 0 0 0 0
11 16 0 0 0 0 0 0 0
11 17 0 0 0 0 0 0 0
11 18 0 0 0 0 0 0 0
11 19 0 0 0 0 0 0 0
11 20 0 0 0 0 0 0 0
11 21 0 0 0 0 0 0 0
11 22 0 0 0 0 0 0 0
11 23 0 0 0 0 0 0 0
12 0 0 0 0 0 0 0 0
12 1 0 0 0 0 0 0 0
12 2 0 0 0 0 0 0 0
12 3 0 0 0 0 0 0 0
12 4 0 0 0 0 0 0 0
12 5 0 0 0 0 0 0 0
12 6 0 0 0 0 0 0 0
12 7 0 0 0 0 0 0 0
12 8 0 0 0 0 0 0 0
12 9 0 0 0 0 0 0 0
12 10 0 0 0 0 0 0 0
12 11 0 0 0 0 0 0 0
12 12 0 0 0 0 0 0 0
12 13 0 0 0 0 0 0 0
12 14 0 0 0 0 0 0 0
12 15 0 0 0 0 0 0 0
12 16 0 0 0 0 0 0 0
12 17 0 0 0 0 0 0 0
12 18 0 0 0 0 0 0 0
12 19 0 0 0 0 0 0 0
12 20 0 0 0 0 0 0 0
12 21 0 0 0 0 0 0 0
12 22 0 0 0 0 0 0 0
12 23 0 0 0 0 0 0 0
13 0 0 0 0 0 0 0 0
13 1 0 0 0 0 0 0 0
13 2 0 0 0 0 0 0 0
13 3 0 0 0 0 0 0 0
13 4 0 0 0 0 0 0 0
13 5 0 0 0 0 0 0 0
13 6 0 0 0 0 0 0 0
13 7 0 0 0 0 0 0 0
13 8 0 0 0 0 0 0 0
13 9 0 0 0 0 0 0 0
13 10 0 0 0 0 0 0 0
13 11 0 0 0 0 0 0 0
13 12 0 0 0 0 0 0 0
13 13 0 0 0 0 0 0 0
13 14 0 0 0 0 0 0 0
13 15 0 0 0 0 0 0 0
13 16 0 0 0 0 0 0 0
13 17 0 0 0 0 0 0 0
13 18 0 0 0 0 0 0 0
13 19 0 0 0 0 0 0 0
13 20 0 0 0 0 0 0 0
13 21 0 0 0 0 0 0 0
13 22 0 0 0 0 0 0 0
13 23 0 0 0 0 0 0 0
14 0 0 0 0 0 0 0 0
14 1 0 0 0 0 0 0 0
14 2 0 0 0 0 0 0 0
14 3 0 0 0 0 0 0 0
14 4 0 0 0 0 0 0 0
14 5 0 0 0 0 0 0 0
14 6 0 0 0 0 0 0 0
14 7 0 0 0 0 0 0 0
14 8 0 0 0 0 0 0 0
14 9 0 0 0 0 0 0 0
14 10 0 0 0 0 0 0 0
14 11 0 0 0 0 0 0 0
14 12 0 0 0 0 0 0 0
14 13 0 0 0 0 0 0 0
14 14 0 0 0 0 0 0 0
14 15 0 0 0 0 0 0 0
14 16 0 0 0 0 0 0 0
14 17 0 0 0 0 0 0 0
14 18 0 0 0 0 0 0 0
14 19 0 0 0 0 0 0 0
14 20 0 0 0 0 0 0 0
14 21 0 0 0 0 0 0 0
14 22 0 0 0 0 0 0 0
14 23 0 0 0 0 0 0 0
15 0 0 0 0 0 0 0 0
15 1 0 0 0 0 0 0 0
15 2 0 0 0 0 0 0 0
15 3 0 0 0 0 0 0 0
15 4 0 0 0 0 0 0 0
15 5 0 0 0 0 0 0 0
15 6 0 0 0 0 0 0 0
15 7 0 0 0 0 0 0 0
15 8 0 0 0 0 0 0 0
15 9 0 0 0 0 0 0 0
15 10 0 0 0 0 0 0 0
15 11 0 0 0 0 0 0 0
15 12 0 0 0 0 0 0 0
15 13 0 0 0 0 0 0 0
15 14 0 0 0 0 0 0 0
15 15 0 0 0 0 0 0 0
15 16 0 0 0 0 0 0 0
15 17 0 0 0 0 0 0 0
15 18 0 0 0 0 0 0 0
15 19 0 0 0 0 0 0 0
15 20 0 0 0 0 0 0 0
15 21 0 0 0 0 0 0 0
15 22 0 0 0 0 0 0 0
15 23 0 0 0 0 0 0 0
16 0 0 0 0 0 0 0 0
16 1 0 0 0 0 0 0 0
16 2 0 0 0 0 0 0 0
16 3 0 0 0 0 0 0 0
16 4 0 0 0 0 0 0 0
16 5 0 0 0 0 0 0 0
16 6 0 0 0 0 0 0 0
16 7 0 0 0 0 0 0 0
16 8 0 0 0 0 0 0 0
16 9 0 0 0 0 0 0 0
16 10 0 0 0 0 0 0 0
16 11 0 0 0 0 0 0 0
16 12 0 0 0 0 0 0 0
16 13 0 0 0 0 0 0 0
16 14 0 0 0 0 0 0 0
16 15 0 0 0 0 0 0 0
16 16 0 0 0 0 0 0 0
16 17 0 0 0 0 0 0 0
16 18 0 0 0 0 0 0 0
16 19 0 0 0 0 0 0 0
16 20 0 0 0 0 0 0 0
16 21 0 0 0 0 0 0 0
16 22 0 0 0 0 0 0 0
16 23 0 0 0 0 0 0 0
17 0 0 0 0 0 0 0 0
17 1 0 0 0 0 0 0 0
17 2 0 0 0 0 0 0 0
17 3 0 0 0 0 0 0 0
17 4 0 0 0 0 0 0 0
17 5 0 0 0 0 0 0 0
17 6 0 0 0 0 0 0 0
17 7 0 0 0 0 0 0 0
17 8 0 0 0 0 0 0 0
17 9 0 0 0 0 0 0 0
17 10 0 0 0 0 0 0 0
17 11 0 0 0 0 0 0 0
17 12 0 0 0 0 0 0 0
17 13 0 0 0 0 0 0 0
17 14 0 0 0 0 0 0 0
17 15 0 0 0 0 0 0 0
17 16 0 0 0 0 0 0 0
17 17 0 0 0 0 0 0 0
17 18 0 0 0 0 0 0 0
17 19 0 0 0 0 0 0 0
17 20 0 0 0 0 0 0 0
17 21 0 0 0 0 0 0 0
17 22 0 0 0 0 0 0 0
17 23 0 0 0 0 0 0 0
18 0 0 0 0 0 0 0 0
18 1 0 0 0 0 0 0 0
18 2 0 0 0 0 0 0 0
18 3 0 0 0 0 0 0 0
18 4 0 0 0 0 0 0 0
18 5 0 0 0 0 0 0 0
18 6 0 0 0 0 0 0 0
18 7 0 0 0 0 0 0 0
18 8 0 0 0 0 0 0 0
18 9 0 0 0 0 0 0 0
18 10 0 0 0 0 0 0 0
18 11 0 0 0 0 0 0 0
18 12 0 0 0 0 0 0 0
18 13 0 0 0 0 0 0 0
18 14 0 0 0 0 0 0 0
18 15 0 0 0 0 0 0 0
18 16 0 0 0 0 0 0 0
18 17 0 0 0 0 0 0 0
18 18 0 0 0 0 0 0 0
18 19 0 0 0 0 0 0 0
18 20 0 0 0 0 0 0 0
18 21 0 0 0 0 0 0 0
18 22 0 0 0 0 0 0 0
18 23 0 0 0 0 0 0 0
19 0 0 0 0 0 0 0 0
19 1 0 0 0 0 0 0 0
19 2 0 0 0 0 0 0 0
19 3 0 0 0 0 0 0 0
19 4 0 0 0 0 0 0 0
19 5 0 0 0 0 0 0 0
19 6 0 0 0 0 0 0 0
19 7 0 0 0 0 0 0 0
19 8 0 0 0 0 0 0 0
19 9 0 0 0 0 0 0 0
19 10 0 0 0 0 0 0 0
19 11 0 0 0 0 0 0 0
19 12 0 0 0 0 0 0 0
19 13 0 0 0 0 0 0 0
19 14 0 0 0 0 0 0 0
19 15 0 0 0 0 0 0 0
19 16 0 0 0 0 0 0 0
19 17 0 0 0 0 0 0 0
19 18 0 0 0 0 0 0 0
19 19 0 0 0 0 0 0 0
19 20 0 0 0 0 0 0 0
19 21 0 0 0 0 0 0 0
19 22 0 0 0 0 0 0 0
19 23 0 0 0 0 0 0 0
20 0 0 0 0 0 0 0 0
20 1 0 0 0 0 0 0 0
20 2 0 0 0 0 0 0 0
20 3 0 0 0 0 0 0 0
20 4 0 0 0 0 0 0 0
20 5 0 0 0 0 0 0 0
20 6 0 0 0 0 0 0 0
20 7 0 0 0 0 0 0 0
20 8 0 0 0 0 0 0 0
20 9 0 0 0 0 0 0 0
20 10 0 0 0 0 0 0 0
20 11 0 0 0 0 0 0 0
20 12 0 0 0 0 0 0 0
20 13 0 0 0 0 0 0 0
20 14 0 0 0 0 0 0 0
20 15 0 0 0 0 0 0 0
20 16 0 0 0 0 0 0 0
20 17 0 0 0 0 0 0 0
20 18 0 0 0 0 0 0 0
20 19 0 0 0 0 0 0 0
20 20 0 0 0 0 0 0 0
20 21 0 0 0 0 0 0 0
20 22 0 0 0 0 0 0 0
20 23 0 0 0 0 0 0 0
21 0 0 0 0 0 0 0 0
21 1 0 0 0 0 0 0 0
21 2 0 0 0 0 0 0 0
21 3 0 0 0 0 0 0 0
21 4 0 0 0 0 0 0 0
21 5 0 0 0 0 0 0 0
21 6 0 0 0 0 0 0 0
21 7 0 0 0 0 0 0 0
21 8 0 0 0 0 0 0 0
21 9 0 0 0 0 0 0 0
21 10 0 0 0 0 0 0 0
21 11 0 0 0 0 0 0 0
21 12 0 0 0 0 0 0 0
21 13 0 0 0 0 0 0 0
21 14 0 0 0 0 0 0 0
21 15 0 0 0 0 0 0 0
21 16 0 0 0 0 0 0 0
21 17 0 0 0 0 0 0 0
21 18 0 0 0 0 0 0 0
21 19 0 0 0 0 0 0 0
21 20 0 0 0 0 0 0 0
21 21 0 0 0 0 0 0 0
21 22 0 0 0 0 0 0 0
21 23 0 0 0 0 0 0 0
22 0 0 0 0 0 0 0 0
22 1 0 0 0 0 0 0 0
22 2 0 0 0 0 0 0 0
22 3 0 0 0 0 0 0 0
22 4 0 0 0 0 0 0 0
22 5 0 0 0 0 0 0 0
22 6 0 0 0 0 0 0 0
22 7 0 0 0 0 0 0 0
22 8 0 0 0 0 0 0 0
22 9 0 0 0 0 0 0 0
22 10 0 0 0 0 0 0 0
22 11 0 0 0 0 0 0 0
22 12 0 0 0 0 0 0 0
22 13 0 0 0 0 0 0 0
22 14 0 0 0 0 0 0 0
22 15 0 0 0 0 0 0 0
22 16 0 0 0 0 0 0 0
22 17 0 0 0 0 0 0 0
22 18 0 0 0 0 0 0 0
22 19 0 0 0 0 0 0 0
22 20 0 0 0 0 0 0 0
22 21 0 0 0 0 0 0 0
22 22 0 0 0 0 0 0 0
22 23 0 0 0 0 0 0 0
23 0 0 0 0 0 0 0 0
23 1 0 0 0 0 0 0 0
23 2 0 0 0 0 0 0 0
23 3 0 0 0 0 0 0 0
23 4 0 0 0 0 0 0 0
23 5 0 0 0 0 0 0 0
23 6 0 0 0 0 0 0 0
23 7 0 0 0 0 0 0 0
23 8 0 0 0 0 0 0 0
23 9 0 0 0 0 0 0 0
23 10 0 0 0 0 0 0 0
23 11 0 0 0 0 0 0 0
23 12 0 0 0 0 0 0 0
23 13 0 0 0 0 0 0 0
23 14 0 0 0 0 0 0 0
23 15 0 0 0 0 0 0 0
23 16 0 0 0 0 0 0 0
23 17 0 0 0 0 0 0 0
23 18 0 0 0 0 0 0 0
23 19 0 0 0 0 0 0 0
23 20 0 0 0 0 0 0 0
23 21 0 0 0 0 0 0 0
23 22 0 0 0 0 0 0 0
23 23 0 0 0 0 0 0 0
