#  ix    iy     NB       E/N    TB    UxB       UyB       muB       rhoB     epsilonB
0 0 50 0.005 0.0461725 -0.0284091 229.16 0.00430402 0.00493156
0 1 52 0.005 0.0405615 0.0955096 232.157 0.00445882 0.00517572
0 2 57 0.005 -0.0831018 0.139572 229.864 0.00485022 0.00557445
0 3 47 0.005 0.0667866 0.236328 226.171 0.0039348 0.0044497
0 4 51 0.005 0.00648817 0.352333 231.432 0.00414662 0.00479831
0 5 53 0.005 0.0552602 0.438584 227.746 0.00417888 0.00475861
0 6 42 0.005 0.0725586 0.513715 228.735 0.0032139 0.00367564
0 7 63 0.005 -0.0435859 0.658066 228.431 0.00453382 0.00517833
0 8 52 0.005 0.0326455 0.590864 217.746 0.00385788 0.00420018
0 9 58 0.005 0.0845597 0.711235 218.838 0.0040649 0.00444776
0 10 55 0.005 0.0621203 0.863261 219.065 0.00358509 0.00392685
0 11 42 0.005 0.114482 0.934565 217.27 0.00263609 0.00286373
0 12 48 0.005 0.000325625 1.02142 216.549 0.0028948 0.00313432
0 13 34 0.005 -0.00280508 1.09761 209.168 0.00197397 0.00206445
0 14 23 0.005 0.00843285 1.25612 208.342 0.00123491 0.00128642
0 15 15 0.005 0.0780954 1.72573 206.053 0.000647829 0.000667436
0 16 16 0.005 0.0418992 1.65476 197.855 0.000713224 0.000705574
0 17 0 0 0 0 0 0 0
0 18 0 0 0 0 0 0 0
0 19 0 0 0 0 0 0 0
0 20 0 0 0 0 0 0 0
0 21 0 0 0 0 0 0 0
0 22 0 0 0 0 0 0 0
0 23 0 0 0 0 0 0 0
1 0 48 0.005 0.0802317 0.0123266 221.398 0.00412437 0.00456562
1 1 69 0.005 0.136366 0.0956671 221.222 0.00586743 0.00649001
1 2 54 0.005 0.161389 0.220463 218.348 0.00449058 0.00490254
1 3 44 0.005 0.0956811 0.211144 233 0.00369512 0.00430482
1 4 53 0.005 0.158598 0.326549 222.487 0.00429473 0.0047776
1 5 64 0.005 0.149095 0.389087 223.69 0.00509282 0.00569608
1 6 59 0.005 0.120602 0.469492 223.791 0.00457685 0.00512129
1 7 49 0.005 0.185169 0.526113 218.816 0.00368912 0.0040362
1 8 45 0.005 0.160344 0.664919 216.232 0.00320197 0.00346184
1 9 43 0.005 0.150589 0.77393 221.225 0.00291094 0.00321986
1 10 58 0.005 0.0770794 0.818849 218.294 0.00386166 0.00421489
1 11 56 0.005 0.191907 0.894912 214.539 0.00356117 0.00382005
1 12 47 0.005 0.104361 1.09819 218.259 0.00272123 0.00296967
1 13 30 0.005 0.124058 1.15136 206.493 0.00169029 0.00174516
1 14 32 0.005 0.0686874 1.29698 206.046 0.00168293 0.00173381
1 15 22 0.005 0.137116 1.45008 204.815 0.00107345 0.00109929
1 16 10 0.005 0.159054 1.60867 198.559 0.000453525 0.000450256
1 17 0 0 0 0 0 0 0
1 18 0 0 0 0 0 0 0
1 19 0 0 0 0 0 0 0
1 20 0 0 0 0 0 0 0
1 21 0 0 0 0 0 0 0
1 22 0 0 0 0 0 0 0
1 23 0 0 0 0 0 0 0
2 0 53 0.005 0.216259 0.00179717 229.581 0.00446573 0.00512622
2 1 46 0.005 0.246935 0.14199 221.531 0.00381381 0.0042244
2 2 64 0.005 0.170079 0.169247 230.829 0.00536497 0.00619194
2 3 62 0.005 0.178862 0.204994 224.089 0.00515738 0.00577855
2 4 64 0.005 0.214622 0.327876 221.479 0.0051369 0.00568857
2 5 54 0.005 0.119605 0.388897 231.95 0.00431192 0.00500075
2 6 58 0.005 0.113617 0.380211 215.922 0.00464746 0.00501745
2 7 59 0.005 0.118959 0.53757 215.438 0.00445553 0.00479945
2 8 50 0.005 0.181777 0.640486 220.067 0.00358789 0.00394788
2 9 47 0.005 0.255802 0.760919 215.031 0.0031596 0.00339706
2 10 45 0.005 0.250697 0.855389 218.359 0.00289586 0.00316169
2 11 35 0.005 0.276501 0.97002 217.276 0.0021243 0.00230779
2 12 51 0.005 0.242858 1.0831 208.107 0.00294277 0.00306206
2 13 38 0.005 0.20184 1.17305 211.97 0.0021072 0.00223332
2 14 31 0.005 0.269744 1.47063 208.945 0.0014857 0.00155215
2 15 18 0.005 0.25897 1.41742 205.572 0.000884732 0.000909382
2 16 0 0 0 0 0 0 0
2 17 0 0 0 0 0 0 0
2 18 0 0 0 0 0 0 0
2 19 0 0 0 0 0 0 0
2 20 0 0 0 0 0 0 0
2 21 0 0 0 0 0 0 0
2 22 0 0 0 0 0 0 0
2 23 0 0 0 0 0 0 0
3 0 48 0.005 0.324878 -0.00139039 232.478 0.00393545 0.00457453
3 1 57 0.005 0.230207 0.111038 236.564 0.00476075 0.00563111
3 2 55 0.005 0.263538 0.235027 230.159 0.00447083 0.00514501
3 3 53 0.005 0.244963 0.20013 234.532 0.00435622 0.00510836
3 4 53 0.005 0.228203 0.292901 221.669 0.00428324 0.0047473
3 5 50 0.005 0.348687 0.311818 235.573 0.0039043 0.00459874
3 6 55 0.005 0.266241 0.523991 221.96 0.00408762 0.00453643
3 7 51 0.005 0.273393 0.523362 224.074 0.00378584 0.00424155
3 8 50 0.005 0.28255 0.737267 226.25 0.00338298 0.003827
3 9 67 0.005 0.279945 0.813321 220.688 0.00437885 0.0048318
3 10 37 0.005 0.387688 0.935461 214.56 0.00224125 0.00240441
3 11 50 0.005 0.287738 0.990898 213.581 0.00299976 0.00320347
3 12 32 0.005 0.375172 1.06969 208.851 0.00182495 0.00190571
3 13 33 0.005 0.377499 1.25071 210.169 0.00172913 0.00181705
3 14 25 0.005 0.353867 1.36332 211.292 0.00124765 0.00131809
3 15 20 0.005 0.42465 1.67012 206.438 0.00086536 0.000893214
3 16 0 0 0 0 0 0 0
3 17 0 0 0 0 0 0 0
3 18 0 0 0 0 0 0 0
3 19 0 0 0 0 0 0 0
3 20 0 0 0 0 0 0 0
3 21 0 0 0 0 0 0 0
3 22 0 0 0 0 0 0 0
3 23 0 0 0 0 0 0 0
4 0 75 0.005 0.352963 0.0287422 229.142 0.00609464 0.00698268
4 1 73 0.005 0.330646 0.159935 231.217 0.00590724 0.00682926
4 2 44 0.005 0.307843 0.279055 225.955 0.00350278 0.00395736
4 3 49 0.005 0.306884 0.208363 221.589 0.00396045 0.00438796
4 4 65 0.005 0.354309 0.274812 233.89 0.00511297 0.00597936
4 5 47 0.005 0.275102 0.392683 224.347 0.00365349 0.00409825
4 6 54 0.005 0.289994 0.471235 229.666 0.00407322 0.0046774
4 7 50 0.005 0.31053 0.578578 236.275 0.003603 0.00425651
4 8 62 0.005 0.388192 0.746334 218.517 0.00409003 0.0044687
4 9 52 0.005 0.391635 0.714075 217.982 0.00347586 0.00378838
4 10 46 0.005 0.394108 0.884448 214.925 0.00284886 0.00306145
4 11 42 0.005 0.39225 0.978882 208.98 0.00249136 0.00260322
4 12 43 0.005 0.379328 1.13418 212.46 0.00237785 0.00252599
4 13 39 0.005 0.42211 1.26148 207.135 0.00202025 0.00209232
4 14 17 0.005 0.533444 1.38487 204.046 0.000818937 0.000835503
4 15 17 0.005 0.464008 1.55594 207.312 0.000768534 0.000796633
4 16 0 0 0 0 0 0 0
4 17 0 0 0 0 0 0 0
4 18 0 0 0 0 0 0 0
4 19 0 0 0 0 0 0 0
4 20 0 0 0 0 0 0 0
4 21 0 0 0 0 0 0 0
4 22 0 0 0 0 0 0 0
4 23 0 0 0 0 0 0 0
5 0 47 0.005 0.443521 0.027615 226.694 0.0037026 0.00419679
5 1 62 0.005 0.46809 0.0500982 229.52 0.00483577 0.00554954
5 2 58 0.005 0.430173 0.179941 230.896 0.00453157 0.0052316
5 3 63 0.005 0.406954 0.237761 218.832 0.00491272 0.0053753
5 4 50 0.005 0.406913 0.239525 232.226 0.00389769 0.00452573
5 5 42 0.005 0.429374 0.403435 225.146 0.00311952 0.00351174
5 6 54 0.005 0.431147 0.463385 220.136 0.00393348 0.0043295
5 7 56 0.005 0.355511 0.563798 220.612 0.00401706 0.00443105
5 8 47 0.005 0.391161 0.629607 218.864 0.00325504 0.00356206
5 9 55 0.005 0.399834 0.761058 221.632 0.00359539 0.00398426
5 10 56 0.005 0.535281 0.891365 212.45 0.00334648 0.0035548
5 11 39 0.005 0.44866 0.938018 210.914 0.00233052 0.0024577
5 12 36 0.005 0.501219 1.0936 207.612 0.00198387 0.00205937
5 13 26 0.005 0.515922 1.27258 207.443 0.00131946 0.00136856
5 14 25 0.005 0.677318 1.48771 205.753 0.00112468 0.00115703
5 15 17 0.005 0.620813 1.65812 199.216 0.000720718 0.000717894
5 16 0 0 0 0 0 0 0
5 17 0 0 0 0 0 0 0
5 18 0 0 0 0 0 0 0
5 19 0 0 0 0 0 0 0
5 20 0 0 0 0 0 0 0
5 21 0 0 0 0 0 0 0
5 22 0 0 0 0 0 0 0
5 23 0 0 0 0 0 0 0
6 0 66 0.005 0.49606 0.0139835 231.961 0.00509659 0.00591106
6 1 62 0.005 0.451123 0.0564079 222.756 0.00486559 0.00541918
6 2 65 0.005 0.44947 0.202353 228.035 0.00502603 0.00573057
6 3 61 0.005 0.574677 0.276015 220.57 0.00443416 0.00489021
6 4 61 0.005 0.554409 0.298015 231.889 0.00445042 0.00516002
6 5 52 0.005 0.482483 0.38003 219.062 0.00381984 0.00418391
6 6 56 0.005 0.429209 0.441882 217.221 0.00411029 0.0044642
6 7 52 0.005 0.569838 0.573873 223.28 0.00348555 0.00389128
6 8 63 0.005 0.488715 0.69142 214.916 0.00414486 0.00445399
6 9 43 0.005 0.576399 0.680779 215.613 0.00276627 0.00298222
6 10 40 0.005 0.588464 0.959821 211.259 0.00228994 0.00241885
6 11 38 0.005 0.660808 0.980533 211.354 0.00211539 0.00223549
6 12 41 0.005 0.728272 1.14234 208.6 0.00209906 0.00218932
6 13 31 0.005 0.50797 1.17689 201.554 0.00164379 0.00165657
6 14 14 0.005 0.723333 1.37438 199.65 0.000653366 0.000652223
6 15 12 0.005 0.609742 1.66657 197.439 0.000507855 0.000501351
6 16 0 0 0 0 0 0 0
6 17 0 0 0 0 0 0 0
6 18 0 0 0 0 0 0 0
6 19 0 0 0 0 0 0 0
6 20 0 0 0 0 0 0 0
6 21 0 0 0 0 0 0 0
6 22 0 0 0 0 0 0 0
6 23 0 0 0 0 0 0 0
7 0 84 0.005 0.57575 0.0656734 226.639 0.00626542 0.00709996
7 1 72 0.005 0.628073 0.133451 226.471 0.00522292 0.0059142
7 2 69 0.005 0.622427 0.212167 230.194 0.00496998 0.0057203
7 3 74 0.005 0.559553 0.224926 231.215 0.0054628 0.0063154
7 4 64 0.005 0.639325 0.359011 223 0.00444935 0.00496103
7 5 66 0.005 0.592728 0.413608 221.312 0.00461128 0.00510267
7 6 56 0.005 0.659208 0.522316 225.001 0.00369459 0.00415644
7 7 64 0.005 0.669555 0.591911 216.15 0.00411384 0.00444603
7 8 36 0.005 0.567345 0.692387 216.051 0.00231235 0.00249793
7 9 35 0.005 0.633438 0.726825 215.241 0.00217213 0.00233766
7 10 53 0.005 0.733713 0.854661 211.215 0.00303334 0.00320344
7 11 23 0.005 0.735532 1.01064 214.869 0.00123865 0.00133073
7 12 28 0.005 0.698031 1.11219 211.357 0.00146244 0.00154548
7 13 27 0.005 0.750025 1.31118 200.424 0.00128486 0.00128758
7 14 0 0 0 0 0 0 0
7 15 0 0 0 0 0 0 0
7 16 0 0 0 0 0 0 0
7 17 0 0 0 0 0 0 0
7 18 0 0 0 0 0 0 0
7 19 0 0 0 0 0 0 0
7 20 0 0 0 0 0 0 0
7 21 0 0 0 0 0 0 0
7 22 0 0 0 0 0 0 0
7 23 0 0 0 0 0 0 0
8 0 60 0.005 0.692305 0.0688296 216.627 0.00424593 0.00459891
8 1 68 0.005 0.72665 0.137811 226.568 0.00471307 0.00533916
8 2 78 0.005 0.644818 0.205797 229.337 0.00556848 0.00638528
8 3 57 0.005 0.698105 0.34815 226.647 0.00387435 0.00439054
8 4 58 0.005 0.645328 0.338402 227.921 0.00404099 0.00460514
8 5 56 0.005 0.760829 0.523656 225.41 0.00354636 0.00399693
8 6 44 0.005 0.674325 0.500114 218.499 0.00290506 0.00317376
8 7 51 0.005 0.753554 0.656039 209.841 0.00311021 0.00326324
8 8 51 0.005 0.917511 0.838996 216.406 0.00275553 0.00298157
8 9 46 0.005 0.686625 0.760601 209.82 0.00276966 0.00290566
8 10 35 0.005 0.879416 1.07416 212.709 0.00176354 0.0018756
8 11 26 0.005 0.833499 1.16963 213.023 0.00128073 0.00136413
8 12 27 0.005 0.885135 1.15421 206.927 0.00131865 0.00136433
8 13 16 0.005 0.88894 1.24346 199.652 0.000755132 0.000753819
8 14 0 0 0 0 0 0 0
8 15 0 0 0 0 0 0 0
8 16 0 0 0 0 0 0 0
8 17 0 0 0 0 0 0 0
8 18 0 0 0 0 0 0 0
8 19 0 0 0 0 0 0 0
8 20 0 0 0 0 0 0 0
8 21 0 0 0 0 0 0 0
8 22 0 0 0 0 0 0 0
8 23 0 0 0 0 0 0 0
9 0 74 0.005 0.803998 0.0828141 227.942 0.00496137 0.00565452
9 1 64 0.005 0.664971 0.116167 220.451 0.00457287 0.00504047
9 2 67 0.005 0.844123 0.203731 219.749 0.0043611 0.00479174
9 3 70 0.005 0.787806 0.314681 219.753 0.0046017 0.00505619
9 4 64 0.005 0.787567 0.233566 217.69 0.00426323 0.00464031
9 5 42 0.005 0.888905 0.520819 215.817 0.0025218 0.00272123
9 6 50 0.005 0.797865 0.441999 213.555 0.0031846 0.00340043
9 7 57 0.005 0.894208 0.704503 217.881 0.00324293 0.00353287
9 8 46 0.005 0.81382 0.796715 213.981 0.00261646 0.00279936
9 9 35 0.005 1.02396 0.923458 215.414 0.0017714 0.00190792
9 10 27 0.005 1.03011 1.0392 203.676 0.00131331 0.00133745
9 11 27 0.005 0.929204 1.02456 206.924 0.00136372 0.00141093
9 12 13 0.005 1.13837 1.36906 205.849 0.00054879 0.000564839
9 13 10 0.005 1.02209 1.22114 197.93 0.000458453 0.000453708
9 14 0 0 0 0 0 0 0
9 15 0 0 0 0 0 0 0
9 16 0 0 0 0 0 0 0
9 17 0 0 0 0 0 0 0
9 18 0 0 0 0 0 0 0
9 19 0 0 0 0 0 0 0
9 20 0 0 0 0 0 0 0
9 21 0 0 0 0 0 0 0
9 22 0 0 0 0 0 0 0
9 23 0 0 0 0 0 0 0
10 0 68 0.005 0.989717 0.0817065 218.653 0.00415947 0.0045474
10 1 56 0.005 0.886035 0.147941 219.293 0.00359135 0.00393779
10 2 63 0.005 0.895453 0.18268 221.207 0.00400904 0.00443414
10 3 50 0.005 0.863192 0.255359 218.142 0.00320358 0.00349417
10 4 51 0.005 0.835001 0.372686 214.363 0.0032446 0.00347761
10 5 42 0.005 0.892608 0.445609 214.78 0.00256322 0.00275264
10 6 49 0.005 1.00341 0.593409 216.129 0.00275028 0.00297207
10 7 43 0.005 0.952107 0.692525 218.982 0.00239975 0.00262751
10 8 30 0.005 0.945337 0.693051 203.868 0.00167851 0.00171097
10 9 33 0.005 0.951027 0.846654 203.684 0.00175711 0.00178948
10 10 19 0.005 1.22472 1.0895 203.475 0.000853026 0.000867847
10 11 12 0.005 1.37894 1.40696 205.959 0.00046824 0.000482191
10 12 12 0.005 1.01275 1.25479 197.6 0.000545208 0.000538666
10 13 0 0 0 0 0 0 0
10 14 0 0 0 0 0 0 0
10 15 0 0 0 0 0 0 0
10 16 0 0 0 0 0 0 0
10 17 0 0 0 0 0 0 0
10 18 0 0 0 0 0 0 0
10 19 0 0 0 0 0 0 0
10 20 0 0 0 0 0 0 0
10 21 0 0 0 0 0 0 0
10 22 0 0 0 0 0 0 0
10 23 0 0 0 0 0 0 0
11 0 47 0.005 1.08249 0.0734038 225.235 0.00274596 0.00309244
11 1 75 0.005 1.0123 0.0892877 218.91 0.00453487 0.00496364
11 2 48 0.005 0.968005 0.208712 212.343 0.00294026 0.00312172
11 3 45 0.005 0.938198 0.321992 209.493 0.0027542 0.00288493
11 4 55 0.005 1.13367 0.382825 217.698 0.00304049 0.00330955
11 5 51 0.005 1.10976 0.522917 218.02 0.00277784 0.00302813
11 6 33 0.005 1.01477 0.566244 210.048 0.0018556 0.00194883
11 7 35 0.005 1.14994 0.677782 212.907 0.00180905 0.0019258
11 8 24 0.005 1.20782 0.820182 207.536 0.00116916 0.00121322
11 9 23 0.005 1.217 0.89314 204.956 0.001095 0.00112213
11 10 0 0 0 0 0 0 0
11 11 11 0.005 1.25754 1.14428 210.259 0.000480746 0.000505406
11 12 0 0 0 0 0 0 0
11 13 0 0 0 0 0 0 0
11 14 0 0 0 0 0 0 0
11 15 0 0 0 0 0 0 0
11 16 0 0 0 0 0 0 0
11 17 0 0 0 0 0 0 0
11 18 0 0 0 0 0 0 0
11 19 0 0 0 0 0 0 0
11 20 0 0 0 0 0 0 0
11 21 0 0 0 0 0 0 0
11 22 0 0 0 0 0 0 0
11 23 0 0 0 0 0 0 0
12 0 50 0.005 1.13532 0.0374958 212.557 0.00284813 0.00302695
12 1 45 0.005 1.1798 0.19896 218.375 0.0024878 0.00271637
12 2 51 0.005 1.05062 0.257539 212.913 0.00298449 0.00317717
12 3 53 0.005 1.28438 0.328347 212.91 0.00275147 0.00292908
12 4 33 0.005 1.22343 0.416642 211.225 0.00174088 0.00183859
12 5 36 0.005 1.19078 0.447732 209.904 0.0019179 0.00201287
12 6 37 0.005 1.17589 0.533184 203.627 0.00195313 0.00198855
12 7 27 0.005 1.23674 0.71104 206.14 0.00133604 0.00137705
12 8 19 0.005 1.27259 0.843177 204.389 0.000897523 0.000917218
12 9 17 0.005 1.20349 0.848648 198.498 0.0008233 0.000817116
12 10 10 0.005 1.24607 1.04528 202.967 0.000451518 0.000458215
12 11 0 0 0 0 0 0 0
12 12 0 0 0 0 0 0 0
12 13 0 0 0 0 0 0 0
12 14 0 0 0 0 0 0 0
12 15 0 0 0 0 0 0 0
12 16 0 0 0 0 0 0 0
12 17 0 0 0 0 0 0 0
12 18 0 0 0 0 0 0 0
12 19 0 0 0 0 0 0 0
12 20 0 0 0 0 0 0 0
12 21 0 0 0 0 0 0 0
12 22 0 0 0 0 0 0 0
12 23 0 0 0 0 0 0 0
13 0 36 0.005 1.24886 0.0667603 209.375 0.0019381 0.00202895
13 1 32 0.005 1.28866 0.109986 207.285 0.00168738 0.00174884
13 2 35 0.005 1.30823 0.257436 209.818 0.00181036 0.00189922
13 3 34 0.005 1.24034 0.277613 211.946 0.00181235 0.0019206
13 4 29 0.005 1.3391 0.385219 215.919 0.00145764 0.00157366
13 5 23 0.005 1.43585 0.448073 214.42 0.00109774 0.00117689
13 6 23 0.005 1.57435 0.568227 208.633 0.00101694 0.00106083
13 7 20 0.005 1.54339 0.691975 206.434 0.000877462 0.000905689
13 8 12 0.005 1.48336 0.953354 209.782 0.000510321 0.00053528
13 9 0 0 0 0 0 0 0
13 10 0 0 0 0 0 0 0
13 11 0 0 0 0 0 0 0
13 12 0 0 0 0 0 0 0
13 13 0 0 0 0 0 0 0
13 14 0 0 0 0 0 0 0
13 15 0 0 0 0 0 0 0
13 16 0 0 0 0 0 0 0
13 17 0 0 0 0 0 0 0
13 18 0 0 0 0 0 0 0
13 19 0 0 0 0 0 0 0
13 20 0 0 0 0 0 0 0
13 21 0 0 0 0 0 0 0
13 22 0 0 0 0 0 0 0
13 23 0 0 0 0 0 0 0
14 0 24 0.005 1.49728 0.0793512 206.236 0.00114798 0.00118378
14 1 23 0.005 1.38863 0.206208 201.965 0.00115035 0.00116166
14 2 24 0.005 1.50414 0.263329 210.826 0.00113348 0.00119484
14 3 15 0.005 1.71148 0.380491 210.747 0.000640656 0.000675083
14 4 14 0.005 1.34072 0.440702 209.014 0.000697762 0.000729209
14 5 10 0.005 1.48637 0.464873 199.603 0.000465785 0.000464861
14 6 11 0.005 1.63117 0.729936 201.628 0.000463069 0.000466838
14 7 0 0 0 0 0 0 0
14 8 0 0 0 0 0 0 0
14 9 0 0 0 0 0 0 0
14 10 0 0 0 0 0 0 0
14 11 0 0 0 0 0 0 0
14 12 0 0 0 0 0 0 0
14 13 0 0 0 0 0 0 0
14 14 0 0 0 0 0 0 0
14 15 0 0 0 0 0 0 0
14 16 0 0 0 0 0 0 0
14 17 0 0 0 0 0 0 0
14 18 0 0 0 0 0 0 0
14 19 0 0 0 0 0 0 0
14 20 0 0 0 0 0 0 0
14 21 0 0 0 0 0 0 0
14 22 0 0 0 0 0 0 0
14 23 0 0 0 0 0 0 0
15 0 16 0.005 1.94299 0.0568283 203.225 0.000630985 0.00064116
15 1 13 0.005 1.65732 0.257516 208.388 0.000573919 0.000597989
15 2 17 0.005 1.59991 0.18902 208.762 0.000772884 0.000806745
15 3 10 0.005 1.79923 0.208262 196.33 0.000416667 0.000409022
15 4 0 0 0 0 0 0 0
15 5 0 0 0 0 0 0 0
15 6 11 0.005 1.68448 0.876571 201.621 0.000441855 0.000445437
15 7 0 0 0 0 0 0 0
15 8 0 0 0 0 0 0 0
15 9 0 0 0 0 0 0 0
15 10 0 0 0 0 0 0 0
15 11 0 0 0 0 0 0 0
15 12 0 0 0 0 0 0 0
15 13 0 0 0 0 0 0 0
15 14 0 0 0 0 0 0 0
15 15 0 0 0 0 0 0 0
15 16 0 0 0 0 0 0 0
15 17 0 0 0 0 0 0 0
15 18 0 0 0 0 0 0 0
15 19 0 0 0 0 0 0 0
15 20 0 0 0 0 0 0 0
15 21 0 0 0 0 0 0 0
15 22 0 0 0 0 0 0 0
15 23 0 0 0 0 0 0 0
16 0 0 0 0 0 0 0 0
16 1 0 0 0 0 0 0 0
16 2 0 0 0 0 0 0 0
16 3 0 0 0 0 0 0 0
16 4 0 0 0 0 0 0 0
16 5 0 0 0 0 0 0 0
16 6 0 0 0 0 0 0 0
16 7 0 0 0 0 0 0 0
16 8 0 0 0 0 0 0 0
16 9 0 0 0 0 0 0 0
16 10 0 0 0 0 0 0 0
16 11 0 0 0 0 0 0 0
16 12 0 0 0 0 0 0 0
16 13 0 0 0 0 0 0 0
16 14 0 0 0 0 0 0 0
16 15 0 0 0 0 0 0 0
16 16 0 0 0 0 0 0 0
16 17 0 0 0 0 0 0 0
16 18 0 0 0 0 0 0 0
16 19 0 0 0 0 0 0 0
16 20 0 0 0 0 0 0 0
16 21 0 0 0 0 0 0 0
16 22 0 0 0 0 0 0 0
16 23 0 0 0 0 0 0 0
17 0 0 0 0 0 0 0 0
17 1 0 0 0 0 0 0 0
17 2 0 0 0 0 0 0 0
17 3 0 0 0 0 0 0 0
17 4 0 0 0 0 0 0 0
17 5 0 0 0 0 0 0 0
17 6 0 0 0 0 0 0 0
17 7 0 0 0 0 0 0 0
17 8 0 0 0 0 0 0 0
17 9 0 0 0 0 0 0 0
17 10 0 0 0 0 0 0 0
17 11 0 0 0 0 0 0 0
17 12 0 0 0 0 0 0 0
17 13 0 0 0 0 0 0 0
17 14 0 0 0 0 0 0 0
17 15 0 0 0 0 0 0 0
17 16 0 0 0 0 0 0 0
17 17 0 0 0 0 0 0 0
17 18 0 0 0 0 0 0 0
17 19 0 0 0 0 0 0 0
17 20 0 0 0 0 0 0 0
17 21 0 0 0 0 0 0 0
17 22 0 0 0 0 0 0 0
17 23 0 0 0 0 0 0 0
18 0 0 0 0 0 0 0 0
18 1 0 0 0 0 0 0 0
18 2 0 0 0 0 0 0 0
18 3 0 0 0 0 0 0 0
18 4 0 0 0 0 0 0 0
18 5 0 0 0 0 0 0 0
18 6 0 0 0 0 0 0 0
18 7 0 0 0 0 0 0 0
18 8 0 0 0 0 0 0 0
18 9 0 0 0 0 0 0 0
18 10 0 0 0 0 0 0 0
18 11 0 0 0 0 0 0 0
18 12 0 0 0 0 0 0 0
18 13 0 0 0 0 0 0 0
18 14 0 0 0 0 0 0 0
18 15 0 0 0 0 0 0 0
18 16 0 0 0 0 0 0 0
18 17 0 0 0 0 0 0 0
18 18 0 0 0 0 0 0 0
18 19 0 0 0 0 0 0 0
18 20 0 0 0 0 0 0 0
18 21 0 0 0 0 0 0 0
18 22 0 0 0 0 0 0 0
18 23 0 0 0 0 0 0 0
19 0 0 0 0 0 0 0 0
19 1 0 0 0 0 0 0 0
19 2 0 0 0 0 0 0 0
19 3 0 0 0 0 0 0 0
19 4 0 0 0 0 0 0 0
19 5 0 0 0 0 0 0 0
19 6 0 0 0 0 0 0 0
19 7 0 0 0 0 0 0 0
19 8 0 0 0 0 0 0 0
19 9 0 0 0 0 0 0 0
19 10 0 0 0 0 0 0 0
19 11 0 0 0 0 0 0 0
19 12 0 0 0 0 0 0 0
19 13 0 0 0 0 0 0 0
19 14 0 0 0 0 0 0 0
19 15 0 0 0 0 0 0 0
19 16 0 0 0 0 0 0 0
19 17 0 0 0 0 0 0 0
19 18 0 0 0 0 0 0 0
19 19 0 0 0 0 0 0 0
19 20 0 0 0 0 0 0 0
19 21 0 0 0 0 0 0 0
19 22 0 0 0 0 0 0 0
19 23 0 0 0 0 0 0 0
20 0 0 0 0 0 0 0 0
20 1 0 0 0 0 0 0 0
20 2 0 0 0 0 0 0 0
20 3 0 0 0 0 0 0 0
20 4 0 0 0 0 0 0 0
20 5 0 0 0 0 0 0 0
20 6 0 0 0 0 0 0 0
20 7 0 0 0 0 0 0 0
20 8 0 0 0 0 0 0 0
20 9 0 0 0 0 0 0 0
20 10 0 0 0 0 0 0 0
20 11 0 0 0 0 0 0 0
20 12 0 0 0 0 0 0 0
20 13 0 0 0 0 0 0 0
20 14 0 0 0 0 0 0 0
20 15 0 0 0 0 0 0 0
20 16 0 0 0 0 0 0 0
20 17 0 0 0 0 0 0 0
20 18 0 0 0 0 0 0 0
20 19 0 0 0 0 0 0 0
20 20 0 0 0 0 0 0 0
20 21 0 0 0 0 0 0 0
20 22 0 0 0 0 0 0 0
20 23 0 0 0 0 0 0 0
21 0 0 0 0 0 0 0 0
21 1 0 0 0 0 0 0 0
21 2 0 0 0 0 0 0 0
21 3 0 0 0 0 0 0 0
21 4 0 0 0 0 0 0 0
21 5 0 0 0 0 0 0 0
21 6 0 0 0 0 0 0 0
21 7 0 0 0 0 0 0 0
21 8 0 0 0 0 0 0 0
21 9 0 0 0 0 0 0 0
21 10 0 0 0 0 0 0 0
21 11 0 0 0 0 0 0 0
21 12 0 0 0 0 0 0 0
21 13 0 0 0 0 0 0 0
21 14 0 0 0 0 0 0 0
21 15 0 0 0 0 0 0 0
21 16 0 0 0 0 0 0 0
21 17 0 0 0 0 0 0 0
21 18 0 0 0 0 0 0 0
21 19 0 0 0 0 0 0 0
21 20 0 0 0 0 0 0 0
21 21 0 0 0 0 0 0 0
21 22 0 0 0 0 0 0 0
21 23 0 0 0 0 0 0 0
22 0 0 0 0 0 0 0 0
22 1 0 0 0 0 0 0 0
22 2 0 0 0 0 0 0 0
22 3 0 0 0 0 0 0 0
22 4 0 0 0 0 0 0 0
22 5 0 0 0 0 0 0 0
22 6 0 0 0 0 0 0 0
22 7 0 0 0 0 0 0 0
22 8 0 0 0 0 0 0 0
22 9 0 0 0 0 0 0 0
22 10 0 0 0 0 0 0 0
22 11 0 0 0 0 0 0 0
22 12 0 0 0 0 0 0 0
22 13 0 0 0 0 0 0 0
22 14 0 0 0 0 0 0 0
22 15 0 0 0 0 0 0 0
22 16 0 0 0 0 0 0 0
22 17 0 0 0 0 0 0 0
22 18 0 0 0 0 0 0 0
22 19 0 0 0 0 0 0 0
22 20 0 0 0 0 0 0 0
22 21 0 0 0 0 0 0 0
22 22 0 0 0 0 0 0 0
22 23 0 0 0 0 0 0 0
23 0 0 0 0 0 0 0 0
23 1 0 0 0 0 0 0 0
23 2 0 0 0 0 0 0 0
23 3 0 0 0 0 0 0 0
23 4 0 0 0 0 0 0 0
23 5 0 0 0 0 0 0 0
23 6 0 0 0 0 0 0 0
23 7 0 0 0 0 0 0 0
23 8 0 0 0 0 0 0 0
23 9 0 0 0 0 0 0 0
23 10 0 0 0 0 0 0 0
23 11 0 0 0 0 0 0 0
23 12 0 0 0 0 0 0 0
23 13 0 0 0 0 0 0 0
23 14 0 0 0 0 0 0 0
23 15 0 0 0 0 0 0 0
23 16 0 0 0 0 0 0 0
23 17 0 0 0 0 0 0 0
23 18 0 0 0 0 0 0 0
23 19 0 0 0 0 0 0 0
23 20 0 0 0 0 0 0 0
23 21 0 0 0 0 0 0 0
23 22 0 0 0 0 0 0 0
23 23 0 0 0 0 0 0 0
