#  ix    iy     Npi     E/N       Tpi    Uxpi    Uypi     mupi     rho    epsilon
0 0 158 0.0306963 -0.00087002 -0.0378663 3.84538 0.00499642 0.000978629
0 1 174 0.0293512 0.0233729 0.0659721 4.2304 0.00549289 0.00106041
0 2 177 0.0291105 -0.0241768 0.13905 4.29439 0.0055463 0.00106795
0 3 188 0.0297621 0.0116767 0.163486 4.20598 0.00587103 0.00113844
0 4 188 0.0268852 -0.012194 0.203019 4.88505 0.00583001 0.00109581
0 5 175 0.027467 0.0202285 0.275561 4.64832 0.00533796 0.00100969
0 6 175 0.0291458 0.0397218 0.240045 4.25612 0.00538099 0.00103651
0 7 177 0.0271745 0.0312646 0.298956 4.72723 0.00536417 0.00101143
0 8 186 0.0304929 0.0348678 0.386658 3.98158 0.00548708 0.00107239
0 9 202 0.0279754 0.0550152 0.405886 4.62555 0.00591542 0.00112511
0 10 195 0.0263271 0.0203598 0.429703 5.00474 0.00566862 0.00105901
0 11 203 0.0311833 0.0210577 0.508598 3.8816 0.00572501 0.0011272
0 12 207 0.0282502 -0.00485664 0.535043 4.53544 0.00577581 0.00110184
0 13 182 0.031431 0.00928858 0.601131 3.68352 0.0049361 0.000974454
0 14 225 0.0312327 0.0125426 0.598183 3.9367 0.0061101 0.00120366
0 15 231 0.0309141 -0.0134465 0.729199 3.96766 0.0059062 0.00115953
0 16 191 0.0314015 0.0404359 0.768886 3.65919 0.0047892 0.000945156
0 17 217 0.0331507 0.0368301 0.816924 3.42887 0.00531595 0.00106885
0 18 225 0.0319521 -0.00990753 0.885093 3.65787 0.00533163 0.00105841
0 19 237 0.033779 0.0500237 1.00718 3.30909 0.00528101 0.00106892
0 20 269 0.0333526 -0.00629931 1.01943 3.50666 0.00596111 0.00120114
0 21 241 0.0314426 0.0360749 1.08313 3.72786 0.00517193 0.00102114
0 22 266 0.0309063 0.0470827 1.1934 3.8804 0.00540396 0.00106084
0 23 245 0.031111 0.00418357 1.26853 3.72001 0.00479984 0.000944315
1 0 174 0.0288655 0.0841896 0.00441839 4.33968 0.00548686 0.00105371
1 1 163 0.0263707 0.0565938 0.0261039 4.8967 0.00514824 0.000962252
1 2 165 0.0278578 0.0473831 0.0840462 4.52482 0.00519738 0.000987282
1 3 181 0.0301695 0.0559208 0.132098 4.08293 0.00566981 0.00110426
1 4 177 0.0307557 0.0551671 0.252624 3.91496 0.0054229 0.00106284
1 5 163 0.0281974 0.0266652 0.242984 4.40596 0.0050107 0.000955332
1 6 172 0.0290908 0.114835 0.189449 4.25613 0.00531419 0.00102304
1 7 178 0.0295304 0.105075 0.334185 4.15776 0.00531615 0.00102828
1 8 168 0.0268576 0.0739909 0.372417 4.73268 0.00497024 0.000933925
1 9 190 0.0287595 0.0402394 0.391648 4.38366 0.00559467 0.00107318
1 10 206 0.0300231 0.0995983 0.449738 4.15772 0.00592101 0.00115137
1 11 181 0.0304291 0.0876276 0.543636 3.90554 0.00501745 0.000979932
1 12 181 0.0305972 0.0563054 0.594816 3.85004 0.00491706 0.000962061
1 13 200 0.0314501 0.023752 0.635435 3.75848 0.0053408 0.00105456
1 14 208 0.0314678 0.0805466 0.691942 3.76617 0.00540099 0.00106665
1 15 217 0.0317278 0.0739561 0.705743 3.75091 0.00560035 0.0011091
1 16 237 0.0328386 0.0998188 0.795989 3.58217 0.00585017 0.00117237
1 17 210 0.0322628 0.0623066 0.800219 3.56959 0.00518263 0.00103225
1 18 238 0.0298103 0.0772375 0.936921 4.12787 0.00548749 0.00106463
1 19 227 0.0301034 0.0807518 1.04101 3.96509 0.00496871 0.000967022
1 20 223 0.0308776 0.0665661 1.08736 3.76198 0.00477216 0.000936523
1 21 246 0.035393 -0.00852972 1.04376 3.05312 0.00538549 0.00110879
1 22 257 0.0303223 0.112556 1.21082 3.95724 0.00516569 0.00100773
1 23 260 0.0345146 0.0432276 1.17373 3.19084 0.00533388 0.00108805
2 0 168 0.025028 0.134287 0.00377361 5.29731 0.00526912 0.000970494
2 1 181 0.0323789 0.0984414 0.0527205 3.64128 0.00569247 0.0011352
2 2 175 0.0277223 0.116835 0.144556 4.60461 0.00544472 0.00103275
2 3 170 0.0307718 0.0869271 0.207229 3.87901 0.00524885 0.0010289
2 4 183 0.0303939 0.0877726 0.187249 4.03544 0.00567114 0.00110718
2 5 193 0.033033 0.0899318 0.210858 3.56367 0.00595318 0.00119548
2 6 177 0.0293405 0.0713925 0.242766 4.22131 0.00543011 0.00104817
2 7 187 0.0288563 0.0646194 0.333053 4.36294 0.00560399 0.00107609
2 8 185 0.0307728 0.119815 0.352642 3.92305 0.00548628 0.00107546
2 9 170 0.0311787 0.103238 0.401801 3.74093 0.00496912 0.000978326
2 10 186 0.0282281 0.0860421 0.436343 4.46938 0.00537816 0.00102573
2 11 183 0.0301258 0.128675 0.465769 4.00853 0.00521429 0.00101506
2 12 197 0.0283887 0.1059 0.574467 4.43204 0.00538304 0.00102845
2 13 200 0.0306415 0.0898864 0.625595 3.92519 0.00535013 0.00104729
2 14 205 0.0301425 0.16437 0.62737 4.04786 0.00544289 0.00105975
2 15 206 0.0329217 0.0977617 0.742725 3.45229 0.00521736 0.00104648
2 16 207 0.0333543 0.0864342 0.797638 3.35219 0.00510943 0.00102955
2 17 203 0.0306496 0.114543 0.842776 3.83428 0.00489347 0.000957985
2 18 246 0.0316106 0.141886 0.835245 3.83288 0.00593972 0.00117484
2 19 243 0.0342098 0.149866 0.964506 3.27463 0.00550298 0.00111894
2 20 248 0.0317598 0.100414 1.00021 3.73288 0.00553492 0.00109652
2 21 271 0.0314557 0.120749 1.08352 3.83932 0.00579696 0.0011447
2 22 276 0.0316886 0.124193 1.18767 3.75994 0.0056076 0.00111007
2 23 268 0.0300782 0.136407 1.2297 4.04092 0.00533115 0.00103728
3 0 177 0.0279285 0.135895 0.0574792 4.57161 0.00554127 0.00105341
3 1 162 0.0308059 0.175804 0.0216358 3.83294 0.005048 0.000989896
3 2 157 0.0265628 0.10085 0.101441 4.79969 0.00491829 0.000921201
3 3 158 0.0293452 0.189639 0.15155 4.1091 0.00485888 0.000937955
3 4 167 0.031398 0.195644 0.189014 3.72268 0.00509949 0.00100635
3 5 174 0.0270119 0.145676 0.248538 4.75525 0.00529114 0.000995895
3 6 185 0.0272613 0.120799 0.23928 4.7579 0.00565481 0.00106724
3 7 182 0.0301669 0.115658 0.31074 4.04703 0.00546683 0.00106469
3 8 184 0.0300194 0.14101 0.357206 4.07302 0.00543573 0.00105696
3 9 220 0.02939 0.10393 0.443275 4.36453 0.0063362 0.00122373
3 10 198 0.0296474 0.135088 0.42762 4.20461 0.00571725 0.00110726
3 11 177 0.0290495 0.118048 0.486767 4.20621 0.00500817 0.000963693
3 12 207 0.0336255 0.146712 0.528919 3.42018 0.00574246 0.00116044
3 13 238 0.0278527 0.129773 0.59869 4.73769 0.00642238 0.00121991
3 14 232 0.0321243 0.176306 0.628646 3.76692 0.0061475 0.00122262
3 15 221 0.0308101 0.18764 0.722082 3.93683 0.00560551 0.00109927
3 16 225 0.0337814 0.173616 0.823163 3.3399 0.00544859 0.00110287
3 17 247 0.0314691 0.137238 0.838167 3.864 0.00595764 0.0011766
3 18 255 0.0297612 0.195054 0.931874 4.20163 0.00584443 0.00113328
3 19 228 0.0300758 0.151088 1.01224 3.98577 0.00504245 0.000981081
3 20 236 0.0320552 0.168583 1.06555 3.58896 0.00507708 0.00100899
3 21 237 0.0326024 0.153796 1.11321 3.46645 0.00498574 0.000996632
3 22 258 0.0335124 0.158165 1.188 3.34712 0.00523073 0.00105576
3 23 279 0.0325874 0.169417 1.28098 3.54977 0.00540372 0.00108001
4 0 157 0.0261762 0.149061 0.0421271 4.9019 0.0049098 0.00091574
4 1 173 0.0277617 0.154645 0.0606234 4.58679 0.00540069 0.00102483
4 2 179 0.0321947 0.216348 0.146752 3.6385 0.00548038 0.00109076
4 3 160 0.027992 0.177528 0.146902 4.4401 0.004934 0.000938615
4 4 159 0.0278964 0.174591 0.163663 4.45513 0.00489348 0.000929943
4 5 182 0.0272506 0.198841 0.186699 4.74307 0.00555652 0.00104856
4 6 169 0.0307012 0.195661 0.283406 3.85636 0.00505664 0.000990475
4 7 174 0.0294807 0.211455 0.345789 4.12789 0.00510308 0.000986537
4 8 182 0.0306671 0.18867 0.321415 3.92855 0.00539685 0.00105673
4 9 198 0.0301188 0.194292 0.438476 4.09023 0.00564968 0.00109974
4 10 194 0.0279399 0.188855 0.473209 4.55593 0.00547015 0.00104002
4 11 190 0.0287197 0.191841 0.458897 4.35441 0.00538351 0.00103223
4 12 187 0.03266 0.182925 0.521083 3.49389 0.00518026 0.00103615
4 13 225 0.0305653 0.208805 0.615903 4.05057 0.00596901 0.00116748
4 14 207 0.0308223 0.177373 0.686288 3.88658 0.0053442 0.00104816
4 15 214 0.0322652 0.166837 0.70247 3.62686 0.0054906 0.00109362
4 16 217 0.0310547 0.266853 0.770917 3.83456 0.00532105 0.00104622
4 17 226 0.0308579 0.198151 0.876868 3.87446 0.00531867 0.00104355
4 18 240 0.0332686 0.217788 0.893096 3.45788 0.00559139 0.00112564
4 19 235 0.0306758 0.207059 0.985011 3.89751 0.00524138 0.00102638
4 20 233 0.0342542 0.239659 1.04783 3.17553 0.00502235 0.00102169
4 21 248 0.0316889 0.270142 1.18831 3.64087 0.00497849 0.000985535
4 22 264 0.0312123 0.192257 1.23655 3.7825 0.00521539 0.00102718
4 23 294 0.0329804 0.227207 1.31906 3.50657 0.00556849 0.00111761
5 0 209 0.0283052 0.227833 -0.0141947 4.63241 0.00644806 0.00123081
5 1 160 0.0299634 0.227606 0.043637 3.98798 0.00493256 0.000958542
5 2 164 0.0275495 0.242786 0.106671 4.56558 0.00501648 0.000949734
5 3 160 0.0298646 0.234401 0.094052 4.00467 0.00490914 0.000952975
5 4 173 0.0292583 0.200003 0.173613 4.21407 0.00529222 0.00102065
5 5 194 0.0277248 0.249985 0.201021 4.67508 0.00584583 0.00110886
5 6 178 0.0298095 0.215497 0.279681 4.09547 0.00531156 0.00103048
5 7 155 0.0260691 0.262018 0.357496 4.8405 0.00448432 0.000835404
5 8 181 0.0303366 0.250373 0.346765 3.97352 0.00526637 0.00102753
5 9 209 0.0324671 0.224334 0.399838 3.67919 0.00601217 0.00120008
5 10 199 0.0288753 0.24453 0.463751 4.35381 0.00557744 0.00107122
5 11 223 0.0278599 0.270357 0.460848 4.7046 0.00622424 0.00118237
5 12 210 0.0276014 0.25212 0.576492 4.6671 0.00562476 0.0010655
5 13 222 0.0321812 0.247622 0.641367 3.69592 0.00578913 0.00115205
5 14 199 0.0302593 0.29402 0.653753 3.96142 0.0051183 0.000997808
5 15 208 0.0274815 0.313766 0.711045 4.61796 0.0051972 0.000983222
5 16 204 0.0325916 0.256029 0.80823 3.45606 0.00492416 0.000984209
5 17 209 0.0274958 0.25885 0.821152 4.57813 0.00501214 0.000948359
5 18 227 0.0334329 0.222602 0.92275 3.35748 0.00521009 0.00105071
5 19 237 0.0326783 0.243344 0.961447 3.51807 0.00532518 0.00106535
5 20 243 0.0297586 0.291237 1.07248 4.07448 0.00514372 0.000997375
5 21 257 0.0308978 0.309493 1.06185 3.89143 0.00545439 0.00107064
5 22 263 0.0339685 0.316228 1.2423 3.24449 0.00511911 0.00103823
5 23 260 0.030971 0.249389 1.2435 3.80813 0.00509438 0.00100076
6 0 155 0.0265309 0.298983 0.0643071 4.76079 0.00469062 0.000878251
6 1 172 0.0280975 0.243735 0.0346318 4.48334 0.00528524 0.00100658
6 2 175 0.0296337 0.235464 0.0941168 4.14463 0.00536808 0.00103948
6 3 161 0.0289515 0.271686 0.16473 4.19772 0.00485574 0.000933372
6 4 164 0.0287492 0.281541 0.198936 4.25479 0.00490651 0.000941072
6 5 166 0.0283173 0.25791 0.228976 4.36838 0.00496611 0.000948061
6 6 172 0.0302487 0.3047 0.30207 3.94071 0.00500206 0.000975036
6 7 199 0.0317416 0.268584 0.322386 3.78443 0.00580697 0.00115019
6 8 189 0.0297825 0.31346 0.358946 4.11773 0.00539927 0.0010472
6 9 181 0.0284399 0.293743 0.442883 4.35763 0.00505795 0.000966877
6 10 203 0.0284989 0.26032 0.51142 4.44046 0.00557179 0.00106578
6 11 201 0.0290372 0.319808 0.559981 4.27423 0.00534564 0.00102849
6 12 188 0.0305491 0.271096 0.536413 3.89648 0.00509923 0.000997189
6 13 191 0.031896 0.29155 0.628108 3.5984 0.00496919 0.000985873
6 14 243 0.0299224 0.280769 0.640135 4.242 0.00630274 0.00122427
6 15 209 0.0309028 0.305636 0.709768 3.84903 0.00523337 0.00102731
6 16 277 0.0301405 0.274371 0.759107 4.274 0.00682104 0.00132806
6 17 228 0.0321285 0.265584 0.839705 3.63918 0.00541465 0.00107692
6 18 220 0.0326522 0.289425 0.918693 3.4628 0.00501428 0.00100287
6 19 246 0.0356385 0.320947 0.954289 3.03148 0.00548597 0.00113239
6 20 291 0.036004 0.344366 1.08918 3.07302 0.00606567 0.00125686
6 21 282 0.0333126 0.305863 1.13985 3.48116 0.00576909 0.00116196
6 22 260 0.0345468 0.318155 1.16974 3.16678 0.00523577 0.0010684
6 23 269 0.0332455 0.334903 1.27088 3.38076 0.00515465 0.00103746
7 0 186 0.0308224 0.310659 -0.0276474 3.93671 0.00561912 0.00110209
7 1 194 0.0275017 0.316982 0.0441367 4.73073 0.00584709 0.00110641
7 2 189 0.0284544 0.326385 0.114256 4.46536 0.00565258 0.00108072
7 3 171 0.0295169 0.258741 0.164603 4.13355 0.00517359 0.00100056
7 4 193 0.0302728 0.320775 0.190124 4.07018 0.00572269 0.00111579
7 5 202 0.0319128 0.324204 0.226883 3.77424 0.00594396 0.00117948
7 6 202 0.0302078 0.328038 0.273278 4.11096 0.00587898 0.00114547
7 7 208 0.0284069 0.353132 0.30499 4.53035 0.00596489 0.00113984
7 8 182 0.0289034 0.33054 0.368337 4.26992 0.00516193 0.000991713
7 9 195 0.0302463 0.305158 0.405125 4.03676 0.00550348 0.00107275
7 10 202 0.026866 0.302397 0.486035 4.84041 0.00554777 0.00104254
7 11 210 0.0305827 0.307933 0.510618 4.0022 0.00570787 0.00111662
7 12 188 0.0285948 0.345071 0.583134 4.29459 0.00492522 0.000943083
7 13 212 0.0311768 0.35155 0.637255 3.82898 0.00542436 0.00106793
7 14 218 0.0298431 0.279935 0.668459 4.13853 0.00558606 0.00108413
7 15 236 0.0308616 0.37136 0.810222 3.92081 0.00557531 0.00109395
7 16 253 0.0342088 0.360851 0.807416 3.36083 0.0059974 0.00121946
7 17 261 0.030548 0.325952 0.815021 4.09336 0.00620733 0.00121387
7 18 240 0.0336349 0.341805 0.886645 3.37639 0.00550564 0.00111269
7 19 244 0.0313087 0.342576 1.03911 3.76189 0.00520927 0.00102704
7 20 274 0.0323693 0.400356 1.0475 3.65679 0.00577094 0.00115073
7 21 278 0.0331424 0.4052 1.13945 3.48355 0.00560617 0.0011271
7 22 293 0.0329153 0.402605 1.19098 3.5545 0.00577201 0.00115765
7 23 283 0.0356875 0.413598 1.30618 2.98522 0.00527979 0.00109039
8 0 173 0.0263552 0.389282 0.0170757 4.89168 0.00510111 0.000953281
8 1 182 0.0252735 0.358885 0.089884 5.25058 0.00540166 0.000997585
8 2 168 0.028083 0.347914 0.11898 4.42933 0.00498983 0.000950174
8 3 193 0.0309459 0.350277 0.151143 3.92673 0.00570644 0.00112069
8 4 178 0.0266442 0.394586 0.258015 4.81344 0.00509506 0.000955157
8 5 166 0.0317333 0.334333 0.265579 3.6021 0.0048312 0.000956833
8 6 159 0.0282086 0.353667 0.284486 4.3138 0.00458178 0.00087366
8 7 172 0.0316707 0.358494 0.357923 3.61945 0.00485555 0.000961012
8 8 199 0.0282473 0.395897 0.370659 4.49369 0.00553577 0.00105601
8 9 213 0.0278516 0.412646 0.425086 4.63591 0.00579921 0.00110153
8 10 193 0.0288069 0.363317 0.469382 4.30948 0.00525207 0.00100798
8 11 180 0.0308244 0.413155 0.58644 3.74235 0.00462844 0.000907801
8 12 206 0.034027 0.347154 0.536024 3.30493 0.00549419 0.001115
8 13 204 0.0316569 0.390745 0.610345 3.69597 0.00522732 0.00103444
8 14 205 0.0293935 0.437194 0.621155 4.15958 0.005166 0.000997762
8 15 227 0.0313682 0.404228 0.731706 3.80634 0.00551148 0.00108731
8 16 250 0.0329841 0.410108 0.762208 3.57751 0.0059819 0.00120062
8 17 243 0.0312995 0.42181 0.914395 3.80313 0.00541857 0.0010682
8 18 245 0.0318623 0.407718 0.896194 3.71095 0.00552475 0.0010957
8 19 246 0.0291345 0.427154 1.07482 4.2034 0.00509159 0.000980644
8 20 271 0.0339169 0.459185 1.06902 3.34156 0.00558998 0.00113311
8 21 245 0.0315091 0.418112 1.14726 3.66311 0.00491237 0.00097058
8 22 260 0.0340495 0.393042 1.15747 3.24784 0.00520978 0.00105753
8 23 274 0.0298651 0.463566 1.35203 4.01703 0.00497074 0.000964939
9 0 184 0.0261025 0.419555 0.0414299 5.01073 0.00536544 0.000999919
9 1 190 0.032064 0.382343 0.0618449 3.6865 0.00560681 0.00111437
9 2 160 0.0277969 0.420379 0.0911722 4.42873 0.00465123 0.000882954
9 3 185 0.0295629 0.365421 0.176849 4.17073 0.00542447 0.0010496
9 4 181 0.0292599 0.425247 0.232654 4.18728 0.00515424 0.000994055
9 5 175 0.0269777 0.401093 0.242478 4.71038 0.00501452 0.000943479
9 6 193 0.0318516 0.386518 0.294442 3.70737 0.00549345 0.00108937
9 7 200 0.0319924 0.365257 0.31251 3.7176 0.00570428 0.00113288
9 8 194 0.0310394 0.397895 0.373323 3.85041 0.00538926 0.00105946
9 9 178 0.0318285 0.456507 0.468917 3.55872 0.00471331 0.000934433
9 10 196 0.0313533 0.458503 0.495753 3.7396 0.00514031 0.00101392
9 11 223 0.0308632 0.430977 0.529589 3.9648 0.00582801 0.00114355
9 12 223 0.02788 0.360486 0.590995 4.6295 0.00580231 0.00110246
9 13 233 0.0306205 0.453022 0.658963 4.00315 0.00575862 0.001127
9 14 196 0.0316688 0.398403 0.671559 3.62665 0.00488871 0.000967555
9 15 239 0.0305285 0.438114 0.816457 3.98511 0.00554784 0.00108468
9 16 234 0.0351038 0.448524 0.726402 3.1457 0.00563186 0.00115599
9 17 217 0.0315737 0.473529 0.898534 3.63086 0.00481786 0.000952564
9 18 254 0.03568 0.449374 0.918525 3.04887 0.00561996 0.00116055
9 19 243 0.0322752 0.490133 0.989853 3.56305 0.00516106 0.00102809
9 20 286 0.0303607 0.494127 1.0381 4.08872 0.00593971 0.0011592
9 21 245 0.0357012 0.550174 1.18314 2.87012 0.00471623 0.000974145
9 22 282 0.0337989 0.56442 1.34275 3.26103 0.005051 0.00102258
9 23 282 0.0339367 0.514086 1.3578 3.23888 0.00506207 0.00102632
10 0 181 0.0304768 0.472357 -0.00994741 3.92716 0.00517892 0.00101199
10 1 213 0.0289822 0.491067 0.0714381 4.40859 0.00603796 0.001161
10 2 195 0.0282492 0.434101 0.129761 4.50848 0.00562087 0.00107227
10 3 205 0.0276182 0.477331 0.118356 4.69729 0.00582146 0.00110296
10 4 182 0.0270728 0.461543 0.195126 4.71238 0.00514919 0.00096982
10 5 189 0.0280565 0.467599 0.231211 4.49656 0.00530289 0.0010095
10 6 218 0.0292542 0.498529 0.273969 4.3399 0.00599643 0.00115641
10 7 217 0.0277809 0.432083 0.313407 4.69692 0.00605808 0.00114982
10 8 183 0.0295764 0.429403 0.317966 4.10756 0.00510775 0.000988459
10 9 220 0.0324791 0.435767 0.432969 3.66352 0.00593216 0.00118426
10 10 197 0.0304656 0.454778 0.47376 3.93569 0.00521096 0.00101813
10 11 207 0.0288887 0.490168 0.583913 4.28246 0.00520939 0.00100067
10 12 224 0.031255 0.479713 0.579983 3.85632 0.00566363 0.00111598
10 13 217 0.0301193 0.53797 0.716708 3.99052 0.00511405 0.000995479
10 14 239 0.0341881 0.50646 0.70507 3.31558 0.0057114 0.00116105
10 15 221 0.0300888 0.540466 0.736198 4.0068 0.0051641 0.00100489
10 16 248 0.034899 0.493129 0.787375 3.20068 0.00574966 0.00117763
10 17 263 0.0316614 0.494729 0.83405 3.82873 0.0059748 0.00118242
10 18 259 0.0298656 0.528717 0.942453 4.13017 0.00556682 0.00108066
10 19 255 0.0321828 0.536006 1.00753 3.61075 0.00531815 0.00105834
10 20 245 0.0335503 0.571897 1.12547 3.25731 0.0048141 0.000972059
10 21 268 0.0309867 0.559421 1.16587 3.82315 0.00518815 0.00101935
10 22 256 0.0335938 0.549509 1.16379 3.28151 0.00497059 0.00100412
10 23 275 0.0321995 0.604814 1.32908 3.52915 0.00491718 0.000978718
11 0 180 0.029016 0.464661 -0.00710227 4.24482 0.00516566 0.000993638
11 1 199 0.0320661 0.475141 0.0455282 3.69964 0.00568325 0.00112959
11 2 169 0.0304101 0.465644 0.161305 3.86466 0.00479724 0.000936734
11 3 194 0.0316126 0.525996 0.149716 3.73469 0.00538636 0.00106541
11 4 163 0.0295902 0.52114 0.16102 3.98413 0.0045284 0.000876471
11 5 186 0.0285185 0.449282 0.240371 4.3753 0.0052445 0.00100339
11 6 185 0.0308747 0.487628 0.285974 3.82831 0.00509647 0.00100014
11 7 197 0.0262945 0.477172 0.308331 4.96877 0.00542049 0.0010123
11 8 209 0.0307427 0.503331 0.435289 3.93292 0.00550622 0.00107902
11 9 199 0.0316329 0.433154 0.400015 3.73778 0.00542475 0.00107323
11 10 215 0.0293939 0.556217 0.486922 4.21689 0.00547118 0.00105671
11 11 241 0.0309056 0.527086 0.535611 4.0012 0.00609698 0.00119687
11 12 236 0.0309574 0.528107 0.616414 3.94039 0.00579855 0.00113892
11 13 229 0.0298172 0.530953 0.695609 4.12016 0.00545355 0.00105812
11 14 219 0.0352017 0.465965 0.602283 3.10824 0.00551374 0.00113291
11 15 240 0.0330383 0.560642 0.769417 3.48367 0.0055008 0.0011047
11 16 249 0.0342102 0.544615 0.807755 3.29989 0.00564415 0.00114765
11 17 250 0.0329479 0.552923 0.882605 3.49643 0.00547935 0.00109934
11 18 266 0.0335051 0.548021 0.964905 3.42291 0.0056352 0.00113731
11 19 259 0.0339248 0.620194 1.04683 3.26863 0.00520408 0.00105498
11 20 264 0.033677 0.624957 1.1306 3.29509 0.00511395 0.00103399
11 21 278 0.0326303 0.597514 1.17854 3.52401 0.00530896 0.00106156
11 22 293 0.0342569 0.594002 1.31497 3.2254 0.00528161 0.00107446
11 23 307 0.0335816 0.71663 1.41251 3.32622 0.0051865 0.0010476
12 0 209 0.0277058 0.56946 0.0458114 4.66199 0.00574281 0.00108909
12 1 202 0.0335403 0.497226 0.0999588 3.42821 0.00570109 0.00115104
12 2 180 0.0301957 0.493438 0.169425 3.9616 0.00505022 0.000983861
12 3 214 0.0312563 0.513074 0.132314 3.9111 0.00598404 0.00117912
12 4 217 0.0328725 0.5383 0.236332 3.58772 0.00591986 0.00118676
12 5 207 0.0304115 0.545372 0.289497 4.0144 0.00557377 0.00108838
12 6 170 0.0276064 0.577705 0.299803 4.44471 0.00450883 0.000854153
12 7 217 0.0315437 0.514418 0.304818 3.83839 0.00589381 0.00116492
12 8 216 0.028325 0.563455 0.446922 4.47759 0.00554935 0.00105949
12 9 219 0.0301064 0.551115 0.45511 4.09086 0.00563827 0.00109737
12 10 216 0.0301586 0.530076 0.50943 4.05616 0.00550726 0.00107247
12 11 197 0.029295 0.507789 0.474499 4.17257 0.00511928 0.000987687
12 12 228 0.0302142 0.5909 0.641856 4.03142 0.00543689 0.0010594
12 13 217 0.0304622 0.606411 0.63375 3.92707 0.00516254 0.00100863
12 14 246 0.0298782 0.566092 0.728015 4.15507 0.00572279 0.00111109
12 15 247 0.0309773 0.601668 0.808092 3.88462 0.00550644 0.00108178
12 16 245 0.0334757 0.654708 0.833016 3.37095 0.00532169 0.0010737
12 17 258 0.031208 0.594904 0.927994 3.83392 0.00548577 0.00108038
12 18 280 0.0318235 0.635988 0.956879 3.77013 0.00581725 0.00115323
12 19 269 0.0330645 0.628444 0.990846 3.48266 0.00552175 0.00110921
12 20 268 0.0318061 0.696973 1.13147 3.64184 0.00509944 0.00101074
12 21 323 0.0326859 0.655814 1.19705 3.64276 0.00604093 0.00120863
12 22 272 0.0337661 0.670402 1.25012 3.24856 0.00495949 0.00100371
12 23 285 0.0338552 0.757201 1.4657 3.17372 0.00467511 0.000947047
13 0 220 0.0301695 0.573652 0.0554512 4.14485 0.00603196 0.00117479
13 1 228 0.0314945 0.542701 0.0819632 3.9188 0.00632512 0.00124951
13 2 207 0.0293477 0.602563 0.120663 4.24711 0.00558104 0.00107739
13 3 212 0.0297054 0.605236 0.124984 4.19006 0.00570697 0.00110596
13 4 197 0.0304347 0.597329 0.227741 3.95016 0.00525261 0.00102592
13 5 200 0.031371 0.592215 0.249692 3.77121 0.00532429 0.00105041
13 6 199 0.0302392 0.557194 0.290155 4.00671 0.00533252 0.00103934
13 7 233 0.0299599 0.613108 0.356627 4.18701 0.00601419 0.00116869
13 8 226 0.0318524 0.571353 0.340085 3.78798 0.00595557 0.00118102
13 9 225 0.0311847 0.624334 0.458075 3.86453 0.00562971 0.00110846
13 10 229 0.0297386 0.562086 0.475263 4.20518 0.00583623 0.00113141
13 11 219 0.0290021 0.629937 0.572054 4.26954 0.00527813 0.00101512
13 12 216 0.0285729 0.651426 0.620941 4.33083 0.00508085 0.000972654
13 13 224 0.030665 0.650571 0.687434 3.88184 0.0051483 0.00100804
13 14 252 0.0336974 0.626745 0.746336 3.40187 0.00571104 0.00115497
13 15 266 0.0330343 0.70644 0.74209 3.551 0.00587954 0.00118071
13 16 224 0.034276 0.668521 0.884817 3.11538 0.00474707 0.000965913
13 17 249 0.0343179 0.699667 0.872881 3.20911 0.00525147 0.00106902
13 18 290 0.0328106 0.701845 0.970298 3.59285 0.00588227 0.00117845
13 19 246 0.0291823 0.712526 1.04902 4.13785 0.0048204 0.000928892
13 20 283 0.0342537 0.676255 1.07469 3.27389 0.00554102 0.0011272
13 21 304 0.0312498 0.752079 1.17464 3.84707 0.00560549 0.00110446
13 22 307 0.0322107 0.821766 1.36541 3.57595 0.00516383 0.00102793
13 23 329 0.0337636 0.805061 1.36049 3.36435 0.00556588 0.0011264
14 0 180 0.0310966 0.637297 0.00798797 3.7237 0.00480352 0.000944893
14 1 213 0.0309114 0.709097 0.11629 3.8922 0.00547386 0.00107462
14 2 208 0.0311137 0.613472 0.137875 3.86869 0.00557229 0.00109632
14 3 207 0.0327568 0.611246 0.208479 3.53621 0.00550282 0.0011018
14 4 184 0.0322252 0.654258 0.199594 3.50135 0.004806 0.000956851
14 5 185 0.0314433 0.600956 0.243822 3.67613 0.0049119 0.000969804
14 6 215 0.0300907 0.677061 0.326095 4.05828 0.00543912 0.00105843
14 7 206 0.0320611 0.601561 0.361387 3.63758 0.00533613 0.00106054
14 8 231 0.0298745 0.714559 0.425295 4.13788 0.00562073 0.00109123
14 9 251 0.0291889 0.700069 0.447062 4.37342 0.0061101 0.0011775
14 10 235 0.0301145 0.657409 0.561946 4.08676 0.00562489 0.00109486
14 11 263 0.0338216 0.748486 0.595954 3.43145 0.00601367 0.00121777
14 12 230 0.0319593 0.687406 0.655175 3.64634 0.00527789 0.00104783
14 13 262 0.0352918 0.696063 0.686859 3.16575 0.00592787 0.00121916
14 14 253 0.0293888 0.72475 0.686775 4.25296 0.00566569 0.00109422
14 15 276 0.034165 0.716716 0.833322 3.34831 0.00587776 0.00119458
14 16 272 0.0329263 0.738665 0.890674 3.52724 0.00562825 0.00112895
14 17 264 0.0315074 0.74689 0.929116 3.75237 0.00536921 0.00106082
14 18 264 0.0330688 0.77746 0.952535 3.43547 0.00527141 0.00105898
14 19 312 0.0306291 0.816868 1.14045 3.99658 0.00573117 0.00112173
14 20 294 0.0355975 0.762844 1.13878 3.0377 0.00548351 0.0011314
14 21 267 0.0354543 0.855512 1.22129 2.90821 0.00470613 0.000969542
14 22 275 0.0334419 0.859957 1.33572 3.23912 0.00463604 0.000935029
14 23 284 0.0348817 0.926021 1.4201 2.97309 0.00456604 0.000935031
15 0 202 0.0328865 0.660838 0.0410415 3.48016 0.00532998 0.00106867
15 1 210 0.0299026 0.696112 0.108917 4.0977 0.00543255 0.00105501
15 2 198 0.0336974 0.661277 0.126395 3.30767 0.00519764 0.00105114
15 3 204 0.0294517 0.705344 0.166317 4.1584 0.00522738 0.00101025
15 4 212 0.0330499 0.695183 0.181639 3.47195 0.00544829 0.00109429
15 5 209 0.0276846 0.627442 0.280537 4.61502 0.00545065 0.00103345
15 6 240 0.0344616 0.69512 0.277182 3.33098 0.00608077 0.00123971
15 7 239 0.0291245 0.707098 0.36718 4.35564 0.00591531 0.00113917
15 8 215 0.0323702 0.732259 0.436203 3.54823 0.00517811 0.00103253
15 9 251 0.0317302 0.746603 0.443005 3.81906 0.00599809 0.0011879
15 10 237 0.0340377 0.721518 0.493714 3.33037 0.00564638 0.00114601
15 11 224 0.030543 0.716565 0.540399 3.93174 0.00527549 0.00103159
15 12 226 0.0313516 0.720685 0.550201 3.77021 0.00529827 0.00104506
15 13 248 0.0304411 0.769468 0.748987 3.96692 0.00534855 0.00104473
15 14 254 0.030572 0.77762 0.735699 3.96498 0.00548703 0.00107329
15 15 246 0.0325272 0.770559 0.810327 3.52065 0.00518942 0.00103652
15 16 261 0.0348088 0.841602 0.890651 3.11965 0.00522214 0.00106857
15 17 291 0.0328988 0.866785 1.00132 3.51818 0.00554916 0.00111276
15 18 319 0.0333256 0.828594 0.975642 3.55323 0.00621484 0.00125191
15 19 273 0.0329827 0.886524 1.10998 3.39305 0.00497299 0.000998113
15 20 291 0.0334692 0.890028 1.19949 3.33412 0.00512321 0.00103359
15 21 285 0.0350701 0.923301 1.36393 2.96631 0.00468066 0.000960407
15 22 318 0.0348264 0.894747 1.36459 3.12356 0.00525824 0.00107615
15 23 313 0.0333417 0.963097 1.42246 3.32945 0.00498317 0.00100397
16 0 207 0.033599 0.729611 0.00692741 3.34319 0.00529176 0.00106906
16 1 209 0.0321664 0.765133 0.076253 3.59969 0.00524313 0.00104323
16 2 236 0.032462 0.729683 0.0934648 3.68077 0.00601588 0.00120076
16 3 194 0.0312858 0.78005 0.150839 3.6861 0.00480681 0.000947457
16 4 195 0.0286682 0.762288 0.166057 4.26522 0.00486537 0.000932363
16 5 249 0.029357 0.716001 0.251779 4.36248 0.00627664 0.00121179
16 6 225 0.0319509 0.773629 0.333138 3.6793 0.00544582 0.00108107
16 7 246 0.0312607 0.810767 0.396355 3.8754 0.00577932 0.00113884
16 8 234 0.0301556 0.808442 0.460417 4.04113 0.00542156 0.00105575
16 9 226 0.0325072 0.795546 0.422739 3.54809 0.00531361 0.0010611
16 10 242 0.0328574 0.794953 0.529052 3.52396 0.00553862 0.00111016
16 11 243 0.0325117 0.88596 0.612584 3.53176 0.00523207 0.00104486
16 12 267 0.0310679 0.828332 0.629481 3.92754 0.00585523 0.00115142
16 13 221 0.0321498 0.845853 0.669617 3.50504 0.00475435 0.000945807
16 14 252 0.0328882 0.822442 0.767818 3.47376 0.0052977 0.00106222
16 15 274 0.034948 0.881796 0.865215 3.13992 0.00545548 0.00111795
16 16 261 0.0313122 0.873864 0.912668 3.74501 0.00512567 0.00101059
16 17 269 0.0340375 0.857219 0.928722 3.2637 0.00528202 0.00107206
16 18 303 0.0330627 0.931004 1.03544 3.49585 0.00559324 0.00112355
16 19 313 0.0330993 0.974441 1.15843 3.46495 0.00545959 0.00109713
16 20 278 0.0361509 0.947077 1.24124 2.80404 0.00474491 0.0009847
16 21 306 0.0352981 1.03811 1.32252 2.98446 0.00495018 0.00101815
16 22 294 0.033474 0.976224 1.3633 3.26088 0.00476548 0.000961464
16 23 280 0.033573 1.04846 1.50308 3.12726 0.00424426 0.000857203
17 0 200 0.0319432 0.802924 -0.0122147 3.58228 0.00493494 0.000979571
17 1 211 0.0319251 0.765858 0.0995225 3.65427 0.00528468 0.00104879
17 2 261 0.031324 0.792428 0.127032 3.97114 0.00644158 0.0012702
17 3 235 0.0305784 0.795681 0.134465 4.01694 0.00578739 0.00113212
17 4 260 0.0318304 0.821584 0.206616 3.84499 0.00627789 0.00124464
17 5 211 0.0334576 0.823833 0.275626 3.31999 0.00504078 0.00101683
17 6 236 0.0323097 0.838693 0.312799 3.63175 0.00556465 0.00110889
17 7 241 0.0310221 0.866046 0.368998 3.8839 0.00555311 0.00109147
17 8 242 0.0331795 0.83216 0.365988 3.48748 0.00566664 0.00113971
17 9 228 0.0300389 0.850633 0.507747 4.01011 0.00512582 0.000996908
17 10 237 0.0350882 0.845937 0.513415 3.09341 0.00533109 0.00109407
17 11 247 0.0312757 0.893062 0.615731 3.78543 0.005298 0.00104416
17 12 221 0.0344605 0.896453 0.692152 3.05837 0.00462893 0.00094371
17 13 274 0.0300648 0.893993 0.676732 4.12314 0.00577138 0.00112277
17 14 295 0.0304693 0.898005 0.819969 4.06409 0.00592949 0.00115856
17 15 264 0.0371642 0.876066 0.841138 2.7593 0.00531042 0.00111378
17 16 275 0.0357015 0.892998 0.932842 2.99208 0.00532822 0.00110056
17 17 283 0.0323835 0.954977 0.97536 3.56757 0.00529255 0.0010555
17 18 274 0.0346123 1.02398 1.07131 3.07906 0.00485003 0.00099037
17 19 265 0.0347481 0.985797 1.15837 3.00456 0.00460689 0.000942069
17 20 296 0.035352 1.00612 1.19082 2.99702 0.0050575 0.00104081
17 21 304 0.0334064 1.06459 1.41929 3.26426 0.00472369 0.000952349
17 22 334 0.0344031 1.11656 1.43883 3.16262 0.00508711 0.00103649
17 23 294 0.0342789 1.18805 1.55165 3.00148 0.00423817 0.000862389
18 0 212 0.0296893 0.834111 0.0326038 4.09097 0.00515031 0.000997907
18 1 220 0.0331222 0.876406 0.0414892 3.41841 0.00523326 0.00105191
18 2 228 0.0323428 0.809367 0.0715767 3.63172 0.00559974 0.00111628
18 3 243 0.0360758 0.862441 0.2009 3.00935 0.00575707 0.00119381
18 4 247 0.0295134 0.918654 0.234161 4.22641 0.00567251 0.00109701
18 5 233 0.0312279 0.867503 0.256221 3.82669 0.00546823 0.00107716
18 6 268 0.032876 0.899444 0.311614 3.62405 0.00614292 0.00123153
18 7 240 0.0321622 0.883216 0.383649 3.64301 0.00547085 0.00108849
18 8 223 0.0320596 0.892785 0.407999 3.58001 0.00503616 0.0010009
18 9 260 0.0355921 0.881729 0.448875 3.10308 0.00584885 0.00120671
18 10 255 0.032409 0.891177 0.509541 3.62468 0.00563081 0.00112326
18 11 257 0.0311782 0.920844 0.565932 3.84675 0.00552323 0.00108742
18 12 268 0.0327131 0.924653 0.629436 3.57121 0.00565254 0.00113125
18 13 289 0.0316664 0.910391 0.668191 3.8424 0.00606307 0.00119995
18 14 293 0.0342414 1.02209 0.814715 3.29268 0.00563408 0.00114598
18 15 278 0.0348028 1.02502 0.888618 3.12025 0.00522005 0.00106807
18 16 298 0.0332997 0.992062 0.955632 3.44302 0.00554017 0.0011157
18 17 274 0.0339134 1.07369 0.998144 3.20761 0.00488619 0.000990415
18 18 315 0.0324329 1.01958 1.04788 3.61957 0.00562763 0.00112292
18 19 289 0.0323474 1.11388 1.19008 3.47308 0.00478242 0.000953397
18 20 351 0.0329106 1.14196 1.25971 3.53066 0.0056311 0.00112933
18 21 298 0.0314669 1.18413 1.32076 3.61257 0.00463111 0.000914595
18 22 304 0.0324458 1.19942 1.5021 3.38006 0.0044399 0.000886041
18 23 317 0.0343651 1.19432 1.58315 3.05025 0.00451676 0.000919916
19 0 230 0.0323723 0.911442 0.0334665 3.58565 0.00537769 0.00107235
19 1 234 0.0311967 0.9239 0.0712863 3.82628 0.00543159 0.00106959
19 2 251 0.0339497 0.960679 0.106625 3.35725 0.00571121 0.00115809
19 3 240 0.0320116 0.938447 0.203236 3.67347 0.00547834 0.00108823
19 4 245 0.037129 0.916655 0.178221 2.82957 0.00566662 0.00118806
19 5 254 0.0295718 0.964235 0.244435 4.21807 0.00569869 0.00110276
19 6 233 0.0305443 0.960315 0.352621 3.9082 0.00515416 0.00100788
19 7 264 0.0348748 0.930043 0.381067 3.22928 0.00589248 0.00120657
19 8 261 0.0318561 1.07139 0.435882 3.68966 0.00540185 0.00107126
19 9 268 0.0296432 0.948362 0.484723 4.22082 0.00580517 0.00112423
19 10 265 0.031242 0.99662 0.577897 3.82912 0.00549719 0.00108303
19 11 278 0.0326349 1.02063 0.618959 3.58535 0.00564963 0.00112973
19 12 277 0.0337932 1.02901 0.691407 3.34784 0.00550351 0.00111413
19 13 275 0.0300335 1.06339 0.721993 4.05292 0.00534383 0.00103925
19 14 281 0.0308743 1.03038 0.807284 3.88595 0.00539838 0.00105938
19 15 319 0.0324092 1.05074 0.872521 3.68206 0.00596368 0.00118967
19 16 302 0.033665 1.0915 0.902036 3.37236 0.00551308 0.00111455
19 17 283 0.0309146 1.14907 1.04663 3.76965 0.00484567 0.000951327
19 18 311 0.0333932 1.16797 1.10241 3.36308 0.00520193 0.00104862
19 19 301 0.0344731 1.18579 1.16822 3.11419 0.00490525 0.00100018
19 20 328 0.034253 1.20575 1.32836 3.18198 0.00505376 0.00102807
19 21 347 0.0356488 1.1938 1.35654 2.99852 0.00531698 0.00109763
19 22 310 0.0351042 1.28911 1.58856 2.87768 0.00430811 0.000884282
19 23 332 0.0329895 1.29407 1.62433 3.30467 0.00455803 0.000914893
20 0 288 0.030474 1.00171 0.0275072 4.14535 0.00643781 0.00125794
20 1 232 0.0312681 0.987947 0.0469768 3.77209 0.00521988 0.00102868
20 2 227 0.0340454 1.00659 0.119386 3.21642 0.005045 0.00102404
20 3 235 0.032708 1.01565 0.192376 3.48306 0.00517068 0.00103476
20 4 242 0.0337383 0.966784 0.254991 3.34148 0.0054156 0.00109569
20 5 283 0.0316946 0.999664 0.3161 3.85611 0.00618113 0.00122368
20 6 267 0.0317463 0.990993 0.316621 3.79179 0.00585532 0.00115982
20 7 235 0.0303219 1.06926 0.400229 3.90451 0.00489989 0.000955872
20 8 293 0.0331096 1.04732 0.496103 3.56699 0.00605753 0.00121743
20 9 258 0.0322948 1.03707 0.509001 3.59405 0.00534351 0.00106466
20 10 275 0.0364821 1.05566 0.523982 2.92295 0.0056304 0.00117252
20 11 287 0.0339078 1.07034 0.614207 3.36582 0.00571804 0.00115896
20 12 272 0.0355699 1.12662 0.718871 2.98079 0.0051569 0.0010637
20 13 275 0.0379209 1.15618 0.758329 2.6058 0.00509992 0.00107809
20 14 301 0.030134 1.17197 0.885874 4.03432 0.00535987 0.00104349
20 15 299 0.032182 1.1282 0.922146 3.61764 0.00535408 0.00106548
20 16 302 0.0343235 1.13153 0.945779 3.22928 0.00536361 0.00109191
20 17 306 0.0332918 1.24015 1.05745 3.35465 0.00506432 0.00101978
20 18 308 0.0334968 1.24388 1.10619 3.30866 0.00501928 0.00101291
20 19 307 0.0342243 1.29549 1.28598 3.1075 0.00466773 0.00094925
20 20 326 0.0348395 1.31268 1.35083 3.03797 0.00483756 0.000990193
20 21 337 0.036719 1.34335 1.38176 2.74956 0.00491196 0.00102544
20 22 335 0.0350812 1.37799 1.47286 2.97051 0.00470904 0.000966342
20 23 313 0.0293082 1.54135 1.74537 3.89977 0.00390859 0.00075421
21 0 263 0.0329778 1.04202 0.0229216 3.54121 0.00576204 0.00115642
21 1 253 0.0325547 1.10161 0.0737982 3.55055 0.00537471 0.00107384
21 2 263 0.0360099 0.980466 0.121525 3.04788 0.00592061 0.00122687
21 3 255 0.0327444 1.0876 0.2337 3.51868 0.00539476 0.00108003
21 4 276 0.0306493 1.06868 0.242392 4.01927 0.00588746 0.00115257
21 5 249 0.0335662 1.0244 0.281716 3.36944 0.00540068 0.00109068
21 6 283 0.033025 1.04712 0.290735 3.58364 0.00606419 0.00121767
21 7 276 0.0342585 1.1333 0.430722 3.27604 0.00555755 0.00113062
21 8 280 0.0318986 1.14074 0.486031 3.71068 0.00556245 0.0011036
21 9 287 0.0332524 1.17384 0.56275 3.45031 0.00553286 0.00111367
21 10 272 0.0350651 1.15096 0.551406 3.0931 0.00530892 0.00108926
21 11 276 0.0327454 1.18683 0.624467 3.48575 0.00522104 0.00104526
21 12 298 0.0346826 1.21656 0.683228 3.19169 0.00549354 0.00112261
21 13 302 0.0351866 1.16618 0.780628 3.11659 0.00554611 0.00113938
21 14 273 0.0346652 1.17517 0.814253 3.0908 0.00495167 0.00101169
21 15 297 0.0327583 1.22431 0.916104 3.46852 0.00514417 0.00103001
21 16 332 0.0332193 1.32271 1.06838 3.41827 0.00532624 0.0010717
21 17 313 0.0338086 1.32686 1.09699 3.24415 0.00497501 0.0010073
21 18 328 0.0343871 1.33797 1.15984 3.16873 0.00510421 0.0010398
21 19 334 0.0337474 1.37086 1.31055 3.24588 0.00492983 0.000997507
21 20 323 0.0343582 1.56014 1.50412 2.99823 0.00428267 0.000872175
21 21 346 0.0331175 1.43001 1.43486 3.34253 0.00484668 0.000974154
21 22 330 0.0328097 1.54932 1.58629 3.27813 0.00429326 0.000860102
21 23 352 0.0318409 1.4807 1.63808 3.53096 0.0045954 0.000911177
22 0 236 0.0352766 1.10312 0.0125167 3.00118 0.0050158 0.00103141
22 1 304 0.0336531 1.18784 0.0370939 3.49094 0.00619393 0.00125204
22 2 285 0.0286123 1.12293 0.125946 4.48406 0.00597712 0.00114472
22 3 292 0.0355053 1.15227 0.141416 3.14787 0.00603075 0.0012431
22 4 259 0.0334909 1.15667 0.247495 3.36256 0.00529158 0.0010678
22 5 253 0.0341525 1.1229 0.315447 3.23012 0.00521123 0.00105897
22 6 304 0.0360651 1.10943 0.35175 3.09631 0.00626948 0.00129992
22 7 286 0.0326892 1.15643 0.404286 3.58812 0.00572324 0.00114511
22 8 302 0.0319448 1.23247 0.468878 3.73914 0.0057748 0.0011463
22 9 293 0.0311805 1.18971 0.552277 3.86395 0.00562163 0.00110681
22 10 295 0.0321485 1.21338 0.585858 3.66247 0.0055636 0.00110678
22 11 283 0.0328882 1.29729 0.70995 3.41925 0.0050166 0.00100585
22 12 319 0.0364402 1.27042 0.700001 2.94702 0.00572987 0.00119271
22 13 346 0.0329783 1.29846 0.755319 3.5928 0.00606753 0.00121774
22 14 305 0.0348879 1.33258 0.846084 3.09537 0.00516533 0.00105782
22 15 319 0.0341385 1.33133 0.94694 3.2438 0.00527014 0.00107079
22 16 328 0.0339581 1.38099 1.01708 3.2674 0.00522819 0.00106024
22 17 355 0.0328832 1.37407 1.05733 3.53249 0.00561287 0.00112535
22 18 328 0.0330732 1.45976 1.18435 3.35647 0.00487491 0.000979368
22 19 356 0.0345121 1.46908 1.31902 3.14455 0.00509042 0.00103836
22 20 322 0.0334715 1.50457 1.3909 3.19716 0.00446927 0.000901677
22 21 319 0.0310331 1.52695 1.49636 3.62056 0.0042771 0.00084077
22 22 318 0.0329889 1.56635 1.62443 3.19327 0.0040771 0.000818355
22 23 327 0.034299 1.81703 1.85424 2.86749 0.0037196 0.00075703
23 0 282 0.0359631 1.25951 0.0536132 2.98998 0.00554596 0.00114868
23 1 256 0.0295391 1.16949 0.0715587 4.14504 0.00525921 0.00101736
23 2 280 0.0335084 1.19338 0.115979 3.42942 0.00567531 0.00114544
23 3 309 0.0305604 1.26461 0.21942 4.05843 0.00600985 0.00117541
23 4 302 0.0330885 1.26195 0.284088 3.53518 0.00584523 0.00117449
23 5 284 0.0349054 1.26289 0.285628 3.15402 0.00549351 0.00112524
23 6 272 0.0328701 1.29601 0.367742 3.44504 0.0051304 0.00102847
23 7 283 0.0339197 1.37412 0.390105 3.25639 0.00513613 0.00104115
23 8 297 0.0344964 1.35325 0.50551 3.19689 0.0053495 0.00109103
23 9 305 0.0338046 1.31994 0.542447 3.35224 0.00553894 0.00112143
23 10 300 0.0337047 1.25293 0.560768 3.37915 0.00559002 0.00113058
23 11 314 0.0332621 1.37925 0.649332 3.43349 0.00545022 0.00109715
23 12 336 0.0356009 1.32507 0.745073 3.10074 0.00584355 0.00120573
23 13 336 0.0378332 1.41912 0.82905 2.69911 0.00552687 0.00116728
23 14 335 0.0329438 1.42004 0.922091 3.48097 0.00539118 0.0010816
23 15 353 0.0348738 1.43609 0.944413 3.18168 0.00561765 0.00115028
23 16 279 0.0357065 1.39262 1.00538 2.80942 0.0044423 0.000917615
23 17 327 0.0365081 1.52976 1.16511 2.75396 0.00477443 0.000994534
23 18 340 0.034779 1.50554 1.26242 3.057 0.00488043 0.000998332
23 19 328 0.034162 1.58169 1.37402 3.07526 0.00447101 0.000908646
23 20 335 0.0353623 1.66636 1.42266 2.85644 0.00440167 0.000905942
23 21 322 0.0348527 1.63613 1.46109 2.90079 0.00422685 0.000865307
23 22 315 0.0334506 1.67667 1.57426 3.08367 0.00397479 0.000801739
23 23 319 0.0318688 1.80653 1.8543 3.29173 0.00363749 0.000721458
