#  ix    iy     NB       E/N    TB    UxB       UyB       muB       rhoB     epsilonB
0 0 24 0.0969977 0.11835 -0.0167187 4.60704 0.0019218 0.00267273
0 1 20 0.113345 0.1025 0.121819 2.33098 0.00159284 0.00226163
0 2 24 0.119634 0.0973803 0.182602 1.84374 0.00189532 0.00271267
0 3 14 0.089247 0.0789406 0.240452 5.28302 0.00109452 0.00150733
0 4 24 0.12782 0.0199859 0.331083 1.04244 0.00183707 0.00265672
0 5 18 0.107358 -0.0377857 0.331858 2.88106 0.00137684 0.00194015
0 6 31 0.11845 0.0107552 0.372989 2.17495 0.00234225 0.0033473
0 7 12 0.0864945 0.0567221 0.565088 5.51031 0.000841501 0.00115484
0 8 13 0.0855922 0.0347659 0.632048 5.72881 0.00088583 0.00121429
0 9 18 0.730054 0.0188789 0.776405 -10.6662 0.00114647 0.00154675
0 10 17 0.113387 0.00180541 0.83922 1.90969 0.00105016 0.00149117
0 11 12 0.0767712 0.0933383 0.949507 7.32321 0.000700183 0.00094916
0 12 11 0.0918313 0.242236 1.07359 4.24115 0.000596553 0.000824238
0 13 12 0.0940869 0.0917997 1.37425 3.83191 0.000568571 0.000787825
0 14 0 0 0 0 0 0 0
0 15 0 0 0 0 0 0 0
0 16 0 0 0 0 0 0 0
0 17 0 0 0 0 0 0 0
0 18 0 0 0 0 0 0 0
0 19 0 0 0 0 0 0 0
0 20 0 0 0 0 0 0 0
0 21 0 0 0 0 0 0 0
0 22 0 0 0 0 0 0 0
0 23 0 0 0 0 0 0 0
1 0 20 0.12805 0.142469 0.138715 0.872589 0.00158193 0.00228842
1 1 24 0.110885 0.123122 0.132409 2.78712 0.0019046 0.00269587
1 2 20 0.141065 0.176125 0.202439 -0.193507 0.0015578 0.00229098
1 3 25 0.131193 0.0741501 0.261378 0.808266 0.0019456 0.00282574
1 4 13 0.143493 0.217293 0.256654 -0.819748 0.000993704 0.0014659
1 5 24 0.0990441 0.139177 0.36976 4.24499 0.00180009 0.00250996
1 6 22 0.110566 0.069769 0.506307 2.637 0.00157982 0.00223524
1 7 11 0.0813257 0.0792356 0.491627 6.45738 0.000794087 0.00108267
1 8 22 0.0962051 0.126593 0.633085 4.47097 0.00149054 0.00207087
1 9 18 0.110683 0.139744 0.76069 2.30445 0.00114825 0.00162488
1 10 14 0.733089 0.0195975 0.635341 -10.8672 0.000952832 0.00129085
1 11 24 0.0808764 0.190684 0.952793 7.109 0.0013881 0.00189149
1 12 12 0.712479 0.0823866 0.957041 -11.0682 0.000697914 0.000918917
1 13 13 0.712988 0.142046 1.19103 -11.1098 0.000671336 0.000884554
1 14 0 0 0 0 0 0 0
1 15 0 0 0 0 0 0 0
1 16 0 0 0 0 0 0 0
1 17 0 0 0 0 0 0 0
1 18 0 0 0 0 0 0 0
1 19 0 0 0 0 0 0 0
1 20 0 0 0 0 0 0 0
1 21 0 0 0 0 0 0 0
1 22 0 0 0 0 0 0 0
1 23 0 0 0 0 0 0 0
2 0 20 0.124719 0.152257 0.0371231 1.18085 0.00159345 0.00229538
2 1 21 0.105697 0.0850247 0.0737546 3.28794 0.00168292 0.00236646
2 2 26 0.104807 0.15714 0.128778 3.60044 0.0020548 0.00288612
2 3 25 0.107796 0.160947 0.131779 3.18792 0.00197388 0.002783
2 4 22 0.123813 0.125362 0.292246 1.32462 0.00169076 0.00243275
2 5 18 0.110813 0.242111 0.387101 2.42923 0.00132049 0.00186891
2 6 29 0.0986858 0.150949 0.386753 4.47835 0.00215996 0.00301038
2 7 26 0.094168 0.175907 0.535137 4.98645 0.00182687 0.00253161
2 8 24 0.0903965 0.108042 0.592772 5.50183 0.0016578 0.00228638
2 9 14 0.138568 0.254364 0.790549 -0.590114 0.000868572 0.00127334
2 10 0 0 0 0 0 0 0
2 11 12 0.713999 0.298517 0.928842 -11.084 0.000692684 0.000913977
2 12 12 0.0778565 0.150988 1.07141 7.01298 0.000656837 0.000891622
2 13 0 0 0 0 0 0 0
2 14 0 0 0 0 0 0 0
2 15 0 0 0 0 0 0 0
2 16 0 0 0 0 0 0 0
2 17 0 0 0 0 0 0 0
2 18 0 0 0 0 0 0 0
2 19 0 0 0 0 0 0 0
2 20 0 0 0 0 0 0 0
2 21 0 0 0 0 0 0 0
2 22 0 0 0 0 0 0 0
2 23 0 0 0 0 0 0 0
3 0 25 0.135857 0.230564 0.0465933 0.43577 0.00196257 0.00286728
3 1 11 0.105117 0.183677 0.149704 2.69365 0.000863194 0.0012129
3 2 25 0.117136 0.262061 0.255904 2.0973 0.00189313 0.00270096
3 3 18 0.108424 0.278266 0.216488 2.7463 0.00136902 0.00193174
3 4 23 0.0952467 0.256341 0.300638 4.76235 0.00172508 0.00239382
3 5 24 0.0798375 0.238334 0.372354 7.57124 0.00177021 0.00240899
3 6 27 0.0852107 0.182413 0.497082 6.5763 0.00192431 0.00263656
3 7 20 0.0963231 0.216241 0.476312 4.41125 0.00142918 0.00198592
3 8 14 0.0921605 0.269465 0.623174 4.6358 0.000934087 0.00129114
3 9 18 0.724446 0.28615 0.668023 -10.6125 0.00117427 0.00157209
3 10 12 0.134637 0.235999 0.753806 -0.416256 0.000759412 0.00110778
3 11 0 0 0 0 0 0 0
3 12 0 0 0 0 0 0 0
3 13 0 0 0 0 0 0 0
3 14 0 0 0 0 0 0 0
3 15 0 0 0 0 0 0 0
3 16 0 0 0 0 0 0 0
3 17 0 0 0 0 0 0 0
3 18 0 0 0 0 0 0 0
3 19 0 0 0 0 0 0 0
3 20 0 0 0 0 0 0 0
3 21 0 0 0 0 0 0 0
3 22 0 0 0 0 0 0 0
3 23 0 0 0 0 0 0 0
4 0 30 0.13074 0.29974 -0.0105789 1.02146 0.00231737 0.00336376
4 1 26 0.133729 0.256016 0.1161 0.634827 0.00201853 0.00294111
4 2 29 0.101087 0.372556 0.188256 4.14156 0.00215823 0.00301714
4 3 17 0.154984 0.257414 0.153106 -1.30853 0.00131333 0.00196577
4 4 23 0.123302 0.22988 0.379143 1.37561 0.00169564 0.00243818
4 5 28 0.120169 0.339432 0.392114 1.84641 0.00200452 0.00287091
4 6 16 0.104652 0.217939 0.475337 3.0341 0.00114343 0.00160572
4 7 25 0.0901748 0.314638 0.546483 5.56761 0.00170538 0.00235133
4 8 18 0.101786 0.36686 0.491608 3.4903 0.00123737 0.00173134
4 9 17 0.727468 0.393962 0.666696 -10.7086 0.00108395 0.00145722
4 10 22 0.729003 0.422559 0.872669 -10.5553 0.00127376 0.00171601
4 11 14 0.098603 0.341846 0.904785 3.51129 0.000811541 0.00113094
4 12 12 0.714161 0.408233 1.24268 -11.2491 0.000587764 0.000775714
4 13 0 0 0 0 0 0 0
4 14 0 0 0 0 0 0 0
4 15 0 0 0 0 0 0 0
4 16 0 0 0 0 0 0 0
4 17 0 0 0 0 0 0 0
4 18 0 0 0 0 0 0 0
4 19 0 0 0 0 0 0 0
4 20 0 0 0 0 0 0 0
4 21 0 0 0 0 0 0 0
4 22 0 0 0 0 0 0 0
4 23 0 0 0 0 0 0 0
5 0 25 0.0861337 0.298247 -0.056156 6.40646 0.00192924 0.00264641
5 1 26 0.120378 0.291036 0.147613 1.82017 0.00199332 0.00285562
5 2 17 0.139383 0.417023 0.143853 -0.284479 0.00125434 0.00184078
5 3 29 0.116586 0.336001 0.229293 2.28955 0.00216633 0.00308858
5 4 23 0.0849 0.387352 0.297995 6.49127 0.00166647 0.00228239
5 5 24 0.10172 0.452334 0.432567 3.78121 0.00164064 0.00229541
5 6 17 0.0990805 0.312409 0.401864 3.8523 0.00122179 0.00170369
5 7 25 0.112897 0.373606 0.578203 2.42236 0.00166067 0.0023566
5 8 22 0.108914 0.335382 0.477648 2.80034 0.00153231 0.00216349
5 9 21 0.111344 0.508088 0.784128 2.30334 0.00123745 0.00175256
5 10 0 0 0 0 0 0 0
5 11 15 0.0862443 0.462451 1.10717 5.47331 0.000774465 0.00106251
5 12 0 0 0 0 0 0 0
5 13 0 0 0 0 0 0 0
5 14 0 0 0 0 0 0 0
5 15 0 0 0 0 0 0 0
5 16 0 0 0 0 0 0 0
5 17 0 0 0 0 0 0 0
5 18 0 0 0 0 0 0 0
5 19 0 0 0 0 0 0 0
5 20 0 0 0 0 0 0 0
5 21 0 0 0 0 0 0 0
5 22 0 0 0 0 0 0 0
5 23 0 0 0 0 0 0 0
6 0 34 0.0984767 0.44698 -0.0339114 4.65535 0.00250205 0.00348624
6 1 26 0.131027 0.53915 0.0308975 0.76921 0.00184494 0.00267898
6 2 30 0.114678 0.42665 0.100048 2.5154 0.00221592 0.00315164
6 3 13 0.16829 0.546607 0.135112 -2.44141 0.000913531 0.00139053
6 4 15 0.107382 0.393326 0.391863 2.61442 0.0010576 0.00149034
6 5 23 0.10969 0.563212 0.283326 2.73227 0.00156904 0.00221753
6 6 21 0.0886866 0.469992 0.384537 5.66004 0.00144755 0.00199208
6 7 17 0.110492 0.539994 0.529256 2.2777 0.00109356 0.0015471
6 8 21 0.0986443 0.530682 0.636217 3.97973 0.00130412 0.00181748
6 9 13 0.719399 0.389671 0.787897 -10.985 0.000787432 0.00104685
6 10 11 0.725937 0.604427 1.00958 -11.3354 0.000574467 0.000770666
6 11 10 0.0858099 0.587328 1.12759 5.11339 0.00049857 0.000683625
6 12 12 0.0878202 0.700044 1.14267 4.89633 0.000578775 0.000795623
6 13 0 0 0 0 0 0 0
6 14 0 0 0 0 0 0 0
6 15 0 0 0 0 0 0 0
6 16 0 0 0 0 0 0 0
6 17 0 0 0 0 0 0 0
6 18 0 0 0 0 0 0 0
6 19 0 0 0 0 0 0 0
6 20 0 0 0 0 0 0 0
6 21 0 0 0 0 0 0 0
6 22 0 0 0 0 0 0 0
6 23 0 0 0 0 0 0 0
7 0 31 0.108241 0.570953 0.0983879 3.22581 0.00216317 0.0030516
7 1 22 0.111604 0.634541 0.21104 2.44921 0.00147482 0.00208944
7 2 15 0.0921425 0.605825 0.262685 4.71633 0.00100946 0.00139528
7 3 24 0.102498 0.547369 0.214358 3.69372 0.00166854 0.00233675
7 4 31 0.088013 0.515679 0.340125 6.16354 0.0021269 0.00292449
7 5 21 0.108413 0.641248 0.461818 2.71779 0.00132874 0.00187488
7 6 21 0.0825431 0.645418 0.37966 6.74476 0.00135562 0.00185112
7 7 22 0.126846 0.524582 0.591037 0.851808 0.001392 0.0020106
7 8 21 0.712716 0.625838 0.779477 -10.5294 0.00119774 0.00157755
7 9 11 0.724033 0.640992 0.900987 -11.2901 0.000595026 0.000796152
7 10 10 0.0851535 0.604037 0.752277 5.38846 0.000580379 0.00079514
7 11 0 0 0 0 0 0 0
7 12 0 0 0 0 0 0 0
7 13 0 0 0 0 0 0 0
7 14 0 0 0 0 0 0 0
7 15 0 0 0 0 0 0 0
7 16 0 0 0 0 0 0 0
7 17 0 0 0 0 0 0 0
7 18 0 0 0 0 0 0 0
7 19 0 0 0 0 0 0 0
7 20 0 0 0 0 0 0 0
7 21 0 0 0 0 0 0 0
7 22 0 0 0 0 0 0 0
7 23 0 0 0 0 0 0 0
8 0 31 0.104845 0.624173 0.0925516 3.6241 0.00211428 0.00296981
8 1 30 0.106728 0.631295 0.112949 3.35001 0.00203653 0.00286745
8 2 28 0.110767 0.681574 0.157332 2.77188 0.00185032 0.00261863
8 3 24 0.113518 0.634112 0.302439 2.30615 0.00158372 0.00224916
8 4 29 0.11901 0.634684 0.337708 1.90833 0.0018989 0.00271563
8 5 17 0.0904455 0.647573 0.404485 5.07393 0.00108966 0.00150291
8 6 16 0.107222 0.709044 0.412859 2.57546 0.000997528 0.0014054
8 7 11 0.101847 0.670201 0.461094 2.8953 0.000688152 0.000962943
8 8 13 0.0938644 0.714072 0.730674 4.12128 0.000733338 0.00101584
8 9 14 0.726347 0.873687 0.889173 -11.1307 0.000706479 0.000948299
8 10 0 0 0 0 0 0 0
8 11 0 0 0 0 0 0 0
8 12 0 0 0 0 0 0 0
8 13 0 0 0 0 0 0 0
8 14 0 0 0 0 0 0 0
8 15 0 0 0 0 0 0 0
8 16 0 0 0 0 0 0 0
8 17 0 0 0 0 0 0 0
8 18 0 0 0 0 0 0 0
8 19 0 0 0 0 0 0 0
8 20 0 0 0 0 0 0 0
8 21 0 0 0 0 0 0 0
8 22 0 0 0 0 0 0 0
8 23 0 0 0 0 0 0 0
9 0 30 0.0961208 0.753319 0.057791 4.7422 0.00193035 0.00268163
9 1 22 0.0993017 0.60699 0.025342 4.0369 0.00151631 0.00211496
9 2 14 0.128087 0.842909 0.18958 0.253249 0.000854339 0.00123594
9 3 24 0.111025 0.816894 0.287783 2.50731 0.00146303 0.00207121
9 4 25 0.0961284 0.805292 0.331443 4.50235 0.00152043 0.00211219
9 5 17 0.0782728 0.665865 0.52026 7.38665 0.00104717 0.00142222
9 6 0 0 0 0 0 0 0
9 7 21 0.0794881 1.01689 0.6798 7.1445 0.00107191 0.00145807
9 8 0 0 0 0 0 0 0
9 9 0 0 0 0 0 0 0
9 10 0 0 0 0 0 0 0
9 11 0 0 0 0 0 0 0
9 12 0 0 0 0 0 0 0
9 13 0 0 0 0 0 0 0
9 14 0 0 0 0 0 0 0
9 15 0 0 0 0 0 0 0
9 16 0 0 0 0 0 0 0
9 17 0 0 0 0 0 0 0
9 18 0 0 0 0 0 0 0
9 19 0 0 0 0 0 0 0
9 20 0 0 0 0 0 0 0
9 21 0 0 0 0 0 0 0
9 22 0 0 0 0 0 0 0
9 23 0 0 0 0 0 0 0
10 0 23 0.0800644 0.684378 0.01952 7.37744 0.00153049 0.00208337
10 1 17 0.72621 0.880912 0.0695513 -10.7555 0.00102734 0.00137873
10 2 23 0.104713 0.945155 0.372138 3.15565 0.00130126 0.00182751
10 3 26 0.0915612 0.835398 0.219241 5.26387 0.00158685 0.00219174
10 4 16 0.733075 0.890472 0.270421 -10.8758 0.000944571 0.00127963
10 5 15 0.713626 0.852476 0.586128 -10.8883 0.000840731 0.00110874
10 6 16 0.722289 0.995425 0.534911 -10.9181 0.0008551 0.00114138
10 7 0 0 0 0 0 0 0
10 8 0 0 0 0 0 0 0
10 9 0 0 0 0 0 0 0
10 10 0 0 0 0 0 0 0
10 11 0 0 0 0 0 0 0
10 12 0 0 0 0 0 0 0
10 13 0 0 0 0 0 0 0
10 14 0 0 0 0 0 0 0
10 15 0 0 0 0 0 0 0
10 16 0 0 0 0 0 0 0
10 17 0 0 0 0 0 0 0
10 18 0 0 0 0 0 0 0
10 19 0 0 0 0 0 0 0
10 20 0 0 0 0 0 0 0
10 21 0 0 0 0 0 0 0
10 22 0 0 0 0 0 0 0
10 23 0 0 0 0 0 0 0
11 0 23 0.712696 0.912732 -0.024877 -10.3951 0.00136975 0.00180405
11 1 21 0.114094 0.835637 0.0803888 2.04331 0.00129708 0.00184344
11 2 18 0.0867995 0.944943 0.287139 5.65942 0.00103283 0.00141796
11 3 17 0.0831939 0.89738 0.378275 6.29305 0.000982178 0.00134229
11 4 12 0.095259 1.00102 0.314618 3.81118 0.000667641 0.000926473
11 5 11 0.700178 1.02344 0.538419 -11.185 0.000580245 0.000750796
11 6 14 0.077191 1.18714 0.431471 7.22804 0.000700808 0.000950511
11 7 10 0.7063 1.03444 0.532437 -11.3177 0.000525674 0.000686132
11 8 0 0 0 0 0 0 0
11 9 0 0 0 0 0 0 0
11 10 0 0 0 0 0 0 0
11 11 0 0 0 0 0 0 0
11 12 0 0 0 0 0 0 0
11 13 0 0 0 0 0 0 0
11 14 0 0 0 0 0 0 0
11 15 0 0 0 0 0 0 0
11 16 0 0 0 0 0 0 0
11 17 0 0 0 0 0 0 0
11 18 0 0 0 0 0 0 0
11 19 0 0 0 0 0 0 0
11 20 0 0 0 0 0 0 0
11 21 0 0 0 0 0 0 0
11 22 0 0 0 0 0 0 0
11 23 0 0 0 0 0 0 0
12 0 20 0.726708 1.02151 0.0475479 -10.665 0.00112767 0.00151442
12 1 17 0.725525 1.03859 0.281675 -10.8479 0.000933255 0.00125128
12 2 11 0.69719 1.11 0.134592 -11.1492 0.00059137 0.000761926
12 3 16 0.696983 1.06787 0.286331 -10.7671 0.000865552 0.00111485
12 4 0 0 0 0 0 0 0
12 5 11 0.729219 1.16056 0.531851 -11.4017 0.000547031 0.000737177
12 6 0 0 0 0 0 0 0
12 7 0 0 0 0 0 0 0
12 8 0 0 0 0 0 0 0
12 9 0 0 0 0 0 0 0
12 10 0 0 0 0 0 0 0
12 11 0 0 0 0 0 0 0
12 12 0 0 0 0 0 0 0
12 13 0 0 0 0 0 0 0
12 14 0 0 0 0 0 0 0
12 15 0 0 0 0 0 0 0
12 16 0 0 0 0 0 0 0
12 17 0 0 0 0 0 0 0
12 18 0 0 0 0 0 0 0
12 19 0 0 0 0 0 0 0
12 20 0 0 0 0 0 0 0
12 21 0 0 0 0 0 0 0
12 22 0 0 0 0 0 0 0
12 23 0 0 0 0 0 0 0
13 0 10 0.706779 1.08758 0.097192 -11.2849 0.000544668 0.000711405
13 1 11 0.726299 1.20622 0.108215 -11.3542 0.000564826 0.000758109
13 2 0 0 0 0 0 0 0
13 3 13 0.733126 1.22053 0.307283 -11.2465 0.000652176 0.000883579
13 4 0 0 0 0 0 0 0
13 5 0 0 0 0 0 0 0
13 6 11 0.729908 1.62005 0.586135 -11.6111 0.000445327 0.000600688
13 7 0 0 0 0 0 0 0
13 8 0 0 0 0 0 0 0
13 9 0 0 0 0 0 0 0
13 10 0 0 0 0 0 0 0
13 11 0 0 0 0 0 0 0
13 12 0 0 0 0 0 0 0
13 13 0 0 0 0 0 0 0
13 14 0 0 0 0 0 0 0
13 15 0 0 0 0 0 0 0
13 16 0 0 0 0 0 0 0
13 17 0 0 0 0 0 0 0
13 18 0 0 0 0 0 0 0
13 19 0 0 0 0 0 0 0
13 20 0 0 0 0 0 0 0
13 21 0 0 0 0 0 0 0
13 22 0 0 0 0 0 0 0
13 23 0 0 0 0 0 0 0
14 0 0 0 0 0 0 0 0
14 1 0 0 0 0 0 0 0
14 2 0 0 0 0 0 0 0
14 3 0 0 0 0 0 0 0
14 4 0 0 0 0 0 0 0
14 5 0 0 0 0 0 0 0
14 6 0 0 0 0 0 0 0
14 7 0 0 0 0 0 0 0
14 8 0 0 0 0 0 0 0
14 9 0 0 0 0 0 0 0
14 10 0 0 0 0 0 0 0
14 11 0 0 0 0 0 0 0
14 12 0 0 0 0 0 0 0
14 13 0 0 0 0 0 0 0
14 14 0 0 0 0 0 0 0
14 15 0 0 0 0 0 0 0
14 16 0 0 0 0 0 0 0
14 17 0 0 0 0 0 0 0
14 18 0 0 0 0 0 0 0
14 19 0 0 0 0 0 0 0
14 20 0 0 0 0 0 0 0
14 21 0 0 0 0 0 0 0
14 22 0 0 0 0 0 0 0
14 23 0 0 0 0 0 0 0
15 0 0 0 0 0 0 0 0
15 1 0 0 0 0 0 0 0
15 2 0 0 0 0 0 0 0
15 3 0 0 0 0 0 0 0
15 4 0 0 0 0 0 0 0
15 5 0 0 0 0 0 0 0
15 6 0 0 0 0 0 0 0
15 7 0 0 0 0 0 0 0
15 8 0 0 0 0 0 0 0
15 9 0 0 0 0 0 0 0
15 10 0 0 0 0 0 0 0
15 11 0 0 0 0 0 0 0
15 12 0 0 0 0 0 0 0
15 13 0 0 0 0 0 0 0
15 14 0 0 0 0 0 0 0
15 15 0 0 0 0 0 0 0
15 16 0 0 0 0 0 0 0
15 17 0 0 0 0 0 0 0
15 18 0 0 0 0 0 0 0
15 19 0 0 0 0 0 0 0
15 20 0 0 0 0 0 0 0
15 21 0 0 0 0 0 0 0
15 22 0 0 0 0 0 0 0
15 23 0 0 0 0 0 0 0
16 0 0 0 0 0 0 0 0
16 1 0 0 0 0 0 0 0
16 2 0 0 0 0 0 0 0
16 3 0 0 0 0 0 0 0
16 4 0 0 0 0 0 0 0
16 5 0 0 0 0 0 0 0
16 6 0 0 0 0 0 0 0
16 7 0 0 0 0 0 0 0
16 8 0 0 0 0 0 0 0
16 9 0 0 0 0 0 0 0
16 10 0 0 0 0 0 0 0
16 11 0 0 0 0 0 0 0
16 12 0 0 0 0 0 0 0
16 13 0 0 0 0 0 0 0
16 14 0 0 0 0 0 0 0
16 15 0 0 0 0 0 0 0
16 16 0 0 0 0 0 0 0
16 17 0 0 0 0 0 0 0
16 18 0 0 0 0 0 0 0
16 19 0 0 0 0 0 0 0
16 20 0 0 0 0 0 0 0
16 21 0 0 0 0 0 0 0
16 22 0 0 0 0 0 0 0
16 23 0 0 0 0 0 0 0
17 0 0 0 0 0 0 0 0
17 1 0 0 0 0 0 0 0
17 2 0 0 0 0 0 0 0
17 3 0 0 0 0 0 0 0
17 4 0 0 0 0 0 0 0
17 5 0 0 0 0 0 0 0
17 6 0 0 0 0 0 0 0
17 7 0 0 0 0 0 0 0
17 8 0 0 0 0 0 0 0
17 9 0 0 0 0 0 0 0
17 10 0 0 0 0 0 0 0
17 11 0 0 0 0 0 0 0
17 12 0 0 0 0 0 0 0
17 13 0 0 0 0 0 0 0
17 14 0 0 0 0 0 0 0
17 15 0 0 0 0 0 0 0
17 16 0 0 0 0 0 0 0
17 17 0 0 0 0 0 0 0
17 18 0 0 0 0 0 0 0
17 19 0 0 0 0 0 0 0
17 20 0 0 0 0 0 0 0
17 21 0 0 0 0 0 0 0
17 22 0 0 0 0 0 0 0
17 23 0 0 0 0 0 0 0
18 0 0 0 0 0 0 0 0
18 1 0 0 0 0 0 0 0
18 2 0 0 0 0 0 0 0
18 3 0 0 0 0 0 0 0
18 4 0 0 0 0 0 0 0
18 5 0 0 0 0 0 0 0
18 6 0 0 0 0 0 0 0
18 7 0 0 0 0 0 0 0
18 8 0 0 0 0 0 0 0
18 9 0 0 0 0 0 0 0
18 10 0 0 0 0 0 0 0
18 11 0 0 0 0 0 0 0
18 12 0 0 0 0 0 0 0
18 13 0 0 0 0 0 0 0
18 14 0 0 0 0 0 0 0
18 15 0 0 0 0 0 0 0
18 16 0 0 0 0 0 0 0
18 17 0 0 0 0 0 0 0
18 18 0 0 0 0 0 0 0
18 19 0 0 0 0 0 0 0
18 20 0 0 0 0 0 0 0
18 21 0 0 0 0 0 0 0
18 22 0 0 0 0 0 0 0
18 23 0 0 0 0 0 0 0
19 0 0 0 0 0 0 0 0
19 1 0 0 0 0 0 0 0
19 2 0 0 0 0 0 0 0
19 3 0 0 0 0 0 0 0
19 4 0 0 0 0 0 0 0
19 5 0 0 0 0 0 0 0
19 6 0 0 0 0 0 0 0
19 7 0 0 0 0 0 0 0
19 8 0 0 0 0 0 0 0
19 9 0 0 0 0 0 0 0
19 10 0 0 0 0 0 0 0
19 11 0 0 0 0 0 0 0
19 12 0 0 0 0 0 0 0
19 13 0 0 0 0 0 0 0
19 14 0 0 0 0 0 0 0
19 15 0 0 0 0 0 0 0
19 16 0 0 0 0 0 0 0
19 17 0 0 0 0 0 0 0
19 18 0 0 0 0 0 0 0
19 19 0 0 0 0 0 0 0
19 20 0 0 0 0 0 0 0
19 21 0 0 0 0 0 0 0
19 22 0 0 0 0 0 0 0
19 23 0 0 0 0 0 0 0
20 0 0 0 0 0 0 0 0
20 1 0 0 0 0 0 0 0
20 2 0 0 0 0 0 0 0
20 3 0 0 0 0 0 0 0
20 4 0 0 0 0 0 0 0
20 5 0 0 0 0 0 0 0
20 6 0 0 0 0 0 0 0
20 7 0 0 0 0 0 0 0
20 8 0 0 0 0 0 0 0
20 9 0 0 0 0 0 0 0
20 10 0 0 0 0 0 0 0
20 11 0 0 0 0 0 0 0
20 12 0 0 0 0 0 0 0
20 13 0 0 0 0 0 0 0
20 14 0 0 0 0 0 0 0
20 15 0 0 0 0 0 0 0
20 16 0 0 0 0 0 0 0
20 17 0 0 0 0 0 0 0
20 18 0 0 0 0 0 0 0
20 19 0 0 0 0 0 0 0
20 20 0 0 0 0 0 0 0
20 21 0 0 0 0 0 0 0
20 22 0 0 0 0 0 0 0
20 23 0 0 0 0 0 0 0
21 0 0 0 0 0 0 0 0
21 1 0 0 0 0 0 0 0
21 2 0 0 0 0 0 0 0
21 3 0 0 0 0 0 0 0
21 4 0 0 0 0 0 0 0
21 5 0 0 0 0 0 0 0
21 6 0 0 0 0 0 0 0
21 7 0 0 0 0 0 0 0
21 8 0 0 0 0 0 0 0
21 9 0 0 0 0 0 0 0
21 10 0 0 0 0 0 0 0
21 11 0 0 0 0 0 0 0
21 12 0 0 0 0 0 0 0
21 13 0 0 0 0 0 0 0
21 14 0 0 0 0 0 0 0
21 15 0 0 0 0 0 0 0
21 16 0 0 0 0 0 0 0
21 17 0 0 0 0 0 0 0
21 18 0 0 0 0 0 0 0
21 19 0 0 0 0 0 0 0
21 20 0 0 0 0 0 0 0
21 21 0 0 0 0 0 0 0
21 22 0 0 0 0 0 0 0
21 23 0 0 0 0 0 0 0
22 0 0 0 0 0 0 0 0
22 1 0 0 0 0 0 0 0
22 2 0 0 0 0 0 0 0
22 3 0 0 0 0 0 0 0
22 4 0 0 0 0 0 0 0
22 5 0 0 0 0 0 0 0
22 6 0 0 0 0 0 0 0
22 7 0 0 0 0 0 0 0
22 8 0 0 0 0 0 0 0
22 9 0 0 0 0 0 0 0
22 10 0 0 0 0 0 0 0
22 11 0 0 0 0 0 0 0
22 12 0 0 0 0 0 0 0
22 13 0 0 0 0 0 0 0
22 14 0 0 0 0 0 0 0
22 15 0 0 0 0 0 0 0
22 16 0 0 0 0 0 0 0
22 17 0 0 0 0 0 0 0
22 18 0 0 0 0 0 0 0
22 19 0 0 0 0 0 0 0
22 20 0 0 0 0 0 0 0
22 21 0 0 0 0 0 0 0
22 22 0 0 0 0 0 0 0
22 23 0 0 0 0 0 0 0
23 0 0 0 0 0 0 0 0
23 1 0 0 0 0 0 0 0
23 2 0 0 0 0 0 0 0
23 3 0 0 0 0 0 0 0
23 4 0 0 0 0 0 0 0
23 5 0 0 0 0 0 0 0
23 6 0 0 0 0 0 0 0
23 7 0 0 0 0 0 0 0
23 8 0 0 0 0 0 0 0
23 9 0 0 0 0 0 0 0
23 10 0 0 0 0 0 0 0
23 11 0 0 0 0 0 0 0
23 12 0 0 0 0 0 0 0
23 13 0 0 0 0 0 0 0
23 14 0 0 0 0 0 0 0
23 15 0 0 0 0 0 0 0
23 16 0 0 0 0 0 0 0
23 17 0 0 0 0 0 0 0
23 18 0 0 0 0 0 0 0
23 19 0 0 0 0 0 0 0
23 20 0 0 0 0 0 0 0
23 21 0 0 0 0 0 0 0
23 22 0 0 0 0 0 0 0
23 23 0 0 0 0 0 0 0
