#  ix    iy     Npi     E/N       Tpi    Uxpi    Uypi     mupi     rho    epsilon
0 0 43 0.0963034 0.0751164 0.00639885 -1.62889 0.00466069 0.00164976
0 1 32 0.0967832 0.0680884 0.0779652 -1.9451 0.00345978 0.00122901
0 2 43 0.103006 -0.00852035 -0.0181097 -1.87125 0.00467298 0.00173651
0 3 50 0.0700496 -0.00228372 -0.21368 -0.265379 0.00531479 0.00152502
0 4 48 0.0660489 0.0689318 -0.198939 -0.0618038 0.00510546 0.00141458
0 5 1090 0.152104 0.0365323 0.291717 -0.0246534 0.113668 0.0574098
0 6 1564 0.147351 0.0273588 0.347191 0.426308 0.160542 0.078969
0 7 1531 0.13639 0.0448344 0.507672 0.606575 0.148268 0.0684516
0 8 1315 0.132025 0.0289595 0.67265 0.493477 0.118566 0.0533216
0 9 1159 0.120575 0.0361682 0.884974 0.576488 0.0943059 0.0394757
0 10 1039 0.111114 0.059436 1.08476 0.653397 0.0764849 0.0300709
0 11 844 0.104345 0.0644349 1.40953 0.511622 0.0530459 0.0199001
0 12 650 0.0948199 0.0376329 1.69715 0.468766 0.0358602 0.0125545
0 13 411 0.0814755 0.071291 2.09309 0.419982 0.0192493 0.00607637
0 14 218 0.0661941 0.174619 2.57309 0.446531 0.00856645 0.00237657
0 15 71 0.0444474 0.0968535 3.17216 0.972731 0.00231931 0.000524065
0 16 18 0.0425718 0.104341 3.46337 -0.258224 0.000542521 0.00012029
0 17 0 0 0 0 0 0 0
0 18 0 0 0 0 0 0 0
0 19 0 0 0 0 0 0 0
0 20 0 0 0 0 0 0 0
0 21 0 0 0 0 0 0 0
0 22 0 0 0 0 0 0 0
0 23 0 0 0 0 0 0 0
1 0 48 0.0856189 -0.0565906 0.0228998 -1.07794 0.0052077 0.00169908
1 1 34 0.0913024 -0.0495061 0.0223882 -1.66482 0.00369021 0.00125813
1 2 37 0.0836952 -0.147665 -0.186739 -1.27701 0.0039124 0.00125718
1 3 51 0.066381 -0.19012 -0.219654 -0.0410184 0.0053234 0.0014793
1 4 55 0.0633891 -0.0166755 -0.343605 0.21402 0.00565311 0.00152958
1 5 1204 0.149219 0.100052 0.271733 0.139691 0.125705 0.0624834
1 6 1601 0.144108 0.1169 0.352164 0.516871 0.163152 0.0787896
1 7 1499 0.132268 0.125163 0.515907 0.680958 0.143913 0.064816
1 8 1294 0.127142 0.143622 0.693695 0.589826 0.114772 0.0500865
1 9 1191 0.119623 0.158989 0.850856 0.641221 0.0978814 0.0407209
1 10 980 0.113315 0.169162 1.06849 0.527957 0.0723068 0.0288543
1 11 832 0.096089 0.209534 1.35344 0.816623 0.0533289 0.0188471
1 12 568 0.0853103 0.184231 1.71518 0.718496 0.0309635 0.0100777
1 13 380 0.0814218 0.215183 2.20608 0.297442 0.0169859 0.00535955
1 14 180 0.0580143 0.315096 2.6137 0.805862 0.00694751 0.0017897
1 15 81 0.0523055 0.409769 3.24008 0.285817 0.00257772 0.000629176
1 16 15 0.0285076 0.444398 4.24186 1.73231 0.000372183 7.11986e-05
1 17 0 0 0 0 0 0 0
1 18 0 0 0 0 0 0 0
1 19 0 0 0 0 0 0 0
1 20 0 0 0 0 0 0 0
1 21 0 0 0 0 0 0 0
1 22 0 0 0 0 0 0 0
1 23 0 0 0 0 0 0 0
2 0 36 0.0856021 -0.0444053 0.0578319 -1.36567 0.00390268 0.00127313
2 1 46 0.0814321 -0.103461 -0.240746 -0.959197 0.00483671 0.00152625
2 2 46 0.0708983 -0.220581 -0.256069 -0.429726 0.00473678 0.00136914
2 3 58 0.0572547 -0.28409 -0.198806 0.710658 0.00595644 0.00152358
2 4 107 0.0995772 -0.0213154 0.0583593 -0.838643 0.0116081 0.00420865
2 5 1490 0.149137 0.173887 0.241942 0.352384 0.155214 0.0771155
2 6 1594 0.138906 0.163504 0.348557 0.631494 0.161691 0.0757662
2 7 1443 0.137425 0.184462 0.522719 0.503315 0.137182 0.0637231
2 8 1319 0.123809 0.253813 0.722122 0.673174 0.113847 0.0486523
2 9 1174 0.117358 0.257571 0.901336 0.657751 0.0930992 0.0381629
2 10 925 0.109251 0.290201 1.09152 0.575691 0.0666505 0.0258731
2 11 787 0.0940284 0.360669 1.47974 0.769212 0.0469501 0.01634
2 12 614 0.086224 0.389488 1.76944 0.718626 0.0322497 0.0105721
2 13 385 0.0770723 0.411797 2.13847 0.53994 0.017463 0.00531756
2 14 173 0.067267 0.458642 2.59899 0.128067 0.00666288 0.00186604
2 15 61 0.0465636 0.437813 3.10782 0.597576 0.0020129 0.000464536
2 16 14 0.0324739 0.651635 3.96454 0.883192 0.000367542 7.33699e-05
2 17 0 0 0 0 0 0 0
2 18 0 0 0 0 0 0 0
2 19 0 0 0 0 0 0 0
2 20 0 0 0 0 0 0 0
2 21 0 0 0 0 0 0 0
2 22 0 0 0 0 0 0 0
2 23 0 0 0 0 0 0 0
3 0 38 0.0565034 -0.543536 -0.0200545 0.274185 0.00362845 0.000921618
3 1 40 0.0728462 -0.195609 -0.0747318 -0.64679 0.00425553 0.00125069
3 2 45 0.0595642 -0.312619 -0.145132 0.282448 0.00462434 0.00120843
3 3 77 0.0532093 -0.270434 -0.247699 1.32082 0.00785783 0.00193463
3 4 526 0.144646 0.185827 0.168206 -0.574653 0.0554584 0.0268644
3 5 1563 0.143825 0.20835 0.248799 0.513868 0.161595 0.0779117
3 6 1542 0.140605 0.276839 0.408547 0.51747 0.150302 0.0711323
3 7 1443 0.132168 0.281271 0.547192 0.609098 0.133589 0.0601296
3 8 1176 0.119407 0.349701 0.737898 0.658982 0.0990102 0.0411327
3 9 1116 0.115183 0.339834 0.934542 0.644115 0.0860151 0.0347556
3 10 930 0.107826 0.436065 1.17273 0.567894 0.0631122 0.0242598
3 11 733 0.098635 0.483185 1.40904 0.537748 0.0444084 0.0159909
3 12 518 0.0836617 0.53459 1.85789 0.613386 0.0258681 0.00831005
3 13 288 0.0732726 0.620238 2.19176 0.413883 0.0125838 0.00371176
3 14 130 0.055422 0.663495 2.70347 0.636509 0.00477725 0.00120114
3 15 42 0.0325252 0.673438 2.89044 2.25127 0.0014577 0.00029115
3 16 10 0.0321434 0.74778 4.43554 0.502796 0.000235887 4.69231e-05
3 17 0 0 0 0 0 0 0
3 18 0 0 0 0 0 0 0
3 19 0 0 0 0 0 0 0
3 20 0 0 0 0 0 0 0
3 21 0 0 0 0 0 0 0
3 22 0 0 0 0 0 0 0
3 23 0 0 0 0 0 0 0
4 0 74 0.0616277 -0.258232 -0.0678437 0.653268 0.00777125 0.00206947
4 1 55 0.0519864 -0.351813 -0.0806054 1.09441 0.0056232 0.00136832
4 2 64 0.076166 -0.368631 -0.0734463 -0.399702 0.00651171 0.00196798
4 3 119 0.114454 0.0266032 0.0440396 -1.22953 0.0129177 0.0051943
4 4 1305 0.15162 0.263248 0.200005 0.155526 0.134678 0.0678408
4 5 1666 0.141774 0.293358 0.295326 0.59607 0.167181 0.0796587
4 6 1493 0.13867 0.355152 0.441233 0.501761 0.141205 0.0660749
4 7 1362 0.127168 0.407042 0.628954 0.620928 0.118482 0.051714
4 8 1195 0.120719 0.459393 0.773923 0.595818 0.0965475 0.0404518
4 9 1046 0.110939 0.536591 0.980621 0.650026 0.0758047 0.0297681
4 10 838 0.104262 0.594913 1.26965 0.511526 0.0528903 0.0198302
4 11 664 0.0906845 0.652817 1.53152 0.6702 0.037163 0.0126107
4 12 456 0.0798512 0.755657 1.93165 0.610018 0.0215251 0.00670584
4 13 229 0.0626993 0.923936 2.49623 0.69815 0.00875412 0.00235395
4 14 93 0.0517434 0.946367 2.95565 0.520954 0.00310026 0.00075264
4 15 38 0.0392469 0.959835 3.26731 0.938611 0.00116378 0.000249412
4 16 0 0 0 0 0 0 0
4 17 0 0 0 0 0 0 0
4 18 0 0 0 0 0 0 0
4 19 0 0 0 0 0 0 0
4 20 0 0 0 0 0 0 0
4 21 0 0 0 0 0 0 0
4 22 0 0 0 0 0 0 0
4 23 0 0 0 0 0 0 0
5 0 102 0.0601671 -0.403934 0.0233758 1.037 0.0102776 0.00270065
5 1 110 0.0626143 -0.289398 -0.0391096 0.974805 0.0114771 0.0030838
5 2 142 0.0948832 -0.101752 0.00109062 -0.38185 0.0153555 0.00537841
5 3 1139 0.149777 0.306049 0.138277 0.0585877 0.117363 0.0585181
5 4 1700 0.144646 0.324152 0.198348 0.561427 0.172731 0.0836721
5 5 1574 0.140458 0.401401 0.353519 0.524718 0.150862 0.0713362
5 6 1410 0.132572 0.488877 0.512289 0.532869 0.125077 0.0564365
5 7 1199 0.125514 0.538769 0.654027 0.490624 0.0994298 0.0429513
5 8 1136 0.11328 0.617868 0.852671 0.691135 0.08503 0.0339235
5 9 971 0.102893 0.650167 1.05028 0.786777 0.0664097 0.0246584
5 10 769 0.0964296 0.727322 1.26617 0.68216 0.0472297 0.0167336
5 11 502 0.0872721 0.830528 1.60646 0.4728 0.0264044 0.00872709
5 12 352 0.0748889 0.967347 2.02826 0.538429 0.0155558 0.00465135
5 13 192 0.0609486 1.11255 2.35462 0.66322 0.00748113 0.00197993
5 14 78 0.0459707 1.19859 3.14446 0.843459 0.00241505 0.00055407
5 15 18 0.0350807 1.12797 3.14166 0.843929 0.000561479 0.000115221
5 16 0 0 0 0 0 0 0
5 17 0 0 0 0 0 0 0
5 18 0 0 0 0 0 0 0
5 19 0 0 0 0 0 0 0
5 20 0 0 0 0 0 0 0
5 21 0 0 0 0 0 0 0
5 22 0 0 0 0 0 0 0
5 23 0 0 0 0 0 0 0
6 0 311 0.12792 0.116818 0.00417549 -0.660259 0.0335757 0.0147237
6 1 635 0.13116 0.224057 0.0236556 -0.0499279 0.0673339 0.0301223
6 2 1438 0.148208 0.330567 0.0980022 0.324042 0.147768 0.0730359
6 3 1774 0.145169 0.395123 0.171959 0.574257 0.177084 0.0860366
6 4 1597 0.140711 0.472338 0.241538 0.534992 0.153344 0.0726165
6 5 1465 0.131904 0.562613 0.403639 0.595708 0.130918 0.0588329
6 6 1317 0.129298 0.619875 0.604835 0.473345 0.108211 0.0478587
6 7 1088 0.118958 0.69882 0.731943 0.497192 0.083124 0.0344323
6 8 978 0.108272 0.7516 0.879138 0.649961 0.0695262 0.0268079
6 9 829 0.104584 0.865072 1.12468 0.481725 0.0519097 0.0195068
6 10 584 0.0873504 1.01718 1.46648 0.63079 0.0310289 0.0102618
6 11 403 0.0811171 1.03207 1.74688 0.443072 0.0193651 0.00609525
6 12 233 0.0653302 1.20984 2.24254 0.57876 0.00925229 0.00254726
6 13 136 0.060938 1.24781 2.3426 0.302527 0.00521186 0.00137922
6 14 44 0.0415593 1.31587 3.03426 0.804656 0.00138418 0.000303764
6 15 16 0.0379751 1.75476 3.64572 0.0946071 0.000417279 8.82593e-05
6 16 0 0 0 0 0 0 0
6 17 0 0 0 0 0 0 0
6 18 0 0 0 0 0 0 0
6 19 0 0 0 0 0 0 0
6 20 0 0 0 0 0 0 0
6 21 0 0 0 0 0 0 0
6 22 0 0 0 0 0 0 0
6 23 0 0 0 0 0 0 0
7 0 1808 0.146347 0.416356 0.0309273 0.571017 0.181351 0.0887006
7 1 1767 0.144775 0.448742 0.0738255 0.57056 0.174835 0.0847535
7 2 1697 0.140854 0.517168 0.173093 0.586101 0.16194 0.0767509
7 3 1553 0.139479 0.583761 0.230333 0.494631 0.142981 0.0672243
7 4 1520 0.131671 0.681947 0.373166 0.598069 0.13044 0.0585355
7 5 1310 0.126209 0.711229 0.495791 0.550469 0.107587 0.0466782
7 6 1184 0.11742 0.778587 0.624872 0.633966 0.0910776 0.0373493
7 7 1003 0.108201 0.847582 0.778661 0.680334 0.0715038 0.027557
7 8 862 0.102152 0.933601 1.0135 0.624929 0.0550314 0.0203258
7 9 665 0.0918699 1.07316 1.24328 0.63315 0.037591 0.0128716
7 10 481 0.0833034 1.13756 1.52288 0.569067 0.0243419 0.00779746
7 11 284 0.0734455 1.33249 1.94604 0.36107 0.0120502 0.00355956
7 12 166 0.0589173 1.49148 2.3256 0.61414 0.00614103 0.00159523
7 13 69 0.0432304 1.73199 2.71616 1.07279 0.00222352 0.000496304
7 14 21 0.0269525 1.81557 3.43453 2.54072 0.000569013 0.00010703
7 15 0 0 0 0 0 0 0
7 16 0 0 0 0 0 0 0
7 17 0 0 0 0 0 0 0
7 18 0 0 0 0 0 0 0
7 19 0 0 0 0 0 0 0
7 20 0 0 0 0 0 0 0
7 21 0 0 0 0 0 0 0
7 22 0 0 0 0 0 0 0
7 23 0 0 0 0 0 0 0
8 0 1607 0.132829 0.713061 0.0243162 0.65452 0.142192 0.0642595
8 1 1393 0.131572 0.725463 0.11169 0.534251 0.122061 0.0547419
8 2 1460 0.134122 0.739283 0.213255 0.498916 0.125774 0.0572846
8 3 1280 0.128555 0.806834 0.303843 0.466494 0.105375 0.0463912
8 4 1198 0.121712 0.843013 0.428469 0.547164 0.0946127 0.0398953
8 5 1166 0.117801 0.925289 0.539977 0.570855 0.0864809 0.0355531
8 6 929 0.11089 0.990112 0.681179 0.491467 0.0645875 0.0253546
8 7 885 0.100251 1.10274 0.891456 0.700407 0.0554396 0.0201987
8 8 651 0.092987 1.18 1.14409 0.566376 0.0367801 0.0127008
8 9 484 0.0843769 1.24615 1.31807 0.562455 0.0253991 0.0082059
8 10 366 0.0788939 1.53068 1.66086 0.36712 0.0161056 0.00497839
8 11 215 0.060242 1.71704 2.10102 0.791157 0.00808132 0.002125
8 12 100 0.0508353 1.71142 2.48543 0.702297 0.00341913 0.000822802
8 13 37 0.0362018 1.7614 2.83208 1.38306 0.00115506 0.000239834
8 14 0 0 0 0 0 0 0
8 15 0 0 0 0 0 0 0
8 16 0 0 0 0 0 0 0
8 17 0 0 0 0 0 0 0
8 18 0 0 0 0 0 0 0
8 19 0 0 0 0 0 0 0
8 20 0 0 0 0 0 0 0
8 21 0 0 0 0 0 0 0
8 22 0 0 0 0 0 0 0
8 23 0 0 0 0 0 0 0
9 0 1234 0.126964 0.912868 0.0467373 0.446834 0.0990031 0.0431572
9 1 1243 0.122186 0.944507 0.140122 0.565989 0.097717 0.0413296
9 2 1185 0.116924 0.967507 0.249225 0.649226 0.0911198 0.0372449
9 3 1166 0.11802 1.05375 0.361046 0.543191 0.0846671 0.0348573
9 4 1005 0.117869 1.04417 0.476699 0.38222 0.0717572 0.0295131
9 5 901 0.106828 1.14715 0.596585 0.549063 0.0599143 0.0228716
9 6 797 0.0979158 1.27352 0.789675 0.644089 0.0480876 0.0172249
9 7 668 0.0915598 1.38349 0.992964 0.623586 0.0367668 0.0125598
9 8 518 0.0857886 1.43865 1.21047 0.539244 0.0264397 0.00863782
9 9 331 0.0802783 1.64196 1.50461 0.210397 0.0147374 0.00460723
9 10 212 0.0668779 1.6643 1.78837 0.422403 0.00872948 0.00243646
9 11 94 0.0643824 1.77378 2.08696 -0.330379 0.00350418 0.000956623
9 12 44 0.037107 1.81848 2.46947 1.49216 0.00148266 0.000310781
9 13 18 0.0244136 2.29329 3.06321 3.11622 0.000494689 9.05024e-05
9 14 0 0 0 0 0 0 0
9 15 0 0 0 0 0 0 0
9 16 0 0 0 0 0 0 0
9 17 0 0 0 0 0 0 0
9 18 0 0 0 0 0 0 0
9 19 0 0 0 0 0 0 0
9 20 0 0 0 0 0 0 0
9 21 0 0 0 0 0 0 0
9 22 0 0 0 0 0 0 0
9 23 0 0 0 0 0 0 0
10 0 991 0.107963 1.23533 0.0528183 0.634067 0.0677371 0.0260624
10 1 995 0.111505 1.21952 0.165846 0.526329 0.0682007 0.0268852
10 2 970 0.107876 1.24347 0.272875 0.597685 0.0651294 0.025044
10 3 848 0.103533 1.30705 0.429028 0.5612 0.0541971 0.0202155
10 4 757 0.104334 1.34747 0.534907 0.384984 0.0467197 0.0175256
10 5 701 0.0917457 1.43879 0.716416 0.706582 0.0402518 0.0137697
10 6 568 0.0904187 1.55798 0.87148 0.472827 0.0301732 0.010218
10 7 424 0.0843448 1.66555 1.09394 0.357937 0.0206712 0.00667671
10 8 315 0.0763396 1.7884 1.40404 0.34121 0.0137845 0.00417199
10 9 216 0.0632601 1.86964 1.57134 0.676158 0.00889643 0.00240435
10 10 135 0.0629304 2.16185 2.05297 0.0532556 0.00466644 0.00125741
10 11 47 0.0476523 2.29153 2.22078 0.207905 0.00152768 0.000356372
10 12 18 0.0362896 3.02146 3.44722 0.35038 0.000417013 8.66673e-05
10 13 0 0 0 0 0 0 0
10 14 0 0 0 0 0 0 0
10 15 0 0 0 0 0 0 0
10 16 0 0 0 0 0 0 0
10 17 0 0 0 0 0 0 0
10 18 0 0 0 0 0 0 0
10 19 0 0 0 0 0 0 0
10 20 0 0 0 0 0 0 0
10 21 0 0 0 0 0 0 0
10 22 0 0 0 0 0 0 0
10 23 0 0 0 0 0 0 0
11 0 713 0.100462 1.50775 0.027676 0.434758 0.0428309 0.0156286
11 1 751 0.0911189 1.47487 0.190277 0.855858 0.0455514 0.0155085
11 2 685 0.0985271 1.60304 0.310161 0.408987 0.0388874 0.0139918
11 3 634 0.0948476 1.59816 0.415882 0.463096 0.0356959 0.0124995
11 4 577 0.0914696 1.61996 0.561929 0.475716 0.0315965 0.0107862
11 5 475 0.0849603 1.7616 0.784924 0.469661 0.0237665 0.00771397
11 6 407 0.0716179 1.85568 1.00357 0.915564 0.0189487 0.00551095
11 7 292 0.0716169 2.01726 1.22338 0.490478 0.0123864 0.00360236
11 8 174 0.0606983 2.33022 1.65789 0.500141 0.00624275 0.00164841
11 9 96 0.0564915 2.49773 1.8966 0.140044 0.00316996 0.000805072
11 10 50 0.039751 2.70045 2.15679 1.13 0.00151058 0.000325422
11 11 18 0.0287836 2.27488 2.33762 2.10022 0.000573477 0.000110034
11 12 10 0.0213726 2.32366 2.64668 3.65343 0.000296886 5.25235e-05
11 13 0 0 0 0 0 0 0
11 14 0 0 0 0 0 0 0
11 15 0 0 0 0 0 0 0
11 16 0 0 0 0 0 0 0
11 17 0 0 0 0 0 0 0
11 18 0 0 0 0 0 0 0
11 19 0 0 0 0 0 0 0
11 20 0 0 0 0 0 0 0
11 21 0 0 0 0 0 0 0
11 22 0 0 0 0 0 0 0
11 23 0 0 0 0 0 0 0
12 0 501 0.0861748 1.8595 0.104108 0.496152 0.0257611 0.00844171
12 1 483 0.0832264 1.78349 0.217139 0.620376 0.0255324 0.00817379
12 2 457 0.0813842 1.96519 0.375327 0.567328 0.0222086 0.00700534
12 3 416 0.076484 1.96938 0.531109 0.701134 0.0199048 0.00603159
12 4 329 0.0770523 1.95369 0.632877 0.431737 0.0156559 0.00476652
12 5 249 0.0690299 2.08537 0.787715 0.529307 0.0110777 0.00315066
12 6 189 0.0655838 2.25314 1.20329 0.351032 0.00748916 0.0020665
12 7 141 0.0602082 2.39846 1.34996 0.35918 0.00523377 0.0013758
12 8 76 0.0492474 2.54832 1.6871 0.567869 0.00256898 0.00060874
12 9 43 0.0402482 2.98088 2.1019 0.862139 0.00123583 0.000267595
12 10 11 0.0510608 3.19573 2.27302 -1.76733 0.000295432 7.12499e-05
12 11 0 0 0 0 0 0 0
12 12 0 0 0 0 0 0 0
12 13 0 0 0 0 0 0 0
12 14 0 0 0 0 0 0 0
12 15 0 0 0 0 0 0 0
12 16 0 0 0 0 0 0 0
12 17 0 0 0 0 0 0 0
12 18 0 0 0 0 0 0 0
12 19 0 0 0 0 0 0 0
12 20 0 0 0 0 0 0 0
12 21 0 0 0 0 0 0 0
12 22 0 0 0 0 0 0 0
12 23 0 0 0 0 0 0 0
13 0 284 0.0689524 2.30447 0.0634727 0.637335 0.0122845 0.00349152
13 1 268 0.0687778 2.22704 0.233054 0.614197 0.0118786 0.00337103
13 2 244 0.0668584 2.35744 0.380569 0.583652 0.0102444 0.00285881
13 3 196 0.0677023 2.28892 0.536653 0.325619 0.00833884 0.00234435
13 4 193 0.0680411 2.47996 0.821098 0.198849 0.00749971 0.0021147
13 5 117 0.0656544 2.41956 0.925877 -0.14534 0.0045796 0.00126445
13 6 91 0.0556563 2.80342 1.23924 0.174526 0.00306792 0.000773067
13 7 50 0.0505933 2.71133 1.30068 0.0349035 0.00171494 0.000411727
13 8 30 0.0340719 2.91541 1.70311 1.51651 0.000926016 0.000188016
13 9 10 0.0286155 2.89922 1.89686 1.49615 0.000301427 5.77302e-05
13 10 0 0 0 0 0 0 0
13 11 0 0 0 0 0 0 0
13 12 0 0 0 0 0 0 0
13 13 0 0 0 0 0 0 0
13 14 0 0 0 0 0 0 0
13 15 0 0 0 0 0 0 0
13 16 0 0 0 0 0 0 0
13 17 0 0 0 0 0 0 0
13 18 0 0 0 0 0 0 0
13 19 0 0 0 0 0 0 0
13 20 0 0 0 0 0 0 0
13 21 0 0 0 0 0 0 0
13 22 0 0 0 0 0 0 0
13 23 0 0 0 0 0 0 0
14 0 131 0.0597915 2.59462 0.0623102 0.367474 0.00511949 0.00134062
14 1 122 0.0563327 2.79876 0.21456 0.491954 0.00445028 0.00112855
14 2 111 0.0536796 2.76176 0.620986 0.609674 0.00401885 0.000993906
14 3 102 0.0538623 2.84774 0.633956 0.482555 0.0035949 0.000890607
14 4 60 0.0532477 2.4101 0.734072 0.133931 0.002406 0.000592583
14 5 58 0.042947 2.77762 1.02388 1.00964 0.00201761 0.000449055
14 6 26 0.0374234 3.24571 1.44157 0.783872 0.000765971 0.000161086
14 7 16 0.0291128 3.0069 1.48308 1.88173 0.000497078 9.57151e-05
14 8 0 0 0 0 0 0 0
14 9 0 0 0 0 0 0 0
14 10 0 0 0 0 0 0 0
14 11 0 0 0 0 0 0 0
14 12 0 0 0 0 0 0 0
14 13 0 0 0 0 0 0 0
14 14 0 0 0 0 0 0 0
14 15 0 0 0 0 0 0 0
14 16 0 0 0 0 0 0 0
14 17 0 0 0 0 0 0 0
14 18 0 0 0 0 0 0 0
14 19 0 0 0 0 0 0 0
14 20 0 0 0 0 0 0 0
14 21 0 0 0 0 0 0 0
14 22 0 0 0 0 0 0 0
14 23 0 0 0 0 0 0 0
15 0 49 0.0488175 3.15762 0.149462 0.140636 0.00160639 0.000379051
15 1 34 0.0409653 2.97829 0.202085 0.716211 0.0011739 0.00025606
15 2 30 0.0312625 3.20738 0.344359 2.08569 0.000965538 0.000190267
15 3 17 0.0327107 3.57999 0.575418 1.1288 0.000491273 9.83169e-05
15 4 19 0.0373234 3.35626 0.943322 0.502395 0.000569418 0.000119625
15 5 0 0 0 0 0 0 0
15 6 0 0 0 0 0 0 0
15 7 0 0 0 0 0 0 0
15 8 0 0 0 0 0 0 0
15 9 0 0 0 0 0 0 0
15 10 0 0 0 0 0 0 0
15 11 0 0 0 0 0 0 0
15 12 0 0 0 0 0 0 0
15 13 0 0 0 0 0 0 0
15 14 0 0 0 0 0 0 0
15 15 0 0 0 0 0 0 0
15 16 0 0 0 0 0 0 0
15 17 0 0 0 0 0 0 0
15 18 0 0 0 0 0 0 0
15 19 0 0 0 0 0 0 0
15 20 0 0 0 0 0 0 0
15 21 0 0 0 0 0 0 0
15 22 0 0 0 0 0 0 0
15 23 0 0 0 0 0 0 0
16 0 14 0.0256454 3.19579 0.122771 2.66834 0.000454136 8.42123e-05
16 1 0 0 0 0 0 0 0
16 2 0 0 0 0 0 0 0
16 3 0 0 0 0 0 0 0
16 4 0 0 0 0 0 0 0
16 5 0 0 0 0 0 0 0
16 6 0 0 0 0 0 0 0
16 7 0 0 0 0 0 0 0
16 8 0 0 0 0 0 0 0
16 9 0 0 0 0 0 0 0
16 10 0 0 0 0 0 0 0
16 11 0 0 0 0 0 0 0
16 12 0 0 0 0 0 0 0
16 13 0 0 0 0 0 0 0
16 14 0 0 0 0 0 0 0
16 15 0 0 0 0 0 0 0
16 16 0 0 0 0 0 0 0
16 17 0 0 0 0 0 0 0
16 18 0 0 0 0 0 0 0
16 19 0 0 0 0 0 0 0
16 20 0 0 0 0 0 0 0
16 21 0 0 0 0 0 0 0
16 22 0 0 0 0 0 0 0
16 23 0 0 0 0 0 0 0
17 0 0 0 0 0 0 0 0
17 1 0 0 0 0 0 0 0
17 2 0 0 0 0 0 0 0
17 3 0 0 0 0 0 0 0
17 4 0 0 0 0 0 0 0
17 5 0 0 0 0 0 0 0
17 6 0 0 0 0 0 0 0
17 7 0 0 0 0 0 0 0
17 8 0 0 0 0 0 0 0
17 9 0 0 0 0 0 0 0
17 10 0 0 0 0 0 0 0
17 11 0 0 0 0 0 0 0
17 12 0 0 0 0 0 0 0
17 13 0 0 0 0 0 0 0
17 14 0 0 0 0 0 0 0
17 15 0 0 0 0 0 0 0
17 16 0 0 0 0 0 0 0
17 17 0 0 0 0 0 0 0
17 18 0 0 0 0 0 0 0
17 19 0 0 0 0 0 0 0
17 20 0 0 0 0 0 0 0
17 21 0 0 0 0 0 0 0
17 22 0 0 0 0 0 0 0
17 23 0 0 0 0 0 0 0
18 0 0 0 0 0 0 0 0
18 1 0 0 0 0 0 0 0
18 2 0 0 0 0 0 0 0
18 3 0 0 0 0 0 0 0
18 4 0 0 0 0 0 0 0
18 5 0 0 0 0 0 0 0
18 6 0 0 0 0 0 0 0
18 7 0 0 0 0 0 0 0
18 8 0 0 0 0 0 0 0
18 9 0 0 0 0 0 0 0
18 10 0 0 0 0 0 0 0
18 11 0 0 0 0 0 0 0
18 12 0 0 0 0 0 0 0
18 13 0 0 0 0 0 0 0
18 14 0 0 0 0 0 0 0
18 15 0 0 0 0 0 0 0
18 16 0 0 0 0 0 0 0
18 17 0 0 0 0 0 0 0
18 18 0 0 0 0 0 0 0
18 19 0 0 0 0 0 0 0
18 20 0 0 0 0 0 0 0
18 21 0 0 0 0 0 0 0
18 22 0 0 0 0 0 0 0
18 23 0 0 0 0 0 0 0
19 0 0 0 0 0 0 0 0
19 1 0 0 0 0 0 0 0
19 2 0 0 0 0 0 0 0
19 3 0 0 0 0 0 0 0
19 4 0 0 0 0 0 0 0
19 5 0 0 0 0 0 0 0
19 6 0 0 0 0 0 0 0
19 7 0 0 0 0 0 0 0
19 8 0 0 0 0 0 0 0
19 9 0 0 0 0 0 0 0
19 10 0 0 0 0 0 0 0
19 11 0 0 0 0 0 0 0
19 12 0 0 0 0 0 0 0
19 13 0 0 0 0 0 0 0
19 14 0 0 0 0 0 0 0
19 15 0 0 0 0 0 0 0
19 16 0 0 0 0 0 0 0
19 17 0 0 0 0 0 0 0
19 18 0 0 0 0 0 0 0
19 19 0 0 0 0 0 0 0
19 20 0 0 0 0 0 0 0
19 21 0 0 0 0 0 0 0
19 22 0 0 0 0 0 0 0
19 23 0 0 0 0 0 0 0
20 0 0 0 0 0 0 0 0
20 1 0 0 0 0 0 0 0
20 2 0 0 0 0 0 0 0
20 3 0 0 0 0 0 0 0
20 4 0 0 0 0 0 0 0
20 5 0 0 0 0 0 0 0
20 6 0 0 0 0 0 0 0
20 7 0 0 0 0 0 0 0
20 8 0 0 0 0 0 0 0
20 9 0 0 0 0 0 0 0
20 10 0 0 0 0 0 0 0
20 11 0 0 0 0 0 0 0
20 12 0 0 0 0 0 0 0
20 13 0 0 0 0 0 0 0
20 14 0 0 0 0 0 0 0
20 15 0 0 0 0 0 0 0
20 16 0 0 0 0 0 0 0
20 17 0 0 0 0 0 0 0
20 18 0 0 0 0 0 0 0
20 19 0 0 0 0 0 0 0
20 20 0 0 0 0 0 0 0
20 21 0 0 0 0 0 0 0
20 22 0 0 0 0 0 0 0
20 23 0 0 0 0 0 0 0
21 0 0 0 0 0 0 0 0
21 1 0 0 0 0 0 0 0
21 2 0 0 0 0 0 0 0
21 3 0 0 0 0 0 0 0
21 4 0 0 0 0 0 0 0
21 5 0 0 0 0 0 0 0
21 6 0 0 0 0 0 0 0
21 7 0 0 0 0 0 0 0
21 8 0 0 0 0 0 0 0
21 9 0 0 0 0 0 0 0
21 10 0 0 0 0 0 0 0
21 11 0 0 0 0 0 0 0
21 12 0 0 0 0 0 0 0
21 13 0 0 0 0 0 0 0
21 14 0 0 0 0 0 0 0
21 15 0 0 0 0 0 0 0
21 16 0 0 0 0 0 0 0
21 17 0 0 0 0 0 0 0
21 18 0 0 0 0 0 0 0
21 19 0 0 0 0 0 0 0
21 20 0 0 0 0 0 0 0
21 21 0 0 0 0 0 0 0
21 22 0 0 0 0 0 0 0
21 23 0 0 0 0 0 0 0
22 0 0 0 0 0 0 0 0
22 1 0 0 0 0 0 0 0
22 2 0 0 0 0 0 0 0
22 3 0 0 0 0 0 0 0
22 4 0 0 0 0 0 0 0
22 5 0 0 0 0 0 0 0
22 6 0 0 0 0 0 0 0
22 7 0 0 0 0 0 0 0
22 8 0 0 0 0 0 0 0
22 9 0 0 0 0 0 0 0
22 10 0 0 0 0 0 0 0
22 11 0 0 0 0 0 0 0
22 12 0 0 0 0 0 0 0
22 13 0 0 0 0 0 0 0
22 14 0 0 0 0 0 0 0
22 15 0 0 0 0 0 0 0
22 16 0 0 0 0 0 0 0
22 17 0 0 0 0 0 0 0
22 18 0 0 0 0 0 0 0
22 19 0 0 0 0 0 0 0
22 20 0 0 0 0 0 0 0
22 21 0 0 0 0 0 0 0
22 22 0 0 0 0 0 0 0
22 23 0 0 0 0 0 0 0
23 0 0 0 0 0 0 0 0
23 1 0 0 0 0 0 0 0
23 2 0 0 0 0 0 0 0
23 3 0 0 0 0 0 0 0
23 4 0 0 0 0 0 0 0
23 5 0 0 0 0 0 0 0
23 6 0 0 0 0 0 0 0
23 7 0 0 0 0 0 0 0
23 8 0 0 0 0 0 0 0
23 9 0 0 0 0 0 0 0
23 10 0 0 0 0 0 0 0
23 11 0 0 0 0 0 0 0
23 12 0 0 0 0 0 0 0
23 13 0 0 0 0 0 0 0
23 14 0 0 0 0 0 0 0
23 15 0 0 0 0 0 0 0
23 16 0 0 0 0 0 0 0
23 17 0 0 0 0 0 0 0
23 18 0 0 0 0 0 0 0
23 19 0 0 0 0 0 0 0
23 20 0 0 0 0 0 0 0
23 21 0 0 0 0 0 0 0
23 22 0 0 0 0 0 0 0
23 23 0 0 0 0 0 0 0
