#  ix    iy     NK     E/N         TK    Uxpi    UyK      muK      rho      epsilon
0 0 210 0.0728419 0.053609 0.0259271 3.60243 0.0121877 0.00756111
0 1 228 0.0692794 0.0163712 0.0888714 4.11785 0.013202 0.00809927
0 2 207 0.069616 0.090911 0.12347 3.97083 0.0118959 0.00730569
0 3 212 0.0637747 0.00753095 0.179245 4.7909 0.0121319 0.00731491
0 4 202 0.0700586 0.0189234 0.244499 3.87303 0.0114062 0.00701473
0 5 194 0.0623066 0.0584183 0.29596 4.8967 0.0107984 0.00648082
0 6 205 0.0709332 0.0399313 0.382232 3.73971 0.0111253 0.00686079
0 7 208 0.062024 0.026665 0.487659 4.94684 0.0108663 0.00651577
0 8 223 0.0598925 0.0843844 0.587943 5.31525 0.011147 0.00663929
0 9 218 0.0658245 0.00543451 0.604143 4.3837 0.0108482 0.0065833
0 10 205 0.069463 0.0216381 0.662209 3.8102 0.00993566 0.00609892
0 11 196 0.0599051 0.0278306 0.742773 5.11526 0.00914563 0.00544744
0 12 207 0.05852 0.0394805 0.840591 5.3569 0.00920828 0.00546082
0 13 207 0.0621712 0.0291536 0.938907 4.70982 0.00877175 0.00526224
0 14 198 0.0568372 0.0448836 1.0162 5.52422 0.0080703 0.00476058
0 15 183 0.0501625 0.0486515 1.15329 6.74308 0.00696654 0.00402364
0 16 220 0.0567465 0.00557842 1.25422 5.52879 0.00797383 0.00470232
0 17 163 0.0545327 0.0126202 1.40515 5.57678 0.00549471 0.00321774
0 18 137 0.0566035 -0.0109052 1.47465 4.97633 0.00447034 0.00263506
0 19 129 0.0472899 0.0398317 1.61718 6.87021 0.00394363 0.00225709
0 20 110 0.0449534 0.0475715 1.71743 7.29331 0.0032171 0.00182771
0 21 97 0.036291 0.0828019 2.01394 10.0164 0.00250638 0.00138544
0 22 56 0.0443549 0.0184398 2.24886 6.57496 0.00132284 0.000750109
0 23 26 0.0388033 -0.00432189 2.66231 7.47555 0.000531528 0.000296153
1 0 210 0.0615108 0.080001 0.0198474 5.14058 0.012168 0.00728451
1 1 225 0.0649782 0.0874414 0.0724023 4.6844 0.0129979 0.00786685
1 2 204 0.0726829 0.0943482 0.126966 3.58148 0.0117148 0.00726411
1 3 234 0.065472 0.0766091 0.167477 4.64304 0.0133796 0.0081105
1 4 256 0.0710838 0.068111 0.264106 3.97646 0.0143592 0.00885927
1 5 239 0.0648849 0.0893756 0.315071 4.71362 0.0132052 0.00798997
1 6 197 0.0707697 0.0996177 0.376011 3.71841 0.0106744 0.00657933
1 7 214 0.0600477 0.114974 0.474361 5.29259 0.0111811 0.00666281
1 8 193 0.0662059 0.106637 0.539431 4.23226 0.00983249 0.00597407
1 9 238 0.0639238 0.0980719 0.554204 4.76278 0.0120586 0.00727411
1 10 204 0.0617312 0.10565 0.655056 4.89781 0.00988283 0.00592056
1 11 212 0.0648908 0.0973879 0.754945 4.41531 0.00980749 0.00593425
1 12 224 0.0652631 0.0960788 0.863854 4.36431 0.00982929 0.00595442
1 13 215 0.0599424 0.0999031 0.92937 5.10757 0.00913185 0.00543987
1 14 184 0.0585152 0.0993429 1.00036 5.15845 0.00754444 0.00447404
1 15 216 0.0554271 0.138188 1.09866 5.82972 0.00841683 0.00494292
1 16 175 0.0577235 0.092993 1.20607 5.14559 0.0064827 0.0038348
1 17 191 0.0559905 0.11068 1.36175 5.47357 0.00655874 0.00385859
1 18 153 0.0510061 0.140814 1.429 6.23728 0.00508357 0.00294395
1 19 142 0.0484646 0.126942 1.77988 6.5995 0.00403609 0.00231862
1 20 123 0.0459384 0.128346 1.90644 7.05215 0.00331592 0.00188973
1 21 96 0.0395526 0.223326 2.09103 8.70941 0.00239691 0.00133866
1 22 56 0.0361478 0.145278 2.2804 9.42433 0.00130532 0.000721208
1 23 26 0.043258 0.190442 2.56729 6.01611 0.000547346 0.000309295
2 0 219 0.0700242 0.12732 -0.00439393 3.97929 0.0126305 0.0077668
2 1 208 0.0685986 0.148489 0.118205 4.10021 0.0118809 0.00727322
2 2 208 0.071582 0.153334 0.160035 3.72026 0.0118065 0.00729573
2 3 201 0.0662505 0.122548 0.178589 4.37586 0.0114212 0.00694033
2 4 217 0.0687511 0.122278 0.258677 4.10112 0.0121295 0.00742898
2 5 204 0.0671073 0.140244 0.311529 4.24113 0.0112235 0.00683863
2 6 223 0.0707621 0.160819 0.422455 3.8208 0.0118142 0.00728169
2 7 231 0.064267 0.132431 0.428538 4.72843 0.012254 0.00740003
2 8 209 0.0638979 0.150716 0.566267 4.62667 0.0104838 0.00632366
2 9 250 0.0659678 0.144437 0.596194 4.49652 0.0123895 0.00752202
2 10 220 0.0667846 0.14842 0.687177 4.21487 0.0104637 0.00636916
2 11 210 0.0661154 0.144864 0.731762 4.24011 0.00978637 0.00594435
2 12 219 0.063399 0.198142 0.869922 4.60242 0.00950078 0.00572171
2 13 221 0.0637729 0.153339 0.902005 4.54448 0.00947969 0.00571574
2 14 200 0.0574323 0.190168 1.05486 5.39933 0.00793221 0.00468793
2 15 186 0.056467 0.222546 1.14413 5.45584 0.00704143 0.0041488
2 16 189 0.0550809 0.188349 1.22746 5.69636 0.00689181 0.0040429
2 17 184 0.0543621 0.202809 1.29948 5.77462 0.00647479 0.00378964
2 18 155 0.0465451 0.17503 1.54753 7.27445 0.00486903 0.00278018
2 19 136 0.0461713 0.221881 1.67978 7.18182 0.00401889 0.00229204
2 20 101 0.0471574 0.204828 1.86397 6.54849 0.00276312 0.00158078
2 21 85 0.0394991 0.22786 2.03712 8.62757 0.00216678 0.00120993
2 22 47 0.0400005 0.344947 2.3606 7.73183 0.00105636 0.000590805
2 23 27 0.725887 0.228689 2.29557 -10.2802 0.000624324 0.000335593
3 0 218 0.0650085 0.17808 0.019921 4.63906 0.0124757 0.00755152
3 1 220 0.0719051 0.224279 0.0789794 3.73402 0.0124438 0.00769731
3 2 216 0.0696836 0.19066 0.160516 3.98632 0.0121854 0.00748508
3 3 188 0.0697791 0.203395 0.19194 3.8279 0.0105263 0.00646793
3 4 210 0.0631684 0.190475 0.283036 4.83286 0.0115553 0.00695398
3 5 225 0.0716684 0.191072 0.31208 3.74956 0.0122847 0.0075933
3 6 213 0.0670082 0.235519 0.408947 4.2524 0.0111993 0.00682171
3 7 209 0.0696287 0.205959 0.485063 3.86793 0.0107499 0.00660215
3 8 219 0.0633444 0.177737 0.499417 4.77958 0.0112497 0.00677378
3 9 242 0.0624127 0.18147 0.592347 4.98255 0.0119605 0.00718067
3 10 224 0.064459 0.226628 0.690693 4.5492 0.0105341 0.00636525
3 11 224 0.0617774 0.2171 0.751544 4.92777 0.0102575 0.00614595
3 12 225 0.0560023 0.23698 0.87673 5.86101 0.00968377 0.0056973
3 13 202 0.059424 0.249135 0.931824 5.11693 0.00845285 0.00502716
3 14 197 0.0621468 0.251135 0.998358 4.61907 0.00798044 0.00478716
3 15 186 0.0556704 0.269032 1.1452 5.59962 0.00700397 0.00411636
3 16 178 0.0510292 0.273635 1.22789 6.46859 0.00643967 0.00372955
3 17 161 0.054148 0.275854 1.41002 5.62585 0.00534731 0.00312761
3 18 157 0.0483109 0.305284 1.58956 6.81005 0.00479759 0.00275474
3 19 123 0.0526054 0.301226 1.64494 5.56545 0.00367013 0.00213619
3 20 108 0.0387202 0.337723 1.8121 9.23504 0.00299419 0.00166784
3 21 74 0.0435053 0.374459 2.05511 7.16384 0.00185768 0.00105056
3 22 49 0.0464088 0.356913 2.3487 5.82766 0.00110525 0.000630816
3 23 31 0.0315453 0.417188 2.44771 10.9755 0.000673309 0.000366645
4 0 214 0.0706532 0.203864 0.0404841 3.86485 0.0121815 0.00750554
4 1 211 0.0647799 0.252003 0.0651474 4.62229 0.0118719 0.00718084
4 2 229 0.0668085 0.248372 0.162466 4.41032 0.0127637 0.00776974
4 3 211 0.0630423 0.270463 0.196415 4.85876 0.0116347 0.00699894
4 4 217 0.0700136 0.279692 0.255544 3.91244 0.011798 0.00725463
4 5 242 0.0624885 0.231527 0.334343 5.05676 0.0130332 0.00782655
4 6 228 0.0713274 0.277643 0.411338 3.75676 0.011874 0.00733158
4 7 213 0.0698833 0.281757 0.507635 3.83203 0.0107096 0.00658267
4 8 233 0.058204 0.254483 0.571575 5.63274 0.011484 0.00680359
4 9 249 0.0651501 0.280295 0.646475 4.56602 0.011834 0.00716631
4 10 208 0.0654912 0.322468 0.70136 4.30551 0.00957267 0.00580313
4 11 201 0.0601325 0.299276 0.740964 5.07583 0.00912919 0.00544155
4 12 210 0.0612772 0.344584 0.898642 4.85327 0.00879689 0.00526246
4 13 201 0.0595115 0.289718 0.938904 5.08822 0.00833554 0.00495876
4 14 209 0.0557668 0.30942 1.09252 5.71819 0.00803088 0.00472133
4 15 198 0.05551 0.324562 1.13669 5.68981 0.00743474 0.00436731
4 16 167 0.0580107 0.362345 1.33172 4.96561 0.00569681 0.00337297
4 17 172 0.050057 0.35603 1.41355 6.55911 0.00565695 0.00326617
4 18 131 0.0497986 0.391046 1.52107 6.29476 0.00409066 0.00235991
4 19 109 0.0431249 0.383205 1.69137 7.81146 0.0031656 0.00178807
4 20 107 0.0447359 0.436811 1.79826 7.27058 0.00295748 0.00167905
4 21 63 0.0355847 0.440271 2.06387 9.84963 0.00156848 0.000865064
4 22 44 0.0382708 0.524696 2.3014 8.30506 0.000997892 0.000555062
4 23 21 0.0402694 0.389429 2.40768 6.81395 0.000463173 0.000259267
5 0 229 0.0811551 0.265536 0.0416672 2.77246 0.0128576 0.0081868
5 1 221 0.0657349 0.320001 0.113703 4.51095 0.0121664 0.00738116
5 2 203 0.0686963 0.298151 0.163739 4.02613 0.0111736 0.00684231
5 3 231 0.0665049 0.311624 0.217486 4.43535 0.0125543 0.00763499
5 4 215 0.0643563 0.336111 0.272268 4.64951 0.0114727 0.00693015
5 5 219 0.0637214 0.300334 0.387175 4.73953 0.0114337 0.00689277
5 6 207 0.0632104 0.304389 0.380686 4.76061 0.0108182 0.00651125
5 7 219 0.0646459 0.395193 0.501669 4.5406 0.0107309 0.006488
5 8 208 0.0654959 0.332052 0.54214 4.36885 0.0102053 0.00618671
5 9 207 0.0648647 0.380357 0.636947 4.40447 0.00966549 0.00584785
5 10 212 0.0639038 0.381064 0.675808 4.55204 0.00973837 0.00587413
5 11 228 0.0636929 0.347488 0.823765 4.59792 0.00988212 0.00595688
5 12 229 0.0628129 0.40805 0.897003 4.68911 0.00948311 0.00570052
5 13 213 0.0599515 0.397792 0.941342 5.05312 0.00866108 0.00515958
5 14 197 0.0584275 0.423199 1.01151 5.19639 0.00771799 0.00457569
5 15 181 0.0500358 0.42752 1.13783 6.73108 0.00668573 0.00385991
5 16 182 0.0557397 0.435741 1.2954 5.47232 0.00624825 0.00367301
5 17 144 0.054829 0.437309 1.36896 5.37979 0.00478187 0.00280292
5 18 170 0.0483865 0.494171 1.5037 6.88711 0.00527907 0.00303193
5 19 124 0.0479967 0.547471 1.77491 6.54862 0.00341753 0.00196037
5 20 96 0.041075 0.466263 1.78948 8.28702 0.00265491 0.00148991
5 21 69 0.04547 0.55073 2.07461 6.50827 0.00169412 0.000964041
5 22 42 0.0311996 0.621977 2.42512 11.4633 0.000905757 0.000492685
5 23 13 0.708022 0.455416 2.73346 -11.09 0.000256552 0.00013451
6 0 244 0.0642423 0.356489 0.0498178 4.81754 0.0133477 0.00805983
6 1 232 0.0702112 0.407443 0.110456 3.93962 0.0124265 0.00764585
6 2 226 0.0667912 0.40027 0.15763 4.3568 0.0120701 0.0073471
6 3 246 0.0637149 0.356592 0.216405 4.88415 0.0132 0.00795744
6 4 250 0.0672361 0.391464 0.28718 4.37644 0.0130753 0.00797016
6 5 238 0.0649441 0.365375 0.352381 4.63724 0.0123386 0.007467
6 6 220 0.0642651 0.441992 0.416464 4.61461 0.0109326 0.00660201
6 7 237 0.0683926 0.459181 0.503909 4.08444 0.0113851 0.00696514
6 8 239 0.0658539 0.451161 0.579769 4.41136 0.0111984 0.00679642
6 9 224 0.0634506 0.395431 0.63063 4.68963 0.0104469 0.00629249
6 10 211 0.0617226 0.467732 0.747275 4.8278 0.0092021 0.0055126
6 11 240 0.0637943 0.455413 0.791664 4.6246 0.0103031 0.00621262
6 12 213 0.058479 0.454755 0.872605 5.32171 0.00882698 0.00523402
6 13 204 0.0546125 0.498976 1.01963 5.91654 0.00783997 0.0045923
6 14 198 0.0550192 0.535228 1.11815 5.7559 0.00722769 0.0042391
6 15 202 0.0560665 0.508295 1.1674 5.56006 0.00725395 0.00426861
6 16 163 0.0501618 0.500586 1.2555 6.53136 0.00563646 0.00325542
6 17 141 0.0493431 0.54025 1.41814 6.49934 0.00451063 0.00259844
6 18 135 0.0484327 0.593985 1.57246 6.60157 0.00401295 0.00230509
6 19 114 0.0480197 0.588648 1.6985 6.48399 0.00322207 0.00184838
6 20 100 0.0435157 0.622009 1.91953 7.48985 0.00258169 0.00146006
6 21 62 0.0336271 0.642903 2.09709 10.7013 0.00149532 0.000819632
6 22 36 0.728776 0.649904 2.31666 -10.0409 0.00080327 0.000433501
6 23 18 0.73314 0.765492 2.85244 -10.9326 0.000335627 0.000182213
7 0 233 0.0649315 0.486857 0.0685245 4.62419 0.0121567 0.00735662
7 1 235 0.0628798 0.444616 0.134092 4.94645 0.0123917 0.00745054
7 2 233 0.070636 0.43419 0.122465 3.88055 0.0123481 0.00760778
7 3 243 0.0707572 0.468401 0.231259 3.87961 0.0125223 0.00771802
7 4 237 0.069069 0.478859 0.279457 4.05357 0.0120508 0.00738812
7 5 249 0.066587 0.449186 0.341123 4.42844 0.0126093 0.00767042
7 6 238 0.0678502 0.461531 0.447263 4.17807 0.0116404 0.00710924
7 7 231 0.0692222 0.502283 0.462978 3.95083 0.0110898 0.00680221
7 8 251 0.0672069 0.506826 0.573488 4.25967 0.0115885 0.0070632
7 9 214 0.0617478 0.516301 0.64375 4.86578 0.0095963 0.00574922
7 10 224 0.0618014 0.53765 0.707078 4.87188 0.00973668 0.0058343
7 11 206 0.058578 0.556299 0.810905 5.27147 0.0085395 0.00506514
7 12 247 0.0610832 0.542785 0.913956 4.9963 0.00983979 0.00588274
7 13 224 0.0615773 0.584257 0.99211 4.776 0.00853981 0.00511351
7 14 214 0.0518319 0.544121 1.0452 6.51588 0.00805047 0.00467431
7 15 161 0.0535383 0.602042 1.23957 5.77646 0.00549762 0.00320933
7 16 170 0.0507852 0.599799 1.21879 6.4287 0.00585954 0.00339095
7 17 131 0.0491405 0.656216 1.44987 6.44026 0.00405216 0.00233283
7 18 119 0.0414193 0.707016 1.67079 8.4029 0.00333979 0.0018763
7 19 99 0.0394657 0.74361 1.77856 8.84101 0.00265038 0.00147982
7 20 77 0.0422268 0.722561 1.89158 7.62155 0.0019823 0.00111651
7 21 42 0.0391385 0.757462 2.18536 7.9531 0.000969056 0.000540504
7 22 22 0.0315595 0.782975 2.39558 10.612 0.000471733 0.00025689
7 23 0 0 0 0 0 0 0
8 0 223 0.0664769 0.526666 0.0147236 4.3489 0.0114704 0.00697521
8 1 233 0.0624482 0.565724 0.0697675 4.96091 0.0117689 0.0070664
8 2 235 0.0658511 0.537974 0.162645 4.47341 0.0119106 0.0072286
8 3 254 0.0690222 0.557982 0.276829 4.09897 0.0125347 0.00768367
8 4 224 0.0637497 0.562542 0.300013 4.69496 0.0109813 0.00662067
8 5 268 0.0637317 0.570274 0.34024 4.86486 0.0129801 0.00782527
8 6 226 0.0710816 0.54212 0.421438 3.69482 0.0108318 0.00668288
8 7 252 0.0638091 0.588866 0.497925 4.74114 0.011602 0.00699618
8 8 242 0.0672107 0.544058 0.555482 4.21675 0.0111073 0.00677001
8 9 232 0.0669332 0.600027 0.658116 4.15657 0.0100728 0.00613412
8 10 252 0.0612718 0.591542 0.712044 5.05478 0.0107516 0.00643172
8 11 215 0.0550264 0.553908 0.805944 5.96677 0.00893688 0.00524167
8 12 214 0.0638433 0.660751 0.911539 4.39663 0.00826251 0.00498295
8 13 208 0.0575019 0.644726 0.991215 5.3712 0.00780898 0.00461611
8 14 181 0.0611426 0.625781 1.07765 4.58532 0.00658613 0.00393827
8 15 189 0.0494349 0.664803 1.16555 6.85316 0.00656627 0.00378374
8 16 152 0.0547165 0.774995 1.37741 5.38981 0.00472512 0.00276867
8 17 144 0.0522442 0.733075 1.48032 5.80854 0.00433564 0.00252067
8 18 101 0.043375 0.781419 1.66703 7.61413 0.00280272 0.00158435
8 19 95 0.0390577 0.868851 1.82461 8.90991 0.00244956 0.00136593
8 20 55 0.0328092 0.906175 2.08672 10.9569 0.00128676 0.000703493
8 21 33 0.0479232 0.95923 2.40293 4.96939 0.000691678 0.000396669
8 22 12 0.0324209 0.830678 2.41965 9.53381 0.000253998 0.000138695
8 23 0 0 0 0 0 0 0
9 0 261 0.0732107 0.575579 0.02062 3.63545 0.0131494 0.00816718
9 1 242 0.0602627 0.649471 0.0914529 5.30807 0.011765 0.00701554
9 2 233 0.0638982 0.63056 0.16504 4.70588 0.0113486 0.00684531
9 3 251 0.0657967 0.595208 0.196833 4.51841 0.0123642 0.00750265
9 4 253 0.0693316 0.644532 0.32387 4.00983 0.0119296 0.00731986
9 5 242 0.0684766 0.638095 0.336715 4.07566 0.0114101 0.00698228
9 6 243 0.0675445 0.635602 0.42186 4.18312 0.0112326 0.00685357
9 7 242 0.0662183 0.615608 0.502182 4.34422 0.0110164 0.00669364
9 8 235 0.0660665 0.669799 0.617413 4.27848 0.0101003 0.00613409
9 9 242 0.0620724 0.637765 0.642466 4.89839 0.0104306 0.00625546
9 10 245 0.0703568 0.675164 0.762796 3.70208 0.00997854 0.00614247
9 11 223 0.0637047 0.724576 0.850361 4.46265 0.00864702 0.00521256
9 12 207 0.0597392 0.74501 0.913401 4.98189 0.00778579 0.00463505
9 13 188 0.0558957 0.715725 1.03097 5.52916 0.00681127 0.00400595
9 14 191 0.0501647 0.741726 1.09746 6.70218 0.0066908 0.00386441
9 15 167 0.0466483 0.797603 1.28688 7.34171 0.00535111 0.00305643
9 16 144 0.0483915 0.857614 1.39321 6.69605 0.00436632 0.00250774
9 17 135 0.047932 0.872922 1.46625 6.7142 0.00396838 0.00227588
9 18 126 0.0462682 0.879099 1.6051 7.02131 0.00351269 0.00200396
9 19 71 0.0452052 0.990917 1.9252 6.60295 0.00173077 0.00098407
9 20 50 0.0400704 0.978301 1.98007 7.83414 0.00119905 0.000670759
9 21 32 0.0324156 0.974467 2.14106 10.5893 0.000727848 0.000397434
9 22 0 0 0 0 0 0 0
9 23 0 0 0 0 0 0 0
10 0 293 0.0667407 0.729427 0.0204738 4.49478 0.0137607 0.00837489
10 1 250 0.0662835 0.627037 0.0735323 4.44464 0.0122904 0.00746931
10 2 235 0.0650046 0.708874 0.174174 4.51695 0.0110355 0.00667967
10 3 254 0.0676243 0.690211 0.217419 4.23552 0.0119636 0.0073014
10 4 245 0.0661385 0.681954 0.295165 4.39243 0.0114332 0.00694513
10 5 240 0.0684281 0.709327 0.393878 4.03034 0.0108356 0.00662974
10 6 241 0.0647165 0.77273 0.461564 4.50045 0.0104143 0.00629797
10 7 239 0.0627299 0.693212 0.533795 4.79961 0.0104577 0.00628475
10 8 228 0.0643011 0.722145 0.617529 4.48036 0.00960961 0.00580372
10 9 206 0.0634695 0.775303 0.704938 4.45296 0.00826861 0.00498076
10 10 218 0.0675996 0.775048 0.793864 3.89533 0.00848567 0.00517843
10 11 221 0.0615759 0.788716 0.869219 4.75168 0.00833284 0.00498956
10 12 196 0.0597387 0.754548 0.946593 4.9117 0.00725748 0.00432052
10 13 212 0.0562463 0.877236 1.05106 5.52873 0.00727015 0.00428058
10 14 187 0.0602422 0.835253 1.19607 4.66228 0.00614701 0.00366526
10 15 157 0.0469985 0.896685 1.29749 7.15987 0.00488779 0.00279489
10 16 143 0.0474405 0.947969 1.40045 6.90231 0.00423175 0.00242315
10 17 134 0.0443523 0.94302 1.54577 7.62204 0.00376636 0.00213568
10 18 97 0.0434938 1.03794 1.71204 7.47218 0.00251996 0.00142505
10 19 57 0.0350172 1.0434 1.85151 9.99474 0.00141092 0.000776774
10 20 33 0.0430917 1.23439 2.20963 6.31962 0.000704999 0.000398172
10 21 21 0.0352498 1.27591 2.43853 8.67193 0.000416955 0.000229721
10 22 10 0.0309199 1.2819 2.77294 10.01 0.000180871 9.8298e-05
10 23 0 0 0 0 0 0 0
11 0 268 0.069462 0.766947 0.0432299 4.02839 0.0123566 0.00758494
11 1 245 0.0617907 0.754558 0.0756359 5.02686 0.0113498 0.00680064
11 2 262 0.0642406 0.801425 0.189808 4.69099 0.0117581 0.00709994
11 3 239 0.0654429 0.73924 0.232381 4.44983 0.0109836 0.00665745
11 4 259 0.0693161 0.812365 0.302539 3.96448 0.0113781 0.00698114
11 5 242 0.0596629 0.812848 0.385198 5.28995 0.0104606 0.00622591
11 6 230 0.0618158 0.833141 0.439747 4.86927 0.0097332 0.00583248
11 7 226 0.0681029 0.880503 0.56733 3.89552 0.0090733 0.0055458
11 8 219 0.0624024 0.820072 0.609997 4.68908 0.00890451 0.00534578
11 9 221 0.0596571 0.849489 0.685642 5.1042 0.008679 0.00516545
11 10 222 0.0581169 0.867828 0.753129 5.34396 0.00847325 0.00501853
11 11 214 0.0542883 0.874376 0.864893 5.98175 0.00784921 0.004593
11 12 181 0.0562822 0.953824 0.976543 5.36586 0.00621882 0.00366198
11 13 205 0.0562523 0.942367 1.05298 5.47317 0.00688486 0.0040538
11 14 153 0.0486496 0.992539 1.25667 6.70918 0.00471164 0.00270829
11 15 163 0.0489511 1.01255 1.27475 6.68777 0.00496019 0.00285388
11 16 139 0.0519449 1.09062 1.43852 5.77085 0.003916 0.00227455
11 17 114 0.0413144 1.03697 1.48006 8.3974 0.00320902 0.00180224
11 18 73 0.0367355 1.09481 1.72096 9.53819 0.00186834 0.00103421
11 19 48 0.0382314 1.18696 1.9438 8.43721 0.00112193 0.000623977
11 20 30 0.712747 1.22836 2.10224 -10.1623 0.000662642 0.000349743
11 21 0 0 0 0 0 0 0
11 22 0 0 0 0 0 0 0
11 23 0 0 0 0 0 0 0
12 0 241 0.0674602 0.906459 0.0766541 4.11399 0.0103647 0.00632231
12 1 254 0.0698954 0.930403 0.0944542 3.8376 0.0107858 0.00662981
12 2 278 0.0682929 0.894915 0.187443 4.14412 0.0119283 0.00729521
12 3 227 0.0673243 0.912139 0.281003 4.05008 0.0095471 0.00582113
12 4 251 0.0626645 0.895804 0.347147 4.81587 0.0105235 0.00632293
12 5 235 0.0638836 0.901001 0.385382 4.55707 0.00975833 0.0058858
12 6 240 0.0617534 0.930769 0.436975 4.87857 0.00972829 0.00582839
12 7 274 0.0631987 0.916338 0.524301 4.77495 0.010955 0.0065933
12 8 240 0.0582662 0.967989 0.633794 5.39186 0.00912422 0.00540663
12 9 206 0.0636141 0.97528 0.72285 4.34904 0.00761495 0.0045891
12 10 229 0.0562275 1.01026 0.802639 5.6472 0.00815587 0.0048018
12 11 220 0.0577556 1.02 0.912635 5.29174 0.00754578 0.00446411
12 12 203 0.0505634 0.998794 0.965545 6.64143 0.00689515 0.00398746
12 13 169 0.0534389 1.05407 1.10719 5.77488 0.0053788 0.00313899
12 14 136 0.0468798 1.13375 1.23405 7.0031 0.00405179 0.00231599
12 15 118 0.0490082 1.15315 1.32418 6.29496 0.00339511 0.00195375
12 16 95 0.0444725 1.20516 1.4822 7.20197 0.00256153 0.00145305
12 17 90 0.0526172 1.26856 1.67544 5.07292 0.00224833 0.00130869
12 18 78 0.0331627 1.29841 1.80834 11.1467 0.00185819 0.00101704
12 19 35 0.0400515 1.45896 2.08253 7.36447 0.000744749 0.000416595
12 20 16 0.731718 1.51727 2.3577 -10.9978 0.000312502 0.000169329
12 21 0 0 0 0 0 0 0
12 22 0 0 0 0 0 0 0
12 23 0 0 0 0 0 0 0
13 0 240 0.067296 0.971682 0.0919129 4.0988 0.00998561 0.00608796
13 1 264 0.0587878 0.979872 0.10542 5.48231 0.0109321 0.00648859
13 2 257 0.0610426 0.99297 0.186927 5.06876 0.0105106 0.006283
13 3 255 0.0667188 0.985647 0.266745 4.21519 0.0103732 0.0063128
13 4 233 0.0587547 1.04551 0.357797 5.30343 0.00908956 0.00539441
13 5 234 0.06131 1.02348 0.395326 4.88897 0.00916437 0.00548286
13 6 256 0.0611123 1.01969 0.444555 5.0028 0.00995037 0.0059494
13 7 209 0.0672822 1.0388 0.578773 3.85627 0.00782063 0.00476782
13 8 201 0.0629869 1.03076 0.587279 4.4323 0.00753176 0.00453
13 9 211 0.0564267 1.07196 0.775439 5.51257 0.00739701 0.00435776
13 10 185 0.0538119 1.1295 0.849798 5.84317 0.00621202 0.00362952
13 11 184 0.0510226 1.13618 0.971629 6.39062 0.00594778 0.0034446
13 12 166 0.0504959 1.18379 1.07495 6.35852 0.00511735 0.00295873
13 13 166 0.0484881 1.18587 1.17227 6.80064 0.00496369 0.00285171
13 14 109 0.0474591 1.18352 1.21953 6.62245 0.00321393 0.00184044
13 15 105 0.0391325 1.16716 1.32547 9.08792 0.00300786 0.00167764
13 16 93 0.0405375 1.31056 1.58973 8.35071 0.00236096 0.0013227
13 17 48 0.0409088 1.35301 1.82486 7.4833 0.00112434 0.000630635
13 18 27 0.728184 1.46455 1.86695 -10.3141 0.000609628 0.000328731
13 19 17 0.728461 1.58715 2.25758 -10.9089 0.000336725 0.000181642
13 20 12 0.72825 1.38157 2.07249 -11.1668 0.000259936 0.000140179
13 21 0 0 0 0 0 0 0
13 22 0 0 0 0 0 0 0
13 23 0 0 0 0 0 0 0
14 0 248 0.0612334 1.11389 0.0840968 4.94938 0.00961708 0.00575232
14 1 256 0.062606 1.12954 0.111943 4.75756 0.0098389 0.00591053
14 2 251 0.0616277 1.08171 0.168092 4.91 0.00984231 0.00589436
14 3 253 0.0702965 1.10849 0.299433 3.6772 0.00966045 0.00594554
14 4 234 0.0618617 1.07925 0.332196 4.78593 0.00901955 0.00540562
14 5 260 0.06438 1.15797 0.440951 4.4567 0.00949353 0.00573504
14 6 235 0.056378 1.10907 0.509346 5.67915 0.00865937 0.00510066
14 7 214 0.0601746 1.16759 0.592468 4.87923 0.00755193 0.00450201
14 8 189 0.0536717 1.20149 0.68048 5.90839 0.00644523 0.00376411
14 9 160 0.0562187 1.2135 0.736315 5.2286 0.00535754 0.00315418
14 10 184 0.0614562 1.20927 0.832606 4.44587 0.00602213 0.00360458
14 11 185 0.0585108 1.22841 0.95456 4.89899 0.00581593 0.00344894
14 12 155 0.0448051 1.25221 1.0063 7.72739 0.00476234 0.00270432
14 13 120 0.0500629 1.33734 1.1936 6.04833 0.00339898 0.00196252
14 14 124 0.0462077 1.3702 1.29491 6.99844 0.0033782 0.00192686
14 15 89 0.0397617 1.41969 1.51559 8.56962 0.00224498 0.00125464
14 16 67 0.0424785 1.42916 1.58413 7.36092 0.00165319 0.000931885
14 17 47 0.0374143 1.50754 1.77528 8.71463 0.0010781 0.000598053
14 18 25 0.045879 1.61494 1.85512 5.26696 0.000547434 0.000311922
14 19 15 0.721672 1.81757 2.38822 -11.0791 0.000275681 0.000147327
14 20 0 0 0 0 0 0 0
14 21 0 0 0 0 0 0 0
14 22 0 0 0 0 0 0 0
14 23 0 0 0 0 0 0 0
15 0 206 0.0652516 1.21699 0.0509994 4.10868 0.00759961 0.00460355
15 1 244 0.0618568 1.17668 0.107774 4.80262 0.00916434 0.00549231
15 2 237 0.0570871 1.16715 0.187161 5.57657 0.0088994 0.00525381
15 3 255 0.060759 1.22863 0.268728 4.98417 0.00922688 0.00551067
15 4 243 0.0575175 1.24256 0.326458 5.47392 0.00867785 0.00512999
15 5 204 0.0612602 1.20842 0.38743 4.67504 0.00734089 0.00439122
15 6 198 0.0602617 1.22552 0.532993 4.77417 0.0068968 0.00411259
15 7 217 0.0571434 1.2726 0.588567 5.37179 0.00732574 0.00432555
15 8 217 0.0573327 1.30919 0.685091 5.3023 0.00707117 0.00417774
15 9 162 0.0548521 1.30123 0.767158 5.45895 0.00519919 0.00304776
15 10 163 0.0554929 1.38766 0.892964 5.2785 0.00491149 0.00288495
15 11 139 0.0497233 1.4095 1.00184 6.30121 0.00404557 0.00233334
15 12 144 0.0470795 1.41442 1.06756 6.96673 0.00411453 0.00235334
15 13 111 0.0403372 1.44629 1.199 8.66954 0.00303233 0.00169775
15 14 88 0.0369764 1.51124 1.39475 9.6202 0.00223737 0.00123942
15 15 62 0.0394651 1.41975 1.41272 8.34287 0.0016102 0.000899041
15 16 56 0.0417494 1.73149 1.71431 7.3017 0.00123616 0.000695206
15 17 24 0.0354483 1.81769 1.75391 8.79291 0.000513628 0.00028316
15 18 12 0.715177 1.83936 1.99448 -11.1835 0.000241278 0.000127781
15 19 10 0.712846 1.91302 2.34135 -11.4519 0.000182566 9.63716e-05
15 20 0 0 0 0 0 0 0
15 21 0 0 0 0 0 0 0
15 22 0 0 0 0 0 0 0
15 23 0 0 0 0 0 0 0
16 0 228 0.0562182 1.32989 0.0214407 5.62539 0.007966 0.00468987
16 1 246 0.0564643 1.27846 0.0985717 5.67878 0.0087955 0.00518226
16 2 218 0.0600896 1.30959 0.20369 4.90404 0.00763394 0.00454968
16 3 219 0.0530897 1.38957 0.289394 6.15664 0.00733327 0.00427486
16 4 232 0.0565665 1.36459 0.366711 5.53877 0.00779196 0.00459246
16 5 214 0.0634963 1.34572 0.426465 4.30944 0.0071919 0.00433254
16 6 186 0.0577044 1.39488 0.531558 5.07471 0.00601869 0.0035601
16 7 198 0.0536869 1.38567 0.570049 5.89675 0.00639037 0.00373225
16 8 177 0.0474443 1.46244 0.697921 7.14592 0.00540432 0.00309461
16 9 156 0.0524005 1.43145 0.771246 5.86689 0.00475132 0.0027637
16 10 121 0.0479246 1.51403 0.91245 6.58004 0.0034638 0.00198645
16 11 125 0.0406263 1.4793 1.0154 8.72498 0.003538 0.00198268
16 12 100 0.0490594 1.56505 1.07538 6.05699 0.00270906 0.00155921
16 13 86 0.0469391 1.48714 1.19399 6.4309 0.00232189 0.00132744
16 14 69 0.0441984 1.64486 1.47734 6.84318 0.00165323 0.000936994
16 15 39 0.0314867 1.53804 1.45227 11.3718 0.000969074 0.000527604
16 16 19 0.0432865 1.79178 1.77015 5.7128 0.000407626 0.000230362
16 17 10 0.0322133 1.81028 2.00662 9.41211 0.000201761 0.000110099
16 18 0 0 0 0 0 0 0
16 19 0 0 0 0 0 0 0
16 20 0 0 0 0 0 0 0
16 21 0 0 0 0 0 0 0
16 22 0 0 0 0 0 0 0
16 23 0 0 0 0 0 0 0
17 0 195 0.0540582 1.38894 0.00235181 5.85792 0.00662421 0.00387337
17 1 187 0.0550553 1.48659 0.0772147 5.57314 0.00606262 0.00355618
17 2 193 0.0588801 1.55506 0.230551 4.8703 0.00602254 0.00357563
17 3 224 0.0560849 1.44319 0.27274 5.56698 0.00732941 0.00431327
17 4 183 0.0554799 1.45877 0.388968 5.46014 0.00587531 0.00345094
17 5 169 0.0522216 1.5143 0.423667 6.00904 0.00527266 0.00306522
17 6 196 0.0547653 1.50663 0.539547 5.62555 0.00603864 0.00353887
17 7 143 0.0511474 1.55133 0.625743 6.03057 0.00426598 0.00247158
17 8 146 0.0463751 1.48366 0.687708 7.22454 0.00442837 0.0025272
17 9 141 0.0500104 1.5388 0.819415 6.24277 0.00407883 0.00235466
17 10 121 0.0479363 1.69847 0.886295 6.51504 0.00325524 0.00186692
17 11 96 0.0431692 1.66779 1.11203 7.55859 0.00249156 0.00140754
17 12 65 0.0497924 1.72847 1.12281 5.38802 0.00164959 0.000951631
17 13 69 0.0380311 1.8374 1.33433 8.87918 0.00161679 0.000898635
17 14 39 0.0359176 1.83349 1.49221 9.13181 0.000883378 0.000487724
17 15 32 0.0325009 1.91746 1.6424 10.4846 0.000685119 0.000374203
17 16 20 0.722656 1.7771 1.72358 -10.6262 0.000435505 0.000233055
17 17 0 0 0 0 0 0 0
17 18 0 0 0 0 0 0 0
17 19 0 0 0 0 0 0 0
17 20 0 0 0 0 0 0 0
17 21 0 0 0 0 0 0 0
17 22 0 0 0 0 0 0 0
17 23 0 0 0 0 0 0 0
18 0 188 0.0569553 1.56308 0.0737931 5.18705 0.00588579 0.00347326
18 1 161 0.0517177 1.62459 0.162014 6.04188 0.00488909 0.0028377
18 2 165 0.0508067 1.55187 0.163491 6.29983 0.00517595 0.00299555
18 3 183 0.0497066 1.62973 0.310358 6.61086 0.00549252 0.00316772
18 4 150 0.054696 1.71905 0.376181 5.30158 0.00430872 0.00252452
18 5 145 0.0514227 1.63775 0.474274 5.96965 0.0042649 0.0024731
18 6 142 0.0507374 1.73673 0.562827 6.04915 0.00396612 0.00229487
18 7 125 0.0458709 1.74191 0.6651 7.10565 0.00343485 0.00195709
18 8 117 0.0526985 1.73645 0.724714 5.40642 0.00319233 0.00185863
18 9 95 0.0418581 1.75302 0.860619 7.97792 0.00251741 0.00141625
18 10 95 0.0438098 1.99998 1.02036 7.26379 0.00224718 0.00127206
18 11 90 0.0399125 1.9173 1.22565 8.45219 0.00210514 0.00117705
18 12 55 0.0359662 1.89709 1.21903 9.49456 0.0012963 0.00071581
18 13 37 0.0313245 1.8316 1.34183 11.3501 0.000867062 0.000471823
18 14 27 0.0356516 2.01801 1.52382 8.82101 0.000577277 0.000318454
18 15 12 0.733293 2.15428 1.73128 -11.2796 0.000237377 0.0001289
18 16 0 0 0 0 0 0 0
18 17 0 0 0 0 0 0 0
18 18 0 0 0 0 0 0 0
18 19 0 0 0 0 0 0 0
18 20 0 0 0 0 0 0 0
18 21 0 0 0 0 0 0 0
18 22 0 0 0 0 0 0 0
18 23 0 0 0 0 0 0 0
19 0 148 0.0552539 1.81156 0.0710873 5.15721 0.00415591 0.00243929
19 1 159 0.0488678 1.76385 0.162859 6.6203 0.00454455 0.00261404
19 2 128 0.050532 1.73738 0.192639 6.02478 0.00369533 0.0021368
19 3 126 0.0498397 1.78634 0.313709 6.13977 0.00353706 0.0020408
19 4 117 0.0483576 1.79994 0.407465 6.40626 0.00324075 0.00186109
19 5 117 0.0489349 1.86391 0.507633 6.23034 0.0031271 0.00179911
19 6 113 0.0507608 1.83245 0.573079 5.77628 0.00303483 0.00175614
19 7 96 0.0465219 1.85058 0.71166 6.61934 0.00251346 0.00143506
19 8 73 0.0407356 1.89551 0.802629 8.04205 0.00185458 0.00103966
19 9 74 0.0380348 1.96536 0.930286 8.9838 0.00179762 0.000999155
19 10 38 0.0346065 2.23448 1.09319 9.64342 0.000824046 0.000453085
19 11 35 0.0384566 1.99333 1.11577 8.03364 0.000816024 0.000454168
19 12 26 0.721106 2.14487 1.33051 -10.3736 0.000556788 0.000297319
19 13 16 0.0398819 2.34157 1.80178 6.50869 0.000298229 0.000166733
19 14 11 0.71901 2.2799 1.64052 -11.3182 0.000214502 0.000114209
19 15 0 0 0 0 0 0 0
19 16 0 0 0 0 0 0 0
19 17 0 0 0 0 0 0 0
19 18 0 0 0 0 0 0 0
19 19 0 0 0 0 0 0 0
19 20 0 0 0 0 0 0 0
19 21 0 0 0 0 0 0 0
19 22 0 0 0 0 0 0 0
19 23 0 0 0 0 0 0 0
20 0 113 0.0457269 1.89696 0.0145757 7.03038 0.00306362 0.00174477
20 1 105 0.0377148 1.96145 0.0798402 9.54045 0.00277094 0.00153859
20 2 104 0.0432325 1.93392 0.186499 7.64431 0.00276711 0.00156352
20 3 88 0.0430042 1.89776 0.295265 7.5557 0.00236281 0.00133411
20 4 88 0.0536032 1.99409 0.45373 4.86875 0.00224747 0.00131227
20 5 95 0.0392091 2.0332 0.53253 8.82299 0.00237299 0.00132386
20 6 73 0.0379008 2.04226 0.652769 9.03344 0.00179399 0.00099671
20 7 58 0.0329374 2.00487 0.676523 11.0052 0.00144085 0.00078806
20 8 58 0.0366955 2.19046 0.849042 9.20774 0.00132072 0.000730978
20 9 40 0.0413679 2.11645 0.890335 7.13976 0.000928597 0.000521603
20 10 32 0.0314737 2.48122 1.20916 10.9542 0.000633731 0.000345015
20 11 18 0.731723 2.41493 1.3845 -10.8737 0.000353812 0.000191714
20 12 18 0.0328271 2.35068 1.43762 9.66571 0.000357014 0.000195197
20 13 10 0.715446 2.49934 1.74684 -11.4712 0.000181172 9.59849e-05
20 14 0 0 0 0 0 0 0
20 15 0 0 0 0 0 0 0
20 16 0 0 0 0 0 0 0
20 17 0 0 0 0 0 0 0
20 18 0 0 0 0 0 0 0
20 19 0 0 0 0 0 0 0
20 20 0 0 0 0 0 0 0
20 21 0 0 0 0 0 0 0
20 22 0 0 0 0 0 0 0
20 23 0 0 0 0 0 0 0
21 0 65 0.0461758 2.17695 -0.00655252 6.24543 0.00157747 0.000899668
21 1 74 0.0451487 2.06813 0.160966 6.69515 0.00186827 0.00106206
21 2 51 0.0367137 2.09395 0.284888 9.15972 0.00126828 0.000701998
21 3 56 0.047369 2.17499 0.337645 5.7756 0.00134674 0.000770985
21 4 60 0.0390071 2.18941 0.455676 8.38596 0.00142398 0.000793916
21 5 51 0.0386204 2.3323 0.579313 8.30581 0.00113915 0.000634335
21 6 52 0.0462586 2.30984 0.655928 5.91791 0.00116231 0.000663067
21 7 29 0.0340923 2.08233 0.700903 9.71749 0.000698446 0.000383403
21 8 27 0.0385821 2.53286 0.914098 7.58563 0.000546492 0.000304277
21 9 22 0.0349649 2.72067 1.0894 8.78982 0.000413058 0.000227369
21 10 10 0.0379483 2.29 1.14721 6.87687 0.000211449 0.000117495
21 11 0 0 0 0 0 0 0
21 12 0 0 0 0 0 0 0
21 13 0 0 0 0 0 0 0
21 14 0 0 0 0 0 0 0
21 15 0 0 0 0 0 0 0
21 16 0 0 0 0 0 0 0
21 17 0 0 0 0 0 0 0
21 18 0 0 0 0 0 0 0
21 19 0 0 0 0 0 0 0
21 20 0 0 0 0 0 0 0
21 21 0 0 0 0 0 0 0
21 22 0 0 0 0 0 0 0
21 23 0 0 0 0 0 0 0
22 0 46 0.732087 2.32433 0.115404 -9.78194 0.00105585 0.0005724
22 1 34 0.0378049 2.38403 0.168242 8.21569 0.000763006 0.000423786
22 2 34 0.721679 2.13198 0.191976 -9.96894 0.000836657 0.000447121
22 3 29 0.0370961 2.29952 0.36604 8.3591 0.000665337 0.000368712
22 4 24 0.0355684 2.25412 0.374177 8.82579 0.000559436 0.000308531
22 5 21 0.715573 2.33789 0.53148 -10.5185 0.00047 0.00024905
22 6 24 0.0325026 2.48833 0.68057 10.1774 0.000504326 0.000275458
22 7 12 0.731029 2.92657 1.08085 -11.3783 0.000212956 0.000115281
22 8 10 0.0343715 2.83979 0.906673 8.25762 0.000184906 0.000101591
22 9 0 0 0 0 0 0 0
22 10 0 0 0 0 0 0 0
22 11 0 0 0 0 0 0 0
22 12 0 0 0 0 0 0 0
22 13 0 0 0 0 0 0 0
22 14 0 0 0 0 0 0 0
22 15 0 0 0 0 0 0 0
22 16 0 0 0 0 0 0 0
22 17 0 0 0 0 0 0 0
22 18 0 0 0 0 0 0 0
22 19 0 0 0 0 0 0 0
22 20 0 0 0 0 0 0 0
22 21 0 0 0 0 0 0 0
22 22 0 0 0 0 0 0 0
22 23 0 0 0 0 0 0 0
23 0 19 0.0417487 2.44417 0.041591 6.21821 0.000418246 0.000235217
23 1 24 0.0391041 2.50385 0.229504 7.33475 0.000515667 0.000287589
23 2 20 0.0386616 2.2987 0.291729 7.38525 0.000460746 0.0002566
23 3 12 0.718256 2.71554 0.327428 -11.2044 0.000239563 0.000127419
23 4 0 0 0 0 0 0 0
23 5 13 0.0380289 2.39977 0.478884 7.14752 0.000285911 0.000158912
23 6 0 0 0 0 0 0 0
23 7 0 0 0 0 0 0 0
23 8 0 0 0 0 0 0 0
23 9 0 0 0 0 0 0 0
23 10 0 0 0 0 0 0 0
23 11 0 0 0 0 0 0 0
23 12 0 0 0 0 0 0 0
23 13 0 0 0 0 0 0 0
23 14 0 0 0 0 0 0 0
23 15 0 0 0 0 0 0 0
23 16 0 0 0 0 0 0 0
23 17 0 0 0 0 0 0 0
23 18 0 0 0 0 0 0 0
23 19 0 0 0 0 0 0 0
23 20 0 0 0 0 0 0 0
23 21 0 0 0 0 0 0 0
23 22 0 0 0 0 0 0 0
23 23 0 0 0 0 0 0 0
