#  ix    iy     NB       E/N    TB    UxB       UyB       muB       rhoB     epsilonB
0 0 35 0.116227 0.044282 0.066702 2.72688 0.0032304 0.00460355
0 1 27 0.166076 -0.0132796 0.156279 -1.32644 0.00246981 0.00374892
0 2 29 0.141342 0.015638 0.140259 0.320673 0.00265884 0.00391161
0 3 33 0.111757 0.0419838 0.271454 3.12379 0.00294642 0.00417513
0 4 30 0.121199 0.0600613 0.361413 2.00835 0.00260824 0.00374044
0 5 26 0.143769 0.0126922 0.423426 -0.0371366 0.00221671 0.00327121
0 6 24 0.129785 0.00559903 0.438206 0.97342 0.00203535 0.00295082
0 7 27 0.101568 0.105483 0.561889 4.08162 0.00217035 0.00303593
0 8 26 0.113528 0.0719866 0.652742 2.54455 0.00201229 0.00285786
0 9 13 0.107887 -0.0259016 1.0218 2.32469 0.000841783 0.00118698
0 10 18 0.0960493 0.213053 0.922955 4.28589 0.00121001 0.00168079
0 11 15 0.11934 -0.0030422 1.08764 1.17197 0.000940036 0.00134492
0 12 0 0 0 0 0 0 0
0 13 0 0 0 0 0 0 0
0 14 0 0 0 0 0 0 0
0 15 0 0 0 0 0 0 0
0 16 0 0 0 0 0 0 0
0 17 0 0 0 0 0 0 0
0 18 0 0 0 0 0 0 0
0 19 0 0 0 0 0 0 0
0 20 0 0 0 0 0 0 0
0 21 0 0 0 0 0 0 0
0 22 0 0 0 0 0 0 0
0 23 0 0 0 0 0 0 0
1 0 20 0.115313 0.216895 -0.00634802 2.2445 0.00180974 0.00257602
1 1 28 0.110398 0.129867 0.100316 3.13858 0.00255837 0.00361901
1 2 38 0.130834 0.14055 0.214833 1.39921 0.003408 0.00494745
1 3 26 0.124569 0.250659 0.318666 1.53133 0.00223102 0.00321317
1 4 34 0.134459 0.157785 0.366003 0.946354 0.00292443 0.00426499
1 5 27 0.131736 0.0131166 0.280301 0.975473 0.00240703 0.00349832
1 6 24 0.10741 0.130228 0.486926 3.24025 0.0019844 0.00279646
1 7 26 0.117388 0.112397 0.547184 2.17564 0.00210172 0.00299952
1 8 23 0.0959464 0.0839221 0.667816 4.6799 0.00176672 0.00245378
1 9 15 0.0999553 0.0782368 1.00462 3.50684 0.000978338 0.00136573
1 10 23 0.731735 0.131878 0.891281 -10.3529 0.00158217 0.00213948
1 11 15 0.720773 0.0358839 0.885631 -10.7148 0.00103937 0.00138443
1 12 11 0.702727 0.233798 1.01996 -11.0063 0.000703685 0.000913832
1 13 0 0 0 0 0 0 0
1 14 0 0 0 0 0 0 0
1 15 0 0 0 0 0 0 0
1 16 0 0 0 0 0 0 0
1 17 0 0 0 0 0 0 0
1 18 0 0 0 0 0 0 0
1 19 0 0 0 0 0 0 0
1 20 0 0 0 0 0 0 0
1 21 0 0 0 0 0 0 0
1 22 0 0 0 0 0 0 0
1 23 0 0 0 0 0 0 0
2 0 26 0.151493 0.157463 0.0513869 -0.494022 0.00237505 0.00353929
2 1 33 0.18116 0.158639 0.130905 -1.90237 0.00299291 0.00463005
2 2 34 0.109956 0.150803 0.126964 3.3784 0.0030887 0.00436675
2 3 35 0.11167 0.160258 0.197158 3.1976 0.00314095 0.00445028
2 4 22 0.158499 0.2328 0.226751 -1.13442 0.0019373 0.00291264
2 5 24 0.112112 0.278526 0.395263 2.69655 0.00200061 0.00283618
2 6 25 0.112564 0.107021 0.581554 2.64173 0.00199253 0.00282633
2 7 29 0.127684 0.170594 0.507369 1.30807 0.00236736 0.00342304
2 8 21 0.101081 0.279231 0.594165 3.85887 0.00162546 0.00227232
2 9 19 0.107588 0.196083 0.79102 2.84354 0.00136374 0.00192225
2 10 13 0.111409 0.220278 0.72718 2.0404 0.000958431 0.00135751
2 11 15 0.0897862 0.206502 0.974413 5.0839 0.000984032 0.00135609
2 12 0 0 0 0 0 0 0
2 13 0 0 0 0 0 0 0
2 14 0 0 0 0 0 0 0
2 15 0 0 0 0 0 0 0
2 16 0 0 0 0 0 0 0
2 17 0 0 0 0 0 0 0
2 18 0 0 0 0 0 0 0
2 19 0 0 0 0 0 0 0
2 20 0 0 0 0 0 0 0
2 21 0 0 0 0 0 0 0
2 22 0 0 0 0 0 0 0
2 23 0 0 0 0 0 0 0
3 0 41 0.143559 0.373254 0.0308893 0.450197 0.00355513 0.00524492
3 1 34 0.147144 0.299507 0.120056 0.0281842 0.00299604 0.00444019
3 2 30 0.136346 0.30762 0.184925 0.684013 0.00261447 0.00382208
3 3 20 0.222796 0.284822 0.203143 -4.07541 0.00174797 0.00284849
3 4 27 0.179303 0.266152 0.359046 -2.08504 0.00228241 0.00352267
3 5 22 0.123756 0.318355 0.246559 1.44114 0.0018896 0.00271865
3 6 37 0.093229 0.219148 0.381966 5.67472 0.00313538 0.00433972
3 7 23 0.0974237 0.228286 0.486485 4.52016 0.00187592 0.00261033
3 8 25 0.105434 0.287745 0.714688 3.40683 0.00183371 0.00257764
3 9 23 0.124102 0.291072 0.821484 1.24579 0.00160547 0.00231088
3 10 17 0.124664 0.407517 0.936412 0.816589 0.00110128 0.00158628
3 11 13 0.0851115 0.240358 1.10627 5.71344 0.000796891 0.00109171
3 12 0 0 0 0 0 0 0
3 13 0 0 0 0 0 0 0
3 14 0 0 0 0 0 0 0
3 15 0 0 0 0 0 0 0
3 16 0 0 0 0 0 0 0
3 17 0 0 0 0 0 0 0
3 18 0 0 0 0 0 0 0
3 19 0 0 0 0 0 0 0
3 20 0 0 0 0 0 0 0
3 21 0 0 0 0 0 0 0
3 22 0 0 0 0 0 0 0
3 23 0 0 0 0 0 0 0
4 0 30 0.126893 0.453136 0.0614459 1.44353 0.00252618 0.00364902
4 1 29 0.15305 0.302138 0.0930466 -0.519059 0.00256029 0.00382285
4 2 27 0.133475 0.409884 0.204708 0.774226 0.00227281 0.00331054
4 3 28 0.160285 0.305777 0.141182 -1.00262 0.00245698 0.0037023
4 4 41 0.172942 0.327854 0.197433 -1.32929 0.00354551 0.00542851
4 5 31 0.139769 0.2933 0.437951 0.391717 0.00253923 0.00372821
4 6 18 0.157981 0.274644 0.466263 -1.38224 0.00146581 0.00220233
4 7 26 0.118755 0.294044 0.575256 1.99693 0.00202212 0.00289092
4 8 25 0.142566 0.419205 0.716432 -0.169339 0.00178115 0.00262444
4 9 19 0.116831 0.392626 0.677985 1.81643 0.00138485 0.00197502
4 10 18 0.733097 0.516495 0.925432 -10.6845 0.00114381 0.00154959
4 11 11 0.114233 0.525679 1.13746 1.31438 0.000635316 0.000903084
4 12 0 0 0 0 0 0 0
4 13 0 0 0 0 0 0 0
4 14 0 0 0 0 0 0 0
4 15 0 0 0 0 0 0 0
4 16 0 0 0 0 0 0 0
4 17 0 0 0 0 0 0 0
4 18 0 0 0 0 0 0 0
4 19 0 0 0 0 0 0 0
4 20 0 0 0 0 0 0 0
4 21 0 0 0 0 0 0 0
4 22 0 0 0 0 0 0 0
4 23 0 0 0 0 0 0 0
5 0 35 0.117745 0.387287 0.0844543 2.49881 0.00301269 0.00430157
5 1 26 0.121152 0.418995 0.171699 1.83953 0.00219305 0.00314484
5 2 29 0.116161 0.380432 0.0924953 2.47766 0.00250038 0.00356292
5 3 31 0.136797 0.423545 0.227467 0.638113 0.00258694 0.00378398
5 4 26 0.115998 0.423905 0.263778 2.34569 0.00215388 0.00306854
5 5 29 0.161422 0.443769 0.4646 -1.15287 0.0022591 0.00340901
5 6 24 0.104562 0.438427 0.435268 3.54855 0.00189053 0.00265458
5 7 28 0.129139 0.412548 0.54067 1.08115 0.0021438 0.0031055
5 8 14 0.125409 0.512746 0.565518 0.681316 0.00103039 0.00148558
5 9 12 0.118738 0.401406 0.807797 1.10223 0.000825048 0.0011795
5 10 14 0.0977085 0.5343 0.875552 3.74952 0.000904916 0.00125964
5 11 13 0.70951 0.593587 1.19832 -11.0196 0.000720855 0.000945166
5 12 0 0 0 0 0 0 0
5 13 0 0 0 0 0 0 0
5 14 0 0 0 0 0 0 0
5 15 0 0 0 0 0 0 0
5 16 0 0 0 0 0 0 0
5 17 0 0 0 0 0 0 0
5 18 0 0 0 0 0 0 0
5 19 0 0 0 0 0 0 0
5 20 0 0 0 0 0 0 0
5 21 0 0 0 0 0 0 0
5 22 0 0 0 0 0 0 0
5 23 0 0 0 0 0 0 0
6 0 30 0.148293 0.482331 0.0953515 -0.233843 0.00249277 0.00369972
6 1 36 0.160021 0.639686 0.0768861 -0.855662 0.0028021 0.00422092
6 2 34 0.116727 0.564424 0.261862 2.48484 0.00267297 0.00381159
6 3 28 0.139822 0.482049 0.303789 0.267915 0.00225259 0.00330758
6 4 33 0.149182 0.564923 0.323151 -0.26652 0.00256095 0.00380518
6 5 28 0.129818 0.619951 0.443092 0.983602 0.00206212 0.00298976
6 6 30 0.13374 0.495791 0.361535 0.793435 0.00236759 0.00344975
6 7 24 0.107456 0.61754 0.740907 3.01903 0.00159947 0.00225414
6 8 14 0.0775502 0.427283 0.798832 7.46205 0.000960693 0.00130359
6 9 12 0.0954027 0.698775 0.772754 3.93111 0.000769412 0.00106789
6 10 15 0.0804038 0.759431 0.921737 6.76537 0.000891646 0.00121427
6 11 11 0.713005 0.708493 1.11663 -11.1987 0.00061432 0.000809449
6 12 0 0 0 0 0 0 0
6 13 0 0 0 0 0 0 0
6 14 0 0 0 0 0 0 0
6 15 0 0 0 0 0 0 0
6 16 0 0 0 0 0 0 0
6 17 0 0 0 0 0 0 0
6 18 0 0 0 0 0 0 0
6 19 0 0 0 0 0 0 0
6 20 0 0 0 0 0 0 0
6 21 0 0 0 0 0 0 0
6 22 0 0 0 0 0 0 0
6 23 0 0 0 0 0 0 0
7 0 30 0.131958 0.536048 0.0284273 0.973522 0.00244745 0.00355806
7 1 30 0.159408 0.554205 0.214187 -0.979383 0.00238806 0.00359446
7 2 34 0.101698 0.69665 0.202597 4.22453 0.00254815 0.003565
7 3 34 0.115236 0.577503 0.269691 2.63596 0.00265476 0.00377847
7 4 32 0.0930506 0.620624 0.319852 5.44808 0.00242941 0.00336182
7 5 19 0.0842752 0.601361 0.460262 6.43836 0.00140249 0.00191933
7 6 25 0.102987 0.664822 0.575445 3.66973 0.00173839 0.00243607
7 7 26 0.104141 0.569711 0.625871 3.57439 0.00183762 0.0025789
7 8 12 0.732679 0.715235 0.77195 -11.0841 0.00076538 0.00103632
7 9 12 0.102462 0.602705 0.713835 2.97823 0.000811914 0.00113701
7 10 11 0.0938207 0.801398 0.897226 4.00917 0.000651073 0.000901836
7 11 0 0 0 0 0 0 0
7 12 0 0 0 0 0 0 0
7 13 0 0 0 0 0 0 0
7 14 0 0 0 0 0 0 0
7 15 0 0 0 0 0 0 0
7 16 0 0 0 0 0 0 0
7 17 0 0 0 0 0 0 0
7 18 0 0 0 0 0 0 0
7 19 0 0 0 0 0 0 0
7 20 0 0 0 0 0 0 0
7 21 0 0 0 0 0 0 0
7 22 0 0 0 0 0 0 0
7 23 0 0 0 0 0 0 0
8 0 41 0.0906794 0.631229 0.0267174 6.11481 0.00320941 0.00442788
8 1 28 0.117022 0.607207 0.0713867 2.26474 0.00221194 0.00315535
8 2 24 0.100269 0.693768 0.149576 4.07956 0.00181221 0.00253079
8 3 24 0.0881664 0.705031 0.260471 5.95628 0.00177641 0.00244304
8 4 27 0.110292 0.726573 0.28142 2.89062 0.00197205 0.00278923
8 5 18 0.121304 0.788372 0.447727 1.25031 0.00123474 0.00177096
8 6 22 0.0937695 0.671066 0.512809 4.88866 0.00155626 0.00215552
8 7 15 0.107386 0.837165 0.618848 2.51929 0.000962138 0.00135583
8 8 0 0 0 0 0 0 0
8 9 0 0 0 0 0 0 0
8 10 0 0 0 0 0 0 0
8 11 11 0.0896974 1.09723 1.34722 4.43802 0.000508058 0.000700073
8 12 0 0 0 0 0 0 0
8 13 0 0 0 0 0 0 0
8 14 0 0 0 0 0 0 0
8 15 0 0 0 0 0 0 0
8 16 0 0 0 0 0 0 0
8 17 0 0 0 0 0 0 0
8 18 0 0 0 0 0 0 0
8 19 0 0 0 0 0 0 0
8 20 0 0 0 0 0 0 0
8 21 0 0 0 0 0 0 0
8 22 0 0 0 0 0 0 0
8 23 0 0 0 0 0 0 0
9 0 27 0.100126 0.742879 0.00967061 4.20147 0.00200678 0.002802
9 1 29 0.109906 0.857657 0.202073 2.95697 0.00201466 0.00284811
9 2 34 0.120085 0.769208 0.195624 2.0619 0.00246586 0.00353126
9 3 20 0.0788451 0.767217 0.35915 7.56027 0.00141301 0.00192048
9 4 28 0.112679 0.714956 0.325173 2.65189 0.00203889 0.00289251
9 5 22 0.73018 0.937848 0.449969 -10.4587 0.00141174 0.00190497
9 6 20 0.131434 1.05303 0.532794 0.302421 0.00119718 0.00173928
9 7 10 0.727223 0.891164 0.600385 -11.2487 0.000630797 0.000847733
9 8 13 0.0841835 0.928407 0.766174 5.85537 0.000769181 0.00105251
9 9 0 0 0 0 0 0 0
9 10 0 0 0 0 0 0 0
9 11 0 0 0 0 0 0 0
9 12 0 0 0 0 0 0 0
9 13 0 0 0 0 0 0 0
9 14 0 0 0 0 0 0 0
9 15 0 0 0 0 0 0 0
9 16 0 0 0 0 0 0 0
9 17 0 0 0 0 0 0 0
9 18 0 0 0 0 0 0 0
9 19 0 0 0 0 0 0 0
9 20 0 0 0 0 0 0 0
9 21 0 0 0 0 0 0 0
9 22 0 0 0 0 0 0 0
9 23 0 0 0 0 0 0 0
10 0 27 0.0963578 0.901778 0.0925984 4.66534 0.00185222 0.00257387
10 1 22 0.726659 0.907103 0.0851811 -10.3756 0.00150578 0.00202206
10 2 27 0.105271 0.920056 0.204631 3.41957 0.00181926 0.0025568
10 3 17 0.0987882 1.02772 0.405107 3.74845 0.00105637 0.00147248
10 4 14 0.0922179 0.855857 0.410581 4.63295 0.000940168 0.00129964
10 5 11 0.712302 0.92143 0.577554 -11.0795 0.000689417 0.000907503
10 6 0 0 0 0 0 0 0
10 7 0 0 0 0 0 0 0
10 8 10 0.71131 1.12945 0.837796 -11.3247 0.000536595 0.000705355
10 9 0 0 0 0 0 0 0
10 10 0 0 0 0 0 0 0
10 11 0 0 0 0 0 0 0
10 12 0 0 0 0 0 0 0
10 13 0 0 0 0 0 0 0
10 14 0 0 0 0 0 0 0
10 15 0 0 0 0 0 0 0
10 16 0 0 0 0 0 0 0
10 17 0 0 0 0 0 0 0
10 18 0 0 0 0 0 0 0
10 19 0 0 0 0 0 0 0
10 20 0 0 0 0 0 0 0
10 21 0 0 0 0 0 0 0
10 22 0 0 0 0 0 0 0
10 23 0 0 0 0 0 0 0
11 0 20 0.0951241 1.15067 0.0757106 4.42914 0.00121325 0.00168331
11 1 20 0.731563 1.00458 0.0213043 -10.5436 0.00130632 0.00176605
11 2 20 0.730741 1.01243 0.191829 -10.5521 0.00128968 0.0017416
11 3 16 0.728217 1.05627 0.291678 -10.7945 0.000998638 0.00134391
11 4 10 0.102896 1.23205 0.391285 2.56062 0.000566545 0.000793832
11 5 0 0 0 0 0 0 0
11 6 0 0 0 0 0 0 0
11 7 0 0 0 0 0 0 0
11 8 0 0 0 0 0 0 0
11 9 0 0 0 0 0 0 0
11 10 0 0 0 0 0 0 0
11 11 0 0 0 0 0 0 0
11 12 0 0 0 0 0 0 0
11 13 0 0 0 0 0 0 0
11 14 0 0 0 0 0 0 0
11 15 0 0 0 0 0 0 0
11 16 0 0 0 0 0 0 0
11 17 0 0 0 0 0 0 0
11 18 0 0 0 0 0 0 0
11 19 0 0 0 0 0 0 0
11 20 0 0 0 0 0 0 0
11 21 0 0 0 0 0 0 0
11 22 0 0 0 0 0 0 0
11 23 0 0 0 0 0 0 0
12 0 15 0.0871173 1.26257 -0.0617283 5.42056 0.000861701 0.0011835
12 1 0 0 0 0 0 0 0
12 2 10 0.687271 1.00121 0.218351 -11.0036 0.00064668 0.000821334
12 3 12 0.732759 1.29795 0.264113 -11.2184 0.000669486 0.000906578
12 4 0 0 0 0 0 0 0
12 5 0 0 0 0 0 0 0
12 6 0 0 0 0 0 0 0
12 7 0 0 0 0 0 0 0
12 8 0 0 0 0 0 0 0
12 9 0 0 0 0 0 0 0
12 10 0 0 0 0 0 0 0
12 11 0 0 0 0 0 0 0
12 12 0 0 0 0 0 0 0
12 13 0 0 0 0 0 0 0
12 14 0 0 0 0 0 0 0
12 15 0 0 0 0 0 0 0
12 16 0 0 0 0 0 0 0
12 17 0 0 0 0 0 0 0
12 18 0 0 0 0 0 0 0
12 19 0 0 0 0 0 0 0
12 20 0 0 0 0 0 0 0
12 21 0 0 0 0 0 0 0
12 22 0 0 0 0 0 0 0
12 23 0 0 0 0 0 0 0
13 0 0 0 0 0 0 0 0
13 1 0 0 0 0 0 0 0
13 2 0 0 0 0 0 0 0
13 3 0 0 0 0 0 0 0
13 4 0 0 0 0 0 0 0
13 5 0 0 0 0 0 0 0
13 6 0 0 0 0 0 0 0
13 7 0 0 0 0 0 0 0
13 8 0 0 0 0 0 0 0
13 9 0 0 0 0 0 0 0
13 10 0 0 0 0 0 0 0
13 11 0 0 0 0 0 0 0
13 12 0 0 0 0 0 0 0
13 13 0 0 0 0 0 0 0
13 14 0 0 0 0 0 0 0
13 15 0 0 0 0 0 0 0
13 16 0 0 0 0 0 0 0
13 17 0 0 0 0 0 0 0
13 18 0 0 0 0 0 0 0
13 19 0 0 0 0 0 0 0
13 20 0 0 0 0 0 0 0
13 21 0 0 0 0 0 0 0
13 22 0 0 0 0 0 0 0
13 23 0 0 0 0 0 0 0
14 0 0 0 0 0 0 0 0
14 1 0 0 0 0 0 0 0
14 2 0 0 0 0 0 0 0
14 3 0 0 0 0 0 0 0
14 4 0 0 0 0 0 0 0
14 5 0 0 0 0 0 0 0
14 6 0 0 0 0 0 0 0
14 7 0 0 0 0 0 0 0
14 8 0 0 0 0 0 0 0
14 9 0 0 0 0 0 0 0
14 10 0 0 0 0 0 0 0
14 11 0 0 0 0 0 0 0
14 12 0 0 0 0 0 0 0
14 13 0 0 0 0 0 0 0
14 14 0 0 0 0 0 0 0
14 15 0 0 0 0 0 0 0
14 16 0 0 0 0 0 0 0
14 17 0 0 0 0 0 0 0
14 18 0 0 0 0 0 0 0
14 19 0 0 0 0 0 0 0
14 20 0 0 0 0 0 0 0
14 21 0 0 0 0 0 0 0
14 22 0 0 0 0 0 0 0
14 23 0 0 0 0 0 0 0
15 0 0 0 0 0 0 0 0
15 1 0 0 0 0 0 0 0
15 2 0 0 0 0 0 0 0
15 3 0 0 0 0 0 0 0
15 4 0 0 0 0 0 0 0
15 5 0 0 0 0 0 0 0
15 6 0 0 0 0 0 0 0
15 7 0 0 0 0 0 0 0
15 8 0 0 0 0 0 0 0
15 9 0 0 0 0 0 0 0
15 10 0 0 0 0 0 0 0
15 11 0 0 0 0 0 0 0
15 12 0 0 0 0 0 0 0
15 13 0 0 0 0 0 0 0
15 14 0 0 0 0 0 0 0
15 15 0 0 0 0 0 0 0
15 16 0 0 0 0 0 0 0
15 17 0 0 0 0 0 0 0
15 18 0 0 0 0 0 0 0
15 19 0 0 0 0 0 0 0
15 20 0 0 0 0 0 0 0
15 21 0 0 0 0 0 0 0
15 22 0 0 0 0 0 0 0
15 23 0 0 0 0 0 0 0
16 0 0 0 0 0 0 0 0
16 1 0 0 0 0 0 0 0
16 2 0 0 0 0 0 0 0
16 3 0 0 0 0 0 0 0
16 4 0 0 0 0 0 0 0
16 5 0 0 0 0 0 0 0
16 6 0 0 0 0 0 0 0
16 7 0 0 0 0 0 0 0
16 8 0 0 0 0 0 0 0
16 9 0 0 0 0 0 0 0
16 10 0 0 0 0 0 0 0
16 11 0 0 0 0 0 0 0
16 12 0 0 0 0 0 0 0
16 13 0 0 0 0 0 0 0
16 14 0 0 0 0 0 0 0
16 15 0 0 0 0 0 0 0
16 16 0 0 0 0 0 0 0
16 17 0 0 0 0 0 0 0
16 18 0 0 0 0 0 0 0
16 19 0 0 0 0 0 0 0
16 20 0 0 0 0 0 0 0
16 21 0 0 0 0 0 0 0
16 22 0 0 0 0 0 0 0
16 23 0 0 0 0 0 0 0
17 0 0 0 0 0 0 0 0
17 1 0 0 0 0 0 0 0
17 2 0 0 0 0 0 0 0
17 3 0 0 0 0 0 0 0
17 4 0 0 0 0 0 0 0
17 5 0 0 0 0 0 0 0
17 6 0 0 0 0 0 0 0
17 7 0 0 0 0 0 0 0
17 8 0 0 0 0 0 0 0
17 9 0 0 0 0 0 0 0
17 10 0 0 0 0 0 0 0
17 11 0 0 0 0 0 0 0
17 12 0 0 0 0 0 0 0
17 13 0 0 0 0 0 0 0
17 14 0 0 0 0 0 0 0
17 15 0 0 0 0 0 0 0
17 16 0 0 0 0 0 0 0
17 17 0 0 0 0 0 0 0
17 18 0 0 0 0 0 0 0
17 19 0 0 0 0 0 0 0
17 20 0 0 0 0 0 0 0
17 21 0 0 0 0 0 0 0
17 22 0 0 0 0 0 0 0
17 23 0 0 0 0 0 0 0
18 0 0 0 0 0 0 0 0
18 1 0 0 0 0 0 0 0
18 2 0 0 0 0 0 0 0
18 3 0 0 0 0 0 0 0
18 4 0 0 0 0 0 0 0
18 5 0 0 0 0 0 0 0
18 6 0 0 0 0 0 0 0
18 7 0 0 0 0 0 0 0
18 8 0 0 0 0 0 0 0
18 9 0 0 0 0 0 0 0
18 10 0 0 0 0 0 0 0
18 11 0 0 0 0 0 0 0
18 12 0 0 0 0 0 0 0
18 13 0 0 0 0 0 0 0
18 14 0 0 0 0 0 0 0
18 15 0 0 0 0 0 0 0
18 16 0 0 0 0 0 0 0
18 17 0 0 0 0 0 0 0
18 18 0 0 0 0 0 0 0
18 19 0 0 0 0 0 0 0
18 20 0 0 0 0 0 0 0
18 21 0 0 0 0 0 0 0
18 22 0 0 0 0 0 0 0
18 23 0 0 0 0 0 0 0
19 0 0 0 0 0 0 0 0
19 1 0 0 0 0 0 0 0
19 2 0 0 0 0 0 0 0
19 3 0 0 0 0 0 0 0
19 4 0 0 0 0 0 0 0
19 5 0 0 0 0 0 0 0
19 6 0 0 0 0 0 0 0
19 7 0 0 0 0 0 0 0
19 8 0 0 0 0 0 0 0
19 9 0 0 0 0 0 0 0
19 10 0 0 0 0 0 0 0
19 11 0 0 0 0 0 0 0
19 12 0 0 0 0 0 0 0
19 13 0 0 0 0 0 0 0
19 14 0 0 0 0 0 0 0
19 15 0 0 0 0 0 0 0
19 16 0 0 0 0 0 0 0
19 17 0 0 0 0 0 0 0
19 18 0 0 0 0 0 0 0
19 19 0 0 0 0 0 0 0
19 20 0 0 0 0 0 0 0
19 21 0 0 0 0 0 0 0
19 22 0 0 0 0 0 0 0
19 23 0 0 0 0 0 0 0
20 0 0 0 0 0 0 0 0
20 1 0 0 0 0 0 0 0
20 2 0 0 0 0 0 0 0
20 3 0 0 0 0 0 0 0
20 4 0 0 0 0 0 0 0
20 5 0 0 0 0 0 0 0
20 6 0 0 0 0 0 0 0
20 7 0 0 0 0 0 0 0
20 8 0 0 0 0 0 0 0
20 9 0 0 0 0 0 0 0
20 10 0 0 0 0 0 0 0
20 11 0 0 0 0 0 0 0
20 12 0 0 0 0 0 0 0
20 13 0 0 0 0 0 0 0
20 14 0 0 0 0 0 0 0
20 15 0 0 0 0 0 0 0
20 16 0 0 0 0 0 0 0
20 17 0 0 0 0 0 0 0
20 18 0 0 0 0 0 0 0
20 19 0 0 0 0 0 0 0
20 20 0 0 0 0 0 0 0
20 21 0 0 0 0 0 0 0
20 22 0 0 0 0 0 0 0
20 23 0 0 0 0 0 0 0
21 0 0 0 0 0 0 0 0
21 1 0 0 0 0 0 0 0
21 2 0 0 0 0 0 0 0
21 3 0 0 0 0 0 0 0
21 4 0 0 0 0 0 0 0
21 5 0 0 0 0 0 0 0
21 6 0 0 0 0 0 0 0
21 7 0 0 0 0 0 0 0
21 8 0 0 0 0 0 0 0
21 9 0 0 0 0 0 0 0
21 10 0 0 0 0 0 0 0
21 11 0 0 0 0 0 0 0
21 12 0 0 0 0 0 0 0
21 13 0 0 0 0 0 0 0
21 14 0 0 0 0 0 0 0
21 15 0 0 0 0 0 0 0
21 16 0 0 0 0 0 0 0
21 17 0 0 0 0 0 0 0
21 18 0 0 0 0 0 0 0
21 19 0 0 0 0 0 0 0
21 20 0 0 0 0 0 0 0
21 21 0 0 0 0 0 0 0
21 22 0 0 0 0 0 0 0
21 23 0 0 0 0 0 0 0
22 0 0 0 0 0 0 0 0
22 1 0 0 0 0 0 0 0
22 2 0 0 0 0 0 0 0
22 3 0 0 0 0 0 0 0
22 4 0 0 0 0 0 0 0
22 5 0 0 0 0 0 0 0
22 6 0 0 0 0 0 0 0
22 7 0 0 0 0 0 0 0
22 8 0 0 0 0 0 0 0
22 9 0 0 0 0 0 0 0
22 10 0 0 0 0 0 0 0
22 11 0 0 0 0 0 0 0
22 12 0 0 0 0 0 0 0
22 13 0 0 0 0 0 0 0
22 14 0 0 0 0 0 0 0
22 15 0 0 0 0 0 0 0
22 16 0 0 0 0 0 0 0
22 17 0 0 0 0 0 0 0
22 18 0 0 0 0 0 0 0
22 19 0 0 0 0 0 0 0
22 20 0 0 0 0 0 0 0
22 21 0 0 0 0 0 0 0
22 22 0 0 0 0 0 0 0
22 23 0 0 0 0 0 0 0
23 0 0 0 0 0 0 0 0
23 1 0 0 0 0 0 0 0
23 2 0 0 0 0 0 0 0
23 3 0 0 0 0 0 0 0
23 4 0 0 0 0 0 0 0
23 5 0 0 0 0 0 0 0
23 6 0 0 0 0 0 0 0
23 7 0 0 0 0 0 0 0
23 8 0 0 0 0 0 0 0
23 9 0 0 0 0 0 0 0
23 10 0 0 0 0 0 0 0
23 11 0 0 0 0 0 0 0
23 12 0 0 0 0 0 0 0
23 13 0 0 0 0 0 0 0
23 14 0 0 0 0 0 0 0
23 15 0 0 0 0 0 0 0
23 16 0 0 0 0 0 0 0
23 17 0 0 0 0 0 0 0
23 18 0 0 0 0 0 0 0
23 19 0 0 0 0 0 0 0
23 20 0 0 0 0 0 0 0
23 21 0 0 0 0 0 0 0
23 22 0 0 0 0 0 0 0
23 23 0 0 0 0 0 0 0
