#  ix    iy     Npi     E/N       Tpi    Uxpi    Uypi     mupi     rho    epsilon
0 0 39 0.106198 -0.0839827 -0.107443 -1.99658 0.00460028 0.0017484
0 1 34 0.120087 -0.06101 0.0247447 -2.56002 0.00403888 0.00168532
0 2 21 0.076998 0.0177681 -0.36341 -1.4622 0.00234933 0.000714942
0 3 44 0.0631403 -0.235302 -0.361444 0.0692753 0.00480983 0.0012985
0 4 47 0.0734749 -0.0781616 -0.181698 -0.426894 0.0054889 0.0016218
0 5 66 0.0568638 -0.0553404 -0.414436 0.937703 0.00724902 0.00184745
0 6 274 0.138928 0.00220447 0.185982 -0.98684 0.0320691 0.015029
0 7 1594 0.145969 0.0234408 0.391492 0.553461 0.176661 0.0862221
0 8 1346 0.13525 0.038223 0.632473 0.543892 0.135354 0.0620665
0 9 1171 0.124566 0.0868891 0.914129 0.54893 0.102682 0.0440917
0 10 931 0.114057 0.0484435 1.15727 0.506695 0.072429 0.0290471
0 11 727 0.0992331 0.0828157 1.51946 0.583641 0.0475305 0.0171898
0 12 439 0.0853579 0.0676117 1.99326 0.437348 0.0234246 0.0076269
0 13 237 0.0707132 0.111432 2.3397 0.430538 0.011078 0.00319694
0 14 81 0.0529261 0.137409 2.84068 0.44675 0.00319862 0.000785385
0 15 25 0.0441785 0.0379434 3.41795 -0.0171577 0.000835671 0.000188317
0 16 0 0 0 0 0 0 0
0 17 0 0 0 0 0 0 0
0 18 0 0 0 0 0 0 0
0 19 0 0 0 0 0 0 0
0 20 0 0 0 0 0 0 0
0 21 0 0 0 0 0 0 0
0 22 0 0 0 0 0 0 0
0 23 0 0 0 0 0 0 0
1 0 28 0.0897559 -0.104854 -0.274167 -1.74389 0.00319839 0.00107763
1 1 25 0.100816 -0.0599561 -0.0681058 -2.24874 0.00296401 0.00108431
1 2 29 0.0838879 -0.0370405 -0.219437 -1.43509 0.00336994 0.00108453
1 3 43 0.08016 -0.154576 -0.189243 -0.870281 0.00497275 0.00155309
1 4 41 0.0753599 0.0809015 -0.319748 -0.697294 0.00463533 0.0013915
1 5 60 0.0653488 0.0175221 -0.286018 0.279345 0.0068665 0.00189074
1 6 384 0.135481 0.05512 0.198371 -0.568119 0.0447751 0.0205598
1 7 1611 0.142288 0.112004 0.437307 0.628467 0.1748 0.083537
1 8 1340 0.134512 0.120354 0.661843 0.540113 0.132362 0.0604266
1 9 1112 0.126497 0.142175 0.898687 0.44844 0.0979163 0.0425592
1 10 965 0.111654 0.162385 1.13294 0.624442 0.0755874 0.0298272
1 11 677 0.0972243 0.20709 1.51549 0.583529 0.0441023 0.0157174
1 12 436 0.0898316 0.20133 1.94932 0.251207 0.0235921 0.00795351
1 13 216 0.0671949 0.3369 2.47267 0.494074 0.00956483 0.00267707
1 14 93 0.055683 0.323322 2.74174 0.378579 0.00377057 0.000950365
1 15 18 0.0256969 0.461663 3.94337 2.79574 0.000523376 9.71065e-05
1 16 0 0 0 0 0 0 0
1 17 0 0 0 0 0 0 0
1 18 0 0 0 0 0 0 0
1 19 0 0 0 0 0 0 0
1 20 0 0 0 0 0 0 0
1 21 0 0 0 0 0 0 0
1 22 0 0 0 0 0 0 0
1 23 0 0 0 0 0 0 0
2 0 32 0.0746175 -0.328399 -0.0279268 -0.905549 0.00361808 0.00107938
2 1 32 0.0700978 -0.385568 -0.166109 -0.682352 0.00351253 0.0010083
2 2 39 0.0793294 -0.384005 -0.271979 -0.998276 0.00420098 0.0013032
2 3 47 0.0695707 -0.161413 -0.223445 -0.22243 0.00539406 0.00154136
2 4 51 0.0444935 -0.411745 -0.406992 1.78526 0.00525438 0.00118782
2 5 83 0.064273 -0.0373293 -0.317262 0.664902 0.00941236 0.00256701
2 6 738 0.141252 0.0866573 0.20561 -0.059183 0.0857486 0.0407342
2 7 1552 0.144246 0.180105 0.472997 0.52401 0.16485 0.0796726
2 8 1339 0.128196 0.234099 0.723072 0.662033 0.126911 0.0557484
2 9 1039 0.12124 0.275828 0.917767 0.502881 0.0893037 0.0375426
2 10 919 0.10689 0.330835 1.20853 0.677181 0.0682449 0.026063
2 11 657 0.0939513 0.37595 1.58936 0.632875 0.0408419 0.014206
2 12 407 0.082946 0.431596 2.05034 0.431708 0.0208696 0.00666611
2 13 182 0.0688327 0.488079 2.48517 0.210235 0.00795714 0.00225924
2 14 64 0.0508831 0.411707 2.71322 0.427262 0.00260855 0.000628029
2 15 14 0.0328378 0.622932 3.88948 0.924519 0.000410105 8.2184e-05
2 16 0 0 0 0 0 0 0
2 17 0 0 0 0 0 0 0
2 18 0 0 0 0 0 0 0
2 19 0 0 0 0 0 0 0
2 20 0 0 0 0 0 0 0
2 21 0 0 0 0 0 0 0
2 22 0 0 0 0 0 0 0
2 23 0 0 0 0 0 0 0
3 0 34 0.0585567 -0.483152 -0.00747022 0.119456 0.00364445 0.000943552
3 1 39 0.0655282 -0.347075 -0.111594 -0.185921 0.00436201 0.00120302
3 2 42 0.0676584 -0.27745 -0.262752 -0.251317 0.00467062 0.00131258
3 3 68 0.0544835 -0.361382 -0.104559 1.17553 0.00757681 0.0018882
3 4 77 0.0568019 -0.343596 -0.22863 1.09865 0.00847339 0.00215824
3 5 102 0.0585886 -0.1396 -0.361147 1.25074 0.0113237 0.00293259
3 6 1255 0.145309 0.213261 0.281997 0.342156 0.14086 0.0684918
3 7 1441 0.136156 0.267093 0.504139 0.617352 0.149003 0.0686953
3 8 1248 0.125988 0.355974 0.761344 0.612085 0.113736 0.0492779
3 9 1018 0.119285 0.414108 0.975978 0.488019 0.0831552 0.0345186
3 10 763 0.105307 0.511269 1.30045 0.475178 0.0528622 0.0199661
3 11 579 0.0971635 0.521671 1.59025 0.364746 0.0353548 0.0125943
3 12 343 0.0792274 0.603702 2.04353 0.424896 0.0173477 0.00537699
3 13 148 0.06033 0.70162 2.51461 0.536159 0.00630236 0.00165855
3 14 56 0.0403543 0.612157 2.73286 1.44353 0.00224183 0.000485956
3 15 11 0.0498495 0.857747 3.50193 -1.48376 0.000349995 8.34225e-05
3 16 0 0 0 0 0 0 0
3 17 0 0 0 0 0 0 0
3 18 0 0 0 0 0 0 0
3 19 0 0 0 0 0 0 0
3 20 0 0 0 0 0 0 0
3 21 0 0 0 0 0 0 0
3 22 0 0 0 0 0 0 0
3 23 0 0 0 0 0 0 0
4 0 52 0.0638176 -0.359601 0.0545149 0.213991 0.00581763 0.00158017
4 1 53 0.0667092 -0.246912 -0.0987388 0.0741379 0.00609761 0.00169936
4 2 44 0.0616919 -0.297607 -0.0721956 0.209473 0.0050085 0.00133454
4 3 56 0.0550671 -0.422081 -0.272879 0.886336 0.00595662 0.00149266
4 4 95 0.0659033 -0.216271 -0.255653 0.689653 0.0107242 0.00296756
4 5 474 0.132608 0.151027 0.121514 -0.282461 0.0553974 0.0250016
4 6 1673 0.149425 0.290275 0.384872 0.490818 0.179409 0.0892797
4 7 1391 0.136725 0.406522 0.605296 0.495649 0.133804 0.0618968
4 8 1180 0.125525 0.494489 0.798632 0.519651 0.102389 0.0442328
4 9 924 0.114766 0.544088 1.0667 0.458043 0.0705089 0.0284113
4 10 699 0.101305 0.666191 1.39019 0.460167 0.0452864 0.0166253
4 11 497 0.0856382 0.723725 1.69781 0.609898 0.0281863 0.00919756
4 12 256 0.069835 0.894073 2.12005 0.573857 0.0121478 0.00347921
4 13 99 0.0559734 0.979472 2.85338 0.338401 0.00370826 0.000937216
4 14 41 0.0404455 0.942493 3.09348 0.990125 0.00144196 0.000312861
4 15 0 0 0 0 0 0 0
4 16 0 0 0 0 0 0 0
4 17 0 0 0 0 0 0 0
4 18 0 0 0 0 0 0 0
4 19 0 0 0 0 0 0 0
4 20 0 0 0 0 0 0 0
4 21 0 0 0 0 0 0 0
4 22 0 0 0 0 0 0 0
4 23 0 0 0 0 0 0 0
5 0 80 0.0671469 -0.352345 0.000795695 0.434242 0.00898254 0.00251304
5 1 78 0.062227 -0.410134 -0.0262788 0.711552 0.00858868 0.00229962
5 2 93 0.0674837 -0.2967 -0.0990865 0.575827 0.0105665 0.00296495
5 3 103 0.0595588 -0.333447 -0.176954 1.1914 0.0114718 0.00299765
5 4 304 0.116916 0.0550142 0.0263532 -0.275788 0.0361233 0.0147645
5 5 1531 0.146611 0.333054 0.262337 0.487369 0.167804 0.0821969
5 6 1371 0.139633 0.457508 0.471563 0.443829 0.136406 0.064191
5 7 1169 0.125136 0.53491 0.677187 0.558922 0.105359 0.0454047
5 8 1018 0.115554 0.646922 0.904918 0.573019 0.0810211 0.0328185
5 9 818 0.101025 0.69367 1.11945 0.732905 0.0588907 0.021576
5 10 549 0.0944736 0.835479 1.47852 0.404083 0.0331628 0.0115801
5 11 345 0.0813642 0.976362 1.97241 0.300434 0.0169901 0.0053584
5 12 202 0.0648773 1.15126 2.27864 0.554655 0.00877065 0.00240494
5 13 71 0.0461502 1.14927 2.83027 0.909172 0.00262968 0.000604388
5 14 23 0.0364592 1.3161 3.21017 0.921706 0.000758323 0.000157881
5 15 0 0 0 0 0 0 0
5 16 0 0 0 0 0 0 0
5 17 0 0 0 0 0 0 0
5 18 0 0 0 0 0 0 0
5 19 0 0 0 0 0 0 0
5 20 0 0 0 0 0 0 0
5 21 0 0 0 0 0 0 0
5 22 0 0 0 0 0 0 0
5 23 0 0 0 0 0 0 0
6 0 126 0.0605788 -0.384127 0.00904428 1.3165 0.014002 0.00369321
6 1 131 0.0542721 -0.295928 -0.072884 1.8708 0.0149178 0.00371018
6 2 167 0.0584538 -0.3429 -0.0637276 1.76639 0.018772 0.00485547
6 3 506 0.128877 0.181006 0.0408946 -0.118212 0.059227 0.0261266
6 4 1548 0.141216 0.371711 0.219121 0.621351 0.169206 0.0803637
6 5 1481 0.136778 0.515758 0.37443 0.599745 0.14868 0.0688
6 6 1238 0.134928 0.629657 0.56587 0.366907 0.112486 0.0514808
6 7 1102 0.120252 0.724764 0.772433 0.539734 0.0900609 0.0376203
6 8 815 0.108369 0.861239 0.987296 0.480349 0.0588673 0.0227133
6 9 612 0.0975833 0.933246 1.24349 0.457601 0.0394127 0.0140832
6 10 413 0.0894399 1.02149 1.51823 0.267009 0.0235778 0.00792479
6 11 266 0.0668686 1.17574 1.95747 0.798139 0.0127033 0.00354529
6 12 141 0.0572113 1.18305 2.18014 0.76636 0.00627635 0.00160476
6 13 46 0.0427016 1.33083 2.98818 0.808071 0.00160096 0.000355438
6 14 13 0.0453338 2.0643 3.85589 -1.03274 0.000344946 7.86379e-05
6 15 0 0 0 0 0 0 0
6 16 0 0 0 0 0 0 0
6 17 0 0 0 0 0 0 0
6 18 0 0 0 0 0 0 0
6 19 0 0 0 0 0 0 0
6 20 0 0 0 0 0 0 0
6 21 0 0 0 0 0 0 0
6 22 0 0 0 0 0 0 0
6 23 0 0 0 0 0 0 0
7 0 662 0.129918 0.197443 0.010041 0.120776 0.0773131 0.0343243
7 1 865 0.134192 0.286861 0.0809513 0.25459 0.0986857 0.044966
7 2 1290 0.14096 0.405704 0.111881 0.448988 0.141547 0.0671271
7 3 1586 0.140384 0.516908 0.221678 0.613452 0.164566 0.0777825
7 4 1389 0.134705 0.641778 0.354303 0.542761 0.133361 0.060953
7 5 1211 0.13229 0.715437 0.491398 0.401397 0.108876 0.0490428
7 6 1101 0.118963 0.844284 0.653812 0.572013 0.0895926 0.0371128
7 7 905 0.107919 0.929876 0.823023 0.633126 0.0675738 0.0259915
7 8 679 0.0953611 1.03835 1.13424 0.653867 0.0440676 0.0154901
7 9 508 0.088558 1.24992 1.40344 0.490674 0.0284081 0.00948355
7 10 314 0.0804119 1.3328 1.74907 0.252702 0.0154742 0.00484281
7 11 157 0.0684175 1.31278 1.96764 0.146013 0.00727802 0.00205895
7 12 60 0.0452343 1.72049 2.64416 0.812043 0.0021584 0.000491565
7 13 20 0.0363593 1.85139 3.0517 0.771364 0.000642316 0.000133589
7 14 0 0 0 0 0 0 0
7 15 0 0 0 0 0 0 0
7 16 0 0 0 0 0 0 0
7 17 0 0 0 0 0 0 0
7 18 0 0 0 0 0 0 0
7 19 0 0 0 0 0 0 0
7 20 0 0 0 0 0 0 0
7 21 0 0 0 0 0 0 0
7 22 0 0 0 0 0 0 0
7 23 0 0 0 0 0 0 0
8 0 1460 0.137686 0.648985 0.0381307 0.557292 0.145723 0.0677948
8 1 1529 0.135985 0.696971 0.133566 0.617845 0.148443 0.0683675
8 2 1341 0.138082 0.748239 0.19064 0.405004 0.126359 0.0589237
8 3 1273 0.133891 0.81324 0.330877 0.405436 0.113883 0.051797
8 4 1156 0.123962 0.899002 0.433031 0.513038 0.0974157 0.0416708
8 5 1000 0.117695 0.987515 0.572971 0.476411 0.0784383 0.0322241
8 6 806 0.106773 1.08139 0.759261 0.516798 0.0579048 0.022096
8 7 719 0.100909 1.19501 0.957414 0.5073 0.0468028 0.0171332
8 8 498 0.0895339 1.258 1.16014 0.501001 0.0299114 0.0100609
8 9 335 0.0812229 1.39248 1.51279 0.333469 0.0174428 0.00549489
8 10 162 0.0632945 1.63186 1.93917 0.445237 0.00707841 0.0019136
8 11 83 0.057856 1.80152 2.2351 0.0583986 0.0032504 0.000836081
8 12 34 0.0377605 1.94351 2.85708 1.11819 0.0011252 0.000237464
8 13 0 0 0 0 0 0 0
8 14 0 0 0 0 0 0 0
8 15 0 0 0 0 0 0 0
8 16 0 0 0 0 0 0 0
8 17 0 0 0 0 0 0 0
8 18 0 0 0 0 0 0 0
8 19 0 0 0 0 0 0 0
8 20 0 0 0 0 0 0 0
8 21 0 0 0 0 0 0 0
8 22 0 0 0 0 0 0 0
8 23 0 0 0 0 0 0 0
9 0 1119 0.1247 0.973352 0.0400624 0.471859 0.0954207 0.0410087
9 1 1156 0.122267 1.02155 0.146974 0.543515 0.0957637 0.0405243
9 2 1040 0.119764 1.06206 0.253342 0.479682 0.0836217 0.0348203
9 3 985 0.116004 1.08608 0.383893 0.506827 0.0768712 0.0312305
9 4 847 0.112535 1.18093 0.520975 0.394579 0.0617551 0.0245145
9 5 776 0.101668 1.24944 0.635809 0.61664 0.0536468 0.0197459
9 6 605 0.0946659 1.36197 0.87389 0.529088 0.0378619 0.0132401
9 7 460 0.0893933 1.46145 1.1472 0.364994 0.0259541 0.00872038
9 8 305 0.0781997 1.61186 1.33088 0.374362 0.0156697 0.00481612
9 9 205 0.0700474 1.90024 1.75642 0.238693 0.0087972 0.00252421
9 10 86 0.0643688 1.73739 1.84876 -0.260521 0.00375437 0.0010248
9 11 44 0.0463676 2.01485 2.37999 0.388655 0.00159954 0.000368424
9 12 14 0.0166579 2.11757 2.85917 6.34903 0.000450962 7.5704e-05
9 13 0 0 0 0 0 0 0
9 14 0 0 0 0 0 0 0
9 15 0 0 0 0 0 0 0
9 16 0 0 0 0 0 0 0
9 17 0 0 0 0 0 0 0
9 18 0 0 0 0 0 0 0
9 19 0 0 0 0 0 0 0
9 20 0 0 0 0 0 0 0
9 21 0 0 0 0 0 0 0
9 22 0 0 0 0 0 0 0
9 23 0 0 0 0 0 0 0
10 0 829 0.111039 1.32226 0.0655801 0.404365 0.0594836 0.0233748
10 1 815 0.104697 1.28314 0.17929 0.610645 0.0592822 0.022295
10 2 774 0.107517 1.40003 0.262185 0.402457 0.0529449 0.0203081
10 3 700 0.105898 1.39008 0.369269 0.349648 0.0475711 0.0180422
10 4 632 0.101094 1.44638 0.56256 0.36225 0.0407527 0.0149382
10 5 524 0.0934346 1.60023 0.78316 0.362412 0.0305331 0.0105792
10 6 388 0.0800424 1.67089 0.960579 0.588917 0.0212731 0.00663768
10 7 295 0.0772212 1.95368 1.28967 0.296611 0.0137959 0.00420612
10 8 155 0.0645156 2.03378 1.59037 0.303729 0.0066647 0.0018216
10 9 85 0.0648701 2.16639 1.80259 -0.397274 0.00338383 0.000927797
10 10 37 0.042039 2.3217 2.22726 0.687174 0.00130739 0.000288316
10 11 18 0.032356 2.45509 2.61354 1.35419 0.000575628 0.000114765
10 12 0 0 0 0 0 0 0
10 13 0 0 0 0 0 0 0
10 14 0 0 0 0 0 0 0
10 15 0 0 0 0 0 0 0
10 16 0 0 0 0 0 0 0
10 17 0 0 0 0 0 0 0
10 18 0 0 0 0 0 0 0
10 19 0 0 0 0 0 0 0
10 20 0 0 0 0 0 0 0
10 21 0 0 0 0 0 0 0
10 22 0 0 0 0 0 0 0
10 23 0 0 0 0 0 0 0
11 0 557 0.0954498 1.65532 0.109754 0.397887 0.0342324 0.0120409
11 1 525 0.0901138 1.63992 0.203066 0.555413 0.0323588 0.0109326
11 2 505 0.0919178 1.64969 0.36427 0.426191 0.0306229 0.0104895
11 3 453 0.0855731 1.81272 0.520378 0.503317 0.0252634 0.00823954
11 4 331 0.0798224 1.87592 0.608268 0.42259 0.0178211 0.00555063
11 5 281 0.0749412 1.90981 0.835683 0.463185 0.0144685 0.00432813
11 6 222 0.0666598 2.07024 1.19317 0.592021 0.010203 0.00284226
11 7 137 0.0632756 2.19762 1.3572 0.262459 0.00588844 0.00159163
11 8 82 0.0512616 2.71467 1.82867 0.481583 0.00285228 0.000689227
11 9 27 0.0379494 2.59835 2.00594 0.906997 0.000936699 0.00019807
11 10 20 0.0386843 2.6863 2.17598 0.45304 0.000661602 0.000140968
11 11 0 0 0 0 0 0 0
11 12 0 0 0 0 0 0 0
11 13 0 0 0 0 0 0 0
11 14 0 0 0 0 0 0 0
11 15 0 0 0 0 0 0 0
11 16 0 0 0 0 0 0 0
11 17 0 0 0 0 0 0 0
11 18 0 0 0 0 0 0 0
11 19 0 0 0 0 0 0 0
11 20 0 0 0 0 0 0 0
11 21 0 0 0 0 0 0 0
11 22 0 0 0 0 0 0 0
11 23 0 0 0 0 0 0 0
12 0 338 0.0721217 2.03628 0.0875471 0.820315 0.017724 0.005177
12 1 320 0.07895 2.04282 0.190823 0.400012 0.0166906 0.00516159
12 2 284 0.07943 2.00144 0.376271 0.262955 0.0149021 0.00462662
12 3 242 0.0735703 2.04846 0.543222 0.374287 0.0122942 0.00363548
12 4 186 0.0685918 2.3897 0.804066 0.250311 0.00816352 0.00231298
12 5 133 0.0666121 2.29573 0.983473 0.0448042 0.00588538 0.00163881
12 6 95 0.0570119 2.50745 1.16048 0.292976 0.0038489 0.000982274
12 7 45 0.0590064 2.62551 1.40245 -0.673336 0.00170605 0.000443539
12 8 30 0.034721 2.7703 1.83986 1.50963 0.00102843 0.000210245
12 9 10 0.0279153 3.25545 2.16313 1.6421 0.000295075 5.60867e-05
12 10 0 0 0 0 0 0 0
12 11 0 0 0 0 0 0 0
12 12 0 0 0 0 0 0 0
12 13 0 0 0 0 0 0 0
12 14 0 0 0 0 0 0 0
12 15 0 0 0 0 0 0 0
12 16 0 0 0 0 0 0 0
12 17 0 0 0 0 0 0 0
12 18 0 0 0 0 0 0 0
12 19 0 0 0 0 0 0 0
12 20 0 0 0 0 0 0 0
12 21 0 0 0 0 0 0 0
12 22 0 0 0 0 0 0 0
12 23 0 0 0 0 0 0 0
13 0 149 0.0636767 2.479 0.0724703 0.354615 0.00663335 0.00179945
13 1 130 0.0615496 2.68391 0.295222 0.29006 0.00537493 0.00143032
13 2 132 0.0558335 2.58392 0.552485 0.755124 0.00556214 0.00140391
13 3 96 0.0534644 2.6751 0.545065 0.606042 0.00393079 0.000970136
13 4 75 0.0514602 2.63267 0.912798 0.519178 0.00301597 0.000730178
13 5 60 0.0474614 2.76505 1.05721 0.630631 0.002286 0.000532267
13 6 20 0.0436118 3.17111 1.68474 -0.219773 0.000638753 0.000143123
13 7 15 0.023566 2.85796 1.32677 3.47246 0.000540178 9.79079e-05
13 8 0 0 0 0 0 0 0
13 9 0 0 0 0 0 0 0
13 10 0 0 0 0 0 0 0
13 11 0 0 0 0 0 0 0
13 12 0 0 0 0 0 0 0
13 13 0 0 0 0 0 0 0
13 14 0 0 0 0 0 0 0
13 15 0 0 0 0 0 0 0
13 16 0 0 0 0 0 0 0
13 17 0 0 0 0 0 0 0
13 18 0 0 0 0 0 0 0
13 19 0 0 0 0 0 0 0
13 20 0 0 0 0 0 0 0
13 21 0 0 0 0 0 0 0
13 22 0 0 0 0 0 0 0
13 23 0 0 0 0 0 0 0
14 0 49 0.0492477 2.98021 0.160491 0.24128 0.00185326 0.000439147
14 1 41 0.044968 2.95807 0.141182 0.518134 0.00156155 0.000354689
14 2 35 0.0430819 2.96218 0.509898 0.565582 0.00131535 0.000293154
14 3 16 0.0408234 2.9955 0.507898 0.0560176 0.0005955 0.000129707
14 4 19 0.0367336 3.30595 0.937513 0.696788 0.000632018 0.000131963
14 5 10 0.0314458 2.84116 1.04492 1.0989 0.000373411 7.37281e-05
14 6 0 0 0 0 0 0 0
14 7 0 0 0 0 0 0 0
14 8 0 0 0 0 0 0 0
14 9 0 0 0 0 0 0 0
14 10 0 0 0 0 0 0 0
14 11 0 0 0 0 0 0 0
14 12 0 0 0 0 0 0 0
14 13 0 0 0 0 0 0 0
14 14 0 0 0 0 0 0 0
14 15 0 0 0 0 0 0 0
14 16 0 0 0 0 0 0 0
14 17 0 0 0 0 0 0 0
14 18 0 0 0 0 0 0 0
14 19 0 0 0 0 0 0 0
14 20 0 0 0 0 0 0 0
14 21 0 0 0 0 0 0 0
14 22 0 0 0 0 0 0 0
14 23 0 0 0 0 0 0 0
15 0 15 0.0350496 3.13052 0.176363 0.814899 0.000542591 0.000111308
15 1 0 0 0 0 0 0 0
15 2 10 0.0271688 3.92589 0.935554 1.79829 0.000286319 5.39829e-05
15 3 0 0 0 0 0 0 0
15 4 0 0 0 0 0 0 0
15 5 0 0 0 0 0 0 0
15 6 0 0 0 0 0 0 0
15 7 0 0 0 0 0 0 0
15 8 0 0 0 0 0 0 0
15 9 0 0 0 0 0 0 0
15 10 0 0 0 0 0 0 0
15 11 0 0 0 0 0 0 0
15 12 0 0 0 0 0 0 0
15 13 0 0 0 0 0 0 0
15 14 0 0 0 0 0 0 0
15 15 0 0 0 0 0 0 0
15 16 0 0 0 0 0 0 0
15 17 0 0 0 0 0 0 0
15 18 0 0 0 0 0 0 0
15 19 0 0 0 0 0 0 0
15 20 0 0 0 0 0 0 0
15 21 0 0 0 0 0 0 0
15 22 0 0 0 0 0 0 0
15 23 0 0 0 0 0 0 0
16 0 0 0 0 0 0 0 0
16 1 0 0 0 0 0 0 0
16 2 0 0 0 0 0 0 0
16 3 0 0 0 0 0 0 0
16 4 0 0 0 0 0 0 0
16 5 0 0 0 0 0 0 0
16 6 0 0 0 0 0 0 0
16 7 0 0 0 0 0 0 0
16 8 0 0 0 0 0 0 0
16 9 0 0 0 0 0 0 0
16 10 0 0 0 0 0 0 0
16 11 0 0 0 0 0 0 0
16 12 0 0 0 0 0 0 0
16 13 0 0 0 0 0 0 0
16 14 0 0 0 0 0 0 0
16 15 0 0 0 0 0 0 0
16 16 0 0 0 0 0 0 0
16 17 0 0 0 0 0 0 0
16 18 0 0 0 0 0 0 0
16 19 0 0 0 0 0 0 0
16 20 0 0 0 0 0 0 0
16 21 0 0 0 0 0 0 0
16 22 0 0 0 0 0 0 0
16 23 0 0 0 0 0 0 0
17 0 0 0 0 0 0 0 0
17 1 0 0 0 0 0 0 0
17 2 0 0 0 0 0 0 0
17 3 0 0 0 0 0 0 0
17 4 0 0 0 0 0 0 0
17 5 0 0 0 0 0 0 0
17 6 0 0 0 0 0 0 0
17 7 0 0 0 0 0 0 0
17 8 0 0 0 0 0 0 0
17 9 0 0 0 0 0 0 0
17 10 0 0 0 0 0 0 0
17 11 0 0 0 0 0 0 0
17 12 0 0 0 0 0 0 0
17 13 0 0 0 0 0 0 0
17 14 0 0 0 0 0 0 0
17 15 0 0 0 0 0 0 0
17 16 0 0 0 0 0 0 0
17 17 0 0 0 0 0 0 0
17 18 0 0 0 0 0 0 0
17 19 0 0 0 0 0 0 0
17 20 0 0 0 0 0 0 0
17 21 0 0 0 0 0 0 0
17 22 0 0 0 0 0 0 0
17 23 0 0 0 0 0 0 0
18 0 0 0 0 0 0 0 0
18 1 0 0 0 0 0 0 0
18 2 0 0 0 0 0 0 0
18 3 0 0 0 0 0 0 0
18 4 0 0 0 0 0 0 0
18 5 0 0 0 0 0 0 0
18 6 0 0 0 0 0 0 0
18 7 0 0 0 0 0 0 0
18 8 0 0 0 0 0 0 0
18 9 0 0 0 0 0 0 0
18 10 0 0 0 0 0 0 0
18 11 0 0 0 0 0 0 0
18 12 0 0 0 0 0 0 0
18 13 0 0 0 0 0 0 0
18 14 0 0 0 0 0 0 0
18 15 0 0 0 0 0 0 0
18 16 0 0 0 0 0 0 0
18 17 0 0 0 0 0 0 0
18 18 0 0 0 0 0 0 0
18 19 0 0 0 0 0 0 0
18 20 0 0 0 0 0 0 0
18 21 0 0 0 0 0 0 0
18 22 0 0 0 0 0 0 0
18 23 0 0 0 0 0 0 0
19 0 0 0 0 0 0 0 0
19 1 0 0 0 0 0 0 0
19 2 0 0 0 0 0 0 0
19 3 0 0 0 0 0 0 0
19 4 0 0 0 0 0 0 0
19 5 0 0 0 0 0 0 0
19 6 0 0 0 0 0 0 0
19 7 0 0 0 0 0 0 0
19 8 0 0 0 0 0 0 0
19 9 0 0 0 0 0 0 0
19 10 0 0 0 0 0 0 0
19 11 0 0 0 0 0 0 0
19 12 0 0 0 0 0 0 0
19 13 0 0 0 0 0 0 0
19 14 0 0 0 0 0 0 0
19 15 0 0 0 0 0 0 0
19 16 0 0 0 0 0 0 0
19 17 0 0 0 0 0 0 0
19 18 0 0 0 0 0 0 0
19 19 0 0 0 0 0 0 0
19 20 0 0 0 0 0 0 0
19 21 0 0 0 0 0 0 0
19 22 0 0 0 0 0 0 0
19 23 0 0 0 0 0 0 0
20 0 0 0 0 0 0 0 0
20 1 0 0 0 0 0 0 0
20 2 0 0 0 0 0 0 0
20 3 0 0 0 0 0 0 0
20 4 0 0 0 0 0 0 0
20 5 0 0 0 0 0 0 0
20 6 0 0 0 0 0 0 0
20 7 0 0 0 0 0 0 0
20 8 0 0 0 0 0 0 0
20 9 0 0 0 0 0 0 0
20 10 0 0 0 0 0 0 0
20 11 0 0 0 0 0 0 0
20 12 0 0 0 0 0 0 0
20 13 0 0 0 0 0 0 0
20 14 0 0 0 0 0 0 0
20 15 0 0 0 0 0 0 0
20 16 0 0 0 0 0 0 0
20 17 0 0 0 0 0 0 0
20 18 0 0 0 0 0 0 0
20 19 0 0 0 0 0 0 0
20 20 0 0 0 0 0 0 0
20 21 0 0 0 0 0 0 0
20 22 0 0 0 0 0 0 0
20 23 0 0 0 0 0 0 0
21 0 0 0 0 0 0 0 0
21 1 0 0 0 0 0 0 0
21 2 0 0 0 0 0 0 0
21 3 0 0 0 0 0 0 0
21 4 0 0 0 0 0 0 0
21 5 0 0 0 0 0 0 0
21 6 0 0 0 0 0 0 0
21 7 0 0 0 0 0 0 0
21 8 0 0 0 0 0 0 0
21 9 0 0 0 0 0 0 0
21 10 0 0 0 0 0 0 0
21 11 0 0 0 0 0 0 0
21 12 0 0 0 0 0 0 0
21 13 0 0 0 0 0 0 0
21 14 0 0 0 0 0 0 0
21 15 0 0 0 0 0 0 0
21 16 0 0 0 0 0 0 0
21 17 0 0 0 0 0 0 0
21 18 0 0 0 0 0 0 0
21 19 0 0 0 0 0 0 0
21 20 0 0 0 0 0 0 0
21 21 0 0 0 0 0 0 0
21 22 0 0 0 0 0 0 0
21 23 0 0 0 0 0 0 0
22 0 0 0 0 0 0 0 0
22 1 0 0 0 0 0 0 0
22 2 0 0 0 0 0 0 0
22 3 0 0 0 0 0 0 0
22 4 0 0 0 0 0 0 0
22 5 0 0 0 0 0 0 0
22 6 0 0 0 0 0 0 0
22 7 0 0 0 0 0 0 0
22 8 0 0 0 0 0 0 0
22 9 0 0 0 0 0 0 0
22 10 0 0 0 0 0 0 0
22 11 0 0 0 0 0 0 0
22 12 0 0 0 0 0 0 0
22 13 0 0 0 0 0 0 0
22 14 0 0 0 0 0 0 0
22 15 0 0 0 0 0 0 0
22 16 0 0 0 0 0 0 0
22 17 0 0 0 0 0 0 0
22 18 0 0 0 0 0 0 0
22 19 0 0 0 0 0 0 0
22 20 0 0 0 0 0 0 0
22 21 0 0 0 0 0 0 0
22 22 0 0 0 0 0 0 0
22 23 0 0 0 0 0 0 0
23 0 0 0 0 0 0 0 0
23 1 0 0 0 0 0 0 0
23 2 0 0 0 0 0 0 0
23 3 0 0 0 0 0 0 0
23 4 0 0 0 0 0 0 0
23 5 0 0 0 0 0 0 0
23 6 0 0 0 0 0 0 0
23 7 0 0 0 0 0 0 0
23 8 0 0 0 0 0 0 0
23 9 0 0 0 0 0 0 0
23 10 0 0 0 0 0 0 0
23 11 0 0 0 0 0 0 0
23 12 0 0 0 0 0 0 0
23 13 0 0 0 0 0 0 0
23 14 0 0 0 0 0 0 0
23 15 0 0 0 0 0 0 0
23 16 0 0 0 0 0 0 0
23 17 0 0 0 0 0 0 0
23 18 0 0 0 0 0 0 0
23 19 0 0 0 0 0 0 0
23 20 0 0 0 0 0 0 0
23 21 0 0 0 0 0 0 0
23 22 0 0 0 0 0 0 0
23 23 0 0 0 0 0 0 0
