#  ix    iy     NK     E/N         TK    Uxpi    UyK      muK      rho      epsilon
0 0 169 0.0559583 0.0516853 0.042448 5.75096 0.00860323 0.00506087
0 1 168 0.053057 0.0337548 0.106022 6.31327 0.00851886 0.00496547
0 2 151 0.0517392 0.0403304 0.138169 6.4817 0.0076255 0.00442626
0 3 180 0.0552597 0.0459044 0.147154 5.93724 0.00907647 0.00532748
0 4 166 0.0541774 0.0174584 0.239877 6.05173 0.00823457 0.00481681
0 5 157 0.0545037 0.0137041 0.286257 5.91997 0.00770023 0.0045089
0 6 154 0.0516353 -0.00701657 0.322895 6.48459 0.00747686 0.00433856
0 7 148 0.0521027 0.0263306 0.403069 6.31801 0.00700142 0.00406869
0 8 136 0.0517157 0.0513147 0.527701 6.26858 0.00613043 0.00355818
0 9 155 0.0453772 0.0174839 0.520318 7.95468 0.0070145 0.00399044
0 10 193 0.0483471 0.011085 0.603627 7.36481 0.00842978 0.00484087
0 11 185 0.0598394 0.056695 0.669209 4.97158 0.00783563 0.00466619
0 12 150 0.0496644 0.0219779 0.718619 6.7441 0.0062138 0.00358323
0 13 166 0.0497824 0.0265375 0.782082 6.78743 0.00666993 0.0038477
0 14 195 0.0507748 0.0105103 0.894861 6.66629 0.00741371 0.00429021
0 15 166 0.0467229 0.061779 1.03634 7.41566 0.00587556 0.00335678
0 16 166 0.0462013 0.0446659 1.02525 7.55958 0.00591077 0.00337133
0 17 172 0.0453704 0.0237715 1.09817 7.78483 0.00590767 0.00336071
0 18 170 0.0427192 0.0534379 1.27816 8.45894 0.00534164 0.00301332
0 19 149 0.0510572 0.0271703 1.45819 6.05827 0.00429895 0.00248997
0 20 145 0.0465688 0.0157189 1.51351 7.09093 0.00407803 0.0023287
0 21 114 0.051221 0.0510235 1.54497 5.71394 0.00315921 0.00183077
0 22 109 0.0396288 0.0406857 1.75106 8.82232 0.00275732 0.00154032
0 23 79 0.0357625 0.0255352 1.94664 9.93308 0.00184163 0.00101629
1 0 168 0.0529403 0.134029 0.00434314 6.33471 0.00849538 0.00494996
1 1 184 0.0569784 0.0590047 0.0433228 5.64704 0.0093627 0.00552542
1 2 167 0.0566825 0.0701109 0.17211 5.58985 0.00837698 0.00493907
1 3 166 0.0559446 0.0509626 0.183574 5.72002 0.00831974 0.0048939
1 4 171 0.0520194 0.0835997 0.223865 6.52811 0.00848557 0.00492986
1 5 175 0.0538681 0.0852179 0.281919 6.15303 0.00856484 0.0050051
1 6 192 0.0452487 0.104062 0.337366 8.26554 0.00923714 0.00525273
1 7 163 0.0538208 0.0576544 0.421113 6.05007 0.00765366 0.00447196
1 8 161 0.0531799 0.0440115 0.485107 6.145 0.00738479 0.00430613
1 9 163 0.054154 0.0729299 0.558939 5.92832 0.00724466 0.00423745
1 10 179 0.048312 0.0918344 0.593531 7.29951 0.00782913 0.00449544
1 11 187 0.0512842 0.0868834 0.683106 6.61119 0.00785796 0.00455463
1 12 148 0.0572619 0.0599943 0.750418 5.15619 0.00603266 0.00356338
1 13 147 0.0492911 0.0583319 0.809367 6.76718 0.0058238 0.00335437
1 14 171 0.0561354 0.0955252 0.95705 5.4043 0.00628806 0.00370104
1 15 164 0.051014 0.0643679 0.982504 6.39498 0.00596231 0.00345292
1 16 151 0.048984 0.083776 1.11411 6.71511 0.00513803 0.00295651
1 17 164 0.0461826 0.0786772 1.15489 7.48705 0.00546995 0.00311971
1 18 152 0.0478826 0.0911392 1.241 6.92879 0.00485796 0.00278562
1 19 152 0.0512813 0.0796125 1.41022 6.05018 0.0044811 0.00259731
1 20 151 0.0424801 0.0766533 1.4848 8.31624 0.00429966 0.00242368
1 21 115 0.040746 0.10761 1.64705 8.53282 0.0030403 0.00170441
1 22 121 0.0363875 0.0910441 1.74067 10.1795 0.00307209 0.00169866
1 23 105 0.0416763 0.127648 2.07012 7.95773 0.00232663 0.00130817
2 0 186 0.0550076 0.0935577 0.0409094 6.02526 0.00944071 0.00553685
2 1 162 0.0543306 0.148168 0.0735853 6.01151 0.00815447 0.00477227
2 2 152 0.0558943 0.118874 0.116367 5.64555 0.00764998 0.00449921
2 3 180 0.0568883 0.145874 0.203789 5.61369 0.00890818 0.00525568
2 4 155 0.0502983 0.136861 0.217156 6.80685 0.00765984 0.00442597
2 5 186 0.0492887 0.1343 0.270376 7.2124 0.00908483 0.0052326
2 6 170 0.052213 0.114224 0.355038 6.44347 0.00812666 0.00472424
2 7 174 0.0545829 0.164718 0.423795 5.95269 0.00808141 0.00473328
2 8 166 0.0489786 0.133263 0.444369 7.11872 0.00768288 0.00442078
2 9 193 0.0550752 0.120175 0.517485 5.93 0.00869596 0.00510116
2 10 178 0.0567262 0.116324 0.601235 5.50336 0.0077448 0.00456697
2 11 202 0.0492552 0.148992 0.67343 7.15191 0.00848389 0.00488596
2 12 182 0.0499056 0.14655 0.777722 6.84652 0.00728134 0.00420204
2 13 165 0.0488013 0.16034 0.836686 6.97999 0.00640824 0.00368527
2 14 166 0.0547187 0.133581 0.875817 5.68327 0.00633935 0.00371456
2 15 192 0.0474145 0.184244 1.00912 7.38881 0.00683798 0.00391518
2 16 170 0.0496694 0.169443 1.12858 6.65945 0.00571613 0.0032963
2 17 180 0.0459498 0.167021 1.2181 7.60729 0.00579476 0.00330253
2 18 147 0.0398582 0.187602 1.22064 9.27865 0.00471973 0.00263849
2 19 137 0.0466105 0.168074 1.32954 7.1047 0.00418024 0.00238737
2 20 123 0.0456273 0.161504 1.53653 7.16464 0.00340989 0.00194137
2 21 143 0.0410268 0.183559 1.68268 8.638 0.00371108 0.0020823
2 22 92 0.0420403 0.255036 1.79722 7.81395 0.0022649 0.00127493
2 23 87 0.0371795 0.200011 2.08499 9.38143 0.00191242 0.00106009
3 0 189 0.0524399 0.170308 0.0655055 6.54997 0.00948622 0.00551855
3 1 137 0.058023 0.157232 0.135291 5.14692 0.00684411 0.00405242
3 2 155 0.0534101 0.222755 0.172095 6.12808 0.00761233 0.00444203
3 3 184 0.0564682 0.200274 0.178631 5.70845 0.00906694 0.00534225
3 4 181 0.0570691 0.141735 0.252957 5.57645 0.00886937 0.00523578
3 5 158 0.0542837 0.213122 0.285836 5.94947 0.00759303 0.00444303
3 6 174 0.0540956 0.175205 0.370601 6.06559 0.00821417 0.00480363
3 7 168 0.0539661 0.155741 0.412168 6.04538 0.00784379 0.00458516
3 8 179 0.0528713 0.194892 0.477898 6.30334 0.00811553 0.0047276
3 9 164 0.0580097 0.198794 0.580624 5.19038 0.00713144 0.00422237
3 10 193 0.0516885 0.207311 0.564892 6.59387 0.00843723 0.00489665
3 11 172 0.0512848 0.199157 0.642904 6.5347 0.00728016 0.00421974
3 12 182 0.0501323 0.175722 0.740915 6.8087 0.00738771 0.00426648
3 13 171 0.0503815 0.2152 0.784406 6.66413 0.00676825 0.00391182
3 14 160 0.0490272 0.229153 0.943434 6.83572 0.00585699 0.00337067
3 15 155 0.0551169 0.213443 0.96851 5.48453 0.00561503 0.00329428
3 16 160 0.051866 0.23211 1.03463 6.14569 0.00560084 0.00325234
3 17 161 0.0495311 0.271813 1.18 6.6031 0.00523055 0.00301496
3 18 174 0.0513287 0.242794 1.28879 6.2231 0.00538288 0.00312047
3 19 142 0.0419409 0.277153 1.35005 8.47619 0.00425475 0.00239428
3 20 134 0.0391201 0.257565 1.50692 9.31099 0.0037425 0.00208731
3 21 133 0.0417766 0.311026 1.79969 8.26231 0.00325889 0.00183292
3 22 96 0.0385332 0.258406 1.80033 9.06673 0.00235982 0.0013137
3 23 72 0.0358765 0.305373 1.98819 9.76522 0.00163529 0.000902748
4 0 178 0.0547402 0.23589 0.0390946 6.01074 0.00883265 0.00517586
4 1 181 0.0559573 0.223462 0.0429997 5.79673 0.00900449 0.0052969
4 2 180 0.0539265 0.218748 0.148444 6.17725 0.00887866 0.00518945
4 3 134 0.053936 0.249759 0.14571 5.87386 0.00656768 0.00383883
4 4 170 0.0517099 0.214644 0.266495 6.56147 0.00820632 0.00476296
4 5 154 0.053428 0.185627 0.311987 6.09417 0.00738552 0.00430993
4 6 170 0.0499125 0.252015 0.404207 6.91763 0.0078305 0.00451906
4 7 165 0.0602274 0.26053 0.434882 4.86479 0.00750863 0.00447694
4 8 166 0.0572789 0.284069 0.536636 5.33548 0.00723939 0.0042764
4 9 164 0.0520641 0.266056 0.504604 6.36364 0.00726796 0.00422306
4 10 181 0.0511346 0.244285 0.636928 6.61464 0.00762872 0.00441967
4 11 186 0.0541892 0.268757 0.677038 5.97843 0.00767052 0.00448703
4 12 184 0.0526297 0.29589 0.772463 6.23885 0.00723367 0.00421067
4 13 154 0.0504669 0.261979 0.829797 6.51204 0.00592727 0.00342669
4 14 198 0.0503029 0.309293 0.873663 6.77253 0.00740927 0.00428125
4 15 175 0.0555267 0.309187 1.0262 5.4873 0.00609111 0.00357822
4 16 170 0.0474228 0.280563 1.12607 7.19796 0.00566186 0.00324187
4 17 187 0.0511896 0.292581 1.19823 6.36373 0.00600854 0.00348163
4 18 153 0.042636 0.356295 1.31074 8.34132 0.00462802 0.00261007
4 19 141 0.0452995 0.328979 1.46856 7.40981 0.00398133 0.00226436
4 20 156 0.0480477 0.368691 1.57882 6.73692 0.0041783 0.00239715
4 21 118 0.0426708 0.364607 1.67821 7.90678 0.00302945 0.00170871
4 22 90 0.0422113 0.400241 1.90742 7.6823 0.00209621 0.00118061
4 23 94 0.0425176 0.419317 1.98536 7.59744 0.00212004 0.00119519
5 0 156 0.0538819 0.294493 0.0218215 6.03509 0.00763332 0.00446094
5 1 149 0.0580523 0.290202 0.0796353 5.20346 0.00727957 0.00431065
5 2 174 0.0528499 0.290027 0.157864 6.34579 0.00842986 0.00491038
5 3 171 0.0572704 0.307557 0.17509 5.4646 0.00822462 0.00485826
5 4 179 0.0523226 0.270574 0.216939 6.48007 0.0086285 0.00501771
5 5 151 0.0572461 0.269839 0.264348 5.33691 0.00720703 0.00425684
5 6 188 0.0525966 0.312359 0.354076 6.42735 0.0086736 0.00504832
5 7 170 0.0534604 0.299411 0.444839 6.12195 0.00764389 0.00446116
5 8 171 0.055602 0.349371 0.546652 5.65664 0.00731914 0.00430065
5 9 163 0.053899 0.33799 0.569095 5.93568 0.00693483 0.00405296
5 10 167 0.0451858 0.306041 0.63179 8.00193 0.0069736 0.00396477
5 11 191 0.0520552 0.340274 0.735336 6.40646 0.00757148 0.0043993
5 12 173 0.0563095 0.375479 0.777634 5.43241 0.00668045 0.00393415
5 13 167 0.0524209 0.307221 0.833531 6.15575 0.00636995 0.00370545
5 14 180 0.0502052 0.357982 0.939663 6.66023 0.00647586 0.00374075
5 15 174 0.0506182 0.359222 0.980013 6.51329 0.00614152 0.00355225
5 16 160 0.0455183 0.353806 1.09321 7.64664 0.00535913 0.00305009
5 17 157 0.0495766 0.372568 1.17004 6.5589 0.00505821 0.00291604
5 18 125 0.0512148 0.403797 1.30445 5.89154 0.00376806 0.00218356
5 19 149 0.0485753 0.389748 1.46296 6.60985 0.00418978 0.00240775
5 20 124 0.0460283 0.387385 1.60136 7.01784 0.00328262 0.00187128
5 21 91 0.0413493 0.479595 1.73268 8.03391 0.00225685 0.00126762
5 22 97 0.040211 0.452736 1.75266 8.47635 0.00239308 0.00133931
5 23 93 0.0367438 0.46308 1.98687 9.64611 0.0020884 0.00115605
6 0 157 0.0586826 0.354573 0.0394728 5.12953 0.00754445 0.00447641
6 1 162 0.0550913 0.334754 0.127101 5.81578 0.00778149 0.00456495
6 2 166 0.0604527 0.332214 0.167493 4.88347 0.00793781 0.0047362
6 3 160 0.0595243 0.352353 0.185099 4.99167 0.00758459 0.0045122
6 4 193 0.0523567 0.326426 0.256083 6.52551 0.00909521 0.00528969
6 5 181 0.0484567 0.341508 0.319083 7.33035 0.00836604 0.00480593
6 6 186 0.0572611 0.347845 0.373637 5.49356 0.00845217 0.00499252
6 7 170 0.0559501 0.338763 0.412582 5.63526 0.00765145 0.00450087
6 8 186 0.057477 0.349949 0.485591 5.41751 0.00814264 0.00481297
6 9 171 0.0566064 0.3932 0.611177 5.43244 0.00705762 0.00416017
6 10 184 0.0546256 0.366727 0.642828 5.87575 0.00754599 0.00442028
6 11 168 0.0527984 0.439145 0.723717 6.10302 0.00654209 0.00381014
6 12 169 0.0506704 0.384696 0.772656 6.56245 0.00652731 0.00377602
6 13 179 0.0522072 0.398915 0.873832 6.23454 0.00658627 0.0038287
6 14 175 0.0548627 0.434095 0.96378 5.62257 0.00613606 0.00359707
6 15 171 0.0526578 0.443334 1.04796 6.00503 0.00575931 0.00335275
6 16 148 0.0445326 0.457859 1.14266 7.80464 0.00476114 0.00270131
6 17 144 0.0434557 0.421873 1.18841 8.07775 0.00456491 0.00258116
6 18 149 0.0407367 0.476247 1.27076 8.93024 0.00450967 0.00252808
6 19 139 0.0479107 0.499172 1.41098 6.71231 0.00393989 0.00225939
6 20 142 0.0365841 0.489614 1.50115 10.3304 0.00387634 0.00214469
6 21 127 0.0376691 0.552506 1.68279 9.69777 0.00318568 0.00176862
6 22 80 0.0408517 0.590792 1.97354 7.96325 0.00178241 0.000999565
6 23 70 0.0354571 0.572127 1.92249 9.92122 0.00159348 0.000878501
7 0 176 0.0512868 0.419426 0.0295001 6.66267 0.00827766 0.00479794
7 1 168 0.0519055 0.397687 0.0777159 6.48668 0.00794402 0.00461358
7 2 202 0.0532379 0.393375 0.163072 6.38306 0.00948219 0.00553014
7 3 171 0.0597994 0.393827 0.199986 4.99657 0.00798066 0.00475196
7 4 189 0.0523666 0.397529 0.263145 6.47948 0.00870432 0.00506251
7 5 178 0.0496333 0.408135 0.355555 7.00238 0.00798667 0.00460511
7 6 154 0.0562858 0.38782 0.398587 5.4643 0.00686672 0.00404355
7 7 188 0.0548514 0.411515 0.465985 5.90811 0.00814599 0.00477516
7 8 167 0.0550199 0.437597 0.512468 5.73312 0.0070658 0.00414416
7 9 193 0.0575781 0.472547 0.594222 5.36192 0.00784274 0.00463719
7 10 178 0.0540644 0.44787 0.669651 5.92211 0.00707214 0.00413537
7 11 204 0.0527264 0.442126 0.697484 6.32244 0.00802539 0.00467295
7 12 184 0.0527133 0.436797 0.80604 6.17696 0.00691982 0.00402904
7 13 196 0.0466383 0.470848 0.824674 7.64823 0.00725136 0.00414168
7 14 175 0.0503641 0.503806 0.904389 6.58091 0.00620318 0.00358503
7 15 182 0.0485271 0.47784 1.00155 7.01613 0.00621617 0.00357172
7 16 170 0.0460683 0.523253 1.09672 7.52526 0.00551145 0.00314224
7 17 174 0.0501549 0.572492 1.25337 6.4551 0.00521426 0.00301151
7 18 154 0.0491182 0.542695 1.3727 6.52952 0.00440689 0.00253687
7 19 118 0.0438322 0.541178 1.28547 7.70255 0.00350801 0.00198592
7 20 104 0.0434003 0.665344 1.64656 7.53279 0.00260347 0.00147183
7 21 106 0.0367835 0.666022 1.70566 9.84595 0.00259217 0.00143509
7 22 85 0.0406208 0.626935 1.86601 8.13835 0.00196414 0.00110068
7 23 59 0.0435624 0.64945 2.07864 6.75554 0.00125616 0.000710517
8 0 171 0.0560664 0.532366 -0.0213577 5.61974 0.0076998 0.00453098
8 1 186 0.0519 0.474055 0.110234 6.55936 0.00853283 0.00495545
8 2 200 0.0538416 0.486858 0.118388 6.2215 0.00912299 0.00533082
8 3 183 0.055382 0.481901 0.196187 5.82228 0.00828267 0.00486343
8 4 180 0.0492894 0.453624 0.255187 7.10319 0.00814632 0.00469206
8 5 193 0.051076 0.493963 0.293349 6.74028 0.00853821 0.00494566
8 6 183 0.054299 0.45352 0.373413 6.00491 0.00805035 0.00471086
8 7 200 0.0487702 0.479033 0.43241 7.27864 0.0085738 0.00493017
8 8 207 0.0512269 0.502615 0.521496 6.70864 0.00855341 0.00495683
8 9 163 0.0580654 0.501508 0.569059 5.10707 0.0066259 0.00392374
8 10 180 0.0547452 0.543024 0.696744 5.76033 0.00688282 0.00403334
8 11 178 0.0506961 0.527715 0.735148 6.58779 0.00673374 0.00389576
8 12 172 0.0512935 0.531841 0.762607 6.40811 0.00642688 0.00372526
8 13 174 0.0516372 0.574195 0.855079 6.29434 0.00618399 0.00358837
8 14 180 0.047974 0.586994 1.02783 7.10485 0.00592681 0.0033995
8 15 179 0.0465859 0.56281 1.02459 7.46196 0.00593664 0.00339021
8 16 175 0.0474554 0.589088 1.14405 7.15677 0.0054787 0.00313732
8 17 152 0.0508457 0.590999 1.20611 6.17991 0.00463127 0.00268066
8 18 143 0.0443653 0.611742 1.32376 7.70955 0.00412617 0.00233981
8 19 113 0.0428593 0.646604 1.44053 7.86667 0.00308467 0.00174089
8 20 121 0.0441667 0.68283 1.56597 7.48705 0.00311867 0.00176738
8 21 91 0.0344093 0.74544 1.82937 10.6685 0.00209694 0.00115224
8 22 86 0.0343445 0.7502 1.92105 10.6075 0.00191439 0.00105172
8 23 47 0.0359906 0.7926 2.11592 9.19465 0.00097048 0.000535937
9 0 174 0.0554148 0.533894 0.0183937 5.75982 0.00783028 0.00459827
9 1 177 0.0598201 0.528514 0.0915313 4.99029 0.00795809 0.00473883
9 2 185 0.0558917 0.533601 0.177516 5.71878 0.00822712 0.00483861
9 3 152 0.0454041 0.551355 0.153599 7.90595 0.00673064 0.00382928
9 4 200 0.0544788 0.534376 0.248822 6.05731 0.00879051 0.00514691
9 5 191 0.0581355 0.575409 0.359203 5.29126 0.0080646 0.00477677
9 6 185 0.0504694 0.559386 0.396407 6.78407 0.00778484 0.00450063
9 7 193 0.0560666 0.568057 0.445534 5.65591 0.0079838 0.0046981
9 8 208 0.0562715 0.574475 0.507761 5.6711 0.00842177 0.00495903
9 9 190 0.0511259 0.571783 0.562387 6.60783 0.00756224 0.00438103
9 10 197 0.0561779 0.594563 0.637295 5.58283 0.007577 0.00446028
9 11 182 0.0509267 0.614437 0.74211 6.52913 0.00668702 0.00387155
9 12 201 0.0526501 0.601175 0.804109 6.23504 0.00723699 0.00421287
9 13 200 0.0482497 0.616528 0.881673 7.19534 0.00694709 0.00398819
9 14 183 0.0517943 0.681793 1.02078 6.21272 0.00589702 0.00342355
9 15 178 0.050456 0.665029 1.04143 6.47772 0.00571315 0.00330279
9 16 176 0.05141 0.666368 1.14978 6.20826 0.00539917 0.00313071
9 17 146 0.0401824 0.693509 1.20679 9.08303 0.00434634 0.00243225
9 18 140 0.0464561 0.741426 1.39339 7.05604 0.00382279 0.00218217
9 19 127 0.0458023 0.752645 1.54081 7.07326 0.00326414 0.00185942
9 20 101 0.0415645 0.757754 1.63783 8.06495 0.00249764 0.00140383
9 21 86 0.0470999 0.826065 1.78641 6.23382 0.00198754 0.00113686
9 22 62 0.7226 0.830549 1.87188 -9.4668 0.00138802 0.000742723
9 23 41 0.0322995 0.965194 2.33992 10.7044 0.00076862 0.000419543
10 0 211 0.0502938 0.614131 0.0228843 6.98802 0.00917175 0.0052995
10 1 206 0.0549642 0.611592 0.0780447 5.97989 0.00894644 0.00524625
10 2 195 0.0471362 0.575773 0.148422 7.68368 0.0085515 0.00489198
10 3 196 0.0503953 0.614866 0.193558 6.87758 0.00840507 0.00485806
10 4 202 0.0537086 0.658969 0.260001 6.16695 0.00840975 0.00491199
10 5 222 0.0598319 0.661238 0.337018 5.12189 0.00909529 0.00541621
10 6 170 0.0512432 0.642522 0.414519 6.48879 0.00689009 0.00399312
10 7 205 0.0560032 0.63744 0.485523 5.68989 0.00816212 0.00480207
10 8 201 0.0559465 0.594186 0.493599 5.69483 0.00811575 0.00477393
10 9 201 0.0537155 0.61182 0.613243 6.08401 0.00775126 0.00452748
10 10 193 0.0564155 0.659757 0.672617 5.48305 0.00716697 0.00422209
10 11 215 0.0535119 0.711168 0.746859 6.11041 0.00763614 0.00445737
10 12 211 0.0508261 0.659556 0.828605 6.65171 0.00739085 0.00427768
10 13 189 0.0486507 0.68677 0.891213 7.01611 0.00640596 0.00368221
10 14 161 0.0479757 0.735815 0.953295 6.98273 0.00524771 0.00300999
10 15 166 0.0465246 0.74784 1.06785 7.33688 0.00515472 0.00294311
10 16 143 0.0546841 0.723539 1.18594 5.29309 0.00426235 0.00249726
10 17 155 0.0384535 0.780637 1.26607 9.72249 0.00441231 0.0024557
10 18 128 0.0454136 0.887436 1.43875 7.19814 0.00332505 0.00189179
10 19 112 0.0376987 0.844287 1.46155 9.5966 0.00291267 0.0016172
10 20 106 0.0441681 0.896119 1.68026 7.27127 0.00251439 0.00142493
10 21 74 0.0402293 1.03404 1.96368 8.03638 0.00155103 0.0008681
10 22 51 0.0334152 0.959289 2.04653 10.4538 0.0010528 0.000576688
10 23 36 0.0361182 1.05284 2.27788 8.78464 0.000679937 0.00037564
11 0 198 0.0544538 0.673325 0.0557652 6.01329 0.00837062 0.00490067
11 1 192 0.0537322 0.662693 0.096731 6.12948 0.00813922 0.00475434
11 2 211 0.0532334 0.657833 0.151874 6.32311 0.00892224 0.0052035
11 3 226 0.055552 0.713543 0.204112 5.90126 0.0092592 0.00543976
11 4 213 0.0552118 0.69569 0.287078 5.90215 0.00868305 0.00509579
11 5 183 0.0567775 0.682994 0.31982 5.45576 0.00745446 0.00439647
11 6 192 0.0550758 0.690096 0.40155 5.80242 0.00765522 0.00449066
11 7 195 0.0548423 0.754201 0.484515 5.81494 0.00740818 0.00434253
11 8 210 0.0510604 0.722081 0.532752 6.67542 0.00797439 0.00461885
11 9 178 0.0515189 0.748163 0.640467 6.36542 0.00647048 0.00375321
11 10 195 0.0568792 0.716873 0.6804 5.38508 0.00707606 0.00417464
11 11 167 0.0537071 0.805382 0.753018 5.78256 0.0057241 0.00334333
11 12 184 0.057142 0.772897 0.857786 5.19643 0.00614595 0.00362892
11 13 193 0.0493413 0.786709 0.918954 6.82971 0.00627386 0.00361417
11 14 182 0.0520722 0.84467 1.0286 6.0972 0.00557774 0.00324104
11 15 163 0.0472693 0.814039 1.09782 7.09483 0.0049108 0.00281046
11 16 170 0.0449937 0.892938 1.25782 7.66492 0.00471813 0.00268081
11 17 134 0.0436028 0.90339 1.38692 7.77824 0.00353535 0.00199994
11 18 140 0.0419887 0.959985 1.47528 8.27374 0.00352846 0.00198587
11 19 135 0.0400652 0.938357 1.53749 8.86137 0.00334326 0.00187022
11 20 102 0.0405329 0.975957 1.68946 8.35761 0.00237365 0.00132979
11 21 78 0.0306916 1.06321 1.88289 12.3637 0.00167043 0.000907176
11 22 43 0.03227 1.17094 2.08005 10.8178 0.000847713 0.000462672
11 23 24 0.0363417 1.25039 2.41689 8.21444 0.000422367 0.000233507
12 0 241 0.0550575 0.775408 0.0391531 6.04396 0.00971231 0.00569705
12 1 199 0.0527476 0.74206 0.106673 6.33017 0.00812367 0.00473049
12 2 172 0.0495869 0.770794 0.15556 6.86675 0.00689826 0.00397696
12 3 220 0.0538446 0.766575 0.199957 6.18463 0.00879812 0.00514104
12 4 191 0.0532531 0.769258 0.258066 6.15435 0.00756726 0.00441354
12 5 208 0.0546311 0.804013 0.376623 5.92505 0.00793577 0.00464869
12 6 199 0.0547785 0.793744 0.422543 5.84631 0.00754969 0.00442459
12 7 191 0.0582222 0.833484 0.510416 5.13011 0.00696915 0.00412905
12 8 192 0.0544949 0.839746 0.593843 5.80159 0.00682875 0.00399849
12 9 176 0.0525771 0.78536 0.604118 6.12415 0.0063787 0.00371238
12 10 191 0.0482741 0.870579 0.687421 7.12663 0.006525 0.00374617
12 11 169 0.0574235 0.84516 0.745664 5.07437 0.00572253 0.00338192
12 12 169 0.0522321 0.881502 0.887929 6.02756 0.00538329 0.00312964
12 13 186 0.0493788 0.912128 0.968364 6.72531 0.00570217 0.00328522
12 14 166 0.0488454 0.882793 0.977327 6.74526 0.00512169 0.00294581
12 15 157 0.0448407 0.894692 1.13774 7.67241 0.00455321 0.00258586
12 16 156 0.0462349 0.943354 1.19214 7.2495 0.00437403 0.00249509
12 17 131 0.0472329 0.974194 1.34327 6.75105 0.00344986 0.00197413
12 18 122 0.0444374 1.04712 1.52176 7.35775 0.0029633 0.00168077
12 19 87 0.0355749 1.02706 1.54738 10.1478 0.00210436 0.00116058
12 20 84 0.0384754 1.06424 1.70811 8.87544 0.00190707 0.00106147
12 21 59 0.034195 1.27731 2.12772 10.1459 0.00112507 0.000617791
12 22 24 0.72771 1.26811 2.24336 -10.6314 0.000442982 0.000238715
12 23 24 0.71024 1.24263 2.27724 -10.5596 0.00044042 0.000231636
13 0 212 0.0544814 0.863754 0.0815418 5.98358 0.00817003 0.00478365
13 1 193 0.0588861 0.870151 0.0986279 5.07631 0.00740792 0.00439823
13 2 186 0.0519351 0.838565 0.173183 6.38311 0.00720833 0.00418671
13 3 190 0.0510971 0.820159 0.201196 6.59337 0.00740629 0.0042903
13 4 209 0.0523608 0.835662 0.317794 6.38998 0.00794942 0.00462337
13 5 201 0.0553007 0.852959 0.355324 5.74285 0.00753198 0.00442151
13 6 186 0.0538252 0.898236 0.380331 5.92993 0.00679321 0.00396926
13 7 163 0.0438157 0.876927 0.526374 8.21264 0.00581395 0.00329116
13 8 176 0.0540439 0.903538 0.5624 5.78633 0.00614885 0.00359525
13 9 187 0.0568226 0.88922 0.668617 5.29154 0.00637791 0.00376209
13 10 199 0.0602019 0.921792 0.728476 4.73708 0.00658073 0.00392338
13 11 167 0.0485605 0.989816 0.78741 6.84557 0.00528439 0.00303665
13 12 187 0.0486602 0.933114 0.861195 6.93201 0.00590295 0.00339318
13 13 183 0.0491264 0.967145 0.974043 6.74872 0.00549778 0.00316494
13 14 177 0.0477402 0.996832 1.07686 7.01029 0.00508551 0.00291479
13 15 144 0.0430042 1.09384 1.22818 8.03533 0.00381696 0.00215516
13 16 137 0.0418577 1.05922 1.24522 8.34882 0.00364739 0.00205196
13 17 105 0.039203 1.11925 1.3579 8.9344 0.0026468 0.00147659
13 18 103 0.0405559 1.18669 1.47217 8.38417 0.00245675 0.00137644
13 19 93 0.0338366 1.22455 1.64935 10.9289 0.00207681 0.00113912
13 20 54 0.037231 1.25494 1.87377 8.8229 0.0011168 0.000619165
13 21 44 0.0346451 1.36109 2.08588 9.64062 0.000836425 0.000459947
13 22 22 0.729126 1.34722 2.15039 -10.7112 0.000411533 0.000222198
13 23 15 0.698076 1.46745 2.40253 -11.0462 0.000256164 0.00013242
14 0 191 0.0552418 0.944722 -0.0120178 5.69276 0.00708342 0.00415741
14 1 206 0.0510029 0.937326 0.0801379 6.64737 0.00765518 0.00443315
14 2 195 0.0561604 0.936603 0.207157 5.53224 0.0071798 0.00422623
14 3 221 0.0527019 0.940255 0.250404 6.3345 0.00808123 0.0047051
14 4 208 0.0584386 0.951478 0.283679 5.16991 0.0075308 0.00446487
14 5 186 0.0588169 0.993726 0.381215 4.95712 0.00649801 0.00385715
14 6 202 0.0532359 0.984986 0.423058 6.08425 0.00703007 0.00410001
14 7 214 0.0545722 0.996556 0.464074 5.85952 0.007347 0.00430299
14 8 219 0.0519185 0.980384 0.582656 6.4084 0.00736654 0.00427837
14 9 213 0.049132 1.00394 0.645046 6.98611 0.00698006 0.00401832
14 10 172 0.0529054 1.01107 0.713412 5.91007 0.00551579 0.00321351
14 11 195 0.0468666 0.997638 0.756899 7.43322 0.0062082 0.00354844
14 12 156 0.0494218 1.09517 0.89693 6.49868 0.00459226 0.00264613
14 13 171 0.0450262 1.1036 1.00198 7.68552 0.00486053 0.00276201
14 14 162 0.0411148 1.14363 1.07016 8.78981 0.00444788 0.00249642
14 15 140 0.0486926 1.17031 1.22817 6.43717 0.00362716 0.0020852
14 16 119 0.0452687 1.21023 1.34175 7.11512 0.00293991 0.0016719
14 17 111 0.0355375 1.14612 1.33727 10.4484 0.00279625 0.00154199
14 18 84 0.0446606 1.29984 1.57177 6.84245 0.00188667 0.00107087
14 19 85 0.0433924 1.3 1.67317 7.19402 0.00185096 0.00104639
14 20 55 0.0362097 1.43203 1.97589 9.19381 0.00106405 0.000588019
14 21 36 0.032856 1.52007 2.12495 10.2603 0.000656561 0.000359007
14 22 13 0.727205 1.51392 2.1218 -11.2522 0.000237578 0.000127937
14 23 0 0 0 0 0 0 0
15 0 194 0.0545439 1.05879 0.0689781 5.78605 0.00678869 0.00397565
15 1 237 0.0521878 1.03879 0.0916149 6.47826 0.00836914 0.00486481
15 2 209 0.0566975 1.04033 0.182843 5.45371 0.00733098 0.00432256
15 3 202 0.0529753 1.08018 0.278031 6.11651 0.00687978 0.00400905
15 4 215 0.0509085 1.01323 0.306534 6.65229 0.00753274 0.00436094
15 5 217 0.0571656 1.03172 0.365748 5.38692 0.00746739 0.0044095
15 6 214 0.053492 1.08138 0.451614 6.03988 0.00708726 0.00413671
15 7 208 0.0543596 1.06485 0.470645 5.84083 0.00691469 0.00404708
15 8 186 0.052753 1.10664 0.571427 6.0162 0.00594136 0.00345977
15 9 180 0.0545 1.10194 0.694124 5.60099 0.00559307 0.003275
15 10 150 0.0557443 1.07173 0.716481 5.18474 0.00469067 0.00275743
15 11 179 0.0467295 1.18549 0.860879 7.28184 0.00514852 0.00294148
15 12 147 0.0462574 1.16792 0.947684 7.19153 0.0041525 0.00236888
15 13 158 0.0464114 1.24813 1.09437 7.15236 0.00415976 0.00237418
15 14 143 0.041573 1.21389 1.09629 8.48333 0.00380566 0.00213907
15 15 138 0.0437066 1.24453 1.22721 7.73639 0.0034965 0.00197861
15 16 86 0.0413501 1.30398 1.3293 7.95011 0.00207594 0.00116601
15 17 83 0.0391267 1.3219 1.42962 8.64872 0.00193463 0.00107903
15 18 75 0.0356995 1.41201 1.66264 9.81634 0.00159465 0.000879817
15 19 45 0.0349486 1.40035 1.82352 9.59331 0.000915718 0.000504034
15 20 23 0.722387 1.5625 1.84445 -10.5954 0.000448576 0.000239961
15 21 17 0.703149 1.5543 2.08409 -10.8742 0.000311374 0.00016213
15 22 10 0.709909 1.60223 2.46818 -11.5449 0.000164164 8.63006e-05
15 23 0 0 0 0 0 0 0
16 0 189 0.0529216 1.08992 0.028706 6.07363 0.00651788 0.00379752
16 1 216 0.0538982 1.166 0.117417 5.9669 0.00715347 0.00418073
16 2 205 0.0542651 1.11679 0.189252 5.86067 0.00692217 0.00405024
16 3 199 0.056076 1.16907 0.279155 5.44757 0.00649365 0.00382132
16 4 200 0.0555815 1.12401 0.315092 5.56294 0.00663854 0.00390049
16 5 190 0.0525163 1.16541 0.38172 6.09657 0.00612618 0.00356473
16 6 206 0.0469676 1.16439 0.474767 7.45934 0.00654184 0.00374033
16 7 195 0.0472322 1.1984 0.542961 7.30804 0.00602032 0.00344504
16 8 213 0.0540323 1.20577 0.610565 5.83859 0.00646377 0.00377925
16 9 152 0.0488733 1.20477 0.682275 6.61813 0.00454069 0.00261187
16 10 160 0.0469878 1.17208 0.727062 7.14278 0.00479166 0.00273983
16 11 144 0.04835 1.27708 0.847897 6.62214 0.00401414 0.00230517
16 12 126 0.042574 1.27289 0.990386 8.04857 0.00338764 0.00191015
16 13 152 0.0451983 1.32227 1.07729 7.42304 0.00392244 0.00223015
16 14 123 0.0396941 1.31758 1.09976 8.93524 0.00315935 0.00176527
16 15 119 0.0398502 1.38546 1.218 8.79217 0.00289345 0.0016175
16 16 87 0.0382706 1.4182 1.41815 8.99068 0.00198064 0.0011017
16 17 86 0.0381235 1.46115 1.52703 8.99281 0.00187662 0.00104335
16 18 58 0.0347537 1.56764 1.72046 9.92503 0.00116813 0.00064257
16 19 32 0.0314978 1.73372 1.92565 10.8658 0.000587836 0.000320053
16 20 25 0.0429719 1.66118 1.95824 5.93537 0.000462852 0.000261312
16 21 15 0.717217 2.00228 2.61022 -11.2733 0.000222578 0.000118214
16 22 0 0 0 0 0 0 0
16 23 0 0 0 0 0 0 0
17 0 179 0.0500465 1.24521 -0.00996816 6.57232 0.00571836 0.00330152
17 1 208 0.0577651 1.31673 0.119439 5.12564 0.0064017 0.00378738
17 2 197 0.0478883 1.18528 0.175125 7.20933 0.00644038 0.00369307
17 3 219 0.0555796 1.2609 0.249132 5.5963 0.00686131 0.00403135
17 4 226 0.055422 1.26745 0.328513 5.64618 0.00699872 0.00411004
17 5 205 0.0505625 1.2443 0.403154 6.55966 0.00635254 0.00367366
17 6 178 0.0576018 1.32746 0.46194 4.95915 0.00526479 0.00311315
17 7 152 0.0489572 1.25473 0.537368 6.60728 0.00458319 0.00263702
17 8 173 0.0472107 1.31105 0.635745 7.12679 0.00499461 0.0028579
17 9 171 0.0435131 1.34022 0.719063 8.10935 0.00479307 0.00271066
17 10 140 0.0474245 1.38122 0.862749 6.78222 0.00373767 0.00214013
17 11 142 0.0482701 1.45695 0.892895 6.54924 0.00365924 0.00210083
17 12 143 0.0536549 1.46954 0.993578 5.32461 0.00358284 0.00209232
17 13 124 0.0457645 1.43269 1.08223 7.02494 0.00307832 0.00175336
17 14 113 0.0370495 1.46155 1.16669 9.78548 0.00271861 0.00150636
17 15 97 0.037632 1.56874 1.31918 9.32838 0.00217002 0.00120461
17 16 80 0.0401178 1.52019 1.41592 8.20727 0.00177031 0.000990479
17 17 56 0.0348285 1.66519 1.64697 9.8507 0.00112193 0.000617301
17 18 38 0.0338277 1.64039 1.59631 9.94894 0.000776189 0.000425723
17 19 26 0.033396 1.99921 2.03867 9.58724 0.000438465 0.000240161
17 20 0 0 0 0 0 0 0
17 21 0 0 0 0 0 0 0
17 22 0 0 0 0 0 0 0
17 23 0 0 0 0 0 0 0
18 0 193 0.0494558 1.35415 0.0288988 6.73252 0.00584869 0.00337046
18 1 198 0.0538934 1.30745 0.0788505 5.81349 0.00613019 0.00358263
18 2 175 0.0474319 1.29144 0.186172 7.15404 0.00543126 0.00310992
18 3 207 0.0507765 1.43548 0.254698 6.44999 0.00597387 0.00345702
18 4 186 0.0499002 1.40867 0.320316 6.54906 0.00540122 0.00311697
18 5 178 0.0460304 1.42105 0.394319 7.45725 0.00509683 0.00290551
18 6 168 0.056995 1.32028 0.475893 5.01151 0.00497396 0.00293555
18 7 171 0.049269 1.4089 0.527908 6.58516 0.00482932 0.00278138
18 8 168 0.0464725 1.45922 0.624846 7.22996 0.00456875 0.00260812
18 9 171 0.0438421 1.50128 0.705835 7.94959 0.00450408 0.00254988
18 10 140 0.0413049 1.46356 0.789553 8.53772 0.00368101 0.00206725
18 11 127 0.0418268 1.54178 0.933458 8.21013 0.00314364 0.00176839
18 12 107 0.0419976 1.59482 1.0081 7.94871 0.00255658 0.00143892
18 13 103 0.0437982 1.56382 1.054 7.35846 0.00246189 0.00139355
18 14 87 0.0360103 1.63057 1.18372 9.89594 0.00197328 0.00108979
18 15 73 0.031738 1.61448 1.37535 11.729 0.0015884 0.000865475
18 16 54 0.0370828 1.79817 1.60641 8.82587 0.00105545 0.000584878
18 17 25 0.0330838 1.64569 1.52104 9.91206 0.000519779 0.000284419
18 18 26 0.0429753 1.85143 1.92285 5.93978 0.000465374 0.000262739
18 19 13 0.0332304 1.78269 1.86843 9.06428 0.000239507 0.000131117
18 20 0 0 0 0 0 0 0
18 21 0 0 0 0 0 0 0
18 22 0 0 0 0 0 0 0
18 23 0 0 0 0 0 0 0
19 0 201 0.0478481 1.41778 0.0167453 7.13354 0.00591056 0.00338883
19 1 169 0.0506649 1.50119 0.126341 6.24973 0.00476856 0.00275854
19 2 173 0.0478095 1.53643 0.184443 6.93315 0.00479063 0.00274638
19 3 167 0.0425625 1.43739 0.252764 8.40397 0.00481603 0.00271546
19 4 185 0.0497136 1.46217 0.336739 6.56114 0.00523462 0.00301905
19 5 183 0.04913 1.47077 0.427356 6.67363 0.00510441 0.00293852
19 6 180 0.0461599 1.53999 0.462938 7.3728 0.00484975 0.00276579
19 7 153 0.0519316 1.55118 0.613833 5.79829 0.00401346 0.00233105
19 8 149 0.0458143 1.56203 0.649 7.23995 0.00386877 0.00220393
19 9 127 0.0396933 1.60721 0.725939 8.94708 0.00319611 0.0017858
19 10 137 0.0455347 1.59905 0.846587 7.18156 0.00338114 0.00192444
19 11 117 0.0438128 1.67842 0.972074 7.45954 0.00273548 0.00154849
19 12 94 0.0390502 1.70812 0.981016 8.79193 0.00217099 0.00121056
19 13 87 0.039606 1.72933 1.1328 8.47517 0.00193286 0.00107967
19 14 53 0.0405354 1.8248 1.24579 7.60117 0.00111497 0.000624641
19 15 45 0.0402655 1.81451 1.45341 7.48753 0.000907197 0.000507809
19 16 35 0.715374 1.87362 1.56585 -10.153 0.00067676 0.00035851
19 17 22 0.7132 2.03011 1.71492 -10.6809 0.00039531 0.000208777
19 18 13 0.693573 1.90105 1.83459 -11.1125 0.000234798 0.000120593
19 19 0 0 0 0 0 0 0
19 20 0 0 0 0 0 0 0
19 21 0 0 0 0 0 0 0
19 22 0 0 0 0 0 0 0
19 23 0 0 0 0 0 0 0
20 0 145 0.0462375 1.5573 0.0631003 7.15819 0.00399501 0.00227889
20 1 164 0.0489603 1.61396 0.138152 6.56469 0.00439539 0.00252899
20 2 173 0.047008 1.57959 0.166023 7.11882 0.00470277 0.00268918
20 3 174 0.0523083 1.64978 0.267592 5.84494 0.00455807 0.00265052
20 4 150 0.0460855 1.71353 0.364383 7.14724 0.00379396 0.00216317
20 5 137 0.046294 1.68877 0.409156 7.00698 0.00348647 0.00198916
20 6 135 0.0474457 1.66334 0.485658 6.69465 0.00344278 0.00197141
20 7 138 0.0467773 1.72021 0.556772 6.85666 0.00340765 0.00194717
20 8 106 0.0412612 1.75046 0.660371 8.18479 0.00254937 0.00143153
20 9 121 0.0444221 1.70006 0.765297 7.34676 0.00291803 0.00165501
20 10 78 0.0429057 1.7843 0.864078 7.30947 0.00179226 0.00101164
20 11 99 0.0342258 1.90569 0.978182 10.7728 0.00213664 0.00117338
20 12 59 0.0392117 1.98654 1.16937 8.13856 0.00119799 0.000668347
20 13 77 0.0400269 1.87281 1.23441 8.13757 0.00159968 0.000894757
20 14 42 0.0401593 2.01857 1.39494 7.40943 0.00080874 0.000452545
20 15 39 0.729388 1.89612 1.33644 -10.0632 0.000787685 0.000425447
20 16 19 0.0333247 2.09939 1.73932 9.34969 0.000333822 0.000182804
20 17 13 0.712993 2.20908 1.74717 -11.2574 0.000221921 0.00011717
20 18 0 0 0 0 0 0 0
20 19 0 0 0 0 0 0 0
20 20 0 0 0 0 0 0 0
20 21 0 0 0 0 0 0 0
20 22 0 0 0 0 0 0 0
20 23 0 0 0 0 0 0 0
21 0 131 0.044368 1.77871 0.0435124 7.47763 0.0032747 0.00185698
21 1 132 0.0459766 1.74732 0.120939 7.04885 0.00333919 0.00190322
21 2 148 0.0411084 1.73493 0.178296 8.62285 0.00375596 0.00210803
21 3 141 0.049112 1.78775 0.286949 6.29427 0.00347794 0.00200207
21 4 132 0.0426827 1.84577 0.398243 7.94271 0.00315192 0.00177785
21 5 124 0.0437324 1.83971 0.454067 7.55973 0.00295274 0.00167105
21 6 118 0.0469153 1.8468 0.514079 6.61876 0.00278444 0.00159175
21 7 92 0.0418488 1.86439 0.6406 7.81073 0.00212344 0.00119458
21 8 104 0.0398184 1.9666 0.747629 8.56414 0.00227781 0.00127322
21 9 84 0.0392017 1.93432 0.830882 8.57067 0.00183885 0.00102585
21 10 76 0.0314519 1.90014 0.873464 11.9368 0.00167275 0.000910614
21 11 67 0.0409535 2.09972 1.03133 7.64652 0.00134364 0.00075375
21 12 41 0.0387085 2.088 1.23785 7.91558 0.00079681 0.000443827
21 13 42 0.731596 2.16306 1.26423 -10.0644 0.000794354 0.000430348
21 14 19 0.72793 2.21535 1.49992 -10.8987 0.000339405 0.000182954
21 15 14 0.729037 2.00392 1.52197 -11.1556 0.00026379 0.00014241
21 16 0 0 0 0 0 0 0
21 17 0 0 0 0 0 0 0
21 18 0 0 0 0 0 0 0
21 19 0 0 0 0 0 0 0
21 20 0 0 0 0 0 0 0
21 21 0 0 0 0 0 0 0
21 22 0 0 0 0 0 0 0
21 23 0 0 0 0 0 0 0
22 0 129 0.042016 1.86479 0.0516394 8.13865 0.0031095 0.00175022
22 1 125 0.0460922 1.91869 0.102915 6.89186 0.00294426 0.00167874
22 2 108 0.0413232 1.96137 0.216282 8.14115 0.00249084 0.00139894
22 3 84 0.04578 1.91039 0.313448 6.57278 0.00196686 0.00112035
22 4 88 0.0398394 1.87489 0.354597 8.46788 0.00208412 0.00116503
22 5 96 0.0405922 1.92968 0.470631 8.26261 0.00220255 0.00123416
22 6 95 0.0365776 2.01448 0.568391 9.71503 0.00208943 0.00115601
22 7 78 0.0406309 2.03935 0.698508 7.97547 0.00167469 0.000938502
22 8 71 0.0351994 1.98247 0.722764 10.0082 0.00155132 0.000854561
22 9 47 0.0317507 2.01948 0.867699 11.2524 0.000993031 0.000541098
22 10 50 0.0366829 2.07509 0.924645 8.96209 0.00102775 0.00056881
22 11 39 0.731894 2.44207 1.19141 -10.2105 0.000687233 0.000372466
22 12 27 0.721111 2.24933 1.16372 -10.4695 0.00050593 0.000270163
22 13 21 0.710594 2.44371 1.31275 -10.7535 0.000363353 0.000191198
22 14 16 0.709298 2.54817 1.75127 -11.1168 0.000251205 0.000131945
22 15 10 0.706795 2.60617 1.77556 -11.5934 0.00015422 8.07177e-05
22 16 0 0 0 0 0 0 0
22 17 0 0 0 0 0 0 0
22 18 0 0 0 0 0 0 0
22 19 0 0 0 0 0 0 0
22 20 0 0 0 0 0 0 0
22 21 0 0 0 0 0 0 0
22 22 0 0 0 0 0 0 0
22 23 0 0 0 0 0 0 0
23 0 84 0.0446584 2.07831 0.0507868 6.82762 0.00185775 0.00105444
23 1 88 0.0310226 2.00347 0.118541 12.356 0.00200231 0.00108855
23 2 78 0.0359737 2.15713 0.175137 9.74421 0.00166923 0.000921766
23 3 75 0.0340852 2.03853 0.284989 10.5939 0.00167213 0.000917876
23 4 60 0.0409173 2.27481 0.44838 7.55581 0.00121235 0.00068002
23 5 59 0.0391993 2.24437 0.505896 8.14468 0.00119995 0.000669416
23 6 64 0.0345847 2.29019 0.588251 10.0875 0.00127188 0.000699272
23 7 57 0.0420647 2.18123 0.702095 7.13983 0.0011632 0.000654824
23 8 43 0.731331 2.18525 0.671383 -9.9617 0.000879237 0.000476161
23 9 45 0.0316992 2.47371 0.892713 11.0839 0.000816016 0.000444571
23 10 24 0.0343774 2.66027 1.13635 9.02666 0.000400059 0.000219805
23 11 19 0.716057 2.45849 1.23404 -10.8707 0.000331194 0.000175616
23 12 13 0.732033 2.51492 1.36548 -11.3557 0.000218799 0.000118607
23 13 0 0 0 0 0 0 0
23 14 0 0 0 0 0 0 0
23 15 0 0 0 0 0 0 0
23 16 0 0 0 0 0 0 0
23 17 0 0 0 0 0 0 0
23 18 0 0 0 0 0 0 0
23 19 0 0 0 0 0 0 0
23 20 0 0 0 0 0 0 0
23 21 0 0 0 0 0 0 0
23 22 0 0 0 0 0 0 0
23 23 0 0 0 0 0 0 0
