#  ix    iy     NK     E/N         TK    Uxpi    UyK      muK      rho      epsilon
0 0 106 0.0374605 0.0445825 0.0179875 10.1222 0.00448634 0.00248908
0 1 114 0.0342062 0.0161958 0.0735158 11.5949 0.00481688 0.00264512
0 2 106 0.0410554 0.038992 0.117633 8.81172 0.00445743 0.00250131
0 3 124 0.0409232 0.0327812 0.199346 9.0003 0.00515019 0.00288885
0 4 98 0.0343561 0.0148008 0.216668 11.3534 0.00405795 0.00222942
0 5 129 0.0468357 0.0223551 0.242664 7.28514 0.00531069 0.00303515
0 6 104 0.0414138 0.011305 0.314092 8.63482 0.00420403 0.00236179
0 7 124 0.0409419 0.0414097 0.374192 8.94779 0.0049173 0.00275839
0 8 118 0.0407982 0.0130987 0.435659 8.92574 0.00458355 0.00257
0 9 109 0.0385054 0.0255723 0.397009 9.67523 0.00429151 0.00238886
0 10 86 0.0383453 0.00740406 0.507022 9.45763 0.0032501 0.00180825
0 11 116 0.0383132 -0.0133936 0.537873 9.75631 0.0043285 0.00240799
0 12 125 0.0368504 0.0328136 0.59369 10.3819 0.00455262 0.00252098
0 13 130 0.0412169 0.028815 0.661945 8.78788 0.00459199 0.00257814
0 14 114 0.0396057 0.0322475 0.728349 9.17811 0.00390328 0.00218033
0 15 103 0.0369423 0.0497975 0.800718 10.0538 0.00340426 0.00188563
0 16 131 0.0340597 0.0621987 0.86131 11.5272 0.00420118 0.00230595
0 17 127 0.0390911 0.0331573 0.912947 9.38132 0.00397305 0.00221569
0 18 129 0.0447774 0.0441443 1.06306 7.49451 0.00374352 0.00212559
0 19 138 0.0353655 0.0340328 1.12659 10.8516 0.00388079 0.0021389
0 20 150 0.0357317 0.00209256 1.16245 10.7577 0.00414501 0.00228717
0 21 120 0.732764 -0.0121237 1.22668 -8.67211 0.00321274 0.00174331
0 22 116 0.0377748 0.0540448 1.37493 9.559 0.00288965 0.00160481
0 23 130 0.0398563 0.0102293 1.41777 8.88286 0.00317494 0.00177489
1 0 108 0.0384843 0.061357 0.0256919 9.74522 0.00456618 0.00254158
1 1 116 0.039815 0.0680554 0.0896235 9.32817 0.00488442 0.00273019
1 2 101 0.0382898 0.0929809 0.104384 9.74417 0.00423845 0.00235771
1 3 117 0.0390054 0.0754441 0.176199 9.61601 0.004869 0.0027146
1 4 88 0.0388203 0.0967196 0.197972 9.39365 0.00364147 0.00202904
1 5 116 0.0367878 0.0864764 0.260591 10.4477 0.00473984 0.00262413
1 6 118 0.0379598 0.084141 0.343763 9.97665 0.00471352 0.00261924
1 7 120 0.0425825 0.0353265 0.352861 8.39281 0.00479233 0.00270227
1 8 124 0.0328453 0.0756746 0.437121 12.2557 0.00480285 0.0026261
1 9 107 0.0369594 0.067045 0.448202 10.24 0.00412962 0.00228753
1 10 101 0.0389406 0.0766994 0.452538 9.41521 0.00388952 0.00216807
1 11 127 0.0376364 0.0696857 0.589598 10.0839 0.00462728 0.0025687
1 12 124 0.0436896 0.0737292 0.603035 7.99161 0.00449049 0.00254096
1 13 129 0.0324211 0.085921 0.654253 12.422 0.00456233 0.00249126
1 14 110 0.0340503 0.0657523 0.738108 11.4167 0.00374487 0.00205543
1 15 102 0.0452465 0.0770133 0.807659 7.25375 0.00335633 0.00190857
1 16 130 0.0349944 0.0509385 0.910356 11.0645 0.00407049 0.00224082
1 17 123 0.0373094 0.063994 0.985963 9.99146 0.00370745 0.00205596
1 18 114 0.0386467 0.049617 1.00454 9.39121 0.00340586 0.00189671
1 19 135 0.0432742 0.140739 1.07452 7.96956 0.00387929 0.00219223
1 20 129 0.0383675 0.0855515 1.11973 9.56118 0.0036351 0.00202259
1 21 127 0.038863 0.0708565 1.28007 9.28237 0.00330973 0.00184444
1 22 125 0.0371671 0.0789073 1.30793 9.90535 0.00321336 0.00178116
1 23 121 0.038503 0.0946907 1.57272 9.23017 0.00274747 0.00152936
2 0 116 0.0446552 0.099987 0.0218398 7.79631 0.00488971 0.00277533
2 1 121 0.0362629 0.0684908 0.0708838 10.7391 0.00510239 0.00282017
2 2 105 0.0349009 0.133956 0.0988521 11.1819 0.00438875 0.00241531
2 3 125 0.0414626 0.107895 0.159028 8.83174 0.00520143 0.00292258
2 4 126 0.0398958 0.129415 0.168909 9.36659 0.00522207 0.00291966
2 5 101 0.0443402 0.131706 0.261007 7.7123 0.00410771 0.00232916
2 6 131 0.0397185 0.108834 0.292993 9.44355 0.00529809 0.00296051
2 7 108 0.0358737 0.114432 0.349477 10.7321 0.00429507 0.00237103
2 8 112 0.0372047 0.136203 0.367467 10.2088 0.00441857 0.00244949
2 9 125 0.0372406 0.114745 0.479568 10.2668 0.00475046 0.00263378
2 10 115 0.0385667 0.100985 0.479432 9.67174 0.00437588 0.0024363
2 11 124 0.0384843 0.117443 0.562231 9.743 0.00455618 0.00253602
2 12 119 0.0368014 0.131057 0.688027 10.3044 0.0041301 0.00228666
2 13 123 0.0407167 0.114624 0.644921 8.9032 0.00435981 0.00244391
2 14 136 0.0382662 0.090037 0.786742 9.81696 0.00451777 0.0025129
2 15 132 0.0385695 0.121876 0.794013 9.66717 0.00436052 0.00242776
2 16 105 0.0383979 0.092633 0.884916 9.46022 0.00332391 0.00184962
2 17 110 0.0423632 0.143022 0.882279 8.13997 0.00347521 0.00195822
2 18 123 0.0412483 0.117613 1.05262 8.52801 0.00357796 0.00200902
2 19 125 0.0395466 0.100577 1.11717 9.09713 0.00352467 0.00196847
2 20 132 0.0373674 0.1594 1.20319 9.92689 0.00355667 0.0019727
2 21 133 0.0363239 0.160397 1.19867 10.3623 0.00359128 0.00198534
2 22 126 0.0333978 0.146304 1.38428 11.5471 0.00311501 0.0017062
2 23 90 0.732687 0.133706 1.46407 -9.07584 0.00214482 0.00116371
3 0 119 0.036432 0.177591 0.0307022 10.6405 0.00496242 0.00274427
3 1 118 0.0439592 0.106198 0.079558 8.01091 0.00495655 0.00280708
3 2 102 0.0393864 0.145536 0.107301 9.34243 0.00425307 0.00237407
3 3 122 0.036461 0.140904 0.155253 10.6478 0.00505949 0.00279821
3 4 114 0.033275 0.172649 0.218916 12.0089 0.00465305 0.00254765
3 5 128 0.0360702 0.193457 0.269034 10.8295 0.00514843 0.00284388
3 6 122 0.0363754 0.144753 0.309596 10.6498 0.0048917 0.00270468
3 7 115 0.0427166 0.131103 0.365967 8.29752 0.00454177 0.00256208
3 8 113 0.0361032 0.151692 0.37355 10.6676 0.00444079 0.00245326
3 9 102 0.0418363 0.226246 0.430422 8.4193 0.00388687 0.00218654
3 10 125 0.0382849 0.156266 0.480631 9.85516 0.00472719 0.00262954
3 11 101 0.0391606 0.15425 0.523812 9.29988 0.00375615 0.00209519
3 12 125 0.0398227 0.177202 0.588806 9.24612 0.00451189 0.00252202
3 13 113 0.0366555 0.153155 0.671738 10.3179 0.0039429 0.00218201
3 14 137 0.0398434 0.189811 0.735349 9.26316 0.00462301 0.0025843
3 15 116 0.0387532 0.203371 0.82163 9.44834 0.00375174 0.00209003
3 16 133 0.0379959 0.161448 0.861792 9.85627 0.00423747 0.00235498
3 17 128 0.043151 0.164025 0.976638 8.00024 0.00385377 0.00217696
3 18 126 0.0419208 0.223355 1.01783 8.34204 0.00369671 0.00208012
3 19 126 0.0388466 0.170754 1.13548 9.34614 0.00350637 0.00195392
3 20 130 0.0384918 0.177222 1.15349 9.50024 0.00358423 0.00199507
3 21 126 0.0349668 0.200939 1.27515 10.8578 0.00326962 0.00179978
3 22 103 0.0402887 0.211426 1.40206 8.49936 0.0025154 0.00140811
3 23 118 0.0388272 0.243567 1.54477 9.08958 0.00269361 0.00150092
4 0 113 0.0388797 0.174419 0.048941 9.62935 0.00471145 0.00262572
4 1 100 0.0435012 0.19929 0.105522 7.96487 0.00413349 0.00233756
4 2 101 0.0343107 0.24277 0.0992247 11.3945 0.00413966 0.00227398
4 3 127 0.0427867 0.185072 0.154028 8.41732 0.00523183 0.002952
4 4 122 0.039923 0.167689 0.184624 9.31674 0.00501584 0.0028046
4 5 124 0.0411616 0.208143 0.253266 8.88986 0.0049928 0.00280268
4 6 120 0.0347515 0.236252 0.294312 11.3303 0.00475722 0.00261686
4 7 108 0.0412309 0.206042 0.374108 8.69605 0.0042085 0.00236294
4 8 120 0.0369881 0.186651 0.421657 10.34 0.00461747 0.002558
4 9 108 0.0376865 0.194215 0.427695 9.95352 0.00414207 0.00229971
4 10 108 0.0396837 0.226957 0.482298 9.18439 0.00403839 0.00225636
4 11 123 0.0379615 0.231414 0.520817 9.93585 0.00452812 0.00251623
4 12 112 0.0372639 0.224109 0.604452 10.0828 0.00398876 0.00221163
4 13 129 0.0380549 0.214725 0.693804 9.87636 0.00442274 0.0024584
4 14 116 0.0408368 0.23581 0.716803 8.75729 0.00392353 0.00220019
4 15 127 0.0385436 0.216529 0.787384 9.63173 0.00416814 0.00232047
4 16 113 0.0366755 0.246846 0.893679 10.1937 0.00351121 0.00194323
4 17 126 0.0373683 0.224026 0.989353 9.97897 0.00374815 0.00207891
4 18 119 0.0345189 0.244855 0.973345 11.1468 0.00355896 0.00195628
4 19 132 0.0372956 0.273477 1.08446 10.0025 0.00372812 0.00206733
4 20 122 0.0407791 0.235861 1.16365 8.61272 0.00333016 0.00186711
4 21 134 0.0388593 0.271109 1.28796 9.32087 0.00343499 0.00191422
4 22 120 0.0400067 0.305791 1.38872 8.74812 0.00292495 0.00163592
4 23 97 0.0328594 0.295336 1.49835 11.491 0.00225159 0.00123118
5 0 124 0.0444175 0.265037 0.0355285 7.90168 0.00507589 0.00287884
5 1 120 0.040765 0.233748 0.0418628 9.01329 0.00494717 0.00277359
5 2 124 0.0420853 0.242478 0.0930671 8.60851 0.00508551 0.00286308
5 3 122 0.0378347 0.234354 0.157377 10.079 0.00497506 0.00276349
5 4 102 0.0427337 0.250799 0.222534 8.18939 0.00409783 0.00231177
5 5 113 0.0366326 0.231479 0.242555 10.4683 0.00453976 0.00251213
5 6 112 0.0406109 0.224601 0.299308 8.95837 0.00444475 0.0024907
5 7 129 0.0394307 0.308801 0.3686 9.47343 0.00492617 0.00275018
5 8 119 0.0410196 0.218913 0.412838 8.84819 0.00456822 0.0025632
5 9 121 0.041299 0.283769 0.497443 8.72922 0.00444916 0.0024986
5 10 128 0.0380747 0.271008 0.547162 9.91434 0.00462902 0.00257323
5 11 124 0.0452768 0.228837 0.590158 7.52506 0.00443961 0.00252482
5 12 130 0.0421336 0.301635 0.662295 8.46056 0.00445389 0.00250787
5 13 122 0.0370645 0.260209 0.680733 10.2091 0.00417778 0.00231498
5 14 121 0.0345998 0.243939 0.734266 11.24 0.00405505 0.00222954
5 15 140 0.0376282 0.281579 0.792326 10.0682 0.00454036 0.00252038
5 16 143 0.0450461 0.264238 0.883158 7.59288 0.00445516 0.00253181
5 17 107 0.0422159 0.276868 0.898938 8.1354 0.00330252 0.00186005
5 18 136 0.0348598 0.30427 1.05083 11.0794 0.00388802 0.00213946
5 19 120 0.0413166 0.312668 1.11018 8.43395 0.00333094 0.00187072
5 20 130 0.0417533 0.327509 1.23963 8.30859 0.0033877 0.00190523
5 21 124 0.0331577 0.373576 1.31109 11.6634 0.0031077 0.0017009
5 22 118 0.0373652 0.363354 1.41954 9.69514 0.00281847 0.00156325
5 23 129 0.0415068 0.354142 1.48455 8.26556 0.00299572 0.00168347
6 0 119 0.0377298 0.29569 0.0222692 10.0911 0.00483431 0.00268442
6 1 91 0.0354194 0.297169 0.0528926 10.7779 0.00369144 0.00203488
6 2 111 0.0360096 0.308432 0.0989428 10.7149 0.00447451 0.00247115
6 3 131 0.0456305 0.264697 0.118712 7.61063 0.00533106 0.00303519
6 4 111 0.0384286 0.2733 0.244108 9.73276 0.00441622 0.00245768
6 5 114 0.0414292 0.301315 0.274966 8.69173 0.0044727 0.00251285
6 6 119 0.0380789 0.288967 0.265781 9.92662 0.00469359 0.00260916
6 7 105 0.043015 0.288574 0.354099 8.09052 0.00404692 0.00228508
6 8 109 0.0384815 0.317402 0.4077 9.63935 0.00410329 0.00228392
6 9 116 0.0427017 0.301361 0.468611 8.24601 0.0042938 0.00242208
6 10 127 0.0397707 0.326114 0.447614 9.30695 0.00470763 0.002631
6 11 123 0.0374791 0.298337 0.567987 10.0924 0.00438667 0.00243392
6 12 143 0.0446216 0.329959 0.676826 7.79579 0.00484054 0.00274713
6 13 120 0.0438175 0.326695 0.648937 7.86616 0.00411367 0.00232868
6 14 123 0.0419849 0.375955 0.781659 8.38456 0.00393718 0.00221588
6 15 145 0.0392355 0.316649 0.801193 9.48719 0.00465489 0.00259713
6 16 134 0.0388704 0.38824 0.898125 9.48357 0.00405843 0.00226172
6 17 125 0.0402197 0.357817 0.976623 8.9012 0.00367093 0.00205452
6 18 139 0.040133 0.387788 1.0415 9.00191 0.00393963 0.0022043
6 19 135 0.0405692 0.394453 1.17069 8.76151 0.00359912 0.00201656
6 20 121 0.0346852 0.36283 1.14248 10.9901 0.00328438 0.0018063
6 21 131 0.0392421 0.401757 1.2725 9.14951 0.00332878 0.00185728
6 22 123 0.0447912 0.433714 1.38423 7.25514 0.00295814 0.00167972
6 23 97 0.0350014 0.428718 1.5177 10.4465 0.00220101 0.00121169
7 0 106 0.0402314 0.361541 0.0400517 9.03678 0.00422095 0.00236244
7 1 105 0.0393455 0.332075 0.0517729 9.34872 0.00421734 0.00235382
7 2 103 0.0441487 0.384932 0.142337 7.75052 0.0040376 0.00228801
7 3 116 0.0376479 0.32821 0.152636 10.0782 0.0046218 0.00256575
7 4 114 0.0421785 0.34851 0.251926 8.44267 0.00443759 0.00249905
7 5 109 0.0391534 0.298551 0.265324 9.4352 0.00428917 0.00239246
7 6 118 0.0384649 0.313012 0.318104 9.75243 0.00456594 0.00254129
7 7 128 0.0361826 0.3239 0.338073 10.7349 0.00491202 0.00271426
7 8 113 0.0423248 0.390343 0.39056 8.33945 0.00419157 0.00236159
7 9 116 0.0409148 0.350162 0.427099 8.82334 0.00430265 0.00241339
7 10 127 0.0434765 0.366382 0.535895 8.06023 0.00451368 0.00255236
7 11 116 0.0383409 0.385183 0.539928 9.69066 0.0040962 0.00227896
7 12 128 0.0463564 0.377586 0.656716 7.20549 0.00432331 0.0024671
7 13 140 0.0405055 0.370154 0.748128 9.0186 0.0045542 0.00255118
7 14 132 0.0375257 0.348667 0.77338 10.0459 0.00426518 0.00236686
7 15 120 0.044335 0.384521 0.849187 7.61447 0.00371935 0.00210891
7 16 114 0.0446928 0.398258 0.895213 7.43695 0.00345035 0.0019586
7 17 141 0.0401047 0.402224 0.979845 9.05203 0.00410154 0.00229469
7 18 135 0.0404451 0.471899 1.04551 8.84734 0.00375901 0.00210532
7 19 120 0.0423877 0.430479 1.04418 8.10175 0.00337069 0.00189947
7 20 103 0.0358281 0.465555 1.26708 10.2489 0.00259794 0.00143395
7 21 105 0.0376254 0.439609 1.25139 9.54149 0.00267845 0.00148681
7 22 105 0.035932 0.482643 1.35791 10.1804 0.00253643 0.00140046
7 23 106 0.0358509 0.455344 1.5058 10.1638 0.00240952 0.00133005
8 0 110 0.0390589 0.419509 0.0266734 9.47145 0.00429683 0.00239601
8 1 113 0.0422966 0.400221 0.0622625 8.40544 0.00443792 0.00250017
8 2 107 0.034694 0.389286 0.067664 11.2359 0.00421667 0.00231909
8 3 119 0.0372678 0.354611 0.162605 10.2448 0.00469757 0.00260468
8 4 101 0.0386307 0.384876 0.241816 9.53165 0.00389607 0.0021696
8 5 113 0.0390101 0.397699 0.27654 9.49215 0.0043092 0.00240254
8 6 145 0.0361612 0.414937 0.294386 10.8526 0.0054761 0.00302575
8 7 121 0.0377401 0.404675 0.357273 10.018 0.00451172 0.00250537
8 8 124 0.0382073 0.377231 0.370456 9.86711 0.00464497 0.00258317
8 9 138 0.0423828 0.403252 0.490957 8.48463 0.00493557 0.00278129
8 10 111 0.0340668 0.410277 0.570524 11.4361 0.00384823 0.00211227
8 11 150 0.0419317 0.42365 0.585131 8.67053 0.00515219 0.00289921
8 12 137 0.0369873 0.44412 0.629375 10.3363 0.00459888 0.0025477
8 13 145 0.0440327 0.454026 0.719816 7.93178 0.004679 0.0026505
8 14 113 0.0423068 0.411215 0.754637 8.20165 0.00363136 0.00204585
8 15 126 0.0360008 0.47465 0.876839 10.5502 0.00378077 0.00208796
8 16 131 0.0386186 0.45849 0.905295 9.5362 0.00389615 0.00216956
8 17 133 0.0398746 0.483695 0.951411 9.07002 0.00385318 0.00215418
8 18 126 0.0407199 0.482376 1.11471 8.65155 0.0033935 0.00190226
8 19 147 0.042227 0.504978 1.1477 8.29402 0.00388375 0.00218749
8 20 128 0.0364657 0.46052 1.21019 10.2231 0.00331515 0.00183351
8 21 122 0.0401411 0.528175 1.33019 8.71348 0.00296083 0.00165669
8 22 133 0.0348078 0.51699 1.42256 10.8786 0.00310655 0.00170916
8 23 102 0.0405563 0.585101 1.58347 8.27493 0.0022028 0.00123416
9 0 104 0.0379932 0.426046 0.0112522 9.81302 0.00405395 0.00225297
9 1 114 0.0405746 0.437147 0.061548 8.9649 0.00441906 0.00247601
9 2 112 0.0375655 0.41148 0.106068 10.054 0.00436778 0.0024241
9 3 110 0.0367474 0.433923 0.174584 10.3486 0.00422202 0.00233715
9 4 117 0.0400853 0.435576 0.197954 9.14528 0.00447212 0.00250187
9 5 130 0.0425516 0.491395 0.273393 8.40433 0.0048014 0.00270712
9 6 112 0.0374967 0.435297 0.344169 10.0299 0.00414966 0.00230254
9 7 107 0.0440829 0.489315 0.44062 7.70552 0.00378671 0.00214539
9 8 111 0.0389547 0.478394 0.427973 9.4275 0.00395813 0.00220642
9 9 117 0.0378046 0.44291 0.503038 9.9017 0.0041182 0.00228731
9 10 125 0.037887 0.464911 0.558739 9.9093 0.00428439 0.00238024
9 11 121 0.0454996 0.494507 0.651657 7.35136 0.00396844 0.00225846
9 12 102 0.0379662 0.469982 0.661178 9.63462 0.00335653 0.00186522
9 13 125 0.0402204 0.502754 0.753952 8.96785 0.00392481 0.00219662
9 14 135 0.0374431 0.531916 0.837575 10.0294 0.00406069 0.00225279
9 15 148 0.03994 0.500582 0.821535 9.20655 0.00451937 0.00252714
9 16 144 0.0372902 0.537668 0.898695 10.1271 0.00421384 0.00233663
9 17 136 0.0370494 0.554532 1.00013 10.1187 0.00379342 0.0021019
9 18 115 0.0435234 0.564573 1.08366 7.66605 0.00308617 0.0017454
9 19 133 0.0392694 0.569269 1.1484 9.18017 0.00346658 0.00193433
9 20 125 0.0416297 0.547723 1.26137 8.26466 0.00311508 0.00175123
9 21 121 0.0320219 0.56768 1.38996 12.1585 0.00284215 0.00155
9 22 120 0.035632 0.592445 1.40722 10.4035 0.0027859 0.00153674
9 23 86 0.0343405 0.609237 1.46635 10.6237 0.00194192 0.00106683
10 0 118 0.0386215 0.562507 -0.00495598 9.64711 0.00435782 0.00242666
10 1 142 0.0375972 0.516263 0.0865143 10.2408 0.00533076 0.00295885
10 2 120 0.0389718 0.542908 0.0976348 9.53888 0.00445229 0.00248202
10 3 127 0.0389773 0.471246 0.188734 9.61174 0.00479849 0.00267506
10 4 127 0.0387057 0.535571 0.265239 9.67398 0.00461925 0.00257293
10 5 120 0.0374528 0.473634 0.29486 10.115 0.00444041 0.00246353
10 6 135 0.0399215 0.507671 0.364382 9.28385 0.00485105 0.00271245
10 7 125 0.0377942 0.523212 0.369968 9.98539 0.00445956 0.00247683
10 8 130 0.0386399 0.54519 0.44967 9.67201 0.0044985 0.00250514
10 9 155 0.039967 0.47835 0.496773 9.37637 0.00540674 0.00302359
10 10 139 0.0443896 0.532946 0.557943 7.82489 0.00466313 0.0026445
10 11 138 0.0394879 0.515045 0.626115 9.37177 0.00454222 0.00253628
10 12 138 0.0391964 0.523351 0.685893 9.45129 0.00442742 0.00246991
10 13 131 0.035594 0.537398 0.711146 10.8171 0.00414366 0.00228543
10 14 149 0.0389152 0.603296 0.808202 9.55813 0.00444533 0.00247769
10 15 132 0.0380188 0.594364 0.881576 9.74688 0.00383201 0.0021298
10 16 122 0.0357183 0.59366 0.90622 10.5961 0.00350632 0.00193466
10 17 152 0.0371422 0.615375 0.966789 10.1913 0.00423457 0.00234702
10 18 115 0.0353675 0.636225 1.05405 10.6171 0.00307218 0.00169324
10 19 142 0.0393155 0.642733 1.16523 9.20535 0.00361468 0.00201726
10 20 122 0.036724 0.607731 1.17065 10.0567 0.00312315 0.00172873
10 21 122 0.0378683 0.665425 1.35772 9.50948 0.00285169 0.00158419
10 22 113 0.0392496 0.757033 1.4885 8.8443 0.00245991 0.00137253
10 23 91 0.0356254 0.716827 1.56465 10.043 0.0019372 0.00106856
11 0 116 0.0385174 0.549842 0.0019725 9.67435 0.00430711 0.00239763
11 1 127 0.0425801 0.562942 0.0703621 8.36996 0.00468058 0.00263924
11 2 112 0.0415556 0.592172 0.0643344 8.55792 0.00407725 0.0022916
11 3 139 0.0376965 0.53884 0.157542 10.1646 0.00513585 0.00285155
11 4 129 0.0371321 0.504952 0.221612 10.3179 0.00478657 0.00265289
11 5 119 0.0405068 0.568342 0.242755 8.95822 0.00428933 0.00240281
11 6 129 0.0367569 0.551997 0.320263 10.4321 0.00460775 0.00255075
11 7 117 0.0403483 0.580804 0.398738 8.95582 0.00405285 0.0022692
11 8 149 0.0368982 0.574568 0.450577 10.4757 0.00509897 0.00282394
11 9 137 0.0356715 0.552024 0.468986 10.9097 0.00470132 0.00259364
11 10 152 0.043048 0.610406 0.599482 8.27049 0.00489397 0.00276365
11 11 125 0.0411273 0.58632 0.578185 8.7015 0.00408877 0.00229496
11 12 163 0.0370715 0.618454 0.62566 10.4224 0.00518569 0.00287354
11 13 131 0.0411164 0.612403 0.716602 8.6929 0.00403919 0.00226705
11 14 140 0.0371936 0.62598 0.773731 10.1636 0.00420469 0.00233084
11 15 177 0.0398588 0.62218 0.898808 9.3485 0.0050623 0.00283001
11 16 145 0.0387304 0.618761 0.888219 9.56229 0.00416914 0.00232239
11 17 136 0.0401877 0.666563 1.02407 8.90649 0.00364976 0.00204247
11 18 150 0.0367943 0.735831 1.11014 10.2283 0.00381626 0.00211285
11 19 141 0.042111 0.720902 1.19081 8.22264 0.00348578 0.00196261
11 20 119 0.0387728 0.762286 1.3132 9.13893 0.00277339 0.00154511
11 21 103 0.0381712 0.706516 1.34493 9.22042 0.00239962 0.00133433
11 22 84 0.729935 0.806268 1.48432 -9.23179 0.00181323 0.000980099
11 23 103 0.0321581 0.801326 1.59041 11.8012 0.00213687 0.00116587
12 0 153 0.0369792 0.632589 0.0360678 10.5142 0.0054763 0.0030337
12 1 131 0.0417329 0.556101 0.0715478 8.6723 0.00484173 0.0027228
12 2 152 0.0397869 0.601603 0.136984 9.45336 0.0054813 0.00306354
12 3 135 0.0381681 0.609074 0.172682 9.92178 0.00483321 0.00268753
12 4 133 0.0398552 0.617966 0.242678 9.27448 0.00469506 0.00262468
12 5 134 0.0432488 0.619484 0.280162 8.16817 0.0046955 0.00265326
12 6 152 0.036637 0.613072 0.328163 10.619 0.00528787 0.00292614
12 7 128 0.0399832 0.605272 0.373763 9.16909 0.00441955 0.00247166
12 8 113 0.0445119 0.632626 0.514233 7.56142 0.00371112 0.00210542
12 9 151 0.0348011 0.653243 0.470943 11.3542 0.00498332 0.00274166
12 10 132 0.0379986 0.630234 0.53125 9.87359 0.00431601 0.00239865
12 11 139 0.0393823 0.659842 0.626033 9.36805 0.00435709 0.0024321
12 12 133 0.0409118 0.684938 0.712154 8.75358 0.00400878 0.00224853
12 13 141 0.0389419 0.697448 0.755135 9.48343 0.00416606 0.00232223
12 14 129 0.0433064 0.730124 0.831928 7.90283 0.00366433 0.00207096
12 15 149 0.0374551 0.681125 0.834337 10.0809 0.00429578 0.00238331
12 16 145 0.0357156 0.671172 0.966618 10.7236 0.00397858 0.00219522
12 17 123 0.0426108 0.748512 1.0124 7.99303 0.00324148 0.00182795
12 18 144 0.0373279 0.770892 1.12248 9.95792 0.00361165 0.00200295
12 19 127 0.037587 0.774429 1.19774 9.69923 0.00308931 0.00171467
12 20 94 0.0450982 0.769963 1.29599 6.87352 0.00220181 0.00125147
12 21 127 0.035194 0.829923 1.40838 10.604 0.00280816 0.00154688
12 22 115 0.0366849 0.83497 1.49341 9.83361 0.00245884 0.00136085
12 23 90 0.0358219 0.894877 1.63548 9.88611 0.00180262 0.000994948
13 0 141 0.0365093 0.675952 0.0202556 10.6057 0.00494914 0.00273759
13 1 144 0.042899 0.699288 0.0821547 8.33531 0.00498908 0.00281604
13 2 144 0.0433269 0.675994 0.122902 8.21324 0.00502905 0.00284244
13 3 131 0.040669 0.655777 0.191538 8.96934 0.00458336 0.00256884
13 4 155 0.0374236 0.662128 0.248206 10.3152 0.00536255 0.00297486
13 5 141 0.0432941 0.709677 0.293622 8.1636 0.00473836 0.00267787
13 6 136 0.0380602 0.633554 0.324383 9.93406 0.00469489 0.00260972
13 7 133 0.0380717 0.71873 0.357117 9.86366 0.00439516 0.0024432
13 8 136 0.0455507 0.705506 0.461739 7.44182 0.00440564 0.00250768
13 9 139 0.0388263 0.691897 0.515369 9.59408 0.00445953 0.00248491
13 10 150 0.042211 0.743504 0.57296 8.47573 0.00463421 0.00261004
13 11 158 0.0423381 0.738431 0.580285 8.48739 0.00488016 0.00274967
13 12 150 0.0390622 0.732328 0.671852 9.51825 0.00450822 0.00251391
13 13 146 0.0451306 0.792372 0.744726 7.50733 0.00418761 0.00238041
13 14 132 0.0406906 0.750637 0.834627 8.75346 0.00372051 0.00208538
13 15 118 0.0460309 0.836972 0.949548 6.95974 0.00309958 0.00176695
13 16 141 0.03702 0.769501 0.990733 10.1121 0.00372417 0.00206334
13 17 136 0.0387483 0.846994 1.09255 9.34508 0.00337754 0.00188155
13 18 119 0.0337922 0.848124 1.1479 11.2817 0.00289343 0.00158681
13 19 131 0.0363542 0.839595 1.22219 10.2037 0.00310367 0.00171594
13 20 129 0.0388263 0.88764 1.33539 9.16118 0.0028925 0.00161174
13 21 109 0.0367602 0.954561 1.46783 9.7318 0.00229058 0.00126803
13 22 103 0.0327701 0.96185 1.52399 11.475 0.00211762 0.0011576
13 23 93 0.728633 0.900891 1.58854 -9.18322 0.00189266 0.00102121
14 0 134 0.0399564 0.737259 0.0274316 9.21172 0.00456906 0.00255505
14 1 148 0.0351797 0.722859 0.0737868 11.2019 0.00507332 0.00279452
14 2 131 0.0411122 0.775536 0.162324 8.76859 0.00435069 0.00244185
14 3 144 0.0407292 0.780727 0.158613 8.98939 0.00477235 0.00267527
14 4 142 0.0383917 0.687271 0.258983 9.84028 0.00484952 0.0026985
14 5 143 0.0355253 0.71742 0.283063 10.9937 0.00479809 0.0026458
14 6 135 0.0412242 0.782748 0.353343 8.72897 0.00433964 0.00243652
14 7 139 0.0412865 0.754291 0.401545 8.7397 0.0044777 0.00251453
14 8 138 0.034684 0.779163 0.502249 11.2573 0.00428831 0.00235842
14 9 140 0.0384313 0.823566 0.524268 9.69216 0.00424475 0.00236227
14 10 146 0.0449566 0.812804 0.569216 7.60357 0.00439135 0.00249485
14 11 133 0.0413439 0.808582 0.703889 8.56827 0.0038441 0.00215911
14 12 140 0.0443608 0.819444 0.714415 7.6838 0.00401607 0.00227734
14 13 139 0.0378634 0.787956 0.751998 9.84559 0.00398328 0.00221278
14 14 120 0.0432805 0.9287 0.900536 7.74656 0.00310981 0.00175742
14 15 136 0.0368511 0.860877 0.90519 10.1471 0.00360136 0.00199423
14 16 150 0.0379961 0.912329 1.02955 9.73058 0.00373728 0.002077
14 17 123 0.0442744 0.918746 1.07282 7.42088 0.00301157 0.00170726
14 18 115 0.0405815 0.962896 1.22028 8.44604 0.00263639 0.00147721
14 19 133 0.0381522 0.97753 1.3487 9.41733 0.00290072 0.00161288
14 20 108 0.0419709 0.940437 1.30597 7.90037 0.00241527 0.00135928
14 21 114 0.0333092 1.03063 1.4356 11.3211 0.00237891 0.00130265
14 22 104 0.034084 1.06214 1.56957 10.8013 0.00205653 0.00112888
14 23 87 0.0369617 1.05825 1.66878 9.33043 0.00166456 0.000922064
15 0 140 0.0376492 0.826671 0.0534974 10.066 0.00456831 0.00253606
15 1 177 0.0370801 0.769175 0.0678944 10.5541 0.00593625 0.00328954
15 2 138 0.0383248 0.807858 0.0871944 9.79924 0.00453818 0.00252473
15 3 134 0.0416242 0.784859 0.209408 8.61343 0.00440715 0.00247755
15 4 149 0.0468317 0.831808 0.240567 7.17941 0.00477291 0.00272776
15 5 136 0.0403619 0.865904 0.331529 8.99293 0.00422576 0.00236612
15 6 156 0.0396332 0.829424 0.356452 9.39707 0.00490652 0.00274097
15 7 119 0.0426534 0.888307 0.416198 8.08461 0.00359958 0.00203016
15 8 153 0.044296 0.906138 0.504636 7.81623 0.00449979 0.00255112
15 9 129 0.0449088 0.847117 0.507 7.49575 0.00388984 0.00220959
15 10 153 0.0414261 0.872778 0.587966 8.6912 0.00446582 0.00250896
15 11 136 0.0390162 0.871327 0.621876 9.3988 0.00393385 0.00219331
15 12 133 0.0405489 0.895105 0.738868 8.79022 0.0036785 0.00206091
15 13 150 0.0401136 0.969766 0.85186 8.99665 0.0038926 0.00217786
15 14 134 0.0449319 0.871192 0.851264 7.41259 0.00360288 0.00204674
15 15 128 0.0384947 0.905979 0.883137 9.43549 0.00336318 0.00187205
15 16 167 0.0417688 0.959412 1.04121 8.4901 0.00408237 0.00229602
15 17 135 0.039175 0.994294 1.16537 9.11128 0.00312689 0.00174427
15 18 116 0.0393267 1.02887 1.23855 8.86923 0.00259325 0.00144728
15 19 128 0.0378099 1.07881 1.25242 9.51648 0.0028074 0.0015593
15 20 85 0.0353164 1.11114 1.46366 10.0605 0.00172156 0.000948691
15 21 96 0.0345822 1.11055 1.48932 10.5046 0.00192802 0.00106
15 22 83 0.032477 1.2441 1.68078 11.2921 0.00151728 0.000828655
15 23 59 0.727756 1.1726 1.71367 -9.73603 0.00108474 0.000584581
16 0 128 0.0413255 0.865539 0.0382992 8.63856 0.00409922 0.00230227
16 1 145 0.0419512 0.907591 0.0649116 8.53875 0.00454439 0.00255735
16 2 141 0.0427906 0.890476 0.140388 8.2515 0.00443761 0.0025039
16 3 147 0.0376908 0.874731 0.185617 10.066 0.00464319 0.00257797
16 4 132 0.0399667 0.8785 0.221158 9.11076 0.0041452 0.00231811
16 5 139 0.0361001 0.874531 0.271611 10.6468 0.00434372 0.0023996
16 6 151 0.036121 0.892229 0.350644 10.6994 0.00461875 0.00255171
16 7 133 0.0421165 0.962251 0.431111 8.32754 0.00387806 0.00218352
16 8 139 0.0459788 0.904217 0.478457 7.25767 0.00411712 0.00234663
16 9 136 0.0388375 0.858175 0.512903 9.49986 0.00407533 0.00227091
16 10 134 0.0367196 0.945156 0.664706 10.2322 0.00371565 0.00205666
16 11 140 0.0445435 0.93931 0.643893 7.60566 0.00391422 0.00222087
16 12 162 0.039667 0.984137 0.720132 9.26529 0.00435266 0.00243182
16 13 128 0.0446819 1.05092 0.829346 7.37895 0.00324579 0.00184242
16 14 127 0.0386805 0.969414 0.865966 9.34136 0.00328128 0.00182753
16 15 137 0.0367539 1.03217 0.93725 10.1244 0.0033834 0.00187296
16 16 126 0.0402407 1.02699 1.01243 8.7061 0.00304231 0.00170281
16 17 120 0.0336879 1.13763 1.14562 11.2544 0.00267743 0.00146787
16 18 109 0.0337873 1.10006 1.22792 11.0952 0.00239532 0.00131362
16 19 122 0.0322328 1.12544 1.25686 11.9717 0.00263588 0.00143847
16 20 104 0.0340397 1.11083 1.3561 10.8822 0.00218356 0.00119844
16 21 78 0.732731 1.25171 1.53419 -9.44033 0.00148997 0.000808455
16 22 64 0.73193 1.31763 1.76393 -9.72098 0.00112145 0.00060783
16 23 66 0.0328234 1.32427 1.94055 10.7886 0.00109529 0.000598839
17 0 151 0.0394237 0.989196 0.0337057 9.39596 0.00454749 0.00253871
17 1 143 0.0402571 0.95471 0.0921948 9.06329 0.00437297 0.00244773
17 2 134 0.0427777 1.0301 0.17037 8.13333 0.0039274 0.00221593
17 3 139 0.0371608 0.935677 0.20299 10.1885 0.00425428 0.00235809
17 4 169 0.045734 0.993065 0.273822 7.51586 0.00498792 0.00284076
17 5 157 0.0420595 0.987992 0.302686 8.5221 0.00462636 0.00260437
17 6 150 0.0416945 0.973027 0.371229 8.58953 0.00440219 0.00247532
17 7 156 0.0422942 0.958751 0.439422 8.43073 0.00454816 0.00256225
17 8 160 0.041434 1.00496 0.470495 8.70481 0.00453865 0.00254995
17 9 141 0.0391533 1.04251 0.522294 9.33741 0.00388944 0.00216949
17 10 144 0.036431 1.01694 0.62042 10.4059 0.00392305 0.00216948
17 11 142 0.044547 1.06694 0.772316 7.53158 0.0036384 0.0020644
17 12 145 0.0415619 1.06501 0.730445 8.47529 0.00376166 0.00211427
17 13 153 0.0399716 1.09517 0.827238 9.02677 0.00381771 0.002135
17 14 134 0.0375127 1.07788 0.876639 9.79958 0.00331693 0.00184057
17 15 110 0.0426192 1.20976 1.03433 7.7225 0.00247964 0.00139837
17 16 130 0.0351372 1.19272 1.05758 10.6709 0.00292728 0.00161221
17 17 103 0.0340358 1.20983 1.26851 10.8744 0.00216261 0.00118693
17 18 136 0.0362763 1.20739 1.2687 10.1536 0.00285738 0.00157939
17 19 103 0.0339063 1.3405 1.52134 10.8225 0.00193044 0.00105907
17 20 91 0.0353736 1.25434 1.36083 10.0979 0.001833 0.00101028
17 21 88 0.0387061 1.37349 1.57493 8.61959 0.00160957 0.000896532
17 22 62 0.031083 1.35753 1.65452 11.7339 0.00111212 0.000604712
17 23 51 0.035911 1.43731 1.91349 9.07612 0.000833179 0.000459999
18 0 146 0.0394599 1.04545 0.0280695 9.32128 0.00427542 0.0023871
18 1 143 0.0415727 1.02068 0.0950443 8.58941 0.00423118 0.00237824
18 2 147 0.0435951 1.05902 0.129189 7.96693 0.0042597 0.00240965
18 3 137 0.0429079 1.04224 0.245707 8.1021 0.00396213 0.00223645
18 4 176 0.0422459 1.0816 0.27073 8.53654 0.00497933 0.00280473
18 5 148 0.0372511 1.04686 0.329633 10.1451 0.00422364 0.00234177
18 6 142 0.0392387 1.06683 0.354842 9.33413 0.00399884 0.00223111
18 7 166 0.0439178 1.12132 0.414884 7.92923 0.00451272 0.00255538
18 8 154 0.0432398 1.13056 0.512083 8.03384 0.0040941 0.00231337
18 9 132 0.0463293 1.14961 0.582469 6.98091 0.00342885 0.00195651
18 10 157 0.0410844 1.1085 0.621151 8.72193 0.00411419 0.00230891
18 11 142 0.0392039 1.13681 0.707221 9.24185 0.00360064 0.00200872
18 12 154 0.0421259 1.11248 0.751939 8.32957 0.00389758 0.00219457
18 13 130 0.0364276 1.21745 0.832957 10.1689 0.00309095 0.0017093
18 14 135 0.0401497 1.17906 0.893991 8.78913 0.00320308 0.00179228
18 15 127 0.0334422 1.30501 1.07395 11.3972 0.0027403 0.00150117
18 16 125 0.0363514 1.27049 1.09135 10.0711 0.00271525 0.00150118
18 17 121 0.0351668 1.2967 1.22423 10.503 0.0025077 0.00138125
18 18 104 0.0374587 1.28914 1.28913 9.37297 0.00211929 0.0011758
18 19 82 0.0362267 1.48481 1.44079 9.53805 0.00151204 0.00083563
18 20 72 0.0337447 1.3387 1.46303 10.5597 0.00137367 0.000753233
18 21 56 0.034295 1.41732 1.62504 9.97951 0.00099832 0.000548366
18 22 54 0.723353 1.60628 1.9109 -9.9595 0.000850868 0.000455771
18 23 31 0.732405 1.5076 1.89008 -10.5267 0.000502059 0.000272295
19 0 154 0.041478 1.11441 0.0357675 8.64953 0.00435689 0.00244817
19 1 156 0.0401598 1.19453 0.0690284 9.06584 0.00423897 0.00237199
19 2 139 0.0421122 1.14355 0.198383 8.32023 0.00384451 0.0021646
19 3 166 0.0418163 1.11685 0.199715 8.6052 0.00465094 0.00261619
19 4 150 0.0421304 1.15959 0.278131 8.37489 0.00408406 0.00229961
19 5 157 0.0449237 1.17386 0.338263 7.57155 0.00421388 0.00239377
19 6 144 0.0432827 1.17122 0.392199 7.95667 0.00383945 0.00216977
19 7 152 0.038976 1.11938 0.438526 9.45945 0.00411874 0.0022961
19 8 156 0.0407319 1.27177 0.573797 8.7739 0.00385077 0.00215868
19 9 148 0.040362 1.2165 0.599028 8.866 0.00372211 0.00208411
19 10 142 0.0374213 1.17206 0.677394 9.91066 0.00357507 0.00198324
19 11 122 0.0434603 1.23034 0.71381 7.64758 0.0029731 0.00168112
19 12 112 0.0431517 1.25441 0.822306 7.61892 0.00263259 0.00148712
19 13 127 0.0406527 1.33551 0.883455 8.49994 0.00285048 0.00159753
19 14 100 0.0331032 1.28472 0.985313 11.3572 0.00222665 0.00121848
19 15 135 0.0351861 1.33391 1.01413 10.6505 0.00293148 0.00161477
19 16 98 0.0429185 1.36769 1.11223 7.43937 0.00204889 0.00115655
19 17 110 0.0367168 1.40417 1.27506 9.69727 0.00217381 0.00120322
19 18 87 0.0319135 1.48429 1.35893 11.6668 0.00164048 0.000894346
19 19 69 0.724041 1.39284 1.43384 -9.53248 0.00130807 0.000701338
19 20 65 0.0350789 1.4805 1.53179 9.78013 0.00117035 0.000644452
19 21 54 0.0324662 1.66097 1.80116 10.7353 0.00086465 0.000472209
19 22 29 0.723415 1.69982 1.90478 -10.6008 0.000448174 0.000240087
19 23 27 0.719162 1.78717 2.09722 -10.7203 0.000390299 0.000207854
20 0 146 0.0409338 1.24351 0.0139186 8.71273 0.00387676 0.00217463
20 1 143 0.0398178 1.2287 0.0718019 9.08163 0.00382091 0.00213575
20 2 133 0.0390851 1.23802 0.153648 9.26381 0.00352479 0.00196567
20 3 162 0.0413139 1.23886 0.231608 8.6824 0.00426665 0.00239621
20 4 157 0.0408348 1.2485 0.274092 8.80172 0.00409911 0.00229864
20 5 158 0.0402911 1.287 0.341623 8.96748 0.00402035 0.0022506
20 6 152 0.0415691 1.25955 0.401463 8.50534 0.00388555 0.00218395
20 7 153 0.0436067 1.2815 0.453988 7.86009 0.00384134 0.00217307
20 8 170 0.0382018 1.3171 0.545537 9.75331 0.00413663 0.00230044
20 9 161 0.0386305 1.31154 0.615055 9.52649 0.00387564 0.00215822
20 10 138 0.0383137 1.31595 0.648228 9.48292 0.00329366 0.0018323
20 11 121 0.0438977 1.40376 0.792839 7.42244 0.00270256 0.00153026
20 12 132 0.0355485 1.34489 0.875997 10.4997 0.00295772 0.00163109
20 13 132 0.0438137 1.42262 0.938541 7.49342 0.00283053 0.0016023
20 14 110 0.0374999 1.41008 0.937523 9.46857 0.00237016 0.00131515
20 15 122 0.0331397 1.43145 1.09572 11.4579 0.00250767 0.00137242
20 16 96 0.0334838 1.42477 1.09551 11.0507 0.0019778 0.00108361
20 17 83 0.732274 1.49147 1.22694 -9.35646 0.00161711 0.000876897
20 18 75 0.727454 1.48744 1.2968 -9.45382 0.00143651 0.000773837
20 19 64 0.0308512 1.49399 1.41656 11.9286 0.00118484 0.000643784
20 20 58 0.731652 1.58454 1.57228 -9.82964 0.00100476 0.000544379
20 21 43 0.0321581 1.78541 1.83313 10.6312 0.00066319 0.000361834
20 22 25 0.722775 1.98397 2.06948 -10.8485 0.00034889 0.000186735
20 23 14 0.714638 2.03212 2.18921 -11.4289 0.000188327 9.96629e-05
21 0 150 0.0380252 1.27287 0.0122763 9.76877 0.00392644 0.00218233
21 1 152 0.0421598 1.29025 0.122389 8.32825 0.00393447 0.00221558
21 2 162 0.041261 1.38162 0.146698 8.63781 0.00400997 0.00225168
21 3 175 0.038283 1.30834 0.235292 9.79717 0.00445772 0.00247963
21 4 143 0.0375551 1.32388 0.311493 9.86185 0.00358944 0.00199206
21 5 173 0.0467958 1.37634 0.363192 7.0642 0.00421389 0.002408
21 6 142 0.0470179 1.35939 0.417089 6.80975 0.00346127 0.00197932
21 7 141 0.0404885 1.36768 0.494327 8.72774 0.00338521 0.00189623
21 8 154 0.0361484 1.34818 0.558524 10.4629 0.00368866 0.00203804
21 9 126 0.0413948 1.39214 0.554329 8.29143 0.00296367 0.00166487
21 10 140 0.0374208 1.37239 0.643832 9.82061 0.00326657 0.00181211
21 11 116 0.0310734 1.44129 0.771342 12.575 0.00256494 0.00139464
21 12 108 0.0385586 1.52745 0.859295 9.01752 0.00226796 0.00126266
21 13 112 0.0382 1.45976 0.880667 9.21004 0.00240112 0.00133529
21 14 99 0.0449114 1.53743 0.994067 6.8352 0.00201088 0.00114227
21 15 106 0.0388673 1.60753 1.13093 8.79526 0.00203674 0.00113504
21 16 88 0.036734 1.55952 1.14467 9.45157 0.00171227 0.000947809
21 17 84 0.0399389 1.84213 1.40606 8.04231 0.00141021 0.000788555
21 18 66 0.0318355 1.67987 1.38651 11.368 0.00116684 0.000635974
21 19 49 0.73014 1.92826 1.70494 -10.1129 0.000751906 0.00040654
21 20 36 0.722324 1.89367 1.81719 -10.4039 0.000543129 0.000290515
21 21 36 0.720532 1.91401 1.82539 -10.4027 0.000539471 0.000287843
21 22 21 0.0353732 1.94962 1.97904 8.29279 0.000301376 0.000166107
21 23 0 0 0 0 0 0 0
22 0 154 0.0386178 1.49034 0.0258144 9.46724 0.00363546 0.00202439
22 1 125 0.0444308 1.44627 0.0553487 7.37555 0.00301081 0.00170768
22 2 138 0.0435362 1.45157 0.143472 7.73117 0.00330642 0.00187004
22 3 143 0.0447601 1.51049 0.187913 7.38146 0.00332704 0.00188901
22 4 153 0.0383829 1.48498 0.265094 9.54068 0.00358216 0.00199323
22 5 147 0.0401366 1.46765 0.333487 8.86708 0.00344707 0.00192873
22 6 151 0.0409963 1.41837 0.412163 8.61418 0.00358706 0.00201252
22 7 138 0.0385385 1.50311 0.475638 9.34785 0.00313206 0.00174364
22 8 117 0.0417781 1.4714 0.546773 8.06016 0.00266371 0.00149818
22 9 128 0.0422981 1.55532 0.612782 7.9388 0.00278432 0.00156859
22 10 126 0.0352655 1.56124 0.668277 10.5363 0.00270904 0.00149261
22 11 130 0.0350781 1.60328 0.79884 10.6109 0.0026851 0.00147855
22 12 111 0.0342573 1.63448 0.869521 10.8032 0.00223525 0.00122765
22 13 97 0.0341719 1.56062 0.882914 10.733 0.00200197 0.00109923
22 14 99 0.0348384 1.73889 1.05517 10.3468 0.00185081 0.00101838
22 15 79 0.72996 1.67949 1.07978 -9.42219 0.00149904 0.000810299
22 16 73 0.0307818 1.76381 1.23552 12.0632 0.00130277 0.000707705
22 17 51 0.0336862 1.84435 1.3972 10.1164 0.000857319 0.000470011
22 18 42 0.722447 1.78789 1.39621 -10.1255 0.000717865 0.000384046
22 19 40 0.731623 1.83617 1.61112 -10.2772 0.000642122 0.000347888
22 20 13 0.709368 2.01886 1.81985 -11.3953 0.0001902 9.99118e-05
22 21 15 0.724658 2.02396 1.95857 -11.3518 0.000212665 0.00011412
22 22 10 0.690153 1.76636 1.73627 -11.4888 0.000158636 8.10738e-05
22 23 0 0 0 0 0 0 0
23 0 151 0.0385001 1.49204 0.0483223 9.49061 0.00356093 0.00198215
23 1 161 0.0404182 1.60094 0.128922 8.81492 0.00360574 0.00201931
23 2 149 0.0374641 1.57792 0.190643 9.83231 0.00336218 0.0018654
23 3 138 0.0352171 1.56059 0.210191 10.7038 0.00313474 0.0017269
23 4 145 0.0360616 1.58096 0.288954 10.3718 0.00324592 0.00179293
23 5 148 0.0405538 1.60924 0.381186 8.66317 0.00324494 0.00181803
23 6 137 0.0369629 1.60873 0.416931 9.91666 0.00299302 0.00165795
23 7 136 0.0392637 1.63758 0.483992 9.00794 0.00291213 0.00162492
23 8 125 0.0378231 1.70103 0.580457 9.42499 0.00257517 0.00143037
23 9 115 0.0428622 1.68552 0.641666 7.59925 0.00236294 0.00133358
23 10 124 0.0334553 1.65487 0.707609 11.3195 0.0025519 0.00139802
23 11 111 0.0344884 1.72807 0.820914 10.6701 0.00217878 0.00119751
23 12 84 0.035149 1.71922 0.935254 10.0736 0.00161948 0.000891963
23 13 93 0.0378845 1.87811 1.03161 8.96602 0.0016665 0.000925836
23 14 78 0.0347222 1.91495 1.09073 10.0957 0.0013657 0.000751178
23 15 71 0.0318859 1.78728 1.11895 11.4406 0.00128911 0.000702732
23 16 50 0.727689 1.92452 1.32063 -9.99817 0.000834355 0.000449605
23 17 41 0.727026 1.98247 1.44458 -10.236 0.000655838 0.000353086
23 18 35 0.0348786 2.0257 1.60253 9.08831 0.000535445 0.000294657
23 19 23 0.714294 2.0963 1.70864 -10.8425 0.000337997 0.000178782
23 20 15 0.712128 2.17548 1.81224 -11.3008 0.000211666 0.00011162
23 21 0 0 0 0 0 0 0
23 22 0 0 0 0 0 0 0
23 23 0 0 0 0 0 0 0
