#  ix    iy     NB       E/N    TB    UxB       UyB       muB       rhoB     epsilonB
0 0 0 0 0 0 0 0 0
0 1 0 0 0 0 0 0 0
0 2 0 0 0 0 0 0 0
0 3 0 0 0 0 0 0 0
0 4 0 0 0 0 0 0 0
0 5 0 0 0 0 0 0 0
0 6 0 0 0 0 0 0 0
0 7 66 0.005 0.065482 0.624211 235.338 0.00665495 0.00783079
0 8 48 0.005 0.0630896 0.678749 243.288 0.00472161 0.00574356
0 9 58 0.005 0.0130017 0.837665 229.482 0.00529283 0.00607305
0 10 36 0.005 0.0523453 0.994566 229.791 0.00303661 0.00348893
0 11 31 0.005 0.0187869 1.11041 214.281 0.00246947 0.0026458
0 12 26 0.005 0.0433869 1.3076 212.503 0.00187964 0.00199714
0 13 0 0 0 0 0 0 0
0 14 0 0 0 0 0 0 0
0 15 0 0 0 0 0 0 0
0 16 0 0 0 0 0 0 0
0 17 0 0 0 0 0 0 0
0 18 0 0 0 0 0 0 0
0 19 0 0 0 0 0 0 0
0 20 0 0 0 0 0 0 0
0 21 0 0 0 0 0 0 0
0 22 0 0 0 0 0 0 0
0 23 0 0 0 0 0 0 0
1 0 0 0 0 0 0 0 0
1 1 0 0 0 0 0 0 0
1 2 0 0 0 0 0 0 0
1 3 0 0 0 0 0 0 0
1 4 0 0 0 0 0 0 0
1 5 0 0 0 0 0 0 0
1 6 10 0.005 0.303969 0.645767 251.249 0.000968984 0.00121728
1 7 58 0.005 0.110022 0.606504 238.724 0.00587783 0.0070159
1 8 60 0.005 0.139607 0.67033 235.262 0.00589367 0.00693279
1 9 65 0.005 0.170723 0.925869 218.847 0.00563403 0.00616496
1 10 42 0.005 0.0544841 1.05691 228.667 0.00343399 0.00392621
1 11 35 0.005 0.190737 1.14022 213.774 0.00272589 0.00291361
1 12 21 0.005 0.21626 1.30354 207.514 0.00150866 0.00156534
1 13 11 0.005 0.169766 1.48373 199.749 0.000728607 0.000727694
1 14 0 0 0 0 0 0 0
1 15 0 0 0 0 0 0 0
1 16 0 0 0 0 0 0 0
1 17 0 0 0 0 0 0 0
1 18 0 0 0 0 0 0 0
1 19 0 0 0 0 0 0 0
1 20 0 0 0 0 0 0 0
1 21 0 0 0 0 0 0 0
1 22 0 0 0 0 0 0 0
1 23 0 0 0 0 0 0 0
2 0 0 0 0 0 0 0 0
2 1 0 0 0 0 0 0 0
2 2 0 0 0 0 0 0 0
2 3 0 0 0 0 0 0 0
2 4 0 0 0 0 0 0 0
2 5 0 0 0 0 0 0 0
2 6 27 0.005 0.356589 0.646354 243.437 0.00258601 0.00314766
2 7 64 0.005 0.271879 0.507117 239.886 0.00660386 0.00792086
2 8 64 0.005 0.212246 0.733206 235.828 0.00605633 0.00714126
2 9 58 0.005 0.255007 0.802542 219.991 0.00528159 0.00580952
2 10 52 0.005 0.232202 1.02347 218.972 0.00427041 0.0046755
2 11 46 0.005 0.21376 1.22221 218.885 0.00343641 0.00376089
2 12 17 0.005 0.30273 1.41836 211.738 0.00114882 0.00121625
2 13 0 0 0 0 0 0 0
2 14 0 0 0 0 0 0 0
2 15 0 0 0 0 0 0 0
2 16 0 0 0 0 0 0 0
2 17 0 0 0 0 0 0 0
2 18 0 0 0 0 0 0 0
2 19 0 0 0 0 0 0 0
2 20 0 0 0 0 0 0 0
2 21 0 0 0 0 0 0 0
2 22 0 0 0 0 0 0 0
2 23 0 0 0 0 0 0 0
3 0 0 0 0 0 0 0 0
3 1 0 0 0 0 0 0 0
3 2 0 0 0 0 0 0 0
3 3 0 0 0 0 0 0 0
3 4 0 0 0 0 0 0 0
3 5 0 0 0 0 0 0 0
3 6 39 0.005 0.233947 0.533019 235.209 0.00401255 0.00471894
3 7 48 0.005 0.343185 0.659898 235.948 0.00458503 0.00540914
3 8 73 0.005 0.317202 0.660424 228.289 0.00701033 0.00800191
3 9 45 0.005 0.318645 0.827865 221.17 0.00400759 0.0044318
3 10 44 0.005 0.34784 1.09942 218.93 0.0034318 0.00375662
3 11 27 0.005 0.368228 1.36273 217.934 0.00185806 0.00202467
3 12 18 0.005 0.36804 1.36903 205.224 0.00123519 0.00126745
3 13 0 0 0 0 0 0 0
3 14 0 0 0 0 0 0 0
3 15 0 0 0 0 0 0 0
3 16 0 0 0 0 0 0 0
3 17 0 0 0 0 0 0 0
3 18 0 0 0 0 0 0 0
3 19 0 0 0 0 0 0 0
3 20 0 0 0 0 0 0 0
3 21 0 0 0 0 0 0 0
3 22 0 0 0 0 0 0 0
3 23 0 0 0 0 0 0 0
4 0 0 0 0 0 0 0 0
4 1 0 0 0 0 0 0 0
4 2 0 0 0 0 0 0 0
4 3 0 0 0 0 0 0 0
4 4 0 0 0 0 0 0 0
4 5 20 0.005 0.299944 0.190693 230.889 0.00224346 0.00258995
4 6 62 0.005 0.458796 0.531915 227.186 0.00603977 0.00686075
4 7 59 0.005 0.398115 0.591317 233.066 0.0057194 0.00666499
4 8 52 0.005 0.483864 0.763355 225.203 0.00459268 0.00517144
4 9 54 0.005 0.511617 0.906454 220.086 0.00445376 0.00490106
4 10 37 0.005 0.433966 1.00825 211.169 0.00296639 0.00313205
4 11 26 0.005 0.552017 1.39792 207.115 0.00171458 0.00177558
4 12 14 0.005 0.619201 1.45472 202.326 0.000890918 0.000901278
4 13 0 0 0 0 0 0 0
4 14 0 0 0 0 0 0 0
4 15 0 0 0 0 0 0 0
4 16 0 0 0 0 0 0 0
4 17 0 0 0 0 0 0 0
4 18 0 0 0 0 0 0 0
4 19 0 0 0 0 0 0 0
4 20 0 0 0 0 0 0 0
4 21 0 0 0 0 0 0 0
4 22 0 0 0 0 0 0 0
4 23 0 0 0 0 0 0 0
5 0 0 0 0 0 0 0 0
5 1 0 0 0 0 0 0 0
5 2 0 0 0 0 0 0 0
5 3 0 0 0 0 0 0 0
5 4 0 0 0 0 0 0 0
5 5 63 0.005 0.405843 0.406777 247.028 0.00650289 0.00803199
5 6 55 0.005 0.514233 0.517994 230.076 0.00528868 0.006084
5 7 56 0.005 0.424979 0.598326 223.295 0.0053746 0.00600061
5 8 43 0.005 0.540765 0.766528 232.673 0.00373346 0.00434337
5 9 37 0.005 0.667251 0.966374 218.68 0.00285572 0.00312245
5 10 41 0.005 0.510483 1.04615 211.859 0.00318059 0.00336919
5 11 12 0.005 0.670385 1.31898 218.533 0.000799955 0.000874083
5 12 0 0 0 0 0 0 0
5 13 0 0 0 0 0 0 0
5 14 0 0 0 0 0 0 0
5 15 0 0 0 0 0 0 0
5 16 0 0 0 0 0 0 0
5 17 0 0 0 0 0 0 0
5 18 0 0 0 0 0 0 0
5 19 0 0 0 0 0 0 0
5 20 0 0 0 0 0 0 0
5 21 0 0 0 0 0 0 0
5 22 0 0 0 0 0 0 0
5 23 0 0 0 0 0 0 0
6 0 0 0 0 0 0 0 0
6 1 0 0 0 0 0 0 0
6 2 0 0 0 0 0 0 0
6 3 0 0 0 0 0 0 0
6 4 45 0.005 0.62689 0.395872 246.227 0.00430337 0.00529803
6 5 84 0.005 0.660513 0.434041 236.907 0.00784544 0.00929322
6 6 78 0.005 0.661514 0.553209 228.402 0.00703213 0.00803075
6 7 56 0.005 0.600403 0.689823 224.424 0.00491963 0.00552041
6 8 42 0.005 0.687028 0.840704 224.001 0.00338737 0.00379386
6 9 31 0.005 0.684351 0.921455 217.739 0.00242427 0.00263929
6 10 34 0.005 0.688215 1.14916 207.773 0.00242142 0.00251553
6 11 13 0.005 0.807617 1.28062 213.249 0.000852942 0.000909445
6 12 0 0 0 0 0 0 0
6 13 0 0 0 0 0 0 0
6 14 0 0 0 0 0 0 0
6 15 0 0 0 0 0 0 0
6 16 0 0 0 0 0 0 0
6 17 0 0 0 0 0 0 0
6 18 0 0 0 0 0 0 0
6 19 0 0 0 0 0 0 0
6 20 0 0 0 0 0 0 0
6 21 0 0 0 0 0 0 0
6 22 0 0 0 0 0 0 0
6 23 0 0 0 0 0 0 0
7 0 18 0.005 0.763977 0.0983293 237.93 0.00169762 0.00201957
7 1 28 0.005 0.586194 0.126457 238.747 0.00285871 0.00341254
7 2 40 0.005 0.543994 0.181289 239.241 0.00413097 0.00494149
7 3 64 0.005 0.709169 0.273502 234.796 0.00606576 0.00712109
7 4 61 0.005 0.699736 0.313051 231.565 0.00576336 0.00667297
7 5 65 0.005 0.777566 0.475636 231.86 0.00571885 0.00662986
7 6 41 0.005 0.683462 0.605202 230.122 0.00360477 0.00414767
7 7 42 0.005 0.766934 0.697071 224.668 0.00347181 0.00390001
7 8 35 0.005 0.882116 0.775311 216.856 0.00270128 0.00292894
7 9 21 0.005 0.84232 1.01677 218.003 0.00150939 0.00164526
7 10 20 0.005 0.935698 1.25188 210.154 0.00128321 0.00134836
7 11 0 0 0 0 0 0 0
7 12 0 0 0 0 0 0 0
7 13 0 0 0 0 0 0 0
7 14 0 0 0 0 0 0 0
7 15 0 0 0 0 0 0 0
7 16 0 0 0 0 0 0 0
7 17 0 0 0 0 0 0 0
7 18 0 0 0 0 0 0 0
7 19 0 0 0 0 0 0 0
7 20 0 0 0 0 0 0 0
7 21 0 0 0 0 0 0 0
7 22 0 0 0 0 0 0 0
7 23 0 0 0 0 0 0 0
8 0 63 0.005 0.689425 0.0211892 239.754 0.00617382 0.007401
8 1 50 0.005 0.760209 0.100139 240.444 0.0047236 0.00567881
8 2 65 0.005 0.753234 0.184129 235.683 0.00611508 0.0072061
8 3 77 0.005 0.856282 0.327018 233.869 0.00675746 0.00790181
8 4 71 0.005 0.879308 0.427766 231.971 0.00604333 0.00700939
8 5 47 0.005 0.857748 0.482308 220.866 0.00398811 0.00440418
8 6 46 0.005 0.896952 0.592685 221.817 0.0037297 0.00413656
8 7 26 0.005 1.01635 0.718097 218.456 0.00193883 0.00211775
8 8 19 0.005 1.03737 0.97329 210.519 0.00130084 0.00136926
8 9 14 0.005 1.09999 1.1315 209.764 0.000892114 0.000935666
8 10 10 0.005 1.03093 1.11675 203.548 0.000654349 0.000665958
8 11 0 0 0 0 0 0 0
8 12 0 0 0 0 0 0 0
8 13 0 0 0 0 0 0 0
8 14 0 0 0 0 0 0 0
8 15 0 0 0 0 0 0 0
8 16 0 0 0 0 0 0 0
8 17 0 0 0 0 0 0 0
8 18 0 0 0 0 0 0 0
8 19 0 0 0 0 0 0 0
8 20 0 0 0 0 0 0 0
8 21 0 0 0 0 0 0 0
8 22 0 0 0 0 0 0 0
8 23 0 0 0 0 0 0 0
9 0 72 0.005 0.910131 0.0469828 223.722 0.00633524 0.00708665
9 1 53 0.005 0.874265 0.154436 232.727 0.00471835 0.00549044
9 2 54 0.005 0.955774 0.263809 228.408 0.00456501 0.00521342
9 3 48 0.005 1.0021 0.398013 223.629 0.00388573 0.00434482
9 4 41 0.005 0.969186 0.382372 217.933 0.00337984 0.00368289
9 5 52 0.005 1.11424 0.592144 218.773 0.00384498 0.00420589
9 6 31 0.005 1.12248 0.578019 215.247 0.00229136 0.00246604
9 7 22 0.005 1.18266 0.817899 206.852 0.00149534 0.00154657
9 8 13 0.005 1.13755 0.935237 216.975 0.000869409 0.000943199
9 9 0 0 0 0 0 0 0
9 10 0 0 0 0 0 0 0
9 11 0 0 0 0 0 0 0
9 12 0 0 0 0 0 0 0
9 13 0 0 0 0 0 0 0
9 14 0 0 0 0 0 0 0
9 15 0 0 0 0 0 0 0
9 16 0 0 0 0 0 0 0
9 17 0 0 0 0 0 0 0
9 18 0 0 0 0 0 0 0
9 19 0 0 0 0 0 0 0
9 20 0 0 0 0 0 0 0
9 21 0 0 0 0 0 0 0
9 22 0 0 0 0 0 0 0
9 23 0 0 0 0 0 0 0
10 0 53 0.005 1.10579 0.115046 214.537 0.00421949 0.00452619
10 1 46 0.005 0.99196 0.168539 216.606 0.00386031 0.00418084
10 2 48 0.005 1.09182 0.236975 220.877 0.00381102 0.00420883
10 3 36 0.005 1.15735 0.288277 220.12 0.00275351 0.00303051
10 4 25 0.005 0.968042 0.393573 212.563 0.00205769 0.00218694
10 5 29 0.005 1.25026 0.58318 213.489 0.00202617 0.00216283
10 6 18 0.005 1.10958 0.546731 207.946 0.00134718 0.0014007
10 7 12 0.005 1.1557 0.802762 199.61 0.000827541 0.000825926
10 8 0 0 0 0 0 0 0
10 9 0 0 0 0 0 0 0
10 10 0 0 0 0 0 0 0
10 11 0 0 0 0 0 0 0
10 12 0 0 0 0 0 0 0
10 13 0 0 0 0 0 0 0
10 14 0 0 0 0 0 0 0
10 15 0 0 0 0 0 0 0
10 16 0 0 0 0 0 0 0
10 17 0 0 0 0 0 0 0
10 18 0 0 0 0 0 0 0
10 19 0 0 0 0 0 0 0
10 20 0 0 0 0 0 0 0
10 21 0 0 0 0 0 0 0
10 22 0 0 0 0 0 0 0
10 23 0 0 0 0 0 0 0
11 0 33 0.005 1.31147 0.125365 214.179 0.00237521 0.00254361
11 1 14 0.005 1.29777 0.204175 201.533 0.00100947 0.00101721
11 2 29 0.005 1.23773 0.184156 206.294 0.00215526 0.00222309
11 3 17 0.005 1.17041 0.374036 217.589 0.00127748 0.00138982
11 4 17 0.005 1.55659 0.549517 208.682 0.0010486 0.00109412
11 5 11 0.005 1.31785 0.595387 207.093 0.000744814 0.000771228
11 6 0 0 0 0 0 0 0
11 7 0 0 0 0 0 0 0
11 8 0 0 0 0 0 0 0
11 9 0 0 0 0 0 0 0
11 10 0 0 0 0 0 0 0
11 11 0 0 0 0 0 0 0
11 12 0 0 0 0 0 0 0
11 13 0 0 0 0 0 0 0
11 14 0 0 0 0 0 0 0
11 15 0 0 0 0 0 0 0
11 16 0 0 0 0 0 0 0
11 17 0 0 0 0 0 0 0
11 18 0 0 0 0 0 0 0
11 19 0 0 0 0 0 0 0
11 20 0 0 0 0 0 0 0
11 21 0 0 0 0 0 0 0
11 22 0 0 0 0 0 0 0
11 23 0 0 0 0 0 0 0
12 0 11 0.005 1.46047 0.175804 215.732 0.000736212 0.000794124
12 1 0 0 0 0 0 0 0
12 2 0 0 0 0 0 0 0
12 3 0 0 0 0 0 0 0
12 4 0 0 0 0 0 0 0
12 5 0 0 0 0 0 0 0
12 6 0 0 0 0 0 0 0
12 7 0 0 0 0 0 0 0
12 8 0 0 0 0 0 0 0
12 9 0 0 0 0 0 0 0
12 10 0 0 0 0 0 0 0
12 11 0 0 0 0 0 0 0
12 12 0 0 0 0 0 0 0
12 13 0 0 0 0 0 0 0
12 14 0 0 0 0 0 0 0
12 15 0 0 0 0 0 0 0
12 16 0 0 0 0 0 0 0
12 17 0 0 0 0 0 0 0
12 18 0 0 0 0 0 0 0
12 19 0 0 0 0 0 0 0
12 20 0 0 0 0 0 0 0
12 21 0 0 0 0 0 0 0
12 22 0 0 0 0 0 0 0
12 23 0 0 0 0 0 0 0
13 0 0 0 0 0 0 0 0
13 1 0 0 0 0 0 0 0
13 2 0 0 0 0 0 0 0
13 3 0 0 0 0 0 0 0
13 4 0 0 0 0 0 0 0
13 5 0 0 0 0 0 0 0
13 6 0 0 0 0 0 0 0
13 7 0 0 0 0 0 0 0
13 8 0 0 0 0 0 0 0
13 9 0 0 0 0 0 0 0
13 10 0 0 0 0 0 0 0
13 11 0 0 0 0 0 0 0
13 12 0 0 0 0 0 0 0
13 13 0 0 0 0 0 0 0
13 14 0 0 0 0 0 0 0
13 15 0 0 0 0 0 0 0
13 16 0 0 0 0 0 0 0
13 17 0 0 0 0 0 0 0
13 18 0 0 0 0 0 0 0
13 19 0 0 0 0 0 0 0
13 20 0 0 0 0 0 0 0
13 21 0 0 0 0 0 0 0
13 22 0 0 0 0 0 0 0
13 23 0 0 0 0 0 0 0
14 0 0 0 0 0 0 0 0
14 1 0 0 0 0 0 0 0
14 2 0 0 0 0 0 0 0
14 3 0 0 0 0 0 0 0
14 4 0 0 0 0 0 0 0
14 5 0 0 0 0 0 0 0
14 6 0 0 0 0 0 0 0
14 7 0 0 0 0 0 0 0
14 8 0 0 0 0 0 0 0
14 9 0 0 0 0 0 0 0
14 10 0 0 0 0 0 0 0
14 11 0 0 0 0 0 0 0
14 12 0 0 0 0 0 0 0
14 13 0 0 0 0 0 0 0
14 14 0 0 0 0 0 0 0
14 15 0 0 0 0 0 0 0
14 16 0 0 0 0 0 0 0
14 17 0 0 0 0 0 0 0
14 18 0 0 0 0 0 0 0
14 19 0 0 0 0 0 0 0
14 20 0 0 0 0 0 0 0
14 21 0 0 0 0 0 0 0
14 22 0 0 0 0 0 0 0
14 23 0 0 0 0 0 0 0
15 0 0 0 0 0 0 0 0
15 1 0 0 0 0 0 0 0
15 2 0 0 0 0 0 0 0
15 3 0 0 0 0 0 0 0
15 4 0 0 0 0 0 0 0
15 5 0 0 0 0 0 0 0
15 6 0 0 0 0 0 0 0
15 7 0 0 0 0 0 0 0
15 8 0 0 0 0 0 0 0
15 9 0 0 0 0 0 0 0
15 10 0 0 0 0 0 0 0
15 11 0 0 0 0 0 0 0
15 12 0 0 0 0 0 0 0
15 13 0 0 0 0 0 0 0
15 14 0 0 0 0 0 0 0
15 15 0 0 0 0 0 0 0
15 16 0 0 0 0 0 0 0
15 17 0 0 0 0 0 0 0
15 18 0 0 0 0 0 0 0
15 19 0 0 0 0 0 0 0
15 20 0 0 0 0 0 0 0
15 21 0 0 0 0 0 0 0
15 22 0 0 0 0 0 0 0
15 23 0 0 0 0 0 0 0
16 0 0 0 0 0 0 0 0
16 1 0 0 0 0 0 0 0
16 2 0 0 0 0 0 0 0
16 3 0 0 0 0 0 0 0
16 4 0 0 0 0 0 0 0
16 5 0 0 0 0 0 0 0
16 6 0 0 0 0 0 0 0
16 7 0 0 0 0 0 0 0
16 8 0 0 0 0 0 0 0
16 9 0 0 0 0 0 0 0
16 10 0 0 0 0 0 0 0
16 11 0 0 0 0 0 0 0
16 12 0 0 0 0 0 0 0
16 13 0 0 0 0 0 0 0
16 14 0 0 0 0 0 0 0
16 15 0 0 0 0 0 0 0
16 16 0 0 0 0 0 0 0
16 17 0 0 0 0 0 0 0
16 18 0 0 0 0 0 0 0
16 19 0 0 0 0 0 0 0
16 20 0 0 0 0 0 0 0
16 21 0 0 0 0 0 0 0
16 22 0 0 0 0 0 0 0
16 23 0 0 0 0 0 0 0
17 0 0 0 0 0 0 0 0
17 1 0 0 0 0 0 0 0
17 2 0 0 0 0 0 0 0
17 3 0 0 0 0 0 0 0
17 4 0 0 0 0 0 0 0
17 5 0 0 0 0 0 0 0
17 6 0 0 0 0 0 0 0
17 7 0 0 0 0 0 0 0
17 8 0 0 0 0 0 0 0
17 9 0 0 0 0 0 0 0
17 10 0 0 0 0 0 0 0
17 11 0 0 0 0 0 0 0
17 12 0 0 0 0 0 0 0
17 13 0 0 0 0 0 0 0
17 14 0 0 0 0 0 0 0
17 15 0 0 0 0 0 0 0
17 16 0 0 0 0 0 0 0
17 17 0 0 0 0 0 0 0
17 18 0 0 0 0 0 0 0
17 19 0 0 0 0 0 0 0
17 20 0 0 0 0 0 0 0
17 21 0 0 0 0 0 0 0
17 22 0 0 0 0 0 0 0
17 23 0 0 0 0 0 0 0
18 0 0 0 0 0 0 0 0
18 1 0 0 0 0 0 0 0
18 2 0 0 0 0 0 0 0
18 3 0 0 0 0 0 0 0
18 4 0 0 0 0 0 0 0
18 5 0 0 0 0 0 0 0
18 6 0 0 0 0 0 0 0
18 7 0 0 0 0 0 0 0
18 8 0 0 0 0 0 0 0
18 9 0 0 0 0 0 0 0
18 10 0 0 0 0 0 0 0
18 11 0 0 0 0 0 0 0
18 12 0 0 0 0 0 0 0
18 13 0 0 0 0 0 0 0
18 14 0 0 0 0 0 0 0
18 15 0 0 0 0 0 0 0
18 16 0 0 0 0 0 0 0
18 17 0 0 0 0 0 0 0
18 18 0 0 0 0 0 0 0
18 19 0 0 0 0 0 0 0
18 20 0 0 0 0 0 0 0
18 21 0 0 0 0 0 0 0
18 22 0 0 0 0 0 0 0
18 23 0 0 0 0 0 0 0
19 0 0 0 0 0 0 0 0
19 1 0 0 0 0 0 0 0
19 2 0 0 0 0 0 0 0
19 3 0 0 0 0 0 0 0
19 4 0 0 0 0 0 0 0
19 5 0 0 0 0 0 0 0
19 6 0 0 0 0 0 0 0
19 7 0 0 0 0 0 0 0
19 8 0 0 0 0 0 0 0
19 9 0 0 0 0 0 0 0
19 10 0 0 0 0 0 0 0
19 11 0 0 0 0 0 0 0
19 12 0 0 0 0 0 0 0
19 13 0 0 0 0 0 0 0
19 14 0 0 0 0 0 0 0
19 15 0 0 0 0 0 0 0
19 16 0 0 0 0 0 0 0
19 17 0 0 0 0 0 0 0
19 18 0 0 0 0 0 0 0
19 19 0 0 0 0 0 0 0
19 20 0 0 0 0 0 0 0
19 21 0 0 0 0 0 0 0
19 22 0 0 0 0 0 0 0
19 23 0 0 0 0 0 0 0
20 0 0 0 0 0 0 0 0
20 1 0 0 0 0 0 0 0
20 2 0 0 0 0 0 0 0
20 3 0 0 0 0 0 0 0
20 4 0 0 0 0 0 0 0
20 5 0 0 0 0 0 0 0
20 6 0 0 0 0 0 0 0
20 7 0 0 0 0 0 0 0
20 8 0 0 0 0 0 0 0
20 9 0 0 0 0 0 0 0
20 10 0 0 0 0 0 0 0
20 11 0 0 0 0 0 0 0
20 12 0 0 0 0 0 0 0
20 13 0 0 0 0 0 0 0
20 14 0 0 0 0 0 0 0
20 15 0 0 0 0 0 0 0
20 16 0 0 0 0 0 0 0
20 17 0 0 0 0 0 0 0
20 18 0 0 0 0 0 0 0
20 19 0 0 0 0 0 0 0
20 20 0 0 0 0 0 0 0
20 21 0 0 0 0 0 0 0
20 22 0 0 0 0 0 0 0
20 23 0 0 0 0 0 0 0
21 0 0 0 0 0 0 0 0
21 1 0 0 0 0 0 0 0
21 2 0 0 0 0 0 0 0
21 3 0 0 0 0 0 0 0
21 4 0 0 0 0 0 0 0
21 5 0 0 0 0 0 0 0
21 6 0 0 0 0 0 0 0
21 7 0 0 0 0 0 0 0
21 8 0 0 0 0 0 0 0
21 9 0 0 0 0 0 0 0
21 10 0 0 0 0 0 0 0
21 11 0 0 0 0 0 0 0
21 12 0 0 0 0 0 0 0
21 13 0 0 0 0 0 0 0
21 14 0 0 0 0 0 0 0
21 15 0 0 0 0 0 0 0
21 16 0 0 0 0 0 0 0
21 17 0 0 0 0 0 0 0
21 18 0 0 0 0 0 0 0
21 19 0 0 0 0 0 0 0
21 20 0 0 0 0 0 0 0
21 21 0 0 0 0 0 0 0
21 22 0 0 0 0 0 0 0
21 23 0 0 0 0 0 0 0
22 0 0 0 0 0 0 0 0
22 1 0 0 0 0 0 0 0
22 2 0 0 0 0 0 0 0
22 3 0 0 0 0 0 0 0
22 4 0 0 0 0 0 0 0
22 5 0 0 0 0 0 0 0
22 6 0 0 0 0 0 0 0
22 7 0 0 0 0 0 0 0
22 8 0 0 0 0 0 0 0
22 9 0 0 0 0 0 0 0
22 10 0 0 0 0 0 0 0
22 11 0 0 0 0 0 0 0
22 12 0 0 0 0 0 0 0
22 13 0 0 0 0 0 0 0
22 14 0 0 0 0 0 0 0
22 15 0 0 0 0 0 0 0
22 16 0 0 0 0 0 0 0
22 17 0 0 0 0 0 0 0
22 18 0 0 0 0 0 0 0
22 19 0 0 0 0 0 0 0
22 20 0 0 0 0 0 0 0
22 21 0 0 0 0 0 0 0
22 22 0 0 0 0 0 0 0
22 23 0 0 0 0 0 0 0
23 0 0 0 0 0 0 0 0
23 1 0 0 0 0 0 0 0
23 2 0 0 0 0 0 0 0
23 3 0 0 0 0 0 0 0
23 4 0 0 0 0 0 0 0
23 5 0 0 0 0 0 0 0
23 6 0 0 0 0 0 0 0
23 7 0 0 0 0 0 0 0
23 8 0 0 0 0 0 0 0
23 9 0 0 0 0 0 0 0
23 10 0 0 0 0 0 0 0
23 11 0 0 0 0 0 0 0
23 12 0 0 0 0 0 0 0
23 13 0 0 0 0 0 0 0
23 14 0 0 0 0 0 0 0
23 15 0 0 0 0 0 0 0
23 16 0 0 0 0 0 0 0
23 17 0 0 0 0 0 0 0
23 18 0 0 0 0 0 0 0
23 19 0 0 0 0 0 0 0
23 20 0 0 0 0 0 0 0
23 21 0 0 0 0 0 0 0
23 22 0 0 0 0 0 0 0
23 23 0 0 0 0 0 0 0
