#  ix    iy     NK     E/N         TK    Uxpi    UyK      muK      rho      epsilon
0 0 71 0.723364 -0.0224319 0.0064766 -8.90981 0.00243084 0.00130211
0 1 57 0.710085 0.00623142 0.0762948 -9.07289 0.00194636 0.00102345
0 2 67 0.726268 -0.0178012 0.104162 -8.98587 0.00228182 0.00122719
0 3 65 0.72055 -0.00885414 0.0894903 -8.98941 0.00221708 0.00118299
0 4 76 0.724324 0.0406363 0.143109 -8.85666 0.00257441 0.00138084
0 5 57 0.717435 0.010891 0.194952 -9.12159 0.00191587 0.00101785
0 6 71 0.730778 -0.0162765 0.235089 -8.9691 0.00236668 0.00128074
0 7 66 0.728924 -0.000504861 0.251214 -9.03759 0.00219216 0.00118328
0 8 63 0.71319 0.0331211 0.325072 -9.03456 0.00205083 0.0010831
0 9 85 0.723859 0.00336745 0.33762 -8.78573 0.002758 0.00147837
0 10 67 0.727767 0.00667309 0.443608 -9.07673 0.00209737 0.00113032
0 11 70 0.730328 -0.0227707 0.41769 -9.03492 0.00221156 0.00119606
0 12 71 0.730755 0.0190064 0.507237 -9.05659 0.00216818 0.00117328
0 13 72 0.0345766 0.0287868 0.529576 10.6293 0.00217835 0.00119761
0 14 67 0.727593 0.0455785 0.520106 -9.10665 0.00203399 0.0010959
0 15 73 0.720036 -0.00662642 0.600404 -9.02097 0.00214332 0.00114281
0 16 79 0.725701 -0.00441191 0.692894 -9.00913 0.0022238 0.00119505
0 17 83 0.712824 0.0419703 0.74073 -8.92576 0.0022828 0.00120499
0 18 74 0.0335155 0.0156223 0.722767 11.0729 0.00205377 0.00112534
0 19 64 0.729796 -0.0155924 0.898766 -9.33769 0.00163003 0.000880908
0 20 71 0.725733 0.0355793 0.892865 -9.21344 0.00181311 0.000974394
0 21 94 0.722966 -0.0103583 0.942961 -8.94527 0.00234205 0.00125386
0 22 80 0.0309053 -0.00190381 1.00222 12.3884 0.00193513 0.00105163
0 23 95 0.721544 -0.0222902 1.04062 -8.97729 0.00225401 0.00120435
1 0 76 0.728415 0.0329503 0.0547482 -8.86573 0.00259744 0.00140107
1 1 75 0.720377 0.0435944 0.0368613 -8.84315 0.00256432 0.00136794
1 2 70 0.724149 0.0379355 0.0608428 -8.92975 0.00239112 0.00128222
1 3 56 0.712025 0.0627466 0.161515 -9.11118 0.00188965 0.000996348
1 4 58 0.731505 0.0366001 0.161262 -9.16097 0.00195969 0.00106154
1 5 80 0.718775 0.0557691 0.220915 -8.79518 0.00267127 0.00142182
1 6 65 0.727776 0.0634347 0.25409 -9.0504 0.00215341 0.00116053
1 7 65 0.727032 0.0541835 0.292745 -9.05644 0.00213348 0.00114862
1 8 54 0.728121 0.0168837 0.305417 -9.24887 0.00176843 0.000953513
1 9 81 0.722766 0.0493731 0.359167 -8.83687 0.00260787 0.00139579
1 10 69 0.717326 0.0464899 0.43538 -8.99904 0.00216461 0.00114982
1 11 80 0.722184 0.0509658 0.490132 -8.89367 0.00245755 0.00131427
1 12 69 0.731815 0.0572711 0.5294 -9.09998 0.00208574 0.00113031
1 13 68 0.715858 0.0840576 0.495699 -9.03208 0.0020806 0.00110293
1 14 63 0.719032 0.112085 0.580311 -9.15971 0.00185737 0.000988967
1 15 85 0.722822 0.0698075 0.556407 -8.86389 0.002539 0.00135902
1 16 74 0.720416 0.0336509 0.665661 -9.03891 0.00210877 0.00112499
1 17 84 0.732543 0.0316792 0.716225 -8.989 0.00233796 0.00126825
1 18 90 0.730644 0.0744132 0.819014 -8.96266 0.00238057 0.00128802
1 19 68 0.730603 0.0375809 0.789389 -9.22709 0.00182709 0.000988498
1 20 81 0.731148 0.0427267 0.914864 -9.11647 0.00204567 0.00110758
1 21 88 0.0329804 0.0646554 0.916399 11.4155 0.00221934 0.00121401
1 22 93 0.729916 0.0795426 1.02262 -9.02781 0.00222332 0.00120174
1 23 84 0.732458 0.0499514 1.07064 -9.1637 0.00196246 0.00106443
2 0 75 0.729951 0.0347636 0.0128248 -8.88434 0.00256673 0.00138742
2 1 71 0.721252 0.085354 0.0415579 -8.90469 0.00242062 0.00129285
2 2 81 0.714973 0.118769 0.111836 -8.75364 0.00273778 0.00144952
2 3 64 0.728358 0.0463415 0.11187 -9.04257 0.00217589 0.00117359
2 4 77 0.719159 0.0450667 0.156551 -8.8229 0.00260268 0.00138605
2 5 72 0.717762 0.0979404 0.222246 -8.89938 0.0023961 0.00127356
2 6 59 0.722946 0.0648397 0.30916 -9.14039 0.00192671 0.00103147
2 7 72 0.0311944 0.0772765 0.334958 12.4118 0.00233183 0.00126837
2 8 75 0.713184 0.0722834 0.322435 -8.86127 0.0024388 0.00128799
2 9 73 0.719415 0.0943364 0.325873 -8.91875 0.00236747 0.00126124
2 10 69 0.719955 0.158305 0.375661 -8.9999 0.00218818 0.0011666
2 11 73 0.723121 0.0928162 0.412568 -8.96295 0.00230258 0.00123299
2 12 85 0.722679 0.118459 0.497116 -8.84256 0.0025921 0.00138717
2 13 74 0.724712 0.0923982 0.518569 -8.99653 0.00224221 0.00120331
2 14 68 0.719154 0.0812767 0.560458 -9.07316 0.00202638 0.00107914
2 15 68 0.720321 0.107224 0.63393 -9.11224 0.00195884 0.00104486
2 16 68 0.723983 0.0883131 0.649745 -9.13427 0.00194743 0.00104406
2 17 87 0.718507 0.10782 0.737825 -8.90586 0.00238853 0.00127085
2 18 85 0.0323005 0.116964 0.768183 11.7993 0.0022986 0.00125467
2 19 75 0.723523 0.0979008 0.825448 -9.11808 0.00197521 0.00105828
2 20 87 0.725129 0.124341 0.851023 -8.99095 0.00225891 0.00121297
2 21 76 0.712977 0.136236 0.972577 -9.13289 0.00185699 0.000980434
2 22 104 0.72554 0.115044 0.978647 -8.87668 0.00253693 0.00136303
2 23 92 0.728689 0.122083 1.04175 -9.04484 0.0021741 0.00117316
3 0 69 0.722795 0.118624 0.0119031 -8.94266 0.0023464 0.00125589
3 1 70 0.719289 0.0994564 -0.00449892 -8.91062 0.00238547 0.00127061
3 2 70 0.71064 0.126716 0.123038 -8.88238 0.00236072 0.00124231
3 3 62 0.715844 0.180874 0.140359 -9.03725 0.00206974 0.00109715
3 4 76 0.712136 0.1271 0.165511 -8.81282 0.00254785 0.0013436
3 5 52 0.71608 0.0881798 0.173266 -9.2072 0.00174809 0.000926958
3 6 61 0.721678 0.151101 0.229523 -9.09029 0.00201437 0.00107651
3 7 87 0.720173 0.0912263 0.314749 -8.7432 0.0028313 0.00150993
3 8 64 0.724498 0.109155 0.356951 -9.08356 0.0020534 0.00110165
3 9 84 0.715648 0.118134 0.353321 -8.77214 0.00269572 0.00142859
3 10 74 0.719936 0.105523 0.359345 -8.91862 0.00237326 0.00126524
3 11 72 0.724149 0.134991 0.435053 -8.99329 0.00224392 0.00120329
3 12 66 0.0331308 0.127546 0.443476 11.2619 0.0020523 0.00112317
3 13 68 0.729065 0.117239 0.531972 -9.10769 0.00204503 0.00110408
3 14 79 0.729629 0.147701 0.596015 -8.99026 0.00230552 0.00124568
3 15 82 0.723348 0.138892 0.658725 -8.95232 0.00232952 0.00124781
3 16 96 0.721898 0.164166 0.644126 -8.78436 0.00273797 0.00146366
3 17 89 0.031458 0.151941 0.719883 12.3171 0.00245505 0.00133651
3 18 86 0.730221 0.149524 0.74153 -8.97422 0.00234887 0.00127013
3 19 87 0.723187 0.118851 0.840455 -8.97684 0.00227149 0.00121645
3 20 74 0.715916 0.147709 0.898836 -9.13718 0.00187351 0.000993235
3 21 77 0.721766 0.163166 0.984772 -9.16702 0.00186631 0.000997504
3 22 66 0.729023 0.15149 0.961632 -9.34075 0.00161958 0.000874334
3 23 97 0.729655 0.165747 1.06194 -9.00907 0.0022628 0.00122264
4 0 59 0.715522 0.136924 0.00968223 -9.0692 0.00200178 0.00106065
4 1 75 0.728047 0.176728 0.0381025 -8.8914 0.00252752 0.00136266
4 2 69 0.728355 0.133244 0.0994259 -8.97368 0.00233102 0.00125725
4 3 68 0.725682 0.158417 0.168443 -8.98896 0.0022689 0.00121926
4 4 82 0.721129 0.136519 0.193376 -8.78288 0.0027327 0.00145928
4 5 62 0.716832 0.195434 0.216618 -9.05696 0.00203831 0.00108199
4 6 57 0.714026 0.145754 0.238447 -9.12526 0.00188002 0.000994055
4 7 65 0.0329251 0.17714 0.246078 11.4024 0.00213026 0.00116508
4 8 69 0.70779 0.183488 0.317262 -8.93158 0.0022187 0.00116288
4 9 71 0.0325254 0.183525 0.371737 11.6593 0.00224613 0.0012269
4 10 72 0.729798 0.212297 0.445806 -9.0329 0.00221091 0.00119484
4 11 72 0.719587 0.159882 0.449851 -8.9815 0.00222517 0.00118572
4 12 73 0.723056 0.180326 0.4897 -9.00082 0.00221637 0.00118672
4 13 83 0.721777 0.187327 0.556038 -8.89429 0.00245161 0.00131036
4 14 72 0.716659 0.199256 0.552333 -9.01393 0.0021263 0.00112842
4 15 66 0.732038 0.139631 0.595425 -9.17946 0.00192825 0.00104528
4 16 91 0.725687 0.173208 0.692898 -8.87768 0.00253603 0.00136282
4 17 79 0.730826 0.183655 0.717285 -9.05407 0.00217434 0.00117673
4 18 93 0.731395 0.13155 0.801757 -8.92829 0.0024719 0.0013388
4 19 96 0.72509 0.17546 0.805029 -8.87453 0.00253736 0.00136241
4 20 82 0.729089 0.211562 0.877732 -9.08874 0.00208436 0.00112535
4 21 82 0.731739 0.204728 0.95734 -9.13829 0.00200668 0.00108735
4 22 78 0.730477 0.199129 0.992928 -9.19965 0.00187689 0.00101527
4 23 76 0.0320658 0.201503 1.09452 11.6443 0.00173958 0.000948832
5 0 62 0.717664 0.189498 0.0163437 -9.03759 0.00208589 0.00110853
5 1 73 0.726767 0.204736 0.0377473 -8.91795 0.00244752 0.00131721
5 2 61 0.718038 0.19792 0.144681 -9.06693 0.00202896 0.00107883
5 3 65 0.721604 0.236098 0.133788 -9.02558 0.00214833 0.00114798
5 4 68 0.719391 0.183491 0.13793 -8.9608 0.00226973 0.00120913
5 5 64 0.726702 0.218462 0.22326 -9.07458 0.00209209 0.00112583
5 6 73 0.729119 0.184571 0.224386 -8.94757 0.00240072 0.00129621
5 7 63 0.72992 0.197275 0.291249 -9.1162 0.00203528 0.0011001
5 8 79 0.713831 0.187756 0.337862 -8.83002 0.00252353 0.00133394
5 9 89 0.728939 0.206083 0.364896 -8.78898 0.00281108 0.0015174
5 10 71 0.718908 0.176026 0.444404 -8.9927 0.00219377 0.00116788
5 11 83 0.732116 0.232273 0.422015 -8.89608 0.00256083 0.00138834
5 12 69 0.72184 0.169135 0.492397 -9.0513 0.00209596 0.00112036
5 13 76 0.723325 0.192707 0.516685 -8.97407 0.00227916 0.0012208
5 14 86 0.733102 0.21981 0.551698 -8.91157 0.00253231 0.00137472
5 15 50 0.725558 0.224949 0.659248 -9.46764 0.00140505 0.000754918
5 16 78 0.725068 0.213205 0.655269 -9.01729 0.00219958 0.00118101
5 17 81 0.721993 0.194473 0.712774 -8.9895 0.00223109 0.00119284
5 18 74 0.713294 0.248247 0.774161 -9.07707 0.00196639 0.00103866
5 19 85 0.72901 0.210243 0.829813 -9.02924 0.00221138 0.0011938
5 20 88 0.726604 0.228367 0.885914 -9.01321 0.00222355 0.0011964
5 21 63 0.730494 0.178823 1.01158 -9.42058 0.00150496 0.000814094
5 22 92 0.72811 0.237685 1.0343 -9.04848 0.00216071 0.001165
5 23 99 0.722729 0.26064 1.12632 -8.99863 0.00221802 0.00118707
6 0 58 0.724804 0.266439 0.0372798 -9.15306 0.0019181 0.0010295
6 1 64 0.720758 0.195321 0.019554 -9.02072 0.00215074 0.00114792
6 2 63 0.723429 0.249022 0.123728 -9.06661 0.00207867 0.00111356
6 3 90 0.722456 0.263577 0.119694 -8.70864 0.00296064 0.00158391
6 4 76 0.722189 0.252027 0.163509 -8.8795 0.00249268 0.00133307
6 5 85 0.729315 0.260337 0.17695 -8.80295 0.00277664 0.00149958
6 6 82 0.726235 0.22648 0.19289 -8.82054 0.00269164 0.00144753
6 7 86 0.727579 0.258473 0.299339 -8.80907 0.00273879 0.00147562
6 8 74 0.722074 0.22096 0.308075 -8.9296 0.00236966 0.00126707
6 9 55 0.719191 0.205004 0.378322 -9.23135 0.00173018 0.000921448
6 10 76 0.723769 0.210367 0.432697 -8.94738 0.0023454 0.00125705
6 11 66 0.718772 0.290657 0.464017 -9.09333 0.00198255 0.00105524
6 12 66 0.0328669 0.244419 0.462573 11.3701 0.00200274 0.00109513
6 13 64 0.0321829 0.237004 0.597817 11.6404 0.00184349 0.00100588
6 14 76 0.723311 0.212785 0.538839 -8.98595 0.0022521 0.00120628
6 15 69 0.71899 0.296212 0.613255 -9.10927 0.00195309 0.00103987
6 16 83 0.721545 0.262735 0.67524 -8.95633 0.00230178 0.00122987
6 17 80 0.0309254 0.286644 0.730649 12.4847 0.00215519 0.0011713
6 18 83 0.725451 0.256567 0.746742 -9.00485 0.00223088 0.00119844
6 19 66 0.724975 0.226012 0.871671 -9.28658 0.00167963 0.000901721
6 20 97 0.724412 0.282077 0.920271 -8.92997 0.00239336 0.00128389
6 21 74 0.03412 0.284295 0.993791 10.6298 0.00176209 0.000967359
6 22 87 0.732347 0.253843 0.976283 -9.09662 0.0020976 0.00113756
6 23 77 0.0351528 0.323733 1.14155 10.1201 0.00169936 0.000935972
7 0 45 0.710582 0.249337 0.0282812 -9.33913 0.00149475 0.000786535
7 1 80 0.730851 0.255398 0.0702177 -8.85695 0.0026484 0.00143333
7 2 59 0.719776 0.277543 0.106821 -9.12118 0.00193672 0.00103228
7 3 84 0.725663 0.24934 0.13435 -8.79011 0.00276784 0.00148734
7 4 69 0.719149 0.249208 0.159879 -8.96147 0.00226578 0.00120662
7 5 70 0.718709 0.227912 0.218205 -8.95056 0.00228616 0.00121673
7 6 95 0.72583 0.263151 0.239326 -8.68877 0.00306528 0.00164755
7 7 70 0.718213 0.274935 0.253376 -8.96633 0.00224545 0.00119424
7 8 67 0.727863 0.286614 0.298401 -9.06632 0.00212021 0.00114278
7 9 63 0.72075 0.27582 0.292113 -9.09234 0.00200201 0.00106852
7 10 70 0.724218 0.304959 0.44475 -9.05512 0.00211001 0.00113159
7 11 59 0.721944 0.283578 0.462875 -9.21753 0.00177578 0.000949352
7 12 80 0.728167 0.311514 0.510807 -8.9643 0.00235106 0.00126773
7 13 88 0.726874 0.302163 0.542327 -8.87333 0.00256041 0.00137817
7 14 83 0.729488 0.268061 0.573271 -8.94869 0.0024019 0.0012975
7 15 86 0.727898 0.294746 0.628239 -8.93436 0.00241967 0.00130425
7 16 78 0.72659 0.288701 0.648065 -9.03355 0.00217863 0.00117221
7 17 83 0.729624 0.288129 0.707577 -9.01075 0.00225871 0.00122038
7 18 80 0.0360932 0.301623 0.859445 9.8868 0.00202547 0.00111891
7 19 76 0.715175 0.288771 0.830729 -9.0916 0.00195441 0.00103505
7 20 93 0.729697 0.331419 0.893003 -8.99027 0.00230617 0.00124614
7 21 96 0.731396 0.305945 1.00762 -9.01618 0.00226391 0.00122616
7 22 102 0.0318479 0.378602 1.05648 12.0503 0.00232387 0.00126666
7 23 80 0.724052 0.334815 1.06004 -9.19552 0.00183228 0.000982418
8 0 65 0.718464 0.294562 0.0133604 -9.01781 0.00213514 0.00113597
8 1 69 0.716473 0.337967 0.074896 -8.96413 0.00223301 0.00118474
8 2 72 0.721542 0.355673 0.0905591 -8.95069 0.00231477 0.00123681
8 3 74 0.724292 0.330719 0.14992 -8.93417 0.00238207 0.00127762
8 4 62 0.717054 0.279722 0.183795 -9.07019 0.0020135 0.00106915
8 5 79 0.725858 0.328858 0.190466 -8.88121 0.00252901 0.00135937
8 6 59 0.723235 0.315871 0.291661 -9.17892 0.00185626 0.000994152
8 7 89 0.714465 0.340905 0.278008 -8.73249 0.00278994 0.00147608
8 8 84 0.720625 0.308923 0.345162 -8.82648 0.00261027 0.00139293
8 9 78 0.726022 0.277447 0.369022 -8.92382 0.00242523 0.00130388
8 10 63 0.720258 0.320462 0.369444 -9.12257 0.00193816 0.00103374
8 11 73 0.730994 0.3559 0.432607 -9.0517 0.00218109 0.00118065
8 12 66 0.715025 0.280428 0.517855 -9.0944 0.00194763 0.00103125
8 13 87 0.720442 0.372625 0.527839 -8.86782 0.00250254 0.0013351
8 14 80 0.0316429 0.347222 0.57523 12.1394 0.00227408 0.00123871
8 15 78 0.729893 0.346212 0.649852 -9.06077 0.00215103 0.00116262
8 16 79 0.031899 0.372283 0.695758 11.9328 0.00212387 0.00115783
8 17 79 0.731505 0.361318 0.719186 -9.08819 0.00210763 0.00114168
8 18 90 0.728752 0.36132 0.804721 -8.98387 0.00231142 0.00124736
8 19 96 0.727335 0.348158 0.877065 -8.94375 0.00239114 0.00128788
8 20 86 0.729095 0.362828 0.896414 -9.07316 0.00211715 0.00114306
8 21 86 0.72707 0.381379 0.964349 -9.09926 0.00204439 0.00110071
8 22 87 0.732735 0.361215 0.969327 -9.11116 0.00207083 0.00112363
8 23 86 0.0315512 0.403333 1.13513 11.9998 0.00188116 0.00102439
9 0 76 0.725413 0.356656 -0.00358071 -8.91039 0.00245147 0.00131688
9 1 69 0.72503 0.347849 0.0657263 -9.00449 0.00222755 0.00119596
9 2 71 0.724027 0.367699 0.089358 -8.97937 0.00227414 0.00121929
9 3 64 0.727697 0.334437 0.08101 -9.08835 0.00207251 0.00111681
9 4 61 0.720365 0.329638 0.150571 -9.10978 0.00196405 0.0010477
9 5 65 0.720455 0.34679 0.205173 -9.06019 0.00206472 0.00110154
9 6 64 0.729505 0.363321 0.262453 -9.13184 0.00200008 0.00108046
9 7 72 0.728653 0.339039 0.269508 -9.00476 0.00226265 0.00122088
9 8 70 0.728351 0.347437 0.311543 -9.04416 0.00217236 0.00117168
9 9 67 0.727146 0.349462 0.353597 -9.0946 0.00205462 0.00110634
9 10 78 0.731522 0.385014 0.462735 -9.0059 0.00228858 0.00123973
9 11 78 0.0308038 0.373889 0.436873 12.6258 0.00231569 0.00125804
9 12 85 0.727569 0.408269 0.502655 -8.92316 0.00244339 0.00131644
9 13 76 0.727124 0.382 0.543322 -9.04074 0.0021681 0.00116741
9 14 73 0.72162 0.351442 0.589766 -9.06714 0.00206103 0.00110135
9 15 83 0.723243 0.396662 0.658354 -8.98495 0.00225368 0.00120701
9 16 82 0.719446 0.419287 0.685863 -8.9974 0.00218871 0.00116606
9 17 77 0.73047 0.39883 0.790521 -9.14903 0.00197429 0.00106794
9 18 80 0.730815 0.385118 0.760499 -9.09598 0.00208498 0.00112835
9 19 97 0.726508 0.446928 0.848626 -8.93749 0.00239744 0.0012898
9 20 95 0.728015 0.396869 0.881824 -8.96888 0.00233877 0.00126085
9 21 81 0.0308865 0.406266 0.983127 12.3807 0.00189999 0.00103247
9 22 106 0.720939 0.451231 1.02393 -8.90398 0.00241899 0.00129142
9 23 100 0.729007 0.446617 1.12073 -9.04101 0.00218548 0.00117981
10 0 78 0.729535 0.409037 0.0467803 -8.9209 0.00247008 0.00133442
10 1 70 0.729032 0.38771 0.0479716 -9.01964 0.00223291 0.00120546
10 2 78 0.720272 0.440807 0.143785 -8.8992 0.00242341 0.00129258
10 3 69 0.720724 0.354773 0.09492 -8.9897 0.00221816 0.00118385
10 4 82 0.729488 0.400697 0.194578 -8.8829 0.00256523 0.00138573
10 5 61 0.731081 0.408231 0.229034 -9.19426 0.00189202 0.0010243
10 6 74 0.720066 0.370895 0.239733 -8.94265 0.00231824 0.00123613
10 7 81 0.722204 0.365979 0.267738 -8.86614 0.00252637 0.00135111
10 8 71 0.722272 0.456174 0.279601 -9.03059 0.00214392 0.00114668
10 9 70 0.726495 0.434435 0.352717 -9.07372 0.00209199 0.00112545
10 10 92 0.714562 0.402341 0.406037 -8.75269 0.00273534 0.00144739
10 11 87 0.732753 0.408014 0.464279 -8.90923 0.00253441 0.00137521
10 12 76 0.729699 0.364367 0.512186 -9.03579 0.00220358 0.00119071
10 13 67 0.719055 0.414223 0.522097 -9.13221 0.00190934 0.00101667
10 14 80 0.722453 0.422672 0.634524 -9.01528 0.00217873 0.00116559
10 15 78 0.0313678 0.433711 0.624798 12.2231 0.00212614 0.00115713
10 16 98 0.730788 0.428962 0.700928 -8.87783 0.00259296 0.00140321
10 17 88 0.730942 0.437715 0.772161 -9.01863 0.00225391 0.00121999
10 18 86 0.0321693 0.459151 0.827104 11.7965 0.00213954 0.00116736
10 19 95 0.0307651 0.431953 0.838997 12.6696 0.00236621 0.00128533
10 20 83 0.724769 0.503724 0.918957 -9.13012 0.00196232 0.00105318
10 21 76 0.0342183 0.507886 1.02927 10.5535 0.00170976 0.000938927
10 22 91 0.0310497 0.488684 1.05655 12.3548 0.00203073 0.00110409
10 23 98 0.724088 0.502182 1.11841 -9.04919 0.00212134 0.00113746
11 0 68 0.0309767 0.461849 0.0443168 12.4355 0.00211247 0.00114827
11 1 57 0.718389 0.432106 0.0340624 -9.19321 0.00179105 0.000952797
11 2 70 0.718492 0.463631 0.0732504 -9.0017 0.00217009 0.00115461
11 3 75 0.726165 0.447 0.152493 -8.96774 0.00232249 0.00124889
11 4 65 0.720158 0.371258 0.162033 -9.05962 0.00206318 0.00110027
11 5 70 0.726422 0.410861 0.199918 -9.03199 0.00218043 0.00117291
11 6 68 0.726842 0.396132 0.229281 -9.06312 0.00211751 0.00113972
11 7 78 0.726548 0.452176 0.268812 -8.95167 0.00236409 0.00127193
11 8 84 0.726102 0.440762 0.328419 -8.88546 0.00252098 0.00135551
11 9 88 0.721825 0.44301 0.347823 -8.82585 0.00262584 0.00140357
11 10 82 0.727051 0.460801 0.469589 -8.96156 0.00234601 0.00126308
11 11 75 0.722968 0.5058 0.494266 -9.05576 0.00209707 0.00112271
11 12 77 0.717188 0.432914 0.508137 -8.9853 0.00219321 0.00116479
11 13 79 0.721467 0.411477 0.552754 -8.98867 0.00222777 0.0011902
11 14 99 0.726053 0.478214 0.582364 -8.81379 0.00270771 0.00145581
11 15 99 0.717663 0.454239 0.706763 -8.81886 0.00259587 0.00137955
11 16 94 0.728509 0.473406 0.741399 -8.9381 0.0024171 0.00130396
11 17 82 0.72316 0.480477 0.785272 -9.07152 0.00206603 0.00110638
11 18 89 0.719378 0.513935 0.820976 -8.9968 0.00218935 0.00116629
11 19 91 0.0321756 0.492256 0.884659 11.8165 0.00219004 0.00119494
11 20 99 0.724282 0.539471 0.956527 -8.97673 0.00228272 0.00122432
11 21 106 0.726914 0.518953 0.996715 -8.93269 0.00241326 0.00129904
11 22 91 0.723987 0.507268 1.0502 -9.09349 0.00202853 0.00108754
11 23 95 0.0308359 0.598619 1.08426 12.4826 0.00204381 0.00111045
12 0 76 0.0318691 0.516951 0.0107164 12.0337 0.00231197 0.00126025
12 1 67 0.721309 0.530318 0.0526614 -9.08344 0.00202492 0.00108159
12 2 66 0.731997 0.490548 0.0840579 -9.13106 0.00202351 0.00109685
12 3 74 0.728328 0.478986 0.160463 -9.00361 0.00226202 0.00121999
12 4 78 0.0312355 0.47589 0.159831 12.4124 0.0023873 0.00129871
12 5 69 0.726298 0.468733 0.175239 -9.06277 0.00211319 0.00113655
12 6 78 0.724417 0.470065 0.281056 -8.95132 0.00234287 0.00125681
12 7 75 0.727007 0.491659 0.321733 -9.01905 0.00221451 0.00119221
12 8 71 0.725049 0.493437 0.355825 -9.0744 0.00207731 0.00111533
12 9 75 0.722972 0.50529 0.376917 -9.0203 0.0021728 0.00116326
12 10 75 0.732889 0.543098 0.456181 -9.10021 0.00209503 0.00113701
12 11 82 0.0314858 0.485913 0.468549 12.2485 0.00232757 0.00126722
12 12 85 0.0315415 0.522267 0.49593 12.2327 0.0023621 0.00128625
12 13 76 0.732119 0.520226 0.537267 -9.10198 0.00208433 0.00113001
12 14 90 0.722976 0.550706 0.664162 -8.9489 0.00233366 0.00124938
12 15 105 0.723305 0.544702 0.671419 -8.79709 0.00272018 0.00145698
12 16 92 0.719667 0.508259 0.699908 -8.91336 0.00238292 0.00126992
12 17 87 0.72696 0.492729 0.73906 -9.01296 0.00222757 0.00119916
12 18 89 0.719596 0.547864 0.794396 -8.99598 0.00219327 0.00116873
12 19 95 0.723838 0.549778 0.849629 -8.973 0.00228677 0.00122574
12 20 95 0.0323909 0.569363 0.933999 11.7061 0.00219519 0.00119857
12 21 87 0.723782 0.598571 1.00762 -9.14036 0.0019339 0.00103651
12 22 92 0.728421 0.575901 1.07996 -9.1304 0.00199348 0.0010753
12 23 84 0.032571 0.616362 1.10601 11.4049 0.00178297 0.000974052
13 0 89 0.71572 0.521925 -0.0214038 -8.77029 0.00270157 0.00143184
13 1 70 0.725929 0.526204 0.00674552 -9.05725 0.00212144 0.0011404
13 2 72 0.725414 0.534397 0.116222 -9.03542 0.00216337 0.00116212
13 3 72 0.716953 0.466736 0.143539 -8.97405 0.0022157 0.00117635
13 4 77 0.723394 0.530644 0.163078 -8.96286 0.00230555 0.00123505
13 5 58 0.71475 0.521841 0.225595 -9.21354 0.00172675 0.000913943
13 6 63 0.72497 0.528773 0.237651 -9.18103 0.00186656 0.00100206
13 7 85 0.726428 0.477885 0.294638 -8.88005 0.0025383 0.00136543
13 8 86 0.726667 0.547896 0.402883 -8.92249 0.00243538 0.0013105
13 9 89 0.727565 0.527403 0.40951 -8.88641 0.00253481 0.00136569
13 10 73 0.725942 0.544903 0.453939 -9.09684 0.00203922 0.00109622
13 11 93 0.726691 0.549217 0.473029 -8.86539 0.00257875 0.00138769
13 12 92 0.727447 0.578161 0.588307 -8.9279 0.00243053 0.0013093
13 13 85 0.0379237 0.545894 0.596536 9.25707 0.00226354 0.00125768
13 14 86 0.717972 0.53466 0.638148 -8.95726 0.00226347 0.00120342
13 15 72 0.0335907 0.619721 0.686398 10.9102 0.00181032 0.000992178
13 16 103 0.732965 0.577216 0.71492 -8.88559 0.00259741 0.0014098
13 17 95 0.723026 0.573023 0.746447 -8.93396 0.00236932 0.00126856
13 18 93 0.723318 0.619322 0.817115 -8.99864 0.00222378 0.00119112
13 19 124 0.721582 0.599645 0.865865 -8.71724 0.00292395 0.00156239
13 20 92 0.733008 0.593844 0.932859 -9.09208 0.00211323 0.00114707
13 21 104 0.726029 0.645985 1.04795 -9.0008 0.00224564 0.00120734
13 22 91 0.0308699 0.635088 1.01915 12.4387 0.00199428 0.00108366
13 23 101 0.730876 0.655084 1.14195 -9.09279 0.00209221 0.00113236
14 0 77 0.715179 0.53588 0.0211129 -8.91846 0.00232389 0.00123073
14 1 89 0.727103 0.534712 0.0610862 -8.82722 0.00268393 0.00144511
14 2 74 0.723726 0.504052 0.122241 -8.98887 0.00224966 0.00120566
14 3 85 0.716948 0.546594 0.13632 -8.83892 0.00253621 0.0013465
14 4 74 0.720783 0.511742 0.154711 -8.98244 0.00223491 0.00119288
14 5 75 0.717483 0.556291 0.23827 -8.98469 0.00219744 0.00116751
14 6 82 0.731734 0.593649 0.317502 -8.98909 0.00232951 0.00126227
14 7 93 0.720341 0.519123 0.295531 -8.77882 0.00273425 0.00145851
14 8 103 0.731309 0.534535 0.339527 -8.74093 0.00298012 0.00161387
14 9 76 0.721095 0.587102 0.423178 -9.04205 0.00210849 0.00112589
14 10 83 0.721723 0.611906 0.486902 -8.98471 0.00223913 0.0011967
14 11 90 0.730419 0.585057 0.505625 -8.93774 0.00243825 0.00131882
14 12 93 0.72823 0.528653 0.50069 -8.8737 0.00257473 0.00138846
14 13 90 0.721879 0.612797 0.598532 -8.94099 0.0023408 0.00125131
14 14 87 0.718249 0.603961 0.591557 -8.95327 0.00227531 0.00121018
14 15 102 0.728223 0.653417 0.722559 -8.90228 0.00250211 0.00134929
14 16 91 0.733027 0.61362 0.760298 -9.03877 0.00222911 0.00121
14 17 86 0.726842 0.682301 0.850449 -9.12485 0.00199073 0.00107149
14 18 107 0.722659 0.63547 0.802554 -8.85469 0.00256062 0.00137029
14 19 110 0.726075 0.693994 0.915903 -8.90457 0.00247297 0.00132964
14 20 113 0.724757 0.61812 0.907709 -8.84656 0.00260551 0.00139836
14 21 102 0.726546 0.716251 1.00876 -9.02548 0.00219586 0.00118141
14 22 91 0.0312041 0.766598 1.13749 12.1673 0.00183589 0.000998642
14 23 101 0.728238 0.737953 1.20055 -9.12548 0.00200171 0.00107947
15 0 80 0.718903 0.671594 0.000894608 -8.95658 0.0022744 0.0012108
15 1 86 0.725328 0.601295 0.0500087 -8.88176 0.00252173 0.00135447
15 2 86 0.726163 0.670562 0.0942045 -8.91891 0.0024387 0.00131137
15 3 78 0.725961 0.615975 0.127125 -8.99361 0.00226117 0.00121557
15 4 76 0.721103 0.616509 0.171845 -9.00315 0.0021922 0.00117061
15 5 103 0.0312493 0.610766 0.216875 12.6197 0.00296005 0.00161037
15 6 85 0.717351 0.577769 0.249588 -8.86976 0.00246363 0.00130871
15 7 93 0.723926 0.629459 0.333358 -8.84727 0.00259414 0.00139066
15 8 88 0.724557 0.595316 0.325049 -8.88938 0.0024941 0.0013382
15 9 82 0.722882 0.626746 0.401086 -8.98369 0.00225294 0.00120601
15 10 95 0.720447 0.601671 0.385559 -8.81172 0.00264702 0.00141219
15 11 94 0.731684 0.647533 0.501859 -8.92216 0.00249021 0.00134925
15 12 100 0.720385 0.715699 0.510189 -8.84007 0.0025723 0.00137221
15 13 82 0.730098 0.698958 0.548937 -9.08614 0.00209903 0.00113484
15 14 93 0.731011 0.681668 0.643223 -8.98838 0.00232383 0.00125795
15 15 95 0.72866 0.691251 0.728648 -8.99037 0.0022955 0.00123861
15 16 98 0.726121 0.689215 0.757436 -8.958 0.00234477 0.0012608
15 17 99 0.721942 0.688134 0.770978 -8.93409 0.00235767 0.00126043
15 18 98 0.0309273 0.736924 0.867308 12.511 0.00221526 0.00120396
15 19 100 0.725603 0.694458 0.887413 -8.98675 0.00227314 0.0012214
15 20 92 0.0311065 0.795814 1.02972 12.2666 0.00191971 0.00104391
15 21 106 0.729842 0.722966 1.05499 -9.0218 0.00223602 0.00120848
15 22 92 0.726562 0.787913 1.1671 -9.21096 0.00182425 0.0009815
15 23 103 0.717655 0.783631 1.22142 -9.07885 0.00200151 0.00106367
16 0 80 0.732142 0.606926 0.0571709 -8.98667 0.00233932 0.00126829
16 1 93 0.727476 0.692892 0.116064 -8.85829 0.00260608 0.00140391
16 2 76 0.713993 0.703483 0.0847081 -9.00326 0.00212367 0.00112283
16 3 68 0.724122 0.695655 0.145247 -9.16046 0.00189825 0.00101789
16 4 82 0.722683 0.604627 0.20711 -8.93375 0.00236623 0.00126631
16 5 69 0.720975 0.562837 0.205904 -9.08099 0.00202688 0.00108214
16 6 107 0.0306824 0.645877 0.318439 12.9457 0.00297362 0.00161486
16 7 86 0.720175 0.682943 0.349269 -8.93513 0.00233688 0.00124626
16 8 91 0.724061 0.66664 0.349158 -8.8888 0.00249011 0.00133514
16 9 94 0.726823 0.647658 0.39965 -8.8726 0.00256171 0.00137877
16 10 80 0.728022 0.685001 0.423437 -9.06061 0.00213383 0.00115037
16 11 97 0.721793 0.689692 0.492274 -8.86115 0.00253441 0.00135464
16 12 82 0.724424 0.737027 0.554317 -9.07789 0.00206438 0.00110743
16 13 120 0.732388 0.714679 0.584013 -8.73236 0.00301993 0.00163784
16 14 90 0.720487 0.731328 0.597079 -8.97833 0.00224117 0.00119573
16 15 92 0.721191 0.770021 0.678875 -9.00067 0.0021985 0.00117411
16 16 87 0.724163 0.729811 0.766847 -9.0857 0.00204597 0.00109716
16 17 101 0.732661 0.796684 0.816472 -9.01458 0.00228007 0.00123705
16 18 86 0.728161 0.773992 0.875291 -9.1694 0.00191506 0.00103263
16 19 106 0.0308832 0.792603 0.984671 12.5527 0.00225227 0.0012239
16 20 91 0.0318794 0.864293 1.02063 11.814 0.0018662 0.0010173
16 21 92 0.730062 0.850751 1.04748 -9.19838 0.00187588 0.00101414
16 22 102 0.724094 0.930019 1.25435 -9.16796 0.00188384 0.00101012
16 23 115 0.731161 0.873266 1.19391 -9.04119 0.00220575 0.00119427
17 0 99 0.722723 0.776735 0.0525461 -8.81117 0.00267528 0.00143178
17 1 96 0.719701 0.700636 0.0656968 -8.79279 0.00268867 0.00143293
17 2 90 0.722155 0.738932 0.10478 -8.88845 0.00247011 0.00132093
17 3 88 0.725547 0.712276 0.129886 -8.91524 0.00244106 0.00131153
17 4 75 0.726131 0.735897 0.191725 -9.09509 0.00204448 0.00109934
17 5 102 0.733281 0.691853 0.231866 -8.8041 0.00282181 0.00153226
17 6 101 0.0321035 0.790874 0.260056 12.0483 0.00265825 0.00145008
17 7 78 0.722101 0.721823 0.342751 -9.05682 0.00208683 0.00111589
17 8 104 0.725795 0.711934 0.356046 -8.78394 0.0027866 0.0014977
17 9 69 0.731051 0.769344 0.442536 -9.26231 0.00176732 0.000956747
17 10 81 0.720778 0.717655 0.469867 -9.04207 0.00210548 0.0011238
17 11 89 0.723055 0.753152 0.475842 -8.97435 0.00227581 0.00121855
17 12 104 0.721099 0.779742 0.545747 -8.84028 0.00257993 0.00137764
17 13 83 0.720972 0.744678 0.611598 -9.0712 0.0020468 0.00109277
17 14 99 0.732625 0.782367 0.639169 -8.96939 0.00238511 0.00129397
17 15 103 0.724787 0.748865 0.631248 -8.88005 0.00252004 0.00135254
17 16 120 0.730568 0.804762 0.787726 -8.82582 0.00272874 0.00147624
17 17 91 0.0325462 0.863704 0.882825 11.5129 0.00196109 0.00107127
17 18 94 0.730526 0.8357 0.920088 -9.12741 0.00201792 0.00109163
17 19 111 0.72646 0.830739 0.953856 -8.95407 0.00235752 0.00126824
17 20 87 0.725857 0.809619 0.966444 -9.19302 0.00185152 0.000995208
17 21 96 0.722607 0.901922 1.09256 -9.15503 0.00189588 0.00101449
17 22 92 0.719683 0.893573 1.12089 -9.19251 0.00180264 0.000960693
17 23 96 0.732069 0.895512 1.1899 -9.23038 0.00183277 0.000993561
18 0 86 0.727467 0.757131 0.0860633 -8.96484 0.00234259 0.00126196
18 1 107 0.727012 0.7542 0.0669964 -8.74203 0.00292142 0.00157279
18 2 102 0.718499 0.756597 0.118122 -8.75643 0.0027734 0.00147561
18 3 97 0.717588 0.780743 0.148009 -8.81664 0.00260076 0.001382
18 4 86 0.723567 0.792897 0.2376 -8.97969 0.00226881 0.00121566
18 5 79 0.727776 0.805501 0.221224 -9.08683 0.00207637 0.00111902
18 6 102 0.725124 0.813363 0.323282 -8.83938 0.00262853 0.00141143
18 7 82 0.730181 0.804838 0.351127 -9.08121 0.00211016 0.00114098
18 8 84 0.722473 0.795577 0.360342 -9.02092 0.00216669 0.00115918
18 9 81 0.725356 0.803081 0.450686 -9.09362 0.00204054 0.00109605
18 10 91 0.727424 0.797777 0.478704 -8.99101 0.00228165 0.00122905
18 11 91 0.724768 0.835631 0.506529 -9.00271 0.00222896 0.00119629
18 12 102 0.730994 0.785345 0.517351 -8.89753 0.00254465 0.00137745
18 13 109 0.730856 0.885159 0.670705 -8.91549 0.00249784 0.00135186
18 14 95 0.0312554 0.874781 0.711229 12.3007 0.00215886 0.00117451
18 15 108 0.72198 0.838562 0.715555 -8.88165 0.00248504 0.0013286
18 16 89 0.0366341 0.866534 0.770269 9.64333 0.00199072 0.00110159
18 17 85 0.732295 0.891718 0.856558 -9.2326 0.00183052 0.000992647
18 18 83 0.73171 0.876958 0.897017 -9.26265 0.00177181 0.000960041
18 19 102 0.730241 0.887274 0.942456 -9.0695 0.00213558 0.00115483
18 20 101 0.0329241 0.974777 1.08916 11.316 0.00195307 0.00106817
18 21 109 0.723833 0.970793 1.13417 -9.06899 0.00207742 0.00111352
18 22 83 0.0343525 0.996259 1.22136 10.3749 0.00152279 0.000836604
18 23 79 0.035104 1.02562 1.34965 9.9298 0.00137466 0.000757017
19 0 97 0.727606 0.76467 -0.0239763 -8.84655 0.00263836 0.00142156
19 1 82 0.0323094 0.872377 0.08387 11.7099 0.00211194 0.00115281
19 2 85 0.72861 0.776175 0.0995359 -8.99147 0.00229248 0.0012369
19 3 95 0.730141 0.824169 0.152315 -8.91413 0.00249346 0.00134817
19 4 87 0.733262 0.803418 0.182456 -9.00869 0.00229954 0.00124863
19 5 87 0.729898 0.874223 0.244886 -9.03558 0.00220595 0.00119232
19 6 84 0.721009 0.919436 0.232368 -9.05175 0.00208734 0.00111447
19 7 98 0.731576 0.893713 0.358577 -8.95132 0.00241751 0.00130967
19 8 106 0.0315755 0.906062 0.390071 12.304 0.00258433 0.00140741
19 9 71 0.0312935 0.798936 0.442651 12.0951 0.00179534 0.000976864
19 10 86 0.730048 0.861678 0.484206 -9.08799 0.00209468 0.00113241
19 11 91 0.717288 0.855953 0.512639 -8.97986 0.00220616 0.00117183
19 12 106 0.730676 0.850393 0.576856 -8.90123 0.00253174 0.00136986
19 13 89 0.731107 0.910146 0.619103 -9.11442 0.0020495 0.00110959
19 14 89 0.0318656 0.939832 0.695446 11.8811 0.00198114 0.0010799
19 15 96 0.032522 0.913522 0.697562 11.6211 0.00215794 0.00117872
19 16 113 0.730139 0.918914 0.761556 -8.91736 0.0024854 0.0013438
19 17 90 0.0353196 0.984315 0.926472 10.1218 0.00183307 0.00101015
19 18 91 0.0307635 1.04491 0.978839 12.3884 0.00178448 0.000969332
19 19 99 0.730504 0.989814 0.979584 -9.14753 0.00197756 0.00106976
19 20 96 0.0309857 1.0466 1.08596 12.2796 0.00181679 0.000987573
19 21 88 0.0338856 1.07807 1.21127 10.6332 0.00158191 0.000867801
19 22 94 0.730707 1.08683 1.22862 -9.31406 0.00167567 0.000906708
19 23 87 0.72194 1.06602 1.29411 -9.36898 0.0015262 0.000815915
20 0 90 0.730704 0.876209 0.0134513 -8.98952 0.00231808 0.00125431
20 1 109 0.722022 0.907665 0.0815182 -8.77724 0.00275904 0.00147517
20 2 104 0.72688 0.927851 0.124334 -8.85797 0.00260011 0.00139955
20 3 104 0.0320225 0.887992 0.159766 12.0861 0.00264439 0.00144215
20 4 78 0.715373 0.828771 0.189869 -9.05204 0.00203507 0.00107807
20 5 98 0.716454 0.891562 0.259761 -8.86752 0.0024593 0.00130477
20 6 103 0.0312465 0.885399 0.295657 12.4833 0.00257856 0.00140281
20 7 93 0.720692 0.888852 0.339631 -8.95015 0.00230731 0.00123137
20 8 113 0.72503 0.932033 0.373828 -8.80085 0.00273066 0.00146608
20 9 90 0.0311213 0.879437 0.420887 12.3977 0.00220689 0.00120014
20 10 88 0.72601 1.04102 0.498465 -9.12994 0.00197341 0.00106095
20 11 70 0.0308032 0.933469 0.539076 12.2753 0.00163039 0.000885739
20 12 100 0.732809 1.03941 0.592632 -9.0527 0.0021962 0.00119178
20 13 108 0.733091 0.977375 0.640494 -8.96319 0.00240481 0.00130548
20 14 90 0.0353815 1.05297 0.701287 10.1363 0.00191129 0.00105346
20 15 96 0.724758 0.958256 0.749141 -9.06804 0.0020879 0.00112056
20 16 97 0.732151 1.07957 0.871458 -9.17266 0.00194237 0.00105309
20 17 109 0.031026 1.00138 0.871365 12.469 0.0022461 0.0012211
20 18 87 0.728513 1.10703 1.00193 -9.31509 0.00165797 0.000894435
20 19 114 0.0327684 1.05649 0.962629 11.5312 0.00223812 0.00122346
20 20 89 0.732905 1.13302 1.14529 -9.36521 0.00160743 0.000872396
20 21 104 0.0314496 1.20638 1.24272 12.0007 0.00178088 0.000969474
20 22 85 0.724442 1.13548 1.22422 -9.40024 0.00149565 0.000802357
20 23 99 0.726396 1.17754 1.32224 -9.30018 0.00166732 0.000896865
21 0 100 0.723021 0.939317 -0.0116974 -8.88182 0.00249606 0.00133641
21 1 96 0.72432 0.972776 0.052895 -8.94577 0.0023549 0.0012631
21 2 91 0.0319329 0.957423 0.161452 11.9661 0.0022359 0.00121903
21 3 84 0.728268 0.973803 0.189914 -9.10561 0.00204214 0.00110132
21 4 113 0.724954 0.9436 0.188889 -8.77958 0.00278844 0.00149694
21 5 105 0.728448 1.00248 0.250609 -8.90384 0.00250066 0.00134893
21 6 99 0.730759 0.966615 0.286974 -8.96028 0.00238744 0.00129193
21 7 102 0.731882 1.03233 0.347304 -8.9757 0.00236243 0.00128037
21 8 111 0.0339587 1.00629 0.389353 11.0891 0.00258399 0.00141785
21 9 107 0.728226 0.984134 0.421859 -8.90268 0.00250113 0.00134877
21 10 117 0.72589 1.05232 0.516437 -8.85348 0.00260049 0.00139785
21 11 99 0.0338465 1.04215 0.536491 10.982 0.0022005 0.001207
21 12 87 0.0354744 1.01798 0.610822 10.0997 0.00191948 0.00105828
21 13 101 0.731408 1.04099 0.67447 -9.05818 0.00217092 0.00117581
21 14 118 0.726498 1.0081 0.637343 -8.85772 0.00259639 0.00139682
21 15 118 0.73214 1.09039 0.804107 -8.96111 0.00239984 0.0013011
21 16 85 0.035037 1.0794 0.843091 10.1819 0.00171652 0.000945077
21 17 101 0.724572 1.09905 0.896099 -9.11355 0.00199338 0.00106956
21 18 101 0.728767 1.19477 1.02553 -9.20424 0.00185438 0.00100074
21 19 91 0.730053 1.10854 0.997916 -9.27615 0.00173546 0.000938217
21 20 75 0.717696 1.2348 1.18996 -9.5153 0.00129387 0.000687646
21 21 90 0.0311929 1.20597 1.12825 12.0338 0.00159647 0.000868382
21 22 112 0.721257 1.24214 1.29953 -9.16571 0.00186457 0.000995868
21 23 86 0.721789 1.25346 1.36228 -9.45477 0.00139979 0.000748181
22 0 96 0.030701 1.04913 0.0323614 12.664 0.00226778 0.00123162
22 1 83 0.732291 0.922896 0.0552609 -9.10139 0.00208712 0.00113179
22 2 105 0.72539 0.968443 0.111189 -8.86116 0.00257491 0.00138314
22 3 88 0.726446 1.03979 0.131651 -9.07906 0.0020804 0.00111914
22 4 93 0.72849 1.06804 0.203948 -9.05234 0.00215596 0.00116305
22 5 107 0.733075 1.03322 0.24064 -8.91892 0.00251348 0.00136445
22 6 94 0.730795 1.01304 0.293921 -9.0355 0.00221478 0.00119856
22 7 113 0.730162 0.971305 0.338895 -8.83561 0.00269739 0.00145847
22 8 107 0.72982 1.05093 0.413102 -8.93875 0.0024294 0.00131295
22 9 113 0.0309022 1.02979 0.427738 12.6792 0.00258369 0.00140408
22 10 92 0.721138 1.06664 0.538871 -9.08415 0.00202195 0.00107975
22 11 101 0.72502 1.07598 0.567078 -9.01839 0.00219671 0.00117939
22 12 91 0.732186 1.10989 0.642375 -9.18627 0.0019164 0.00103906
22 13 105 0.726724 1.08045 0.66867 -9.01358 0.00222389 0.00119679
22 14 91 0.0309889 1.10108 0.709945 12.3178 0.00189087 0.00102785
22 15 109 0.0307811 1.16359 0.814747 12.5641 0.00214883 0.00116731
22 16 110 0.0312352 1.21094 0.881441 12.2804 0.00209178 0.00113795
22 17 97 0.0309264 1.14379 0.890245 12.3509 0.00188648 0.00102527
22 18 95 0.0329398 1.26023 1.02026 11.1739 0.00170781 0.000934077
22 19 88 0.722096 1.21255 1.01793 -9.31659 0.0016094 0.000860586
22 20 87 0.732633 1.33098 1.18691 -9.46211 0.00145725 0.000790597
22 21 95 0.724805 1.25429 1.23985 -9.33146 0.0016047 0.000861292
22 22 89 0.72678 1.35866 1.35145 -9.46945 0.00141006 0.000758885
22 23 78 0.72711 1.41085 1.43032 -9.64033 0.0011903 0.000640898
23 0 117 0.0322501 1.06873 0.00783763 12.0005 0.0027376 0.00149406
23 1 101 0.730908 1.08354 0.0736543 -8.97974 0.00234294 0.00126811
23 2 96 0.0309634 1.10832 0.145993 12.48 0.00219193 0.00119141
23 3 87 0.727543 1.10731 0.155592 -9.13023 0.00198615 0.00107005
23 4 106 0.725832 1.11146 0.203724 -8.93104 0.00240578 0.00129308
23 5 111 0.73281 1.08869 0.271376 -8.91151 0.00252925 0.00137252
23 6 102 0.724876 1.08636 0.299449 -8.96376 0.00231856 0.00124456
23 7 108 0.0357336 1.16015 0.360296 10.1896 0.00235064 0.00129706
23 8 101 0.72851 1.09864 0.387365 -9.00843 0.00225295 0.00121541
23 9 114 0.732054 1.15627 0.461549 -8.94216 0.00244485 0.00132535
23 10 87 0.73056 1.1765 0.481851 -9.21878 0.001842 0.000996507
23 11 100 0.0323115 1.16759 0.582912 11.6951 0.00208301 0.00113703
23 12 111 0.0315953 1.16379 0.632705 12.1725 0.00229034 0.00124739
23 13 94 0.729993 1.1663 0.721168 -9.18698 0.00189681 0.00102536
23 14 105 0.732083 1.20424 0.732588 -9.10359 0.00208064 0.00112796
23 15 114 0.0313418 1.25327 0.825445 12.2555 0.00216493 0.00117814
23 16 99 0.0315331 1.31791 0.891166 11.9679 0.00180426 0.000982457
23 17 105 0.7275 1.29342 0.96809 -9.17832 0.00189254 0.00101956
23 18 84 0.721394 1.26962 0.9588 -9.36352 0.00153085 0.000817785
23 19 85 0.0339659 1.42511 1.15281 10.4686 0.00139411 0.000764975
23 20 87 0.728836 1.43872 1.25404 -9.49799 0.0013828 0.000746316
23 21 76 0.73331 1.45521 1.3129 -9.67364 0.0011829 0.000642347
23 22 79 0.721424 1.36021 1.34152 -9.56262 0.00125465 0.000670269
23 23 74 0.0341039 1.47678 1.44697 10.1693 0.00110345 0.000605749
