#  ix    iy     NB       E/N    TB    UxB       UyB       muB       rhoB     epsilonB
0 0 38 0.005 0.0306536 0.0132465 209.778 0.00210994 0.00221309
0 1 21 0.005 -0.0376488 0.138605 207.746 0.00115482 0.00119954
0 2 15 0.005 0.0569863 0.0488103 203.807 0.000830997 0.000846816
0 3 22 0.005 0.142889 0.196976 208.526 0.00118757 0.00123819
0 4 29 0.005 0.030133 0.222231 209.681 0.00157206 0.00164816
0 5 36 0.005 0.0924776 0.281506 209.14 0.00191759 0.00200523
0 6 30 0.005 0.0430824 0.398982 207.218 0.00154677 0.00160259
0 7 21 0.005 0.0439601 0.452296 205.37 0.00106214 0.00109066
0 8 20 0.005 0.0115582 0.459242 203.491 0.00100967 0.00102729
0 9 36 0.005 -0.046839 0.507845 203.365 0.00178167 0.00181165
0 10 41 0.005 -0.0327866 0.652078 202.357 0.00190726 0.00192974
0 11 25 0.005 -0.0280376 0.803524 204.272 0.00108242 0.00110554
0 12 26 0.005 0.045946 0.741481 203.179 0.00115949 0.00117792
0 13 33 0.005 0.0424719 0.835653 202.136 0.00140605 0.00142107
0 14 28 0.005 -0.0134257 0.928087 204.711 0.00114012 0.00116698
0 15 35 0.005 0.0971313 1.00751 202.815 0.00136658 0.00138582
0 16 29 0.005 0.05698 0.961629 207.685 0.00116031 0.00120489
0 17 24 0.005 0.0738628 1.13615 201.978 0.000879883 0.000888586
0 18 35 0.005 0.0138387 1.29025 205.527 0.00119111 0.00122402
0 19 23 0.005 -0.0102291 1.39666 200.856 0.000743855 0.000747037
0 20 28 0.005 0.0337599 1.46463 200.428 0.000876973 0.000878851
0 21 14 0.005 -0.0122873 1.80176 201.701 0.000377433 0.000380643
0 22 0 0 0 0 0 0 0
0 23 0 0 0 0 0 0 0
1 0 37 0.005 0.121219 -0.0190446 207.709 0.00204025 0.0021189
1 1 26 0.005 0.0241243 0.0535214 206.654 0.00144196 0.00148994
1 2 28 0.005 0.0617354 0.108493 203.178 0.00154358 0.00156811
1 3 23 0.005 0.0480814 0.18369 205.398 0.00125535 0.00128923
1 4 22 0.005 0.0749801 0.216424 207.201 0.00119137 0.00123427
1 5 32 0.005 0.0852326 0.313739 205.136 0.00169067 0.00173409
1 6 24 0.005 0.118276 0.32448 206.834 0.00126029 0.00130335
1 7 27 0.005 0.0108196 0.473122 209.235 0.00135584 0.00141845
1 8 26 0.005 -0.0348292 0.412937 205.995 0.0013344 0.0013744
1 9 26 0.005 0.0784023 0.648093 209.44 0.00120953 0.00126662
1 10 29 0.005 0.0843424 0.693925 209.355 0.00132047 0.00138224
1 11 34 0.005 0.140669 0.606073 205.103 0.0016038 0.00164472
1 12 36 0.005 0.0647741 0.733072 207.285 0.00161081 0.00166949
1 13 32 0.005 0.101323 0.821451 202.701 0.00136953 0.00138802
1 14 38 0.005 0.0660026 0.848778 201.209 0.00160747 0.00161719
1 15 30 0.005 0.0689805 1.00486 204.89 0.00117426 0.00120297
1 16 25 0.005 0.134572 1.02414 203.087 0.000966054 0.000980965
1 17 34 0.005 0.0994413 1.14937 202.565 0.0012372 0.00125307
1 18 21 0.005 0.102836 1.33397 198.643 0.000698457 0.000693719
1 19 19 0.005 0.116778 1.40558 199.667 0.000610516 0.000609499
1 20 28 0.005 0.0323023 1.44826 199.433 0.000883712 0.000881206
1 21 17 0.005 0.117563 1.67442 201.647 0.000483377 0.000487357
1 22 0 0 0 0 0 0 0
1 23 0 0 0 0 0 0 0
2 0 35 0.005 0.126266 0.0116657 203.484 0.001929 0.0019626
2 1 25 0.005 0.0202017 0.0384745 207.758 0.00138758 0.00144141
2 2 22 0.005 0.0533592 0.109215 207 0.00121329 0.00125575
2 3 40 0.005 0.118176 0.241956 206.241 0.00214579 0.00221275
2 4 21 0.005 0.125157 0.322045 210.869 0.0011027 0.00116263
2 5 17 0.005 0.0956858 0.357444 214.242 0.00088575 0.000948826
2 6 25 0.005 0.139654 0.356677 210.241 0.001297 0.00136341
2 7 26 0.005 0.136457 0.443639 206.141 0.00131019 0.00135042
2 8 25 0.005 0.114552 0.403858 203.83 0.00128063 0.00130515
2 9 28 0.005 0.191354 0.509056 207.711 0.00136655 0.00141923
2 10 31 0.005 0.152824 0.639485 206.701 0.00143904 0.00148725
2 11 30 0.005 0.0431114 0.686214 207.195 0.00137336 0.00142277
2 12 30 0.005 0.213173 0.713715 202.818 0.00133662 0.00135545
2 13 26 0.005 0.116185 0.973336 203.702 0.00103151 0.00105061
2 14 27 0.005 0.16118 0.81285 208.144 0.00115497 0.001202
2 15 30 0.005 0.231401 1.02172 200.525 0.0011508 0.00115382
2 16 25 0.005 0.165089 1.17174 205.456 0.000896482 0.000920939
2 17 31 0.005 0.198778 1.22653 206.52 0.00107979 0.00111499
2 18 30 0.005 0.190611 1.29797 202.997 0.00101037 0.00102551
2 19 30 0.005 0.19659 1.49676 205.046 0.000920411 0.000943634
2 20 16 0.005 0.120311 1.45422 201.694 0.000502491 0.000506746
2 21 15 0.005 0.160052 1.60286 196.684 0.000439524 0.000432236
2 22 17 0.005 0.187891 1.71245 198.277 0.000474136 0.000470051
2 23 0 0 0 0 0 0 0
3 0 26 0.005 0.114921 -0.00359388 207.847 0.00143499 0.00149129
3 1 33 0.005 0.202481 0.00204803 207.991 0.00179687 0.00186866
3 2 34 0.005 0.199049 0.13216 207.797 0.00183718 0.0019088
3 3 34 0.005 0.189854 0.155563 208.264 0.00183444 0.00191024
3 4 34 0.005 0.212695 0.255653 205.727 0.00179237 0.0018437
3 5 23 0.005 0.214497 0.342183 209.228 0.00118481 0.00123947
3 6 29 0.005 0.121189 0.36239 202.688 0.00150498 0.00152521
3 7 25 0.005 0.166579 0.456541 206.766 0.00124919 0.00129145
3 8 28 0.005 0.231531 0.445695 206.527 0.00139008 0.00143545
3 9 47 0.005 0.227154 0.561973 204.327 0.00223293 0.00228124
3 10 40 0.005 0.195268 0.587384 204.899 0.00188953 0.00193581
3 11 41 0.005 0.244612 0.641866 208.016 0.00187751 0.00195276
3 12 31 0.005 0.272279 0.71892 206.319 0.00136539 0.00140853
3 13 26 0.005 0.186424 0.931761 204.835 0.0010471 0.00107242
3 14 38 0.005 0.247679 1.00564 204.452 0.00146638 0.00149902
3 15 36 0.005 0.23184 0.980498 206.006 0.0014089 0.00145121
3 16 35 0.005 0.234404 1.09098 202.2 0.00129769 0.00131196
3 17 23 0.005 0.301748 1.18844 208.034 0.000807581 0.000840024
3 18 32 0.005 0.306671 1.28017 199.99 0.00107539 0.00107534
3 19 20 0.005 0.208522 1.46267 202.337 0.000622798 0.000630074
3 20 22 0.005 0.241698 1.50227 203.539 0.000671264 0.000683142
3 21 15 0.005 0.232971 1.55164 197.022 0.000447882 0.000441214
3 22 0 0 0 0 0 0 0
3 23 0 0 0 0 0 0 0
4 0 35 0.005 0.278961 0.0278119 209.741 0.00187226 0.00196345
4 1 28 0.005 0.191951 0.0527188 209.214 0.00152562 0.00159591
4 2 29 0.005 0.258892 0.228416 203.929 0.0015229 0.00155282
4 3 34 0.005 0.285905 0.243219 210.258 0.00176841 0.00185912
4 4 27 0.005 0.198264 0.10525 207.968 0.00146358 0.00152189
4 5 32 0.005 0.239207 0.256502 205.488 0.00167759 0.00172362
4 6 29 0.005 0.272266 0.332865 205.325 0.00148006 0.00151947
4 7 35 0.005 0.307084 0.476418 210.27 0.0016916 0.00177847
4 8 32 0.005 0.241221 0.506765 202.442 0.0015503 0.00156923
4 9 38 0.005 0.274039 0.567566 204.175 0.00178598 0.00182327
4 10 44 0.005 0.269699 0.590454 208.977 0.00205034 0.00214237
4 11 43 0.005 0.353048 0.68705 210.809 0.00189054 0.00199272
4 12 24 0.005 0.25175 0.652002 199.414 0.00109287 0.00108966
4 13 30 0.005 0.316307 0.770144 198.41 0.00128085 0.00127067
4 14 29 0.005 0.184243 0.932399 207.027 0.0011678 0.00120884
4 15 26 0.005 0.304179 1.01483 207.589 0.000991486 0.00102911
4 16 24 0.005 0.270549 1.00789 202.749 0.000922499 0.00093518
4 17 17 0.005 0.431963 1.18821 205.519 0.000585896 0.000602064
4 18 31 0.005 0.38273 1.35245 197.13 0.000998393 0.000984066
4 19 20 0.005 0.324165 1.39149 200.314 0.000637127 0.000638129
4 20 16 0.005 0.373 1.60913 204.964 0.000460346 0.000471771
4 21 12 0.005 0.436017 1.845 194.165 0.000311033 0.000301958
4 22 12 0.005 0.346296 1.7651 200.096 0.000323935 0.00032409
4 23 0 0 0 0 0 0 0
5 0 30 0.005 0.318214 0.0394346 210.219 0.00158707 0.00166817
5 1 42 0.005 0.305509 0.0619645 208.147 0.00222761 0.00231835
5 2 20 0.005 0.244592 0.182266 211.503 0.00106277 0.00112389
5 3 38 0.005 0.348091 0.192783 203.978 0.00196153 0.00200054
5 4 36 0.005 0.30173 0.250728 206.23 0.00186185 0.00191985
5 5 33 0.005 0.293931 0.209582 208.801 0.00172441 0.0018003
5 6 24 0.005 0.395463 0.385239 210.901 0.00116726 0.00123088
5 7 24 0.005 0.375384 0.419653 205.168 0.00116183 0.00119185
5 8 29 0.005 0.242045 0.459598 205.81 0.00142973 0.00147126
5 9 35 0.005 0.313604 0.589407 213.983 0.00161715 0.00173021
5 10 29 0.005 0.343516 0.585046 202.573 0.00133324 0.00135039
5 11 34 0.005 0.286825 0.749786 201.533 0.00147298 0.00148427
5 12 25 0.005 0.329588 0.80426 202.071 0.00104827 0.00105912
5 13 34 0.005 0.325452 0.821055 203.654 0.00141576 0.00144163
5 14 33 0.005 0.287713 0.812004 200.435 0.001389 0.00139202
5 15 21 0.005 0.324647 0.99987 199.878 0.000804094 0.000803604
5 16 33 0.005 0.361356 1.12621 202.693 0.00118368 0.00119961
5 17 32 0.005 0.358361 1.14293 202.078 0.00113934 0.00115118
5 18 29 0.005 0.446173 1.48442 200.476 0.000873417 0.000875498
5 19 31 0.005 0.416049 1.32387 201.054 0.00100687 0.00101217
5 20 17 0.005 0.351044 1.55348 201.563 0.000502213 0.000506138
5 21 13 0.005 0.421183 1.49527 197.245 0.000390921 0.000385535
5 22 12 0.005 0.586965 2.22325 199.639 0.000265873 0.000265393
5 23 0 0 0 0 0 0 0
6 0 28 0.005 0.304548 0.0687162 203.502 0.00148487 0.00151087
6 1 33 0.005 0.314244 0.0758959 204.498 0.00174444 0.00178367
6 2 27 0.005 0.424173 0.150198 209.067 0.00136789 0.00142991
6 3 28 0.005 0.314264 0.198356 209.906 0.00145812 0.00153034
6 4 22 0.005 0.256913 0.276934 208.419 0.00114336 0.00119149
6 5 39 0.005 0.339556 0.339591 206.636 0.00195313 0.00201793
6 6 27 0.005 0.369785 0.42352 206.412 0.00130751 0.00134943
6 7 29 0.005 0.439134 0.483433 209.698 0.00134891 0.00141432
6 8 27 0.005 0.369867 0.513894 203.728 0.00126733 0.00129095
6 9 37 0.005 0.428368 0.575347 204.642 0.00167029 0.00170906
6 10 35 0.005 0.451445 0.585057 204.551 0.00156379 0.00159937
6 11 34 0.005 0.381259 0.680972 202.782 0.00148908 0.00150979
6 12 24 0.005 0.37618 0.716601 202.921 0.00103642 0.00105156
6 13 37 0.005 0.441532 0.94951 202.598 0.00141965 0.00143809
6 14 39 0.005 0.462753 0.946374 204.906 0.00149168 0.00152827
6 15 39 0.005 0.391329 0.975232 204.212 0.00149364 0.0015251
6 16 30 0.005 0.485188 1.19151 201.812 0.00102284 0.00103211
6 17 44 0.005 0.501849 1.23827 203.955 0.00146472 0.00149368
6 18 29 0.005 0.46378 1.26827 201.47 0.00095879 0.000965837
6 19 25 0.005 0.415453 1.37855 203.376 0.000792293 0.000805666
6 20 19 0.005 0.460611 1.41361 196.728 0.000589112 0.000579474
6 21 10 0.005 0.515651 1.85209 202.823 0.000256364 0.000259983
6 22 0 0 0 0 0 0 0
6 23 0 0 0 0 0 0 0
7 0 27 0.005 0.351594 -0.028993 208.729 0.00141455 0.00147629
7 1 34 0.005 0.451046 0.104654 207.251 0.00171406 0.0017762
7 2 34 0.005 0.404523 0.127034 207.38 0.00173903 0.0018032
7 3 46 0.005 0.417596 0.192145 209.172 0.00232198 0.00242847
7 4 28 0.005 0.383797 0.296945 205.952 0.00139948 0.00144113
7 5 33 0.005 0.396981 0.371145 210.29 0.00161083 0.0016937
7 6 31 0.005 0.351093 0.356781 211.684 0.00154006 0.00163003
7 7 26 0.005 0.47391 0.348651 206.749 0.00124496 0.00128697
7 8 35 0.005 0.443721 0.55352 207.607 0.0015859 0.00164622
7 9 34 0.005 0.473369 0.640391 209.021 0.0014776 0.00154425
7 10 34 0.005 0.395767 0.641316 204.039 0.0015085 0.00153896
7 11 38 0.005 0.401701 0.680207 208.012 0.00165658 0.00172294
7 12 33 0.005 0.474244 0.801517 204.518 0.00134162 0.00137193
7 13 32 0.005 0.535496 0.885194 203.526 0.00123554 0.00125733
7 14 36 0.005 0.504003 0.977669 202.718 0.00134539 0.00136367
7 15 30 0.005 0.510519 1.04901 203.016 0.00108467 0.00110102
7 16 31 0.005 0.494037 1.01175 205.889 0.00114366 0.00117733
7 17 26 0.005 0.67063 1.34818 201.105 0.000799105 0.000803519
7 18 20 0.005 0.52574 1.38757 201.509 0.000620959 0.000625644
7 19 15 0.005 0.604585 1.52321 208.115 0.00043407 0.000451683
7 20 17 0.005 0.593222 1.56802 197.288 0.000483816 0.000477255
7 21 11 0.005 0.590847 1.61284 201.571 0.00030747 0.000309885
7 22 0 0 0 0 0 0 0
7 23 0 0 0 0 0 0 0
8 0 36 0.005 0.463043 0.071796 208.317 0.00181104 0.00188635
8 1 42 0.005 0.484423 0.104565 209.512 0.00209068 0.00219011
8 2 38 0.005 0.532603 0.15992 203.924 0.00184502 0.00188122
8 3 25 0.005 0.431434 0.166464 206.711 0.00126062 0.00130293
8 4 37 0.005 0.368702 0.249965 205.053 0.00187769 0.00192513
8 5 28 0.005 0.531448 0.305624 204.003 0.00132618 0.00135272
8 6 45 0.005 0.451427 0.350913 204.762 0.00217028 0.00222195
8 7 35 0.005 0.409516 0.507964 206.497 0.00162846 0.00168136
8 8 33 0.005 0.553769 0.545542 204.662 0.00144744 0.00148118
8 9 33 0.005 0.491977 0.493456 201.554 0.00150418 0.00151586
8 10 40 0.005 0.497565 0.572174 203.322 0.00177073 0.00180015
8 11 41 0.005 0.553152 0.765054 205.815 0.00165628 0.00170443
8 12 35 0.005 0.501651 0.707688 204.538 0.00146882 0.00150215
8 13 29 0.005 0.53071 0.9024 207.302 0.00111284 0.00115347
8 14 27 0.005 0.633183 1.03856 203.663 0.000952594 0.00097004
8 15 31 0.005 0.661321 0.936898 205.505 0.00113188 0.00116304
8 16 25 0.005 0.592103 1.18049 199.528 0.000838424 0.000836448
8 17 21 0.005 0.47839 1.2044 198.923 0.000712731 0.000708892
8 18 19 0.005 0.685052 1.37665 200.045 0.000575471 0.000575601
8 19 23 0.005 0.667508 1.39794 197.799 0.000692993 0.000685365
8 20 17 0.005 0.733965 1.60527 195.72 0.000465544 0.00045558
8 21 0 0 0 0 0 0 0
8 22 0 0 0 0 0 0 0
8 23 0 0 0 0 0 0 0
9 0 49 0.005 0.548983 -0.000580892 206.298 0.00238628 0.00246143
9 1 27 0.005 0.620041 0.153011 205.975 0.00126419 0.00130196
9 2 42 0.005 0.538576 0.14728 210.957 0.00203728 0.00214889
9 3 30 0.005 0.501222 0.1543 209.427 0.00147601 0.00154558
9 4 32 0.005 0.628206 0.237013 209.788 0.00147595 0.00154818
9 5 25 0.005 0.632994 0.332349 211.771 0.00112984 0.00119633
9 6 31 0.005 0.536658 0.391799 205.287 0.00143443 0.00147235
9 7 39 0.005 0.569979 0.43143 210.277 0.00176262 0.00185319
9 8 36 0.005 0.523132 0.554011 204.427 0.00159081 0.00162603
9 9 25 0.005 0.669751 0.639088 207.132 0.00101921 0.00105555
9 10 25 0.005 0.614719 0.65085 206.232 0.00103479 0.00106703
9 11 34 0.005 0.652121 0.664316 207.238 0.00138256 0.00143259
9 12 33 0.005 0.630793 0.875782 210.657 0.00124601 0.00131241
9 13 33 0.005 0.601292 0.866632 201.248 0.00126134 0.00126921
9 14 29 0.005 0.610319 0.955673 201.728 0.00106563 0.00107483
9 15 28 0.005 0.642255 0.97121 198.696 0.0010135 0.00100689
9 16 23 0.005 0.873518 1.25096 201.029 0.000700436 0.000704039
9 17 25 0.005 0.697973 1.30992 198.345 0.000776041 0.000769621
9 18 17 0.005 0.679364 1.29731 201.043 0.000532596 0.000535373
9 19 15 0.005 0.779421 1.47389 198.563 0.000428629 0.000425549
9 20 13 0.005 0.770134 1.60874 200.107 0.000353202 0.000353392
9 21 0 0 0 0 0 0 0
9 22 0 0 0 0 0 0 0
9 23 0 0 0 0 0 0 0
10 0 39 0.005 0.557398 0.083361 210.391 0.00188753 0.0019856
10 1 34 0.005 0.544699 0.0843211 207.195 0.00165424 0.00171376
10 2 38 0.005 0.642478 0.100202 205.115 0.00176985 0.00181511
10 3 41 0.005 0.630313 0.192344 212.365 0.00190192 0.00201951
10 4 30 0.005 0.506129 0.249893 202.345 0.00145141 0.00146842
10 5 29 0.005 0.662758 0.30914 206.916 0.00130046 0.00134543
10 6 44 0.005 0.558634 0.398602 211.944 0.00201549 0.00213585
10 7 33 0.005 0.638001 0.436739 202.565 0.00145038 0.00146898
10 8 34 0.005 0.597262 0.533468 202.219 0.00147439 0.00149074
10 9 27 0.005 0.666491 0.540377 202.829 0.00113839 0.00115449
10 10 33 0.005 0.669747 0.650562 205.757 0.00134002 0.0013786
10 11 20 0.005 0.645626 0.791686 200.013 0.000777248 0.000777297
10 12 38 0.005 0.707147 0.803607 206.27 0.00144116 0.00148634
10 13 34 0.005 0.722866 0.939912 202.002 0.00121776 0.00122995
10 14 22 0.005 0.770505 1.00259 202.507 0.000758154 0.000767656
10 15 29 0.005 0.827899 1.01927 201.903 0.000976104 0.000985392
10 16 21 0.005 0.770941 1.19093 200.261 0.000672157 0.000673035
10 17 24 0.005 0.804844 1.28183 203.321 0.000734994 0.0007472
10 18 20 0.005 0.794627 1.35886 197.873 0.000595795 0.000589459
10 19 10 0.005 0.756023 1.35944 197.972 0.000300425 0.000297379
10 20 0 0 0 0 0 0 0
10 21 0 0 0 0 0 0 0
10 22 0 0 0 0 0 0 0
10 23 0 0 0 0 0 0 0
11 0 44 0.005 0.709514 0.00190222 208.648 0.00199361 0.00207982
11 1 43 0.005 0.713609 0.0777651 205.674 0.00194066 0.00199571
11 2 30 0.005 0.688521 0.196522 206.599 0.00135511 0.00139983
11 3 34 0.005 0.765058 0.277497 207.57 0.00146504 0.00152049
11 4 34 0.005 0.72751 0.343333 205.782 0.00147177 0.00151432
11 5 43 0.005 0.746437 0.365675 209.698 0.00183712 0.00192621
11 6 44 0.005 0.614075 0.383781 208.382 0.00197986 0.00206283
11 7 34 0.005 0.716513 0.501118 206.996 0.00142198 0.00147173
11 8 46 0.005 0.751302 0.516556 206.874 0.00188846 0.00195336
11 9 35 0.005 0.770152 0.590457 204.445 0.00139539 0.00142641
11 10 32 0.005 0.736777 0.675488 199.73 0.00125735 0.00125566
11 11 47 0.005 0.742522 0.787092 206.708 0.00177219 0.00183163
11 12 28 0.005 0.791335 0.830837 200.845 0.00102204 0.00102636
11 13 30 0.005 0.823785 0.958607 201.082 0.00103411 0.0010397
11 14 24 0.005 0.80636 0.977684 200.335 0.000825933 0.000827316
11 15 25 0.005 0.79047 1.10016 205.48 0.000824851 0.000847452
11 16 21 0.005 0.847112 1.24033 200.85 0.000646552 0.0006493
11 17 25 0.005 0.89332 1.26915 201.311 0.000752262 0.000757191
11 18 18 0.005 0.926836 1.33554 203.238 0.000523949 0.000532433
11 19 12 0.005 0.998929 1.66333 198.667 0.000305421 0.000303386
11 20 0 0 0 0 0 0 0
11 21 0 0 0 0 0 0 0
11 22 0 0 0 0 0 0 0
11 23 0 0 0 0 0 0 0
12 0 41 0.005 0.849341 0.0546906 207.835 0.00173459 0.00180254
12 1 40 0.005 0.813909 0.0767247 207.517 0.00172047 0.00178513
12 2 38 0.005 0.8282 0.131098 210.719 0.00161767 0.00170437
12 3 51 0.005 0.801686 0.227193 206.445 0.00217671 0.00224685
12 4 53 0.005 0.807172 0.299898 210.63 0.00223124 0.00234983
12 5 35 0.005 0.839057 0.296382 206.541 0.00145259 0.0015001
12 6 35 0.005 0.782018 0.447207 205.671 0.00144468 0.00148564
12 7 27 0.005 0.779714 0.51101 202.002 0.00109718 0.00110816
12 8 37 0.005 0.842984 0.553817 208.705 0.00144724 0.00151023
12 9 32 0.005 0.834039 0.629174 202.115 0.00122928 0.00124228
12 10 31 0.005 0.787923 0.660723 200.954 0.00120069 0.00120642
12 11 47 0.005 0.878905 0.78568 205.842 0.00168907 0.0017384
12 12 25 0.005 0.931668 0.892223 204.56 0.000850932 0.000870332
12 13 37 0.005 0.951122 0.946593 206.547 0.00122828 0.00126849
12 14 24 0.005 0.953303 0.996938 203.418 0.0007826 0.000795975
12 15 17 0.005 0.958107 1.10405 205.931 0.000533244 0.000549058
12 16 25 0.005 0.996252 1.20632 198.76 0.000747999 0.000743362
12 17 21 0.005 1.01611 1.32569 201.702 0.000599282 0.000604382
12 18 10 0.005 1.14701 1.65737 197.448 0.000246914 0.000243763
12 19 0 0 0 0 0 0 0
12 20 0 0 0 0 0 0 0
12 21 0 0 0 0 0 0 0
12 22 0 0 0 0 0 0 0
12 23 0 0 0 0 0 0 0
13 0 38 0.005 0.916564 0.0448115 205.878 0.00155545 0.00160116
13 1 42 0.005 0.891488 0.14098 209.474 0.00173214 0.00181419
13 2 35 0.005 0.987361 0.188124 207.943 0.00137141 0.00142588
13 3 32 0.005 0.941414 0.307791 204.204 0.00126309 0.00128964
13 4 34 0.005 0.825166 0.241177 202.913 0.00143235 0.00145321
13 5 36 0.005 0.856901 0.266748 206.034 0.00148847 0.00153337
13 6 38 0.005 0.954804 0.441053 211.474 0.00145467 0.00153812
13 7 38 0.005 0.953718 0.561565 204.992 0.00141531 0.00145064
13 8 36 0.005 0.928635 0.596142 206.4 0.00134299 0.00138597
13 9 32 0.005 0.913006 0.669968 206.411 0.00117673 0.00121446
13 10 34 0.005 0.859464 0.593705 203.828 0.00130621 0.00133121
13 11 28 0.005 1.04388 0.898941 202.475 0.000913802 0.000925111
13 12 23 0.005 0.954573 0.817372 203.623 0.000795617 0.00081003
13 13 25 0.005 0.986344 0.886035 204.169 0.000836326 0.000853759
13 14 25 0.005 1.05519 1.10203 200.17 0.000761345 0.000761994
13 15 21 0.005 0.970211 1.15697 203.22 0.000644194 0.000654564
13 16 18 0.005 1.22373 1.44375 203.101 0.00046717 0.000474412
13 17 16 0.005 1.07955 1.32668 197.334 0.000448641 0.00044266
13 18 0 0 0 0 0 0 0
13 19 0 0 0 0 0 0 0
13 20 0 0 0 0 0 0 0
13 21 0 0 0 0 0 0 0
13 22 0 0 0 0 0 0 0
13 23 0 0 0 0 0 0 0
14 0 43 0.005 0.991243 0.00159927 206.564 0.00169661 0.00175229
14 1 38 0.005 0.968903 0.076501 208.556 0.00151389 0.00157865
14 2 52 0.005 0.973902 0.150313 205.439 0.00205768 0.00211365
14 3 49 0.005 0.924027 0.204476 202.239 0.00197718 0.00199932
14 4 39 0.005 0.909212 0.280384 201.938 0.00156968 0.0015849
14 5 26 0.005 0.85095 0.363354 203.049 0.00106022 0.00107638
14 6 37 0.005 1.00776 0.538791 206.925 0.00135366 0.00140054
14 7 29 0.005 1.05324 0.559193 202.245 0.00103523 0.00104685
14 8 30 0.005 1.00842 0.478829 203.463 0.00111205 0.0011313
14 9 26 0.005 0.998263 0.655155 200.858 0.000927422 0.000931402
14 10 31 0.005 1.06467 0.808902 208.7 0.00103147 0.00107633
14 11 32 0.005 1.05266 0.812065 203.072 0.00106864 0.00108505
14 12 32 0.005 1.15418 0.977266 201.297 0.00098054 0.000986899
14 13 27 0.005 1.02888 0.966628 200.581 0.000867042 0.000869559
14 14 32 0.005 1.13844 1.07987 199.395 0.00095544 0.00095255
14 15 13 0.005 1.27844 1.15134 195.109 0.000362931 0.000354055
14 16 10 0.005 1.27077 1.26234 198.892 0.000270814 0.000269314
14 17 11 0.005 1.23873 1.29205 198.993 0.000298056 0.000296555
14 18 0 0 0 0 0 0 0
14 19 0 0 0 0 0 0 0
14 20 0 0 0 0 0 0 0
14 21 0 0 0 0 0 0 0
14 22 0 0 0 0 0 0 0
14 23 0 0 0 0 0 0 0
15 0 41 0.005 0.995419 -0.0303617 205.74 0.00161395 0.00166027
15 1 44 0.005 1.11629 0.0967315 209.287 0.00162766 0.00170324
15 2 43 0.005 1.03485 0.14744 209.536 0.00165139 0.00173012
15 3 43 0.005 1.0298 0.190207 207.412 0.0016498 0.00171094
15 4 41 0.005 1.14297 0.28015 210.102 0.00147496 0.00154946
15 5 42 0.005 1.12272 0.427023 205.624 0.00149289 0.00153487
15 6 32 0.005 1.19151 0.448342 204.011 0.00109817 0.00112019
15 7 32 0.005 1.01244 0.522655 206.784 0.00117269 0.00121247
15 8 30 0.005 1.09036 0.609109 200.071 0.00104169 0.00104206
15 9 27 0.005 1.1794 0.765855 201.393 0.00086929 0.000875346
15 10 33 0.005 1.10552 0.701304 200.852 0.00111285 0.00111759
15 11 24 0.005 1.22417 0.815883 201.915 0.000749554 0.00075673
15 12 35 0.005 1.30951 0.927631 202.293 0.00102834 0.00104014
15 13 13 0.005 1.18033 1.01373 199.404 0.000390485 0.000389321
15 14 13 0.005 1.1721 0.988315 199.747 0.000394557 0.000394058
15 15 15 0.005 1.49453 1.39137 199.97 0.000366516 0.000366461
15 16 0 0 0 0 0 0 0
15 17 0 0 0 0 0 0 0
15 18 0 0 0 0 0 0 0
15 19 0 0 0 0 0 0 0
15 20 0 0 0 0 0 0 0
15 21 0 0 0 0 0 0 0
15 22 0 0 0 0 0 0 0
15 23 0 0 0 0 0 0 0
16 0 41 0.005 1.02368 0.0393785 206.144 0.00159108 0.00163995
16 1 52 0.005 1.1201 0.0882003 201.156 0.00192064 0.00193175
16 2 29 0.005 1.1606 0.187268 206.177 0.00104388 0.00107612
16 3 42 0.005 1.1441 0.247638 206.863 0.00151557 0.00156758
16 4 39 0.005 1.12133 0.33274 203.786 0.00140797 0.00143462
16 5 35 0.005 1.29345 0.441987 203.057 0.0011481 0.00116565
16 6 25 0.005 1.12891 0.465477 205.741 0.000879977 0.000905237
16 7 32 0.005 1.20162 0.448412 204.707 0.00109312 0.00111885
16 8 26 0.005 1.17221 0.566441 201.44 0.000879886 0.000886221
16 9 30 0.005 1.27005 0.616649 201.051 0.000963328 0.00096839
16 10 22 0.005 1.1837 0.763636 204.036 0.000707506 0.000721784
16 11 21 0.005 1.25447 0.8078 202.332 0.000649528 0.000657101
16 12 24 0.005 1.23543 0.932911 196.836 0.000723463 0.000712017
16 13 16 0.005 1.34613 1.03999 197.298 0.000450473 0.000444386
16 14 10 0.005 1.26581 0.997388 194.039 0.000292923 0.000284192
16 15 0 0 0 0 0 0 0
16 16 0 0 0 0 0 0 0
16 17 0 0 0 0 0 0 0
16 18 0 0 0 0 0 0 0
16 19 0 0 0 0 0 0 0
16 20 0 0 0 0 0 0 0
16 21 0 0 0 0 0 0 0
16 22 0 0 0 0 0 0 0
16 23 0 0 0 0 0 0 0
17 0 33 0.005 1.28476 0.0133786 202.39 0.00112604 0.0011395
17 1 38 0.005 1.39837 0.165292 205.72 0.00122237 0.00125733
17 2 38 0.005 1.21608 0.189415 202.975 0.00133127 0.00135107
17 3 32 0.005 1.22943 0.21126 202.699 0.00111195 0.00112696
17 4 42 0.005 1.18735 0.30048 205.032 0.00147571 0.00151284
17 5 26 0.005 1.20923 0.382579 204.53 0.00089433 0.000914585
17 6 30 0.005 1.18177 0.440772 201.433 0.00103544 0.00104286
17 7 37 0.005 1.35047 0.521172 203.165 0.00116834 0.00118684
17 8 29 0.005 1.44268 0.641817 201.532 0.000862005 0.000868606
17 9 29 0.005 1.42137 0.707105 204.93 0.00085869 0.000879857
17 10 22 0.005 1.42131 0.928113 199.161 0.000620368 0.000617765
17 11 10 0.005 1.29586 0.860225 194.302 0.000300443 0.000291884
17 12 21 0.005 1.33059 0.993184 203.007 0.000601911 0.000610961
17 13 21 0.005 1.38605 1.12145 201.063 0.000570718 0.000573753
17 14 11 0.005 1.26383 1.06288 198.53 0.00031655 0.000314223
17 15 0 0 0 0 0 0 0
17 16 0 0 0 0 0 0 0
17 17 0 0 0 0 0 0 0
17 18 0 0 0 0 0 0 0
17 19 0 0 0 0 0 0 0
17 20 0 0 0 0 0 0 0
17 21 0 0 0 0 0 0 0
17 22 0 0 0 0 0 0 0
17 23 0 0 0 0 0 0 0
18 0 39 0.005 1.30525 0.0284525 203.247 0.0013175 0.00133889
18 1 34 0.005 1.34276 0.169636 202.668 0.00112247 0.00113745
18 2 31 0.005 1.28945 0.167306 203.133 0.00104993 0.00106638
18 3 46 0.005 1.432 0.208385 202.959 0.00145286 0.00147435
18 4 31 0.005 1.36159 0.29331 201.66 0.00100443 0.00101277
18 5 28 0.005 1.13615 0.319182 198.977 0.00100563 0.00100049
18 6 20 0.005 1.54905 0.538008 203.347 0.0005785 0.00058818
18 7 30 0.005 1.32039 0.473911 201.662 0.000967421 0.000975463
18 8 27 0.005 1.31486 0.562452 200.019 0.000859572 0.000859656
18 9 15 0.005 1.45052 0.717826 196.2 0.000438034 0.000429712
18 10 20 0.005 1.45904 0.771835 198.778 0.000575733 0.000572215
18 11 0 0 0 0 0 0 0
18 12 15 0.005 1.71259 1.11527 197.204 0.000366259 0.000361138
18 13 0 0 0 0 0 0 0
18 14 0 0 0 0 0 0 0
18 15 0 0 0 0 0 0 0
18 16 0 0 0 0 0 0 0
18 17 0 0 0 0 0 0 0
18 18 0 0 0 0 0 0 0
18 19 0 0 0 0 0 0 0
18 20 0 0 0 0 0 0 0
18 21 0 0 0 0 0 0 0
18 22 0 0 0 0 0 0 0
18 23 0 0 0 0 0 0 0
19 0 28 0.005 1.36587 0.0533533 205.055 0.000918462 0.000941678
19 1 25 0.005 1.52031 0.0989544 203.343 0.000762122 0.000774861
19 2 30 0.005 1.59295 0.205786 203.189 0.000880881 0.000894927
19 3 31 0.005 1.47904 0.209407 201.264 0.00095806 0.000964116
19 4 21 0.005 1.4606 0.270424 197.686 0.000651526 0.000643988
19 5 19 0.005 1.58424 0.380253 202.16 0.00055217 0.000558132
19 6 17 0.005 1.71009 0.523031 201.932 0.000460954 0.000465408
19 7 17 0.005 1.55206 0.538276 207.838 0.000491084 0.00051033
19 8 17 0.005 1.6801 0.689738 207.441 0.000455532 0.000472479
19 9 10 0.005 1.71281 0.745446 194.558 0.0002622 0.000255066
19 10 10 0.005 1.58203 0.766024 192.897 0.000274718 0.000264961
19 11 13 0.005 1.85418 0.977036 199.673 0.000311008 0.000310499
19 12 0 0 0 0 0 0 0
19 13 0 0 0 0 0 0 0
19 14 0 0 0 0 0 0 0
19 15 0 0 0 0 0 0 0
19 16 0 0 0 0 0 0 0
19 17 0 0 0 0 0 0 0
19 18 0 0 0 0 0 0 0
19 19 0 0 0 0 0 0 0
19 20 0 0 0 0 0 0 0
19 21 0 0 0 0 0 0 0
19 22 0 0 0 0 0 0 0
19 23 0 0 0 0 0 0 0
20 0 18 0.005 1.46651 -0.0106087 196.788 0.000563369 0.000554321
20 1 22 0.005 1.62644 0.0763503 202.581 0.000639642 0.000647898
20 2 30 0.005 1.49542 0.23822 199.928 0.00091844 0.000918109
20 3 27 0.005 1.65352 0.259274 201.779 0.000769346 0.000776189
20 4 15 0.005 1.61618 0.275946 206.959 0.000433924 0.000449022
20 5 0 0 0 0 0 0 0
20 6 13 0.005 1.8523 0.49438 206.559 0.000334011 0.000344965
20 7 12 0.005 1.77055 0.572841 198.16 0.000315569 0.000312666
20 8 18 0.005 2.03459 0.748311 205.279 0.000418872 0.000429928
20 9 0 0 0 0 0 0 0
20 10 11 0.005 1.73424 0.956064 195.961 0.000275464 0.0002699
20 11 0 0 0 0 0 0 0
20 12 0 0 0 0 0 0 0
20 13 0 0 0 0 0 0 0
20 14 0 0 0 0 0 0 0
20 15 0 0 0 0 0 0 0
20 16 0 0 0 0 0 0 0
20 17 0 0 0 0 0 0 0
20 18 0 0 0 0 0 0 0
20 19 0 0 0 0 0 0 0
20 20 0 0 0 0 0 0 0
20 21 0 0 0 0 0 0 0
20 22 0 0 0 0 0 0 0
20 23 0 0 0 0 0 0 0
21 0 12 0.005 2.05695 0.128601 195.213 0.000291024 0.000284059
21 1 12 0.005 1.79797 0.0813834 197.74 0.000323788 0.00032013
21 2 0 0 0 0 0 0 0
21 3 15 0.005 1.60973 0.340538 201.154 0.000432808 0.000435306
21 4 12 0.005 2.14369 0.387107 201.908 0.000278134 0.000280787
21 5 13 0.005 1.83096 0.478904 199.696 0.000337407 0.000336894
21 6 0 0 0 0 0 0 0
21 7 0 0 0 0 0 0 0
21 8 0 0 0 0 0 0 0
21 9 0 0 0 0 0 0 0
21 10 0 0 0 0 0 0 0
21 11 0 0 0 0 0 0 0
21 12 0 0 0 0 0 0 0
21 13 0 0 0 0 0 0 0
21 14 0 0 0 0 0 0 0
21 15 0 0 0 0 0 0 0
21 16 0 0 0 0 0 0 0
21 17 0 0 0 0 0 0 0
21 18 0 0 0 0 0 0 0
21 19 0 0 0 0 0 0 0
21 20 0 0 0 0 0 0 0
21 21 0 0 0 0 0 0 0
21 22 0 0 0 0 0 0 0
21 23 0 0 0 0 0 0 0
22 0 0 0 0 0 0 0 0
22 1 0 0 0 0 0 0 0
22 2 10 0.005 1.88727 0.203613 199.202 0.000258938 0.000257905
22 3 11 0.005 1.87826 0.270385 203.07 0.000284902 0.000289275
22 4 0 0 0 0 0 0 0
22 5 0 0 0 0 0 0 0
22 6 0 0 0 0 0 0 0
22 7 0 0 0 0 0 0 0
22 8 0 0 0 0 0 0 0
22 9 0 0 0 0 0 0 0
22 10 0 0 0 0 0 0 0
22 11 0 0 0 0 0 0 0
22 12 0 0 0 0 0 0 0
22 13 0 0 0 0 0 0 0
22 14 0 0 0 0 0 0 0
22 15 0 0 0 0 0 0 0
22 16 0 0 0 0 0 0 0
22 17 0 0 0 0 0 0 0
22 18 0 0 0 0 0 0 0
22 19 0 0 0 0 0 0 0
22 20 0 0 0 0 0 0 0
22 21 0 0 0 0 0 0 0
22 22 0 0 0 0 0 0 0
22 23 0 0 0 0 0 0 0
23 0 0 0 0 0 0 0 0
23 1 0 0 0 0 0 0 0
23 2 0 0 0 0 0 0 0
23 3 0 0 0 0 0 0 0
23 4 0 0 0 0 0 0 0
23 5 0 0 0 0 0 0 0
23 6 0 0 0 0 0 0 0
23 7 0 0 0 0 0 0 0
23 8 0 0 0 0 0 0 0
23 9 0 0 0 0 0 0 0
23 10 0 0 0 0 0 0 0
23 11 0 0 0 0 0 0 0
23 12 0 0 0 0 0 0 0
23 13 0 0 0 0 0 0 0
23 14 0 0 0 0 0 0 0
23 15 0 0 0 0 0 0 0
23 16 0 0 0 0 0 0 0
23 17 0 0 0 0 0 0 0
23 18 0 0 0 0 0 0 0
23 19 0 0 0 0 0 0 0
23 20 0 0 0 0 0 0 0
23 21 0 0 0 0 0 0 0
23 22 0 0 0 0 0 0 0
23 23 0 0 0 0 0 0 0
