#  ix    iy     NK     E/N         TK    Uxpi    UyK      muK      rho      epsilon
0 0 0 0 0 0 0 0 0
0 1 0 0 0 0 0 0 0
0 2 0 0 0 0 0 0 0
0 3 0 0 0 0 0 0 0
0 4 0 0 0 0 0 0 0
0 5 0 0 0 0 0 0 0
0 6 60 0.148418 0.066215 0.439208 -1.77254 0.00652789 0.00508789
0 7 519 0.148582 0.0271727 0.475012 0.367211 0.0557926 0.0435058
0 8 467 0.134414 0.0552301 0.684059 0.712318 0.0458388 0.0343032
0 9 393 0.120326 -0.00468444 0.872471 1.08776 0.0352538 0.0253037
0 10 313 0.106809 0.0911516 1.0662 1.50075 0.0254414 0.0175315
0 11 231 0.0947858 0.111555 1.3267 1.87159 0.0165155 0.0109696
0 12 121 0.0775057 0.0694574 1.50889 2.65922 0.00795178 0.00500576
0 13 56 0.0568869 0.0898032 1.82176 4.59166 0.00320495 0.00189086
0 14 13 0.0543635 -0.0336903 2.10546 3.49678 0.000663896 0.000388574
0 15 0 0 0 0 0 0 0
0 16 0 0 0 0 0 0 0
0 17 0 0 0 0 0 0 0
0 18 0 0 0 0 0 0 0
0 19 0 0 0 0 0 0 0
0 20 0 0 0 0 0 0 0
0 21 0 0 0 0 0 0 0
0 22 0 0 0 0 0 0 0
0 23 0 0 0 0 0 0 0
1 0 0 0 0 0 0 0 0
1 1 0 0 0 0 0 0 0
1 2 0 0 0 0 0 0 0
1 3 0 0 0 0 0 0 0
1 4 0 0 0 0 0 0 0
1 5 0 0 0 0 0 0 0
1 6 104 0.17483 0.139062 0.404173 -2.0385 0.0113846 0.00955876
1 7 516 0.152008 0.101763 0.486727 0.234103 0.0550037 0.043314
1 8 479 0.133128 0.122231 0.660647 0.798072 0.0473329 0.0352878
1 9 395 0.12191 0.106504 0.879455 1.00849 0.0351986 0.0253839
1 10 272 0.103195 0.197383 1.09761 1.56258 0.0216176 0.0147334
1 11 218 0.0789954 0.135596 1.36163 3.16099 0.0153128 0.00968459
1 12 127 0.0767996 0.184429 1.52145 2.77207 0.00826188 0.00518951
1 13 49 0.0491499 0.145384 1.85258 6.05556 0.00276427 0.00159144
1 14 13 0.0681219 0.127751 1.90967 1.35454 0.000716678 0.000438076
1 15 0 0 0 0 0 0 0
1 16 0 0 0 0 0 0 0
1 17 0 0 0 0 0 0 0
1 18 0 0 0 0 0 0 0
1 19 0 0 0 0 0 0 0
1 20 0 0 0 0 0 0 0
1 21 0 0 0 0 0 0 0
1 22 0 0 0 0 0 0 0
1 23 0 0 0 0 0 0 0
2 0 0 0 0 0 0 0 0
2 1 0 0 0 0 0 0 0
2 2 0 0 0 0 0 0 0
2 3 0 0 0 0 0 0 0
2 4 0 0 0 0 0 0 0
2 5 0 0 0 0 0 0 0
2 6 221 0.151617 0.160661 0.423183 -0.583191 0.0239684 0.0188533
2 7 547 0.140955 0.195016 0.493574 0.678543 0.0575207 0.0438753
2 8 452 0.130043 0.266107 0.6949 0.838242 0.0431694 0.0318927
2 9 404 0.123044 0.276617 0.859716 0.967872 0.0356935 0.0258279
2 10 267 0.104626 0.30564 1.14565 1.41857 0.0204923 0.0140276
2 11 188 0.0860024 0.336631 1.335 2.34965 0.0131527 0.00850194
2 12 126 0.0699089 0.342939 1.5433 3.53942 0.00801855 0.00492902
2 13 45 0.065444 0.351031 1.69192 3.04034 0.00268334 0.00162645
2 14 0 0 0 0 0 0 0
2 15 0 0 0 0 0 0 0
2 16 0 0 0 0 0 0 0
2 17 0 0 0 0 0 0 0
2 18 0 0 0 0 0 0 0
2 19 0 0 0 0 0 0 0
2 20 0 0 0 0 0 0 0
2 21 0 0 0 0 0 0 0
2 22 0 0 0 0 0 0 0
2 23 0 0 0 0 0 0 0
3 0 0 0 0 0 0 0 0
3 1 0 0 0 0 0 0 0
3 2 0 0 0 0 0 0 0
3 3 0 0 0 0 0 0 0
3 4 0 0 0 0 0 0 0
3 5 14 0.0549674 -0.0815192 -0.0969566 4.2909 0.00165345 0.000969606
3 6 400 0.161353 0.268022 0.422114 -0.325593 0.0425915 0.0344414
3 7 507 0.138557 0.270844 0.565845 0.654068 0.0511292 0.0387288
3 8 436 0.127469 0.320376 0.758783 0.877876 0.0400646 0.0293745
3 9 327 0.116517 0.372547 0.929095 1.03373 0.0275129 0.0195234
3 10 250 0.0960332 0.392263 1.16514 1.9089 0.0187802 0.0125218
3 11 179 0.0742224 0.430811 1.35695 3.44863 0.0122482 0.00763162
3 12 80 0.0570976 0.472798 1.58791 4.98227 0.00492136 0.00290545
3 13 35 0.037068 0.511531 1.85541 9.43079 0.00192108 0.00106451
3 14 0 0 0 0 0 0 0
3 15 0 0 0 0 0 0 0
3 16 0 0 0 0 0 0 0
3 17 0 0 0 0 0 0 0
3 18 0 0 0 0 0 0 0
3 19 0 0 0 0 0 0 0
3 20 0 0 0 0 0 0 0
3 21 0 0 0 0 0 0 0
3 22 0 0 0 0 0 0 0
3 23 0 0 0 0 0 0 0
4 0 0 0 0 0 0 0 0
4 1 13 0.0659084 -0.219034 -0.033055 2.40073 0.00151099 0.000917196
4 2 0 0 0 0 0 0 0
4 3 12 0.0638528 -0.0734242 -0.0971057 2.63281 0.0014181 0.000855253
4 4 13 0.0353244 -0.178298 -0.103287 9.9296 0.00151578 0.000835311
4 5 138 0.153065 0.286256 0.298753 -1.08911 0.0151805 0.0119904
4 6 563 0.148907 0.34052 0.427226 0.40858 0.0588183 0.0459079
4 7 495 0.128284 0.460782 0.619789 0.993255 0.0466388 0.0342771
4 8 365 0.122096 0.432602 0.783642 0.915889 0.0323763 0.0233616
4 9 321 0.104801 0.531359 0.994537 1.62058 0.0253556 0.017366
4 10 226 0.0888839 0.538123 1.17863 2.32791 0.0164385 0.0107213
4 11 140 0.0837625 0.603976 1.42986 2.17348 0.00902646 0.00579426
4 12 78 0.066064 0.618543 1.6238 3.4992 0.00463169 0.00281288
4 13 31 0.0586352 0.569409 1.92297 3.61572 0.00164681 0.000976968
4 14 0 0 0 0 0 0 0
4 15 0 0 0 0 0 0 0
4 16 0 0 0 0 0 0 0
4 17 0 0 0 0 0 0 0
4 18 0 0 0 0 0 0 0
4 19 0 0 0 0 0 0 0
4 20 0 0 0 0 0 0 0
4 21 0 0 0 0 0 0 0
4 22 0 0 0 0 0 0 0
4 23 0 0 0 0 0 0 0
5 0 0 0 0 0 0 0 0
5 1 0 0 0 0 0 0 0
5 2 0 0 0 0 0 0 0
5 3 0 0 0 0 0 0 0
5 4 66 0.144971 0.195933 0.182547 -1.49758 0.00758971 0.00585701
5 5 471 0.163153 0.421655 0.358281 -0.239623 0.0490618 0.0398752
5 6 462 0.139382 0.485024 0.470901 0.506472 0.0455652 0.0345973
5 7 458 0.117571 0.522398 0.651608 1.39847 0.0418487 0.0297904
5 8 288 0.105075 0.572523 0.772872 1.57778 0.0247107 0.0169384
5 9 260 0.0924451 0.632938 1.03505 2.22403 0.0196868 0.012982
5 10 196 0.0785821 0.717417 1.22822 3.0711 0.0134197 0.00847637
5 11 88 0.0732797 0.687656 1.37801 2.79246 0.00570524 0.00354433
5 12 50 0.0593644 0.77212 1.80893 3.98487 0.00269772 0.00160411
5 13 12 0.712827 0.70078 1.59978 -10.0939 0.000709828 0.00037469
5 14 0 0 0 0 0 0 0
5 15 0 0 0 0 0 0 0
5 16 0 0 0 0 0 0 0
5 17 0 0 0 0 0 0 0
5 18 0 0 0 0 0 0 0
5 19 0 0 0 0 0 0 0
5 20 0 0 0 0 0 0 0
5 21 0 0 0 0 0 0 0
5 22 0 0 0 0 0 0 0
5 23 0 0 0 0 0 0 0
6 0 14 0.040036 -0.266188 -0.0491309 8.14009 0.00160877 0.000899865
6 1 12 0.0494517 -0.168993 -0.233501 5.28404 0.00137269 0.000791036
6 2 15 0.0454035 -0.124121 -0.157244 6.55958 0.00175093 0.000996158
6 3 128 0.159265 0.402382 0.20716 -1.38114 0.0138825 0.0111601
6 4 482 0.154337 0.43917 0.278511 0.0783002 0.0509086 0.0403566
6 5 515 0.133569 0.534062 0.383303 0.858731 0.0512312 0.0382436
6 6 459 0.130958 0.629571 0.561946 0.765326 0.0417603 0.030935
6 7 371 0.116927 0.690831 0.706834 1.14493 0.0314128 0.0223183
6 8 281 0.0951253 0.7839 0.933127 2.09721 0.0212199 0.0141091
6 9 196 0.0880465 0.770556 1.04152 2.25523 0.014257 0.00927443
6 10 134 0.0817241 0.837786 1.28133 2.32993 0.00872393 0.00556463
6 11 80 0.0738761 0.946448 1.52339 2.51688 0.00463806 0.00288674
6 12 28 0.0401445 0.988745 1.74773 8.02288 0.00148594 0.000831445
6 13 0 0 0 0 0 0 0
6 14 0 0 0 0 0 0 0
6 15 0 0 0 0 0 0 0
6 16 0 0 0 0 0 0 0
6 17 0 0 0 0 0 0 0
6 18 0 0 0 0 0 0 0
6 19 0 0 0 0 0 0 0
6 20 0 0 0 0 0 0 0
6 21 0 0 0 0 0 0 0
6 22 0 0 0 0 0 0 0
6 23 0 0 0 0 0 0 0
7 0 167 0.150154 0.374059 0.0484988 -0.786226 0.0186017 0.0145708
7 1 245 0.149749 0.39286 0.0543626 -0.395419 0.0271122 0.0212125
7 2 398 0.14803 0.54351 0.149197 0.0854177 0.0412764 0.0321353
7 3 573 0.147299 0.574427 0.230555 0.451704 0.0580023 0.0450621
7 4 512 0.132687 0.658185 0.315412 0.856067 0.0492338 0.0366573
7 5 428 0.12344 0.728859 0.454995 1.02847 0.0386463 0.0279976
7 6 337 0.109975 0.774339 0.58376 1.43815 0.028801 0.0200382
7 7 315 0.100841 0.852572 0.797802 1.83698 0.024393 0.0165059
7 8 204 0.0895656 0.896792 0.986111 2.15164 0.0145744 0.00952558
7 9 142 0.0755621 0.91071 1.10216 3.06509 0.00968895 0.00606236
7 10 82 0.0650806 1.01138 1.36793 3.70371 0.00494686 0.002995
7 11 50 0.0613344 1.18543 1.6253 3.64417 0.0026496 0.00158533
7 12 10 0.0537373 1.37775 1.95762 3.25278 0.000458879 0.000268048
7 13 0 0 0 0 0 0 0
7 14 0 0 0 0 0 0 0
7 15 0 0 0 0 0 0 0
7 16 0 0 0 0 0 0 0
7 17 0 0 0 0 0 0 0
7 18 0 0 0 0 0 0 0
7 19 0 0 0 0 0 0 0
7 20 0 0 0 0 0 0 0
7 21 0 0 0 0 0 0 0
7 22 0 0 0 0 0 0 0
7 23 0 0 0 0 0 0 0
8 0 532 0.139287 0.658319 0.0295771 0.659115 0.0528833 0.0401428
8 1 505 0.135506 0.723348 0.0872369 0.725697 0.04859 0.0364785
8 2 476 0.122088 0.763867 0.197146 1.2341 0.0444891 0.032101
8 3 453 0.121248 0.808849 0.284333 1.19188 0.040941 0.0294669
8 4 394 0.117262 0.866655 0.412573 1.20195 0.0338391 0.0240664
8 5 347 0.107311 0.946999 0.546909 1.56195 0.0278768 0.019239
8 6 282 0.0951939 0.98573 0.61241 2.12441 0.0219149 0.0145743
8 7 221 0.0968683 1.04331 0.852362 1.66861 0.0156809 0.0104822
8 8 135 0.075177 1.04481 0.970328 3.05873 0.00922796 0.00576697
8 9 89 0.0689354 1.08581 1.11884 3.32566 0.00572024 0.00350551
8 10 38 0.0527343 1.24627 1.40303 4.99308 0.00212743 0.00123877
8 11 17 0.726605 1.35003 1.7347 -9.989 0.000838049 0.000450923
8 12 0 0 0 0 0 0 0
8 13 0 0 0 0 0 0 0
8 14 0 0 0 0 0 0 0
8 15 0 0 0 0 0 0 0
8 16 0 0 0 0 0 0 0
8 17 0 0 0 0 0 0 0
8 18 0 0 0 0 0 0 0
8 19 0 0 0 0 0 0 0
8 20 0 0 0 0 0 0 0
8 21 0 0 0 0 0 0 0
8 22 0 0 0 0 0 0 0
8 23 0 0 0 0 0 0 0
9 0 400 0.11517 0.940863 0.0485254 1.33574 0.03466 0.0244957
9 1 378 0.122966 0.962101 0.105633 0.872742 0.0323348 0.0233922
9 2 342 0.114004 0.971129 0.237241 1.21296 0.0287939 0.0202785
9 3 353 0.113924 0.986594 0.354485 1.22463 0.0290059 0.0204229
9 4 313 0.100048 1.01477 0.406909 1.92062 0.0251487 0.0169759
9 5 225 0.0946711 1.1554 0.643956 1.85792 0.0161535 0.0107254
9 6 192 0.0870777 1.1825 0.759571 2.26416 0.0132514 0.00859436
9 7 116 0.0794271 1.19439 0.850919 2.44032 0.00777999 0.00492711
9 8 93 0.0723209 1.25184 1.10934 2.90047 0.00568122 0.0035188
9 9 47 0.0590609 1.4213 1.21042 4.01544 0.00264196 0.00156945
9 10 25 0.0511261 1.52642 1.35875 4.85323 0.00130815 0.00075785
9 11 0 0 0 0 0 0 0
9 12 0 0 0 0 0 0 0
9 13 0 0 0 0 0 0 0
9 14 0 0 0 0 0 0 0
9 15 0 0 0 0 0 0 0
9 16 0 0 0 0 0 0 0
9 17 0 0 0 0 0 0 0
9 18 0 0 0 0 0 0 0
9 19 0 0 0 0 0 0 0
9 20 0 0 0 0 0 0 0
9 21 0 0 0 0 0 0 0
9 22 0 0 0 0 0 0 0
9 23 0 0 0 0 0 0 0
10 0 269 0.100087 1.14185 0.0291707 1.74219 0.0210945 0.014241
10 1 282 0.0929229 1.15462 0.163953 2.29171 0.021853 0.0144317
10 2 288 0.0956024 1.20166 0.241706 2.08347 0.0216738 0.014432
10 3 206 0.0892354 1.2199 0.394689 2.21288 0.0150821 0.00984737
10 4 188 0.0923968 1.35226 0.555231 1.7844 0.0126366 0.00833164
10 5 154 0.0734412 1.27619 0.650575 3.38328 0.0104944 0.00652283
10 6 106 0.0742942 1.38721 0.783988 2.83842 0.0067079 0.00418049
10 7 82 0.0723925 1.40591 0.906515 2.76604 0.00500883 0.00310304
10 8 53 0.0598886 1.50439 1.17703 3.97849 0.00292641 0.00174298
10 9 19 0.0499814 1.34387 1.18845 4.94014 0.00110129 0.000635702
10 10 0 0 0 0 0 0 0
10 11 0 0 0 0 0 0 0
10 12 0 0 0 0 0 0 0
10 13 0 0 0 0 0 0 0
10 14 0 0 0 0 0 0 0
10 15 0 0 0 0 0 0 0
10 16 0 0 0 0 0 0 0
10 17 0 0 0 0 0 0 0
10 18 0 0 0 0 0 0 0
10 19 0 0 0 0 0 0 0
10 20 0 0 0 0 0 0 0
10 21 0 0 0 0 0 0 0
10 22 0 0 0 0 0 0 0
10 23 0 0 0 0 0 0 0
11 0 173 0.0876811 1.40374 0.0278188 2.10932 0.011948 0.00776357
11 1 156 0.086987 1.33603 0.183826 2.0913 0.0110615 0.00717211
11 2 132 0.0741987 1.36392 0.249805 3.16426 0.00919188 0.00572684
11 3 127 0.0749284 1.4822 0.394896 2.97512 0.00825689 0.00515609
11 4 105 0.0672738 1.51187 0.483556 3.6972 0.00666293 0.00406192
11 5 84 0.0764213 1.5393 0.680078 2.33177 0.00510845 0.00320496
11 6 63 0.0699673 1.58538 0.827916 2.74781 0.00366011 0.00225029
11 7 29 0.076029 1.53773 1.00002 1.24551 0.00165251 0.00103549
11 8 16 0.0650092 1.76467 1.18172 1.90621 0.000811418 0.00049115
11 9 0 0 0 0 0 0 0
11 10 0 0 0 0 0 0 0
11 11 0 0 0 0 0 0 0
11 12 0 0 0 0 0 0 0
11 13 0 0 0 0 0 0 0
11 14 0 0 0 0 0 0 0
11 15 0 0 0 0 0 0 0
11 16 0 0 0 0 0 0 0
11 17 0 0 0 0 0 0 0
11 18 0 0 0 0 0 0 0
11 19 0 0 0 0 0 0 0
11 20 0 0 0 0 0 0 0
11 21 0 0 0 0 0 0 0
11 22 0 0 0 0 0 0 0
11 23 0 0 0 0 0 0 0
12 0 87 0.0695806 1.66228 0.0770013 3.17338 0.00533483 0.00327595
12 1 89 0.0620485 1.59231 0.182173 4.28168 0.00560866 0.00336338
12 2 67 0.0583407 1.56303 0.235632 4.61822 0.00426431 0.00252745
12 3 58 0.0772296 1.76129 0.400412 1.82213 0.00334439 0.00210353
12 4 39 0.0584883 1.81642 0.595293 3.90879 0.0021522 0.0012762
12 5 31 0.0405532 1.50178 0.7382 8.12447 0.0018931 0.00106064
12 6 16 0.0537869 1.91027 1.08653 3.78461 0.000788894 0.000460893
12 7 13 0.0485643 1.60083 0.942382 4.87007 0.000733581 0.000421554
12 8 0 0 0 0 0 0 0
12 9 0 0 0 0 0 0 0
12 10 0 0 0 0 0 0 0
12 11 0 0 0 0 0 0 0
12 12 0 0 0 0 0 0 0
12 13 0 0 0 0 0 0 0
12 14 0 0 0 0 0 0 0
12 15 0 0 0 0 0 0 0
12 16 0 0 0 0 0 0 0
12 17 0 0 0 0 0 0 0
12 18 0 0 0 0 0 0 0
12 19 0 0 0 0 0 0 0
12 20 0 0 0 0 0 0 0
12 21 0 0 0 0 0 0 0
12 22 0 0 0 0 0 0 0
12 23 0 0 0 0 0 0 0
13 0 33 0.0449933 2.00084 0.0136071 6.6768 0.00175629 0.000997911
13 1 32 0.0683134 1.7888 0.19553 2.27796 0.00185049 0.00113181
13 2 29 0.0470799 1.8341 0.378985 6.03829 0.00162611 0.000930066
13 3 14 0.0575955 1.89935 0.560121 3.01327 0.000751294 0.000444243
13 4 0 0 0 0 0 0 0
13 5 0 0 0 0 0 0 0
13 6 0 0 0 0 0 0 0
13 7 0 0 0 0 0 0 0
13 8 0 0 0 0 0 0 0
13 9 0 0 0 0 0 0 0
13 10 0 0 0 0 0 0 0
13 11 0 0 0 0 0 0 0
13 12 0 0 0 0 0 0 0
13 13 0 0 0 0 0 0 0
13 14 0 0 0 0 0 0 0
13 15 0 0 0 0 0 0 0
13 16 0 0 0 0 0 0 0
13 17 0 0 0 0 0 0 0
13 18 0 0 0 0 0 0 0
13 19 0 0 0 0 0 0 0
13 20 0 0 0 0 0 0 0
13 21 0 0 0 0 0 0 0
13 22 0 0 0 0 0 0 0
13 23 0 0 0 0 0 0 0
14 0 10 0.030707 1.89456 0.141296 11.252 0.000554502 0.000301152
14 1 0 0 0 0 0 0 0
14 2 0 0 0 0 0 0 0
14 3 0 0 0 0 0 0 0
14 4 0 0 0 0 0 0 0
14 5 0 0 0 0 0 0 0
14 6 0 0 0 0 0 0 0
14 7 0 0 0 0 0 0 0
14 8 0 0 0 0 0 0 0
14 9 0 0 0 0 0 0 0
14 10 0 0 0 0 0 0 0
14 11 0 0 0 0 0 0 0
14 12 0 0 0 0 0 0 0
14 13 0 0 0 0 0 0 0
14 14 0 0 0 0 0 0 0
14 15 0 0 0 0 0 0 0
14 16 0 0 0 0 0 0 0
14 17 0 0 0 0 0 0 0
14 18 0 0 0 0 0 0 0
14 19 0 0 0 0 0 0 0
14 20 0 0 0 0 0 0 0
14 21 0 0 0 0 0 0 0
14 22 0 0 0 0 0 0 0
14 23 0 0 0 0 0 0 0
15 0 0 0 0 0 0 0 0
15 1 0 0 0 0 0 0 0
15 2 0 0 0 0 0 0 0
15 3 0 0 0 0 0 0 0
15 4 0 0 0 0 0 0 0
15 5 0 0 0 0 0 0 0
15 6 0 0 0 0 0 0 0
15 7 0 0 0 0 0 0 0
15 8 0 0 0 0 0 0 0
15 9 0 0 0 0 0 0 0
15 10 0 0 0 0 0 0 0
15 11 0 0 0 0 0 0 0
15 12 0 0 0 0 0 0 0
15 13 0 0 0 0 0 0 0
15 14 0 0 0 0 0 0 0
15 15 0 0 0 0 0 0 0
15 16 0 0 0 0 0 0 0
15 17 0 0 0 0 0 0 0
15 18 0 0 0 0 0 0 0
15 19 0 0 0 0 0 0 0
15 20 0 0 0 0 0 0 0
15 21 0 0 0 0 0 0 0
15 22 0 0 0 0 0 0 0
15 23 0 0 0 0 0 0 0
16 0 0 0 0 0 0 0 0
16 1 0 0 0 0 0 0 0
16 2 0 0 0 0 0 0 0
16 3 0 0 0 0 0 0 0
16 4 0 0 0 0 0 0 0
16 5 0 0 0 0 0 0 0
16 6 0 0 0 0 0 0 0
16 7 0 0 0 0 0 0 0
16 8 0 0 0 0 0 0 0
16 9 0 0 0 0 0 0 0
16 10 0 0 0 0 0 0 0
16 11 0 0 0 0 0 0 0
16 12 0 0 0 0 0 0 0
16 13 0 0 0 0 0 0 0
16 14 0 0 0 0 0 0 0
16 15 0 0 0 0 0 0 0
16 16 0 0 0 0 0 0 0
16 17 0 0 0 0 0 0 0
16 18 0 0 0 0 0 0 0
16 19 0 0 0 0 0 0 0
16 20 0 0 0 0 0 0 0
16 21 0 0 0 0 0 0 0
16 22 0 0 0 0 0 0 0
16 23 0 0 0 0 0 0 0
17 0 0 0 0 0 0 0 0
17 1 0 0 0 0 0 0 0
17 2 0 0 0 0 0 0 0
17 3 0 0 0 0 0 0 0
17 4 0 0 0 0 0 0 0
17 5 0 0 0 0 0 0 0
17 6 0 0 0 0 0 0 0
17 7 0 0 0 0 0 0 0
17 8 0 0 0 0 0 0 0
17 9 0 0 0 0 0 0 0
17 10 0 0 0 0 0 0 0
17 11 0 0 0 0 0 0 0
17 12 0 0 0 0 0 0 0
17 13 0 0 0 0 0 0 0
17 14 0 0 0 0 0 0 0
17 15 0 0 0 0 0 0 0
17 16 0 0 0 0 0 0 0
17 17 0 0 0 0 0 0 0
17 18 0 0 0 0 0 0 0
17 19 0 0 0 0 0 0 0
17 20 0 0 0 0 0 0 0
17 21 0 0 0 0 0 0 0
17 22 0 0 0 0 0 0 0
17 23 0 0 0 0 0 0 0
18 0 0 0 0 0 0 0 0
18 1 0 0 0 0 0 0 0
18 2 0 0 0 0 0 0 0
18 3 0 0 0 0 0 0 0
18 4 0 0 0 0 0 0 0
18 5 0 0 0 0 0 0 0
18 6 0 0 0 0 0 0 0
18 7 0 0 0 0 0 0 0
18 8 0 0 0 0 0 0 0
18 9 0 0 0 0 0 0 0
18 10 0 0 0 0 0 0 0
18 11 0 0 0 0 0 0 0
18 12 0 0 0 0 0 0 0
18 13 0 0 0 0 0 0 0
18 14 0 0 0 0 0 0 0
18 15 0 0 0 0 0 0 0
18 16 0 0 0 0 0 0 0
18 17 0 0 0 0 0 0 0
18 18 0 0 0 0 0 0 0
18 19 0 0 0 0 0 0 0
18 20 0 0 0 0 0 0 0
18 21 0 0 0 0 0 0 0
18 22 0 0 0 0 0 0 0
18 23 0 0 0 0 0 0 0
19 0 0 0 0 0 0 0 0
19 1 0 0 0 0 0 0 0
19 2 0 0 0 0 0 0 0
19 3 0 0 0 0 0 0 0
19 4 0 0 0 0 0 0 0
19 5 0 0 0 0 0 0 0
19 6 0 0 0 0 0 0 0
19 7 0 0 0 0 0 0 0
19 8 0 0 0 0 0 0 0
19 9 0 0 0 0 0 0 0
19 10 0 0 0 0 0 0 0
19 11 0 0 0 0 0 0 0
19 12 0 0 0 0 0 0 0
19 13 0 0 0 0 0 0 0
19 14 0 0 0 0 0 0 0
19 15 0 0 0 0 0 0 0
19 16 0 0 0 0 0 0 0
19 17 0 0 0 0 0 0 0
19 18 0 0 0 0 0 0 0
19 19 0 0 0 0 0 0 0
19 20 0 0 0 0 0 0 0
19 21 0 0 0 0 0 0 0
19 22 0 0 0 0 0 0 0
19 23 0 0 0 0 0 0 0
20 0 0 0 0 0 0 0 0
20 1 0 0 0 0 0 0 0
20 2 0 0 0 0 0 0 0
20 3 0 0 0 0 0 0 0
20 4 0 0 0 0 0 0 0
20 5 0 0 0 0 0 0 0
20 6 0 0 0 0 0 0 0
20 7 0 0 0 0 0 0 0
20 8 0 0 0 0 0 0 0
20 9 0 0 0 0 0 0 0
20 10 0 0 0 0 0 0 0
20 11 0 0 0 0 0 0 0
20 12 0 0 0 0 0 0 0
20 13 0 0 0 0 0 0 0
20 14 0 0 0 0 0 0 0
20 15 0 0 0 0 0 0 0
20 16 0 0 0 0 0 0 0
20 17 0 0 0 0 0 0 0
20 18 0 0 0 0 0 0 0
20 19 0 0 0 0 0 0 0
20 20 0 0 0 0 0 0 0
20 21 0 0 0 0 0 0 0
20 22 0 0 0 0 0 0 0
20 23 0 0 0 0 0 0 0
21 0 0 0 0 0 0 0 0
21 1 0 0 0 0 0 0 0
21 2 0 0 0 0 0 0 0
21 3 0 0 0 0 0 0 0
21 4 0 0 0 0 0 0 0
21 5 0 0 0 0 0 0 0
21 6 0 0 0 0 0 0 0
21 7 0 0 0 0 0 0 0
21 8 0 0 0 0 0 0 0
21 9 0 0 0 0 0 0 0
21 10 0 0 0 0 0 0 0
21 11 0 0 0 0 0 0 0
21 12 0 0 0 0 0 0 0
21 13 0 0 0 0 0 0 0
21 14 0 0 0 0 0 0 0
21 15 0 0 0 0 0 0 0
21 16 0 0 0 0 0 0 0
21 17 0 0 0 0 0 0 0
21 18 0 0 0 0 0 0 0
21 19 0 0 0 0 0 0 0
21 20 0 0 0 0 0 0 0
21 21 0 0 0 0 0 0 0
21 22 0 0 0 0 0 0 0
21 23 0 0 0 0 0 0 0
22 0 0 0 0 0 0 0 0
22 1 0 0 0 0 0 0 0
22 2 0 0 0 0 0 0 0
22 3 0 0 0 0 0 0 0
22 4 0 0 0 0 0 0 0
22 5 0 0 0 0 0 0 0
22 6 0 0 0 0 0 0 0
22 7 0 0 0 0 0 0 0
22 8 0 0 0 0 0 0 0
22 9 0 0 0 0 0 0 0
22 10 0 0 0 0 0 0 0
22 11 0 0 0 0 0 0 0
22 12 0 0 0 0 0 0 0
22 13 0 0 0 0 0 0 0
22 14 0 0 0 0 0 0 0
22 15 0 0 0 0 0 0 0
22 16 0 0 0 0 0 0 0
22 17 0 0 0 0 0 0 0
22 18 0 0 0 0 0 0 0
22 19 0 0 0 0 0 0 0
22 20 0 0 0 0 0 0 0
22 21 0 0 0 0 0 0 0
22 22 0 0 0 0 0 0 0
22 23 0 0 0 0 0 0 0
23 0 0 0 0 0 0 0 0
23 1 0 0 0 0 0 0 0
23 2 0 0 0 0 0 0 0
23 3 0 0 0 0 0 0 0
23 4 0 0 0 0 0 0 0
23 5 0 0 0 0 0 0 0
23 6 0 0 0 0 0 0 0
23 7 0 0 0 0 0 0 0
23 8 0 0 0 0 0 0 0
23 9 0 0 0 0 0 0 0
23 10 0 0 0 0 0 0 0
23 11 0 0 0 0 0 0 0
23 12 0 0 0 0 0 0 0
23 13 0 0 0 0 0 0 0
23 14 0 0 0 0 0 0 0
23 15 0 0 0 0 0 0 0
23 16 0 0 0 0 0 0 0
23 17 0 0 0 0 0 0 0
23 18 0 0 0 0 0 0 0
23 19 0 0 0 0 0 0 0
23 20 0 0 0 0 0 0 0
23 21 0 0 0 0 0 0 0
23 22 0 0 0 0 0 0 0
23 23 0 0 0 0 0 0 0
