#  ix    iy     NK     E/N         TK    Uxpi    UyK      muK      rho      epsilon
0 0 279 0.0794385 0.0486436 0.0649306 3.32092 0.0187896 0.0119
0 1 264 0.0883867 0.0348706 0.0456742 2.4492 0.0178085 0.0115969
0 2 285 0.0889792 0.022328 0.127229 2.47001 0.0190981 0.0124596
0 3 262 0.0827106 0.0174231 0.206528 2.9233 0.0173343 0.0110909
0 4 283 0.0805577 0.038839 0.248745 3.19674 0.018543 0.0117849
0 5 276 0.0863728 0.0452185 0.362936 2.60378 0.017514 0.0113341
0 6 298 0.0774161 0.0154776 0.432001 3.51203 0.0184822 0.0116316
0 7 249 0.0804296 -0.0137806 0.50538 2.99824 0.0150145 0.00953858
0 8 260 0.0811917 0.0269463 0.588297 2.93217 0.0151376 0.00963963
0 9 234 0.0790409 0.016659 0.640303 3.0165 0.0133139 0.00842157
0 10 281 0.0731953 0.0421922 0.758448 3.77682 0.0151191 0.0093901
0 11 244 0.0714573 0.0614361 0.847483 3.79747 0.0125635 0.00776047
0 12 239 0.0691499 0.0679339 0.964925 4.00566 0.0116069 0.00711781
0 13 268 0.0677389 0.0651195 1.06657 4.25391 0.0123732 0.00755412
0 14 212 0.0651916 0.0156389 1.14513 4.33212 0.00942154 0.00570612
0 15 197 0.0703235 0.0564594 1.30237 3.49786 0.00810169 0.00498662
0 16 155 0.0634359 0.0881086 1.41306 4.14426 0.00604204 0.00363915
0 17 144 0.0517645 0.0581762 1.63321 6.06971 0.00507834 0.00294799
0 18 133 0.0482148 0.0646545 1.84262 6.72062 0.00428442 0.00245933
0 19 84 0.0451118 0.0203367 2.08999 6.97636 0.00244959 0.00139236
0 20 38 0.0446872 0.0812496 2.33058 6.21192 0.0010119 0.000574401
0 21 0 0 0 0 0 0 0
0 22 0 0 0 0 0 0 0
0 23 0 0 0 0 0 0 0
1 0 281 0.0854987 0.0746514 0.0115375 2.75816 0.0189325 0.0122189
1 1 280 0.0812901 0.105093 0.0791939 3.13707 0.0187572 0.0119483
1 2 280 0.0912102 0.0578052 0.15613 2.26696 0.018662 0.0122594
1 3 286 0.0904388 0.0461094 0.187033 2.34497 0.0189755 0.0124356
1 4 291 0.087348 0.066181 0.297432 2.5913 0.0188084 0.0122087
1 5 270 0.0890452 0.115073 0.32215 2.36345 0.0172612 0.0112635
1 6 260 0.0868427 0.105829 0.431055 2.47635 0.0160569 0.0104064
1 7 309 0.076606 0.0987345 0.536157 3.58969 0.0183312 0.0115073
1 8 265 0.0743623 0.0952355 0.545945 3.67864 0.0156612 0.00976245
1 9 267 0.0827499 0.0881581 0.684415 2.76483 0.0148483 0.00950144
1 10 256 0.0705291 0.103315 0.726764 4.0153 0.0139437 0.00858795
1 11 241 0.0802546 0.131488 0.862974 2.81338 0.0122673 0.00778906
1 12 243 0.0638473 0.124833 0.912034 4.77585 0.01208 0.00728526
1 13 249 0.0669849 0.112811 1.05284 4.28654 0.0115517 0.00703589
1 14 206 0.0640223 0.103121 1.16687 4.45982 0.00903708 0.00545315
1 15 221 0.0602589 0.128333 1.28611 5.05596 0.00913756 0.00544872
1 16 167 0.0552276 0.164071 1.47097 5.58099 0.00631703 0.00370744
1 17 153 0.0558548 0.119751 1.73196 5.25921 0.00515989 0.00303432
1 18 107 0.0431769 0.166999 1.88255 7.86157 0.00338123 0.00191018
1 19 75 0.0393761 0.122305 1.97161 8.72651 0.00228878 0.00127756
1 20 30 0.0589945 0.171521 2.38665 2.80885 0.000781623 0.000464224
1 21 21 0.0334261 0.201347 2.55483 9.73492 0.000515794 0.000282544
1 22 0 0 0 0 0 0 0
1 23 0 0 0 0 0 0 0
2 0 283 0.0858445 0.132915 0.0454109 2.7279 0.0189357 0.0122341
2 1 256 0.0858258 0.163531 0.0857055 2.62228 0.0170098 0.0109892
2 2 259 0.0847938 0.133429 0.146082 2.72296 0.0171672 0.0110554
2 3 271 0.0842818 0.13377 0.21279 2.80292 0.0177585 0.0114179
2 4 325 0.0838093 0.142279 0.287414 3.00928 0.0209105 0.0134248
2 5 269 0.0841436 0.134113 0.335036 2.77746 0.0170965 0.0109876
2 6 289 0.0803336 0.177185 0.401338 3.18244 0.0178819 0.0113568
2 7 285 0.0843394 0.170107 0.536115 2.74128 0.016784 0.0107934
2 8 280 0.0739198 0.185698 0.575853 3.76178 0.0161866 0.010076
2 9 279 0.0735222 0.164643 0.65976 3.76966 0.0155887 0.00969172
2 10 266 0.0754805 0.167281 0.813358 3.42969 0.0138273 0.0086495
2 11 238 0.0672153 0.185873 0.827927 4.315 0.0122617 0.00747371
2 12 222 0.0642217 0.185918 0.96832 4.59768 0.0106811 0.00644922
2 13 243 0.0669473 0.223188 1.06309 4.25359 0.0111203 0.00677234
2 14 215 0.0649199 0.224746 1.19983 4.34783 0.00920595 0.00557079
2 15 200 0.0664155 0.213036 1.38419 3.97845 0.00785274 0.00477435
2 16 182 0.0611397 0.232546 1.5018 4.61179 0.00675974 0.00404205
2 17 133 0.05384 0.225226 1.58235 5.57261 0.00476648 0.00278518
2 18 121 0.0517784 0.29247 1.85001 5.78993 0.00385059 0.00223537
2 19 66 0.0439069 0.361385 2.29116 6.99399 0.00176552 0.000999711
2 20 37 0.0312961 0.306083 2.27329 11.5076 0.000999079 0.000543613
2 21 12 0.0480613 0.301064 2.36625 4.14362 0.000313483 0.000179857
2 22 0 0 0 0 0 0 0
2 23 0 0 0 0 0 0 0
3 0 273 0.0908323 0.193706 0.0229216 2.26659 0.0181047 0.0118794
3 1 273 0.0824988 0.158521 0.0729725 2.99031 0.0181713 0.0116187
3 2 290 0.0857631 0.216946 0.180162 2.73099 0.0188591 0.0121815
3 3 270 0.076927 0.213965 0.230901 3.50342 0.0174014 0.0109346
3 4 283 0.0832904 0.234196 0.296308 2.90086 0.0178883 0.011466
3 5 277 0.081045 0.190067 0.350134 3.08492 0.0173872 0.0110671
3 6 271 0.0830278 0.237434 0.44184 2.83633 0.0163672 0.0104825
3 7 312 0.0851717 0.212741 0.539725 2.74957 0.0182347 0.0117566
3 8 271 0.0852565 0.223235 0.588074 2.57952 0.0154995 0.00999574
3 9 282 0.0721073 0.250371 0.663616 3.93219 0.0155417 0.00961967
3 10 294 0.0781496 0.24921 0.78141 3.25056 0.0153594 0.00968848
3 11 273 0.0749149 0.258967 0.848443 3.49016 0.013799 0.00861656
3 12 252 0.0728719 0.28233 1.00554 3.56451 0.0117755 0.00730608
3 13 233 0.0633447 0.289233 1.07551 4.71228 0.010518 0.00633322
3 14 197 0.0707269 0.323312 1.22418 3.46606 0.00825002 0.00508435
3 15 208 0.0576235 0.273368 1.27023 5.44271 0.00857174 0.00506895
3 16 174 0.0588086 0.365376 1.54459 4.92234 0.00626702 0.00371995
3 17 119 0.0564435 0.323228 1.69055 4.90444 0.00403927 0.00237976
3 18 104 0.0463534 0.401495 1.79904 6.95148 0.00335086 0.00191215
3 19 73 0.0453539 0.403124 2.19373 6.71519 0.00201787 0.00114785
3 20 35 0.0361179 0.440948 2.41058 9.05793 0.000893494 0.000493621
3 21 0 0 0 0 0 0 0
3 22 0 0 0 0 0 0 0
3 23 0 0 0 0 0 0 0
4 0 285 0.0900473 0.232752 -0.00928167 2.36475 0.0187547 0.012276
4 1 305 0.0891851 0.281427 0.08467 2.48776 0.0197719 0.0129074
4 2 287 0.0841519 0.235867 0.150298 2.86503 0.0186752 0.0120025
4 3 274 0.086605 0.269908 0.263998 2.57255 0.0173202 0.0112168
4 4 295 0.0903795 0.320069 0.288278 2.31383 0.0183063 0.0119949
4 5 313 0.0850919 0.308441 0.370139 2.80054 0.0190525 0.0122809
4 6 303 0.080043 0.357037 0.45507 3.20215 0.0177219 0.011245
4 7 296 0.0813236 0.282671 0.506512 3.05299 0.0173003 0.0110213
4 8 266 0.080893 0.300892 0.576607 2.95642 0.0150666 0.0095855
4 9 267 0.0782683 0.350775 0.697714 3.16114 0.0142186 0.00897219
4 10 276 0.0683434 0.326901 0.782574 4.31339 0.0142224 0.00869964
4 11 230 0.0757056 0.356523 0.895863 3.19318 0.0111873 0.007003
4 12 221 0.0666563 0.359433 0.959157 4.22933 0.0104314 0.00634693
4 13 226 0.0679551 0.345358 1.10996 4.00812 0.00995853 0.00608405
4 14 205 0.0663758 0.418389 1.23486 4.05484 0.00842979 0.00512455
4 15 170 0.0572842 0.383286 1.36488 5.24523 0.00662092 0.00391113
4 16 170 0.0548921 0.442136 1.45882 5.64329 0.00630059 0.00369386
4 17 117 0.046986 0.481805 1.66973 6.94826 0.00394279 0.00225444
4 18 93 0.0412389 0.423266 1.86033 8.32691 0.00291718 0.00163795
4 19 62 0.0424845 0.566795 2.05097 7.43395 0.00178179 0.00100439
4 20 23 0.0337965 0.423567 2.25643 9.74017 0.000620586 0.000340345
4 21 0 0 0 0 0 0 0
4 22 0 0 0 0 0 0 0
4 23 0 0 0 0 0 0 0
5 0 340 0.0879345 0.363919 0.0361734 2.67895 0.0215754 0.0140303
5 1 287 0.0887289 0.318253 0.108945 2.45236 0.0183799 0.0119817
5 2 312 0.0841176 0.357263 0.200395 2.91176 0.0195079 0.0125363
5 3 335 0.0810264 0.353075 0.257554 3.26309 0.0207409 0.013201
5 4 308 0.0833039 0.388478 0.32052 2.93791 0.0185866 0.0119141
5 5 294 0.0847005 0.368296 0.33386 2.76686 0.0177883 0.011452
5 6 315 0.08691 0.370309 0.466367 2.60061 0.0182869 0.011854
5 7 290 0.0857768 0.404822 0.547142 2.57772 0.0161986 0.0104635
5 8 273 0.0817837 0.401388 0.576548 2.87244 0.0150937 0.00962943
5 9 268 0.0735299 0.381607 0.712918 3.66703 0.0140806 0.00875431
5 10 306 0.0705841 0.427951 0.802025 4.10125 0.015299 0.00942431
5 11 283 0.0714298 0.454081 0.925973 3.85859 0.013311 0.00822148
5 12 251 0.0674655 0.448979 1.03752 4.19405 0.0112366 0.00685428
5 13 226 0.0586578 0.443427 1.11692 5.39205 0.00976749 0.00579497
5 14 196 0.0590756 0.450118 1.14488 5.16408 0.00835349 0.0049626
5 15 174 0.0614938 0.513087 1.40231 4.5227 0.00654192 0.00391617
5 16 137 0.0571833 0.517459 1.51603 4.96281 0.00490188 0.00289473
5 17 121 0.0563926 0.554511 1.78733 4.8667 0.00385319 0.00226976
5 18 101 0.0458445 0.56026 1.83613 7.02711 0.00315277 0.00179622
5 19 54 0.0327444 0.588548 2.12963 11.1462 0.00150446 0.000822347
5 20 21 0.0323865 0.635225 2.3214 10.3141 0.000544435 0.000297256
5 21 0 0 0 0 0 0 0
5 22 0 0 0 0 0 0 0
5 23 0 0 0 0 0 0 0
6 0 318 0.0884966 0.351245 0.0109504 2.56958 0.0202712 0.0132052
6 1 331 0.0835046 0.451479 0.114257 3.00631 0.0202741 0.0130039
6 2 308 0.0904954 0.448233 0.184147 2.3273 0.0187278 0.0122754
6 3 326 0.0838846 0.417848 0.221225 2.95356 0.0199135 0.0127877
6 4 318 0.0860717 0.449802 0.292901 2.70781 0.0189316 0.0122401
6 5 289 0.0783027 0.487389 0.368875 3.31612 0.0166611 0.0105146
6 6 294 0.0820898 0.455894 0.435137 2.95079 0.0168058 0.0107319
6 7 277 0.0756262 0.481118 0.526189 3.51097 0.0152394 0.00953717
6 8 301 0.0742711 0.475797 0.62201 3.7111 0.0160122 0.00997836
6 9 295 0.0786766 0.504546 0.720174 3.17067 0.0149685 0.00945746
6 10 267 0.0723402 0.541638 0.838004 3.70816 0.0127706 0.00791025
6 11 259 0.0704979 0.52266 0.881176 3.8875 0.0122236 0.00752779
6 12 224 0.0618369 0.583517 1.02203 4.87284 0.0098003 0.00587308
6 13 235 0.0625538 0.603647 1.10846 4.76776 0.00986049 0.00592253
6 14 191 0.0589509 0.636502 1.29225 5.05866 0.00735945 0.00437035
6 15 159 0.0513848 0.672033 1.46186 6.26293 0.00567112 0.00328814
6 16 129 0.0565979 0.669632 1.55941 4.96714 0.0044249 0.00260823
6 17 120 0.0479338 0.679261 1.74416 6.67583 0.00382072 0.00219121
6 18 70 0.0471732 0.678704 1.93669 6.2565 0.00207186 0.00118537
6 19 33 0.0455614 0.739044 2.32444 5.78857 0.000845833 0.000481462
6 20 17 0.729053 0.731361 2.34861 -10.661 0.000432579 0.000233539
6 21 0 0 0 0 0 0 0
6 22 0 0 0 0 0 0 0
6 23 0 0 0 0 0 0 0
7 0 284 0.0871934 0.515718 0.000560247 2.50661 0.0170548 0.0110651
7 1 322 0.0875622 0.522766 0.0959121 2.59434 0.0192118 0.0124788
7 2 306 0.08554 0.510714 0.183471 2.71353 0.0181723 0.0117298
7 3 302 0.0843227 0.505991 0.248499 2.80019 0.0177756 0.0114304
7 4 288 0.0860041 0.542232 0.321753 2.57386 0.0164607 0.0106403
7 5 324 0.085874 0.532719 0.394983 2.68813 0.0182445 0.0117886
7 6 305 0.083784 0.565823 0.468416 2.78128 0.0166088 0.0106622
7 7 283 0.0777161 0.535953 0.515708 3.29449 0.015343 0.00966502
7 8 254 0.0821725 0.5762 0.633878 2.68878 0.0130338 0.00832535
7 9 288 0.0759158 0.593422 0.711945 3.41381 0.0142721 0.00893996
7 10 277 0.0757596 0.609379 0.831705 3.33981 0.0130305 0.0081582
7 11 230 0.0673205 0.605494 0.937849 4.13319 0.0103692 0.00632228
7 12 213 0.069334 0.586058 0.994739 3.7736 0.00942244 0.00578154
7 13 198 0.0566802 0.690565 1.19846 5.5238 0.00783827 0.00462141
7 14 168 0.0583341 0.708994 1.22769 5.04747 0.00654293 0.0038779
7 15 175 0.0547197 0.725896 1.3726 5.69297 0.00640234 0.00375147
7 16 125 0.0567456 0.784203 1.62047 4.86409 0.00410128 0.0024186
7 17 79 0.0396167 0.788231 1.74641 8.71648 0.00246972 0.0013796
7 18 53 0.0504116 0.892002 2.09871 5.1084 0.00143817 0.000831292
7 19 27 0.0335657 0.724567 2.15578 10.0199 0.000734304 0.000402418
7 20 0 0 0 0 0 0 0
7 21 0 0 0 0 0 0 0
7 22 0 0 0 0 0 0 0
7 23 0 0 0 0 0 0 0
8 0 339 0.0809441 0.604789 0.0257225 3.21424 0.0195949 0.0124685
8 1 297 0.0831507 0.58866 0.100001 2.87629 0.0172298 0.0110391
8 2 322 0.0856833 0.589411 0.176208 2.72045 0.018531 0.0119666
8 3 336 0.080699 0.576202 0.274903 3.21438 0.0191355 0.0121668
8 4 273 0.0774117 0.617558 0.28977 3.31948 0.0152381 0.0095898
8 5 297 0.083509 0.657515 0.433597 2.75436 0.015765 0.0101119
8 6 303 0.0785077 0.629206 0.447569 3.26729 0.0162045 0.0102329
8 7 272 0.0843014 0.642578 0.611224 2.54533 0.0137501 0.00884126
8 8 309 0.078592 0.660593 0.652082 3.20137 0.0153022 0.00966573
8 9 255 0.0821917 0.691886 0.753609 2.60796 0.0120437 0.00769335
8 10 239 0.0680375 0.699368 0.841606 4.087 0.0108938 0.00665717
8 11 232 0.0729507 0.685279 0.925978 3.41911 0.010276 0.00637729
8 12 248 0.0639871 0.772599 1.04327 4.58856 0.0102257 0.00616969
8 13 197 0.0650593 0.744394 1.20434 4.14651 0.00767918 0.00464893
8 14 155 0.0568483 0.872267 1.39141 5.12906 0.00544693 0.0032132
8 15 164 0.054931 0.844293 1.43428 5.5368 0.00570705 0.0033463
8 16 114 0.0468428 0.9259 1.64323 6.89675 0.00360812 0.00206215
8 17 67 0.0429396 0.993055 1.8915 7.36753 0.00191921 0.00108342
8 18 42 0.0356914 0.954614 1.87491 9.55058 0.00121822 0.000672111
8 19 17 0.0365154 1.17457 2.23878 8.14232 0.000422487 0.000233701
8 20 0 0 0 0 0 0 0
8 21 0 0 0 0 0 0 0
8 22 0 0 0 0 0 0 0
8 23 0 0 0 0 0 0 0
9 0 336 0.0829569 0.691433 0.0363731 2.97431 0.0186653 0.0119516
9 1 339 0.0813862 0.722638 0.086299 3.1151 0.01852 0.0118007
9 2 324 0.0846659 0.726303 0.158383 2.75758 0.0175693 0.0113098
9 3 338 0.0759169 0.68831 0.275952 3.6647 0.0183443 0.0114907
9 4 322 0.0812669 0.672396 0.312767 3.06855 0.0174758 0.0111312
9 5 285 0.0772477 0.739279 0.429857 3.29636 0.0146351 0.00920559
9 6 304 0.0830479 0.730328 0.483211 2.77698 0.0154529 0.00989747
9 7 295 0.0776465 0.719584 0.56887 3.25817 0.0146887 0.00925085
9 8 252 0.0747938 0.726605 0.673408 3.37196 0.0120962 0.00755039
9 9 263 0.0735593 0.791502 0.734609 3.5099 0.012074 0.00750745
9 10 268 0.0657039 0.815966 0.86389 4.47273 0.0116594 0.00707286
9 11 251 0.0672283 0.831705 0.977821 4.15073 0.0104223 0.00635284
9 12 214 0.0653182 0.866428 1.05654 4.21583 0.00853965 0.00517407
9 13 179 0.0607212 0.918294 1.25855 4.64506 0.00653313 0.00390138
9 14 169 0.0569903 0.956232 1.32213 5.19436 0.0059668 0.00352145
9 15 129 0.0519828 0.917982 1.40866 5.89176 0.00445551 0.00258822
9 16 88 0.0455681 1.02163 1.67619 6.94704 0.00269898 0.00153634
9 17 48 0.0474666 1.02636 1.93767 5.75001 0.00134576 0.000770661
9 18 34 0.0418916 1.22322 2.28206 6.8548 0.000827669 0.000465682
9 19 13 0.0383935 1.19597 2.34841 7.09475 0.000311619 0.000173401
9 20 0 0 0 0 0 0 0
9 21 0 0 0 0 0 0 0
9 22 0 0 0 0 0 0 0
9 23 0 0 0 0 0 0 0
10 0 323 0.0816402 0.780077 0.0402138 3.01674 0.0171992 0.0109678
10 1 319 0.078855 0.824227 0.145123 3.25168 0.0165292 0.0104494
10 2 295 0.0729309 0.783827 0.190686 3.83334 0.0155139 0.00962731
10 3 309 0.0791274 0.793258 0.254278 3.19414 0.0160417 0.0101498
10 4 295 0.0783426 0.828087 0.348128 3.19548 0.0148283 0.00935907
10 5 284 0.0769454 0.856212 0.430419 3.27353 0.0138545 0.00870636
10 6 297 0.0791473 0.876349 0.50879 3.06279 0.0140956 0.00891902
10 7 310 0.0727673 0.867648 0.560756 3.78957 0.0145681 0.00903575
10 8 254 0.0727202 0.898246 0.703586 3.5421 0.0113118 0.00701502
10 9 246 0.0691589 0.922996 0.817584 3.90141 0.0104699 0.00642071
10 10 245 0.064287 0.954228 0.870204 4.53566 0.0101351 0.00612081
10 11 210 0.0607919 0.962237 0.989846 4.87587 0.00832401 0.00497196
10 12 180 0.0570508 0.969361 1.10963 5.31848 0.00682994 0.00403162
10 13 173 0.0596076 1.01702 1.2757 4.76128 0.00610858 0.00363506
10 14 130 0.050606 1.04232 1.44182 6.16049 0.00430388 0.00248927
10 15 108 0.0462758 1.0951 1.51317 6.99962 0.00344422 0.00196494
10 16 91 0.0381892 1.1631 1.66789 9.33646 0.00271347 0.00150893
10 17 40 0.0458216 1.29409 1.96601 5.94032 0.00105685 0.000602073
10 18 25 0.711442 1.18171 1.98533 -10.144 0.00067097 0.00035349
10 19 0 0 0 0 0 0 0
10 20 0 0 0 0 0 0 0
10 21 0 0 0 0 0 0 0
10 22 0 0 0 0 0 0 0
10 23 0 0 0 0 0 0 0
11 0 322 0.0810156 0.951703 0.0469968 2.98895 0.0157511 0.0100248
11 1 310 0.0782427 0.935818 0.110811 3.23341 0.0152439 0.00961837
11 2 329 0.0784319 0.890027 0.216236 3.28662 0.0163929 0.0103495
11 3 299 0.0788006 0.952308 0.261156 3.1176 0.0143753 0.00908613
11 4 282 0.0755987 0.91178 0.350104 3.40246 0.0136312 0.00853001
11 5 301 0.0731002 0.951252 0.461868 3.70909 0.013974 0.00867634
11 6 277 0.0799146 0.940453 0.509285 2.88817 0.0127827 0.00810769
11 7 245 0.0721134 0.956679 0.591313 3.58581 0.0109997 0.00680851
11 8 272 0.0654464 0.957025 0.67589 4.53209 0.0119312 0.00723189
11 9 229 0.0672017 1.05266 0.863568 4.02512 0.00915924 0.00558248
11 10 215 0.0625321 0.987841 0.919765 4.63989 0.00864796 0.00519389
11 11 198 0.057016 1.1202 1.0444 5.3933 0.00731419 0.004317
11 12 142 0.0545312 1.13419 1.08947 5.51194 0.00514817 0.00301479
11 13 132 0.0431918 1.10454 1.23842 8.16563 0.00460344 0.00260078
11 14 110 0.0483767 1.26191 1.4804 6.44898 0.0033981 0.00195157
11 15 70 0.0493913 1.23731 1.68596 5.69465 0.00204038 0.00117558
11 16 46 0.034844 1.3999 1.93976 9.90991 0.00119877 0.000659612
11 17 18 0.731391 1.28734 1.81482 -10.5293 0.000498565 0.000270026
11 18 11 0.724471 1.56673 2.42703 -11.2171 0.00024313 0.000130435
11 19 0 0 0 0 0 0 0
11 20 0 0 0 0 0 0 0
11 21 0 0 0 0 0 0 0
11 22 0 0 0 0 0 0 0
11 23 0 0 0 0 0 0 0
12 0 290 0.0793136 1.00254 0.0142832 3.02753 0.0138372 0.00876006
12 1 289 0.0746346 1.0156 0.149662 3.5088 0.0136255 0.00850073
12 2 333 0.0761191 1.03868 0.211846 3.47038 0.0154395 0.00967731
12 3 296 0.0785432 1.04462 0.310898 3.08263 0.0135213 0.00853949
12 4 308 0.0747934 1.10881 0.375865 3.48298 0.013516 0.00843659
12 5 258 0.0703627 1.07478 0.476471 3.82525 0.0112946 0.00695274
12 6 230 0.0736134 1.12468 0.526838 3.28952 0.00974629 0.00606113
12 7 223 0.0686592 1.07247 0.588003 3.87261 0.00953733 0.00583964
12 8 204 0.0672243 1.07337 0.724172 3.93854 0.00842521 0.00513546
12 9 226 0.0666242 1.23733 0.886493 4.01531 0.00838463 0.00510108
12 10 192 0.0659787 1.19499 0.941868 3.94177 0.00712507 0.00432599
12 11 173 0.0559606 1.2182 1.02727 5.42508 0.00621336 0.00365505
12 12 150 0.0512649 1.29292 1.24439 6.15 0.00493362 0.00285945
12 13 113 0.0558671 1.30445 1.35261 4.89325 0.00358684 0.00210936
12 14 80 0.0450708 1.25436 1.43383 7.01308 0.0025123 0.00142782
12 15 43 0.0379183 1.41944 1.69093 8.6235 0.00119878 0.000666058
12 16 30 0.0374018 1.68823 1.87572 8.35236 0.000746745 0.000414226
12 17 21 0.724033 1.68255 2.30975 -10.5589 0.000468672 0.000251282
12 18 0 0 0 0 0 0 0
12 19 0 0 0 0 0 0 0
12 20 0 0 0 0 0 0 0
12 21 0 0 0 0 0 0 0
12 22 0 0 0 0 0 0 0
12 23 0 0 0 0 0 0 0
13 0 248 0.0740252 1.15751 0.0685605 3.35837 0.0109436 0.00681454
13 1 305 0.0708515 1.12802 0.139075 3.95153 0.0136129 0.00839271
13 2 287 0.0729375 1.17475 0.208643 3.61307 0.0124564 0.00773011
13 3 270 0.0671973 1.14838 0.270672 4.27868 0.0117955 0.00718917
13 4 269 0.0706612 1.14236 0.365243 3.81835 0.0116396 0.00717182
13 5 228 0.0658076 1.10627 0.450881 4.29344 0.00988844 0.00600053
13 6 250 0.065149 1.25535 0.601951 4.38312 0.00985448 0.00596754
13 7 231 0.0645472 1.31784 0.666742 4.35093 0.00875089 0.0052892
13 8 201 0.0628179 1.26666 0.720933 4.47794 0.00768364 0.00461889
13 9 176 0.0581829 1.26773 0.844057 5.07142 0.00652695 0.00386658
13 10 161 0.0522656 1.33365 0.955527 6.07086 0.0056618 0.0032919
13 11 142 0.0500862 1.35882 1.0992 6.38075 0.00476487 0.00275137
13 12 111 0.0422577 1.32367 1.19907 8.22609 0.00366405 0.00206394
13 13 76 0.0405175 1.39941 1.37422 8.34538 0.00233251 0.00130668
13 14 66 0.0503826 1.61516 1.59076 5.3393 0.0017998 0.00104023
13 15 30 0.0522264 1.53687 1.61882 4.15762 0.000828736 0.000481787
13 16 24 0.04352 1.56785 1.8707 6.05361 0.000614776 0.000347687
13 17 0 0 0 0 0 0 0
13 18 0 0 0 0 0 0 0
13 19 0 0 0 0 0 0 0
13 20 0 0 0 0 0 0 0
13 21 0 0 0 0 0 0 0
13 22 0 0 0 0 0 0 0
13 23 0 0 0 0 0 0 0
14 0 252 0.0652401 1.23287 0.0281477 4.45473 0.0107244 0.0064962
14 1 275 0.0663715 1.26806 0.140068 4.36276 0.0114628 0.00696827
14 2 253 0.0740005 1.34194 0.202262 3.28497 0.0101407 0.00631407
14 3 253 0.0665218 1.3259 0.280438 4.22041 0.0101497 0.00617296
14 4 247 0.0671705 1.27285 0.389586 4.11956 0.0100241 0.00610899
14 5 237 0.0648822 1.34602 0.467151 4.35255 0.00919952 0.00556623
14 6 219 0.0619274 1.33741 0.534013 4.70924 0.00844 0.00505933
14 7 189 0.0531225 1.35082 0.646361 6.11638 0.00709187 0.00413457
14 8 173 0.061197 1.44271 0.790495 4.49531 0.00607175 0.00363131
14 9 164 0.056685 1.50842 0.924826 5.15991 0.00545222 0.00321466
14 10 126 0.0462039 1.45284 1.05122 7.20433 0.00414638 0.00236499
14 11 117 0.0510397 1.44434 1.08986 5.94508 0.00382394 0.00221472
14 12 86 0.0518304 1.66203 1.3075 5.34037 0.00248409 0.00144232
14 13 42 0.0363244 1.53419 1.48417 9.26911 0.00120389 0.000665537
14 14 25 0.0393665 1.64428 1.58559 7.51251 0.000677425 0.000378115
14 15 0 0 0 0 0 0 0
14 16 0 0 0 0 0 0 0
14 17 0 0 0 0 0 0 0
14 18 0 0 0 0 0 0 0
14 19 0 0 0 0 0 0 0
14 20 0 0 0 0 0 0 0
14 21 0 0 0 0 0 0 0
14 22 0 0 0 0 0 0 0
14 23 0 0 0 0 0 0 0
15 0 217 0.0660133 1.44158 0.0369756 4.09621 0.00835518 0.0050734
15 1 207 0.0606777 1.39024 0.141629 4.87193 0.00813935 0.0048599
15 2 204 0.0586279 1.42053 0.253447 5.17883 0.00785131 0.00465768
15 3 206 0.0639126 1.44196 0.320909 4.32911 0.00780261 0.00470662
15 4 190 0.0685031 1.46495 0.415261 3.59034 0.00704725 0.00431286
15 5 180 0.0632531 1.4711 0.482191 4.25989 0.0065991 0.00397239
15 6 165 0.0614991 1.54694 0.625618 4.3895 0.0057309 0.00343073
15 7 166 0.0594024 1.53108 0.701116 4.73122 0.0057269 0.00340572
15 8 136 0.0531545 1.485 0.751577 5.70531 0.00473261 0.0027594
15 9 135 0.057586 1.66829 0.944102 4.7405 0.00421894 0.0024946
15 10 78 0.0487414 1.82208 1.17203 5.92931 0.00220871 0.00126995
15 11 78 0.0508896 1.6008 1.20494 5.49318 0.00235354 0.00136246
15 12 55 0.0390967 1.76526 1.38361 8.41404 0.00151329 0.000843948
15 13 40 0.0428691 1.6406 1.38616 6.86895 0.00114078 0.000643838
15 14 26 0.719171 1.87351 1.67181 -10.2103 0.000649982 0.000346153
15 15 0 0 0 0 0 0 0
15 16 0 0 0 0 0 0 0
15 17 0 0 0 0 0 0 0
15 18 0 0 0 0 0 0 0
15 19 0 0 0 0 0 0 0
15 20 0 0 0 0 0 0 0
15 21 0 0 0 0 0 0 0
15 22 0 0 0 0 0 0 0
15 23 0 0 0 0 0 0 0
16 0 195 0.067794 1.66521 0.067432 3.6449 0.00677912 0.00413952
16 1 180 0.0610808 1.63236 0.121178 4.5572 0.00634058 0.0037907
16 2 195 0.0553788 1.61419 0.231176 5.63848 0.00688793 0.00404442
16 3 183 0.0595547 1.58659 0.306063 4.83332 0.00650698 0.00387149
16 4 165 0.0540201 1.63443 0.424915 5.71185 0.00568046 0.00332113
16 5 166 0.0598613 1.67615 0.535065 4.62164 0.00554215 0.00330063
16 6 135 0.0554613 1.65603 0.624689 5.19414 0.004487 0.00263535
16 7 102 0.0556503 1.64925 0.688464 4.87049 0.00336531 0.00197772
16 8 99 0.0420451 1.71534 0.792309 8.13561 0.00312903 0.00176138
16 9 94 0.0554487 1.86079 1.03438 4.68869 0.00270027 0.00158588
16 10 59 0.0441269 1.79804 1.11739 6.89344 0.00170271 0.000964817
16 11 41 0.0337328 1.78876 1.21724 10.3982 0.00116224 0.000637275
16 12 23 0.039742 1.78539 1.35969 7.30988 0.000632525 0.000353473
16 13 14 0.0354227 2.12668 1.60498 8.36895 0.000332398 0.000183234
16 14 0 0 0 0 0 0 0
16 15 0 0 0 0 0 0 0
16 16 0 0 0 0 0 0 0
16 17 0 0 0 0 0 0 0
16 18 0 0 0 0 0 0 0
16 19 0 0 0 0 0 0 0
16 20 0 0 0 0 0 0 0
16 21 0 0 0 0 0 0 0
16 22 0 0 0 0 0 0 0
16 23 0 0 0 0 0 0 0
17 0 150 0.0593547 1.61263 0.00558979 4.66956 0.00534124 0.0031759
17 1 149 0.048093 1.79849 0.138738 6.88118 0.00488129 0.00280087
17 2 118 0.0513953 1.80688 0.201242 5.87138 0.00384254 0.00222799
17 3 136 0.0577587 1.68358 0.346245 4.80084 0.00462105 0.00273386
17 4 110 0.0497633 1.87372 0.489625 6.12098 0.00341003 0.00196703
17 5 100 0.0490035 1.83736 0.548713 6.21299 0.00312433 0.0017979
17 6 93 0.0417583 1.75422 0.675268 8.16906 0.00295131 0.00165983
17 7 73 0.0421202 1.97321 0.797587 7.71178 0.00209754 0.00118102
17 8 64 0.0437709 2.00557 0.922034 7.04472 0.00178447 0.00101001
17 9 37 0.0394066 2.00996 1.07641 7.89165 0.00100414 0.000560546
17 10 36 0.0339175 2.1439 1.17338 10.0772 0.000921144 0.000505372
17 11 24 0.0454786 2.38942 1.51269 5.3637 0.000540613 0.000307645
17 12 14 0.730009 2.14257 1.56407 -10.9248 0.000333673 0.000180378
17 13 0 0 0 0 0 0 0
17 14 0 0 0 0 0 0 0
17 15 0 0 0 0 0 0 0
17 16 0 0 0 0 0 0 0
17 17 0 0 0 0 0 0 0
17 18 0 0 0 0 0 0 0
17 19 0 0 0 0 0 0 0
17 20 0 0 0 0 0 0 0
17 21 0 0 0 0 0 0 0
17 22 0 0 0 0 0 0 0
17 23 0 0 0 0 0 0 0
18 0 92 0.0490855 1.99092 0.0722642 6.07971 0.00278864 0.00160515
18 1 99 0.047256 1.88907 0.0992007 6.64663 0.00312619 0.00178905
18 2 74 0.0547899 1.8748 0.287358 4.66926 0.00233191 0.00136669
18 3 79 0.0566269 1.90083 0.338344 4.37268 0.00245495 0.00144719
18 4 76 0.0520971 2.05208 0.493755 5.16095 0.00219867 0.00127768
18 5 80 0.0444464 2.0796 0.610658 7.08623 0.00226454 0.00128447
18 6 45 0.0417722 2.14549 0.65886 7.29541 0.00123746 0.000695986
18 7 45 0.0443239 2.14028 0.796253 6.50271 0.00121965 0.000691532
18 8 34 0.0413254 2.22905 0.899265 7.10275 0.000882443 0.000495612
18 9 26 0.0425685 2.23463 1.06501 6.41161 0.000658012 0.00037102
18 10 14 0.0348307 2.46155 1.38659 8.58149 0.000315634 0.000173668
18 11 0 0 0 0 0 0 0
18 12 0 0 0 0 0 0 0
18 13 0 0 0 0 0 0 0
18 14 0 0 0 0 0 0 0
18 15 0 0 0 0 0 0 0
18 16 0 0 0 0 0 0 0
18 17 0 0 0 0 0 0 0
18 18 0 0 0 0 0 0 0
18 19 0 0 0 0 0 0 0
18 20 0 0 0 0 0 0 0
18 21 0 0 0 0 0 0 0
18 22 0 0 0 0 0 0 0
18 23 0 0 0 0 0 0 0
19 0 61 0.0448153 2.14296 0.0346637 6.71921 0.00174272 0.000989643
19 1 47 0.0450866 2.10374 0.135274 6.39573 0.00136106 0.000773571
19 2 41 0.0331597 1.96044 0.184945 10.7552 0.00125436 0.000686542
19 3 45 0.0433993 2.05613 0.372105 6.84823 0.00131256 0.000742036
19 4 33 0.0325255 2.13803 0.421404 10.7775 0.000929961 0.000507972
19 5 27 0.0378342 2.27566 0.617251 8.13553 0.000712299 0.000395659
19 6 32 0.0381915 2.2617 0.704701 8.16404 0.000840863 0.0004676
19 7 17 0.0360975 2.53229 1.10104 8.24045 0.000391123 0.000216066
19 8 0 0 0 0 0 0 0
19 9 0 0 0 0 0 0 0
19 10 0 0 0 0 0 0 0
19 11 0 0 0 0 0 0 0
19 12 0 0 0 0 0 0 0
19 13 0 0 0 0 0 0 0
19 14 0 0 0 0 0 0 0
19 15 0 0 0 0 0 0 0
19 16 0 0 0 0 0 0 0
19 17 0 0 0 0 0 0 0
19 18 0 0 0 0 0 0 0
19 19 0 0 0 0 0 0 0
19 20 0 0 0 0 0 0 0
19 21 0 0 0 0 0 0 0
19 22 0 0 0 0 0 0 0
19 23 0 0 0 0 0 0 0
20 0 35 0.040813 2.37872 0.0874121 7.31051 0.000915958 0.000513601
20 1 24 0.0431936 2.3464 0.300562 6.17846 0.000631409 0.000356725
20 2 21 0.721049 2.25672 0.188219 -10.3444 0.000573179 0.000306047
20 3 19 0.725851 2.42365 0.371987 -10.533 0.000484793 0.000260578
20 4 20 0.726832 2.46913 0.456568 -10.5065 0.000499985 0.000269107
20 5 12 0.0491234 2.24321 0.535673 3.91361 0.000322551 0.000185683
20 6 0 0 0 0 0 0 0
20 7 0 0 0 0 0 0 0
20 8 0 0 0 0 0 0 0
20 9 0 0 0 0 0 0 0
20 10 0 0 0 0 0 0 0
20 11 0 0 0 0 0 0 0
20 12 0 0 0 0 0 0 0
20 13 0 0 0 0 0 0 0
20 14 0 0 0 0 0 0 0
20 15 0 0 0 0 0 0 0
20 16 0 0 0 0 0 0 0
20 17 0 0 0 0 0 0 0
20 18 0 0 0 0 0 0 0
20 19 0 0 0 0 0 0 0
20 20 0 0 0 0 0 0 0
20 21 0 0 0 0 0 0 0
20 22 0 0 0 0 0 0 0
20 23 0 0 0 0 0 0 0
21 0 0 0 0 0 0 0 0
21 1 0 0 0 0 0 0 0
21 2 0 0 0 0 0 0 0
21 3 0 0 0 0 0 0 0
21 4 0 0 0 0 0 0 0
21 5 0 0 0 0 0 0 0
21 6 0 0 0 0 0 0 0
21 7 0 0 0 0 0 0 0
21 8 0 0 0 0 0 0 0
21 9 0 0 0 0 0 0 0
21 10 0 0 0 0 0 0 0
21 11 0 0 0 0 0 0 0
21 12 0 0 0 0 0 0 0
21 13 0 0 0 0 0 0 0
21 14 0 0 0 0 0 0 0
21 15 0 0 0 0 0 0 0
21 16 0 0 0 0 0 0 0
21 17 0 0 0 0 0 0 0
21 18 0 0 0 0 0 0 0
21 19 0 0 0 0 0 0 0
21 20 0 0 0 0 0 0 0
21 21 0 0 0 0 0 0 0
21 22 0 0 0 0 0 0 0
21 23 0 0 0 0 0 0 0
22 0 0 0 0 0 0 0 0
22 1 0 0 0 0 0 0 0
22 2 0 0 0 0 0 0 0
22 3 0 0 0 0 0 0 0
22 4 0 0 0 0 0 0 0
22 5 0 0 0 0 0 0 0
22 6 0 0 0 0 0 0 0
22 7 0 0 0 0 0 0 0
22 8 0 0 0 0 0 0 0
22 9 0 0 0 0 0 0 0
22 10 0 0 0 0 0 0 0
22 11 0 0 0 0 0 0 0
22 12 0 0 0 0 0 0 0
22 13 0 0 0 0 0 0 0
22 14 0 0 0 0 0 0 0
22 15 0 0 0 0 0 0 0
22 16 0 0 0 0 0 0 0
22 17 0 0 0 0 0 0 0
22 18 0 0 0 0 0 0 0
22 19 0 0 0 0 0 0 0
22 20 0 0 0 0 0 0 0
22 21 0 0 0 0 0 0 0
22 22 0 0 0 0 0 0 0
22 23 0 0 0 0 0 0 0
23 0 0 0 0 0 0 0 0
23 1 0 0 0 0 0 0 0
23 2 0 0 0 0 0 0 0
23 3 0 0 0 0 0 0 0
23 4 0 0 0 0 0 0 0
23 5 0 0 0 0 0 0 0
23 6 0 0 0 0 0 0 0
23 7 0 0 0 0 0 0 0
23 8 0 0 0 0 0 0 0
23 9 0 0 0 0 0 0 0
23 10 0 0 0 0 0 0 0
23 11 0 0 0 0 0 0 0
23 12 0 0 0 0 0 0 0
23 13 0 0 0 0 0 0 0
23 14 0 0 0 0 0 0 0
23 15 0 0 0 0 0 0 0
23 16 0 0 0 0 0 0 0
23 17 0 0 0 0 0 0 0
23 18 0 0 0 0 0 0 0
23 19 0 0 0 0 0 0 0
23 20 0 0 0 0 0 0 0
23 21 0 0 0 0 0 0 0
23 22 0 0 0 0 0 0 0
23 23 0 0 0 0 0 0 0
