#  ix    iy     NK     E/N         TK    Uxpi    UyK      muK      rho      epsilon
0 0 474 0.154142 0.0303913 0.0164274 0.0127994 0.0473717 0.0375319
0 1 461 0.144889 0.0292043 0.108307 0.303183 0.0458127 0.0353455
0 2 488 0.147266 0.0654386 0.173533 0.263224 0.0479818 0.0372736
0 3 472 0.151841 0.0385275 0.24058 0.0579671 0.0458585 0.0360951
0 4 511 0.150357 0.0477537 0.351858 0.157876 0.0481543 0.0377414
0 5 452 0.139421 0.00943161 0.42246 0.414744 0.0416354 0.031617
0 6 443 0.135714 0.036415 0.457268 0.529261 0.0402657 0.0302476
0 7 441 0.132245 0.0622195 0.549355 0.631308 0.0385943 0.0286984
0 8 393 0.116762 0.0443607 0.664903 1.19377 0.0327039 0.0232241
0 9 397 0.109742 0.0312348 0.775392 1.5368 0.031364 0.0218059
0 10 311 0.102533 0.0273601 0.924707 1.6597 0.0228292 0.0155278
0 11 309 0.0987314 0.0464242 1.17722 1.7811 0.0199959 0.0134433
0 12 213 0.0820375 0.0615536 1.34089 2.6776 0.0127252 0.00812478
0 13 182 0.0742368 0.0994178 1.55797 3.22572 0.00981682 0.00611693
0 14 73 0.0727877 0.0920235 1.83711 2.3573 0.0034867 0.00216274
0 15 39 0.0409437 0.139682 1.94333 7.93149 0.00178083 0.000998972
0 16 0 0 0 0 0 0 0
0 17 0 0 0 0 0 0 0
0 18 0 0 0 0 0 0 0
0 19 0 0 0 0 0 0 0
0 20 0 0 0 0 0 0 0
0 21 0 0 0 0 0 0 0
0 22 0 0 0 0 0 0 0
0 23 0 0 0 0 0 0 0
1 0 458 0.151328 0.103909 0.0419525 0.0680331 0.0455151 0.0357722
1 1 504 0.150678 0.137385 0.0852141 0.179463 0.049754 0.039031
1 2 475 0.155506 0.0925184 0.192957 -0.05206 0.0464484 0.0369436
1 3 450 0.14957 0.131866 0.247925 0.0795674 0.0433242 0.0338792
1 4 508 0.143752 0.113375 0.307246 0.397637 0.048277 0.0371244
1 5 482 0.145182 0.144196 0.392171 0.262767 0.0444738 0.0343415
1 6 460 0.132729 0.100157 0.440876 0.693373 0.0419152 0.0312121
1 7 453 0.132695 0.0844666 0.514211 0.65232 0.0401728 0.0299116
1 8 412 0.112555 0.0920418 0.627415 1.48163 0.034794 0.0243973
1 9 390 0.109569 0.158241 0.806123 1.50685 0.0301352 0.0209406
1 10 306 0.104448 0.15164 0.928309 1.51379 0.0222892 0.0152493
1 11 316 0.0944166 0.140758 1.09554 2.14907 0.0212084 0.0140707
1 12 220 0.078652 0.163415 1.31885 3.04956 0.0132279 0.00835706
1 13 162 0.0750305 0.168411 1.61725 2.99122 0.00848662 0.00530124
1 14 96 0.0560532 0.193186 1.74475 5.13954 0.00475185 0.00279612
1 15 45 0.0482348 0.168692 1.99443 5.95942 0.00201122 0.00115455
1 16 0 0 0 0 0 0 0
1 17 0 0 0 0 0 0 0
1 18 0 0 0 0 0 0 0
1 19 0 0 0 0 0 0 0
1 20 0 0 0 0 0 0 0
1 21 0 0 0 0 0 0 0
1 22 0 0 0 0 0 0 0
1 23 0 0 0 0 0 0 0
2 0 525 0.152694 0.21131 0.0601338 0.140663 0.0512771 0.0404585
2 1 531 0.154774 0.196036 0.140268 0.0776973 0.0516214 0.0409726
2 2 489 0.146556 0.210491 0.162363 0.27356 0.0472587 0.0366369
2 3 437 0.149776 0.190826 0.231056 0.0380243 0.0418608 0.0327542
2 4 506 0.149094 0.195881 0.314481 0.187173 0.0474481 0.0370534
2 5 515 0.138598 0.218386 0.381629 0.571314 0.047144 0.0357143
2 6 479 0.136221 0.221456 0.443353 0.572477 0.0429186 0.0322883
2 7 466 0.114559 0.227883 0.587922 1.49706 0.0394182 0.0278074
2 8 430 0.121254 0.236 0.698013 1.02385 0.0346176 0.024916
2 9 373 0.104985 0.215367 0.813993 1.72719 0.0285326 0.0195528
2 10 317 0.0922276 0.233133 0.957434 2.37793 0.0225794 0.0148795
2 11 254 0.0924159 0.286432 1.1385 2.04791 0.0164705 0.0108601
2 12 199 0.0761271 0.291758 1.40123 3.16598 0.0113974 0.00714395
2 13 155 0.0631883 0.28871 1.54507 4.50139 0.00832014 0.00500735
2 14 81 0.0698687 0.344137 1.79293 2.82145 0.00389124 0.00239166
2 15 24 0.0424813 0.370394 2.10208 6.87538 0.0010182 0.000573953
2 16 0 0 0 0 0 0 0
2 17 0 0 0 0 0 0 0
2 18 0 0 0 0 0 0 0
2 19 0 0 0 0 0 0 0
2 20 0 0 0 0 0 0 0
2 21 0 0 0 0 0 0 0
2 22 0 0 0 0 0 0 0
2 23 0 0 0 0 0 0 0
3 0 506 0.148043 0.296778 0.0270407 0.246092 0.0484925 0.0377547
3 1 485 0.148897 0.262317 0.111365 0.176992 0.046643 0.036404
3 2 507 0.159007 0.278024 0.156196 -0.126077 0.0483034 0.0388024
3 3 539 0.146215 0.235986 0.211856 0.369464 0.0513783 0.0397915
3 4 510 0.141531 0.250953 0.292702 0.466876 0.0475856 0.0363579
3 5 487 0.135392 0.281099 0.403302 0.624396 0.0437045 0.0327998
3 6 497 0.128382 0.314376 0.494646 0.904802 0.0428782 0.0315225
3 7 486 0.1249 0.295606 0.560692 1.02004 0.0410487 0.0298675
3 8 402 0.11013 0.28925 0.672223 1.54824 0.032441 0.0225813
3 9 394 0.108928 0.341821 0.881091 1.49307 0.0286353 0.0198598
3 10 332 0.0966293 0.38499 1.02674 2.041 0.0223711 0.0149435
3 11 254 0.0875982 0.357284 1.15041 2.42225 0.0162238 0.0105392
3 12 208 0.0804979 0.403641 1.40284 2.74681 0.0117552 0.00746955
3 13 117 0.06479 0.410695 1.56073 3.96516 0.00616255 0.00372761
3 14 72 0.0431944 0.506397 1.69566 7.90277 0.00354216 0.0020012
3 15 19 0.0482639 0.554712 2.1716 4.99751 0.000774153 0.000444446
3 16 0 0 0 0 0 0 0
3 17 0 0 0 0 0 0 0
3 18 0 0 0 0 0 0 0
3 19 0 0 0 0 0 0 0
3 20 0 0 0 0 0 0 0
3 21 0 0 0 0 0 0 0
3 22 0 0 0 0 0 0 0
3 23 0 0 0 0 0 0 0
4 0 495 0.156835 0.378909 0.0205465 -0.0991139 0.04628 0.0369489
4 1 559 0.143473 0.339437 0.0987448 0.495774 0.0527038 0.0404958
4 2 496 0.149993 0.326852 0.165805 0.137075 0.0465707 0.0364622
4 3 533 0.149745 0.335547 0.232851 0.203541 0.0493431 0.0386054
4 4 549 0.143783 0.33501 0.297771 0.433498 0.0500979 0.0385281
4 5 481 0.137589 0.356991 0.405153 0.503471 0.0423236 0.0319683
4 6 468 0.129306 0.36107 0.471709 0.800229 0.0402361 0.029661
4 7 444 0.113386 0.388882 0.588061 1.47791 0.0362882 0.025509
4 8 402 0.109048 0.412429 0.7463 1.55211 0.0305895 0.0212228
4 9 325 0.0993702 0.452946 0.859341 1.89072 0.0233119 0.0157034
4 10 295 0.0933621 0.489523 1.04122 2.13672 0.019352 0.0127974
4 11 234 0.0857026 0.506835 1.23364 2.44105 0.0140376 0.00906548
4 12 190 0.0750976 0.555477 1.40667 3.19469 0.0104794 0.00654742
4 13 100 0.0596878 0.558977 1.65192 4.54246 0.00497439 0.00296088
4 14 57 0.0512557 0.516675 1.84422 5.52604 0.00263818 0.001529
4 15 26 0.0359055 0.629915 2.41269 9.22819 0.000967761 0.000534293
4 16 0 0 0 0 0 0 0
4 17 0 0 0 0 0 0 0
4 18 0 0 0 0 0 0 0
4 19 0 0 0 0 0 0 0
4 20 0 0 0 0 0 0 0
4 21 0 0 0 0 0 0 0
4 22 0 0 0 0 0 0 0
4 23 0 0 0 0 0 0 0
5 0 552 0.15305 0.395949 0.0227844 0.129313 0.0513118 0.0405271
5 1 547 0.153108 0.423508 0.0924747 0.10522 0.0501875 0.0396456
5 2 540 0.143701 0.407643 0.13495 0.426935 0.0496189 0.0381508
5 3 511 0.143415 0.416991 0.220307 0.366614 0.046218 0.0355064
5 4 500 0.141114 0.387167 0.33713 0.415363 0.0444808 0.0339445
5 5 490 0.124408 0.415611 0.362992 1.08721 0.0429017 0.0311701
5 6 466 0.128959 0.465082 0.496682 0.772159 0.0385269 0.0283719
5 7 412 0.116044 0.510124 0.629478 1.20997 0.0320115 0.0226834
5 8 401 0.107298 0.540595 0.745089 1.61944 0.0295028 0.0203604
5 9 300 0.0958581 0.580016 0.900916 2.0077 0.020469 0.0136405
5 10 268 0.0909543 0.611212 1.09395 2.17711 0.0167164 0.0109726
5 11 197 0.0788626 0.683885 1.29368 2.85408 0.011115 0.00702681
5 12 140 0.0668115 0.709427 1.53129 3.82856 0.00713679 0.00434448
5 13 96 0.0647255 0.718139 1.66287 3.69065 0.00463987 0.002806
5 14 32 0.0440881 0.711556 1.95195 6.70026 0.00138784 0.000786308
5 15 11 0.0520854 0.813473 2.02372 3.59569 0.000458445 0.000266398
5 16 0 0 0 0 0 0 0
5 17 0 0 0 0 0 0 0
5 18 0 0 0 0 0 0 0
5 19 0 0 0 0 0 0 0
5 20 0 0 0 0 0 0 0
5 21 0 0 0 0 0 0 0
5 22 0 0 0 0 0 0 0
5 23 0 0 0 0 0 0 0
6 0 601 0.143933 0.514773 0.0479183 0.49151 0.0533872 0.0410756
6 1 600 0.147097 0.450249 0.0815722 0.397735 0.0545595 0.0423628
6 2 577 0.141148 0.506924 0.147924 0.551278 0.0510229 0.0389408
6 3 513 0.137281 0.543988 0.258674 0.553366 0.0439436 0.0331621
6 4 483 0.13416 0.514998 0.283653 0.62672 0.0416367 0.0311353
6 5 534 0.124786 0.531477 0.431634 1.09618 0.0440619 0.0320491
6 6 411 0.120236 0.609504 0.532674 0.993702 0.0319456 0.0229231
6 7 359 0.106736 0.61632 0.649826 1.555 0.0267425 0.018424
6 8 404 0.0973789 0.655025 0.809519 2.21155 0.0279829 0.0187351
6 9 253 0.0855005 0.686287 0.936473 2.62115 0.016511 0.0106562
6 10 239 0.082646 0.748618 1.03518 2.76666 0.0147317 0.00942378
6 11 190 0.0605163 0.757847 1.2324 5.18131 0.0108032 0.00644719
6 12 95 0.0750352 0.831506 1.44255 2.43965 0.00489122 0.00305538
6 13 59 0.0604201 0.825207 1.70064 3.83202 0.00275896 0.001646
6 14 19 0.0520947 0.874433 1.838 4.19665 0.000837821 0.000486865
6 15 10 0.729532 1.04439 1.97511 -10.7203 0.000408527 0.000220699
6 16 0 0 0 0 0 0 0
6 17 0 0 0 0 0 0 0
6 18 0 0 0 0 0 0 0
6 19 0 0 0 0 0 0 0
6 20 0 0 0 0 0 0 0
6 21 0 0 0 0 0 0 0
6 22 0 0 0 0 0 0 0
6 23 0 0 0 0 0 0 0
7 0 536 0.145184 0.556118 0.0385333 0.314062 0.0468171 0.0361512
7 1 592 0.131318 0.561697 0.110535 0.957048 0.0513769 0.0380992
7 2 549 0.137766 0.575387 0.156535 0.604466 0.0471532 0.0356347
7 3 515 0.125472 0.650146 0.255454 1.02158 0.0422195 0.0307717
7 4 461 0.118118 0.636905 0.373224 1.24963 0.037089 0.0264455
7 5 444 0.118757 0.671648 0.465553 1.14127 0.0343799 0.0245608
7 6 402 0.107673 0.76773 0.590444 1.57554 0.0288766 0.019951
7 7 361 0.105338 0.748829 0.695456 1.58301 0.0252478 0.0173204
7 8 316 0.0975486 0.839649 0.848243 1.87833 0.0202943 0.0135945
7 9 216 0.0851638 0.821907 0.967369 2.43971 0.0133666 0.00861778
7 10 178 0.0782298 0.881979 1.12983 2.83147 0.0101849 0.00642607
7 11 137 0.0605397 0.909071 1.38402 4.75524 0.00708229 0.00422691
7 12 87 0.0588226 0.969902 1.54046 4.51706 0.00418883 0.00248649
7 13 37 0.0478418 1.13951 1.86212 5.79073 0.00154087 0.00088344
7 14 17 0.0415887 1.0016 1.82081 6.83675 0.000737143 0.000414351
7 15 0 0 0 0 0 0 0
7 16 0 0 0 0 0 0 0
7 17 0 0 0 0 0 0 0
7 18 0 0 0 0 0 0 0
7 19 0 0 0 0 0 0 0
7 20 0 0 0 0 0 0 0
7 21 0 0 0 0 0 0 0
7 22 0 0 0 0 0 0 0
7 23 0 0 0 0 0 0 0
8 0 484 0.123138 0.687725 0.0389311 1.07374 0.0398589 0.0288502
8 1 479 0.133069 0.724065 0.139251 0.595421 0.0385531 0.0287372
8 2 466 0.120318 0.730731 0.199125 1.14049 0.0371481 0.0266627
8 3 437 0.117316 0.743776 0.287076 1.20886 0.0341697 0.0243054
8 4 374 0.116493 0.797502 0.358456 1.05808 0.0281553 0.0199779
8 5 383 0.115415 0.859004 0.490316 1.08144 0.0272303 0.019259
8 6 319 0.101232 0.872594 0.561953 1.71385 0.0221335 0.0149949
8 7 307 0.0914379 0.894053 0.69778 2.33334 0.0203039 0.0133473
8 8 249 0.0902142 0.986313 0.875069 2.13102 0.0150466 0.00985397
8 9 217 0.0755657 1.00421 1.07419 3.29537 0.0122027 0.00763531
8 10 132 0.0719264 1.0156 1.22825 3.1584 0.00701568 0.00433996
8 11 91 0.0646268 1.06867 1.34275 3.69229 0.0045816 0.0027699
8 12 50 0.0668192 1.18891 1.61 2.66641 0.00223481 0.00136046
8 13 20 0.0401857 1.15776 1.83393 7.43513 0.000837436 0.000468641
8 14 0 0 0 0 0 0 0
8 15 0 0 0 0 0 0 0
8 16 0 0 0 0 0 0 0
8 17 0 0 0 0 0 0 0
8 18 0 0 0 0 0 0 0
8 19 0 0 0 0 0 0 0
8 20 0 0 0 0 0 0 0
8 21 0 0 0 0 0 0 0
8 22 0 0 0 0 0 0 0
8 23 0 0 0 0 0 0 0
9 0 444 0.120754 0.841188 0.0430454 1.0292 0.033959 0.0244055
9 1 428 0.110012 0.944914 0.132028 1.5085 0.0309666 0.0215473
9 2 431 0.104107 0.868244 0.218983 1.90026 0.0321088 0.0219447
9 3 394 0.100699 0.94827 0.3066 1.98101 0.0279073 0.0188757
9 4 355 0.10077 0.920956 0.421063 1.86401 0.0249441 0.0168751
9 5 365 0.0995664 0.996849 0.529404 1.91495 0.0242047 0.0163147
9 6 283 0.0906673 1.02931 0.59521 2.28583 0.0182155 0.011946
9 7 246 0.082089 1.04738 0.767073 2.83797 0.0150117 0.00958624
9 8 206 0.0750892 1.12453 0.925102 3.30252 0.0116617 0.00728593
9 9 153 0.0689397 1.11107 1.07126 3.69969 0.00831954 0.00509849
9 10 103 0.0650987 1.18395 1.20175 3.76101 0.00525214 0.00318001
9 11 48 0.0475506 1.16606 1.25103 6.3167 0.00242289 0.00138786
9 12 31 0.0442621 1.51573 1.85021 6.5008 0.00119579 0.000677867
9 13 0 0 0 0 0 0 0
9 14 0 0 0 0 0 0 0
9 15 0 0 0 0 0 0 0
9 16 0 0 0 0 0 0 0
9 17 0 0 0 0 0 0 0
9 18 0 0 0 0 0 0 0
9 19 0 0 0 0 0 0 0
9 20 0 0 0 0 0 0 0
9 21 0 0 0 0 0 0 0
9 22 0 0 0 0 0 0 0
9 23 0 0 0 0 0 0 0
10 0 407 0.101576 1.03145 0.0593302 1.93714 0.0283062 0.0191969
10 1 303 0.112153 1.0489 0.113348 0.991549 0.0208444 0.0145982
10 2 327 0.104184 1.05907 0.206245 1.52763 0.0222281 0.0151953
10 3 306 0.0978065 1.14256 0.313807 1.83233 0.0197361 0.0132311
10 4 298 0.092746 1.16696 0.424439 2.14897 0.0186911 0.0123368
10 5 242 0.0890213 1.10262 0.567687 2.23761 0.0151903 0.00991139
10 6 233 0.0899956 1.20636 0.684193 2.04957 0.0136273 0.00891844
10 7 185 0.0786946 1.30197 0.87056 2.76104 0.00995575 0.00629062
10 8 142 0.0780552 1.29329 0.983349 2.5359 0.00744326 0.0046937
10 9 100 0.0647757 1.34879 1.15954 3.73811 0.0049007 0.00296421
10 10 53 0.0657407 1.42436 1.32515 2.89643 0.00242294 0.00146999
10 11 21 0.0547819 1.47217 1.41332 3.74514 0.000924048 0.000541555
10 12 11 0.0319313 1.42966 1.72101 10.3612 0.000448856 0.000244719
10 13 0 0 0 0 0 0 0
10 14 0 0 0 0 0 0 0
10 15 0 0 0 0 0 0 0
10 16 0 0 0 0 0 0 0
10 17 0 0 0 0 0 0 0
10 18 0 0 0 0 0 0 0
10 19 0 0 0 0 0 0 0
10 20 0 0 0 0 0 0 0
10 21 0 0 0 0 0 0 0
10 22 0 0 0 0 0 0 0
10 23 0 0 0 0 0 0 0
11 0 285 0.0874374 1.23775 0.0291866 2.53463 0.0179076 0.0116272
11 1 304 0.0932562 1.24548 0.147703 2.12386 0.0189518 0.0125286
11 2 288 0.0883998 1.2216 0.279425 2.45678 0.0179636 0.0116984
11 3 248 0.083186 1.223 0.350269 2.75594 0.0153261 0.00982052
11 4 213 0.0820422 1.31205 0.42594 2.65942 0.0125015 0.00798212
11 5 173 0.0677374 1.32448 0.634707 4.01445 0.00973646 0.00594431
11 6 165 0.0721996 1.40018 0.803205 3.33981 0.00868946 0.00537999
11 7 121 0.0728204 1.41032 0.851532 2.94165 0.00627852 0.00389486
11 8 79 0.0593484 1.41941 0.925256 4.3853 0.00401537 0.00238749
11 9 63 0.0505612 1.4754 1.21011 5.78416 0.00292433 0.00169113
11 10 30 0.0397321 1.6508 1.43802 7.99171 0.00124643 0.000696518
11 11 14 0.0441654 1.46989 1.33348 5.88795 0.00062997 0.000357008
11 12 0 0 0 0 0 0 0
11 13 0 0 0 0 0 0 0
11 14 0 0 0 0 0 0 0
11 15 0 0 0 0 0 0 0
11 16 0 0 0 0 0 0 0
11 17 0 0 0 0 0 0 0
11 18 0 0 0 0 0 0 0
11 19 0 0 0 0 0 0 0
11 20 0 0 0 0 0 0 0
11 21 0 0 0 0 0 0 0
11 22 0 0 0 0 0 0 0
11 23 0 0 0 0 0 0 0
12 0 188 0.0794268 1.47197 0.10257 2.74464 0.0105471 0.00667953
12 1 171 0.0735638 1.41558 0.0922968 3.30604 0.00985236 0.00612614
12 2 202 0.0825068 1.39717 0.248793 2.54377 0.0116354 0.00743984
12 3 166 0.0784735 1.49017 0.40079 2.68579 0.00902754 0.00570019
12 4 149 0.0681614 1.49946 0.50027 3.75764 0.00796592 0.00486985
12 5 132 0.0686817 1.67745 0.705025 3.46412 0.00635756 0.00389296
12 6 89 0.0631242 1.58933 0.765089 3.87157 0.00438934 0.00264112
12 7 67 0.0643118 1.72213 0.974857 3.32189 0.0030218 0.00182508
12 8 46 0.0580282 1.68847 1.18763 3.91849 0.00200543 0.00118744
12 9 21 0.0583234 1.71011 1.16036 3.08178 0.000914696 0.000542109
12 10 0 0 0 0 0 0 0
12 11 0 0 0 0 0 0 0
12 12 0 0 0 0 0 0 0
12 13 0 0 0 0 0 0 0
12 14 0 0 0 0 0 0 0
12 15 0 0 0 0 0 0 0
12 16 0 0 0 0 0 0 0
12 17 0 0 0 0 0 0 0
12 18 0 0 0 0 0 0 0
12 19 0 0 0 0 0 0 0
12 20 0 0 0 0 0 0 0
12 21 0 0 0 0 0 0 0
12 22 0 0 0 0 0 0 0
12 23 0 0 0 0 0 0 0
13 0 120 0.0678693 1.69697 0.0611937 3.5276 0.00608938 0.00371923
13 1 107 0.0678893 1.56174 0.19087 3.46579 0.00573955 0.00350579
13 2 106 0.0723691 1.5308 0.305619 2.9012 0.00571785 0.00354203
13 3 86 0.0556284 1.61129 0.327227 5.15826 0.00446892 0.00262611
13 4 75 0.0591661 1.93245 0.548338 4.23272 0.00334241 0.00198621
13 5 57 0.0570914 1.67264 0.672616 4.40679 0.00276486 0.00163227
13 6 49 0.0520503 1.76394 0.839039 5.18644 0.00223294 0.0012974
13 7 27 0.062835 1.90141 0.992414 2.5681 0.00114094 0.00068589
13 8 15 0.0415765 1.61056 0.963268 6.79669 0.000705402 0.000396494
13 9 0 0 0 0 0 0 0
13 10 0 0 0 0 0 0 0
13 11 0 0 0 0 0 0 0
13 12 0 0 0 0 0 0 0
13 13 0 0 0 0 0 0 0
13 14 0 0 0 0 0 0 0
13 15 0 0 0 0 0 0 0
13 16 0 0 0 0 0 0 0
13 17 0 0 0 0 0 0 0
13 18 0 0 0 0 0 0 0
13 19 0 0 0 0 0 0 0
13 20 0 0 0 0 0 0 0
13 21 0 0 0 0 0 0 0
13 22 0 0 0 0 0 0 0
13 23 0 0 0 0 0 0 0
14 0 70 0.0542081 2.02569 0.0371395 5.0681 0.0030982 0.00181247
14 1 55 0.0475606 1.82912 0.143234 6.39701 0.00263215 0.00150777
14 2 56 0.0538462 1.8246 0.278959 4.99094 0.00266758 0.00155876
14 3 33 0.0454694 1.90112 0.443594 6.38975 0.00150451 0.000856141
14 4 46 0.0636777 2.17336 0.668744 2.92561 0.00185179 0.00111619
14 5 18 0.0308452 1.67625 0.577916 11.6395 0.000884248 0.000480448
14 6 14 0.0340992 2.11372 1.06598 9.46574 0.00054478 0.000299057
14 7 0 0 0 0 0 0 0
14 8 0 0 0 0 0 0 0
14 9 0 0 0 0 0 0 0
14 10 0 0 0 0 0 0 0
14 11 0 0 0 0 0 0 0
14 12 0 0 0 0 0 0 0
14 13 0 0 0 0 0 0 0
14 14 0 0 0 0 0 0 0
14 15 0 0 0 0 0 0 0
14 16 0 0 0 0 0 0 0
14 17 0 0 0 0 0 0 0
14 18 0 0 0 0 0 0 0
14 19 0 0 0 0 0 0 0
14 20 0 0 0 0 0 0 0
14 21 0 0 0 0 0 0 0
14 22 0 0 0 0 0 0 0
14 23 0 0 0 0 0 0 0
15 0 24 0.0332012 2.0004 0.125295 10.5769 0.00107146 0.000586513
15 1 21 0.0624454 2.11872 0.0662062 2.38606 0.000895984 0.000537973
15 2 17 0.0316182 2.04098 0.30125 11.0322 0.000741493 0.000403867
15 3 11 0.0434799 2.02223 0.464956 5.81303 0.000477558 0.000270049
15 4 0 0 0 0 0 0 0
15 5 0 0 0 0 0 0 0
15 6 0 0 0 0 0 0 0
15 7 0 0 0 0 0 0 0
15 8 0 0 0 0 0 0 0
15 9 0 0 0 0 0 0 0
15 10 0 0 0 0 0 0 0
15 11 0 0 0 0 0 0 0
15 12 0 0 0 0 0 0 0
15 13 0 0 0 0 0 0 0
15 14 0 0 0 0 0 0 0
15 15 0 0 0 0 0 0 0
15 16 0 0 0 0 0 0 0
15 17 0 0 0 0 0 0 0
15 18 0 0 0 0 0 0 0
15 19 0 0 0 0 0 0 0
15 20 0 0 0 0 0 0 0
15 21 0 0 0 0 0 0 0
15 22 0 0 0 0 0 0 0
15 23 0 0 0 0 0 0 0
16 0 0 0 0 0 0 0 0
16 1 0 0 0 0 0 0 0
16 2 0 0 0 0 0 0 0
16 3 0 0 0 0 0 0 0
16 4 0 0 0 0 0 0 0
16 5 0 0 0 0 0 0 0
16 6 0 0 0 0 0 0 0
16 7 0 0 0 0 0 0 0
16 8 0 0 0 0 0 0 0
16 9 0 0 0 0 0 0 0
16 10 0 0 0 0 0 0 0
16 11 0 0 0 0 0 0 0
16 12 0 0 0 0 0 0 0
16 13 0 0 0 0 0 0 0
16 14 0 0 0 0 0 0 0
16 15 0 0 0 0 0 0 0
16 16 0 0 0 0 0 0 0
16 17 0 0 0 0 0 0 0
16 18 0 0 0 0 0 0 0
16 19 0 0 0 0 0 0 0
16 20 0 0 0 0 0 0 0
16 21 0 0 0 0 0 0 0
16 22 0 0 0 0 0 0 0
16 23 0 0 0 0 0 0 0
17 0 0 0 0 0 0 0 0
17 1 0 0 0 0 0 0 0
17 2 0 0 0 0 0 0 0
17 3 0 0 0 0 0 0 0
17 4 0 0 0 0 0 0 0
17 5 0 0 0 0 0 0 0
17 6 0 0 0 0 0 0 0
17 7 0 0 0 0 0 0 0
17 8 0 0 0 0 0 0 0
17 9 0 0 0 0 0 0 0
17 10 0 0 0 0 0 0 0
17 11 0 0 0 0 0 0 0
17 12 0 0 0 0 0 0 0
17 13 0 0 0 0 0 0 0
17 14 0 0 0 0 0 0 0
17 15 0 0 0 0 0 0 0
17 16 0 0 0 0 0 0 0
17 17 0 0 0 0 0 0 0
17 18 0 0 0 0 0 0 0
17 19 0 0 0 0 0 0 0
17 20 0 0 0 0 0 0 0
17 21 0 0 0 0 0 0 0
17 22 0 0 0 0 0 0 0
17 23 0 0 0 0 0 0 0
18 0 0 0 0 0 0 0 0
18 1 0 0 0 0 0 0 0
18 2 0 0 0 0 0 0 0
18 3 0 0 0 0 0 0 0
18 4 0 0 0 0 0 0 0
18 5 0 0 0 0 0 0 0
18 6 0 0 0 0 0 0 0
18 7 0 0 0 0 0 0 0
18 8 0 0 0 0 0 0 0
18 9 0 0 0 0 0 0 0
18 10 0 0 0 0 0 0 0
18 11 0 0 0 0 0 0 0
18 12 0 0 0 0 0 0 0
18 13 0 0 0 0 0 0 0
18 14 0 0 0 0 0 0 0
18 15 0 0 0 0 0 0 0
18 16 0 0 0 0 0 0 0
18 17 0 0 0 0 0 0 0
18 18 0 0 0 0 0 0 0
18 19 0 0 0 0 0 0 0
18 20 0 0 0 0 0 0 0
18 21 0 0 0 0 0 0 0
18 22 0 0 0 0 0 0 0
18 23 0 0 0 0 0 0 0
19 0 0 0 0 0 0 0 0
19 1 0 0 0 0 0 0 0
19 2 0 0 0 0 0 0 0
19 3 0 0 0 0 0 0 0
19 4 0 0 0 0 0 0 0
19 5 0 0 0 0 0 0 0
19 6 0 0 0 0 0 0 0
19 7 0 0 0 0 0 0 0
19 8 0 0 0 0 0 0 0
19 9 0 0 0 0 0 0 0
19 10 0 0 0 0 0 0 0
19 11 0 0 0 0 0 0 0
19 12 0 0 0 0 0 0 0
19 13 0 0 0 0 0 0 0
19 14 0 0 0 0 0 0 0
19 15 0 0 0 0 0 0 0
19 16 0 0 0 0 0 0 0
19 17 0 0 0 0 0 0 0
19 18 0 0 0 0 0 0 0
19 19 0 0 0 0 0 0 0
19 20 0 0 0 0 0 0 0
19 21 0 0 0 0 0 0 0
19 22 0 0 0 0 0 0 0
19 23 0 0 0 0 0 0 0
20 0 0 0 0 0 0 0 0
20 1 0 0 0 0 0 0 0
20 2 0 0 0 0 0 0 0
20 3 0 0 0 0 0 0 0
20 4 0 0 0 0 0 0 0
20 5 0 0 0 0 0 0 0
20 6 0 0 0 0 0 0 0
20 7 0 0 0 0 0 0 0
20 8 0 0 0 0 0 0 0
20 9 0 0 0 0 0 0 0
20 10 0 0 0 0 0 0 0
20 11 0 0 0 0 0 0 0
20 12 0 0 0 0 0 0 0
20 13 0 0 0 0 0 0 0
20 14 0 0 0 0 0 0 0
20 15 0 0 0 0 0 0 0
20 16 0 0 0 0 0 0 0
20 17 0 0 0 0 0 0 0
20 18 0 0 0 0 0 0 0
20 19 0 0 0 0 0 0 0
20 20 0 0 0 0 0 0 0
20 21 0 0 0 0 0 0 0
20 22 0 0 0 0 0 0 0
20 23 0 0 0 0 0 0 0
21 0 0 0 0 0 0 0 0
21 1 0 0 0 0 0 0 0
21 2 0 0 0 0 0 0 0
21 3 0 0 0 0 0 0 0
21 4 0 0 0 0 0 0 0
21 5 0 0 0 0 0 0 0
21 6 0 0 0 0 0 0 0
21 7 0 0 0 0 0 0 0
21 8 0 0 0 0 0 0 0
21 9 0 0 0 0 0 0 0
21 10 0 0 0 0 0 0 0
21 11 0 0 0 0 0 0 0
21 12 0 0 0 0 0 0 0
21 13 0 0 0 0 0 0 0
21 14 0 0 0 0 0 0 0
21 15 0 0 0 0 0 0 0
21 16 0 0 0 0 0 0 0
21 17 0 0 0 0 0 0 0
21 18 0 0 0 0 0 0 0
21 19 0 0 0 0 0 0 0
21 20 0 0 0 0 0 0 0
21 21 0 0 0 0 0 0 0
21 22 0 0 0 0 0 0 0
21 23 0 0 0 0 0 0 0
22 0 0 0 0 0 0 0 0
22 1 0 0 0 0 0 0 0
22 2 0 0 0 0 0 0 0
22 3 0 0 0 0 0 0 0
22 4 0 0 0 0 0 0 0
22 5 0 0 0 0 0 0 0
22 6 0 0 0 0 0 0 0
22 7 0 0 0 0 0 0 0
22 8 0 0 0 0 0 0 0
22 9 0 0 0 0 0 0 0
22 10 0 0 0 0 0 0 0
22 11 0 0 0 0 0 0 0
22 12 0 0 0 0 0 0 0
22 13 0 0 0 0 0 0 0
22 14 0 0 0 0 0 0 0
22 15 0 0 0 0 0 0 0
22 16 0 0 0 0 0 0 0
22 17 0 0 0 0 0 0 0
22 18 0 0 0 0 0 0 0
22 19 0 0 0 0 0 0 0
22 20 0 0 0 0 0 0 0
22 21 0 0 0 0 0 0 0
22 22 0 0 0 0 0 0 0
22 23 0 0 0 0 0 0 0
23 0 0 0 0 0 0 0 0
23 1 0 0 0 0 0 0 0
23 2 0 0 0 0 0 0 0
23 3 0 0 0 0 0 0 0
23 4 0 0 0 0 0 0 0
23 5 0 0 0 0 0 0 0
23 6 0 0 0 0 0 0 0
23 7 0 0 0 0 0 0 0
23 8 0 0 0 0 0 0 0
23 9 0 0 0 0 0 0 0
23 10 0 0 0 0 0 0 0
23 11 0 0 0 0 0 0 0
23 12 0 0 0 0 0 0 0
23 13 0 0 0 0 0 0 0
23 14 0 0 0 0 0 0 0
23 15 0 0 0 0 0 0 0
23 16 0 0 0 0 0 0 0
23 17 0 0 0 0 0 0 0
23 18 0 0 0 0 0 0 0
23 19 0 0 0 0 0 0 0
23 20 0 0 0 0 0 0 0
23 21 0 0 0 0 0 0 0
23 22 0 0 0 0 0 0 0
23 23 0 0 0 0 0 0 0
