#  ix    iy     Npi     E/N       Tpi    Uxpi    Uypi     mupi     rho    epsilon
0 0 0 0 0 0 0 0 0
0 1 0 0 0 0 0 0 0
0 2 0 0 0 0 0 0 0
0 3 0 0 0 0 0 0 0
0 4 17 128.398 0.0862452 0.283064 0.758575 0.140528 61.8074
0 5 14 133.472 -0.0347793 0.583888 0.327024 0.104177 47.2627
0 6 17 117.644 0.146768 0.786156 0.85575 0.114452 47.0039
0 7 0 0 0 0 0 0 0
0 8 15 96.2124 -0.0554377 0.787459 1.45545 0.101497 35.9029
0 9 11 118.827 0.0389187 1.25844 0.157867 0.058978 24.4095
0 10 13 102.348 0.0428317 0.895715 1.03419 0.0834354 30.8599
0 11 0 0 0 0 0 0 0
0 12 12 72.6576 -0.040958 1.46854 1.97951 0.0582099 17.0803
0 13 10 78.8373 -0.0433339 1.31833 1.54356 0.0520807 16.0912
0 14 10 60.3732 0.170591 2.65507 2.10426 0.0303303 7.985
0 15 0 0 0 0 0 0 0
0 16 0 0 0 0 0 0 0
0 17 0 0 0 0 0 0 0
0 18 0 0 0 0 0 0 0
0 19 0 0 0 0 0 0 0
0 20 0 0 0 0 0 0 0
0 21 0 0 0 0 0 0 0
0 22 0 0 0 0 0 0 0
0 23 0 0 0 0 0 0 0
1 0 0 0 0 0 0 0 0
1 1 11 124.294 0.226835 -0.129525 0.443866 0.0917492 39.3297
1 2 0 0 0 0 0 0 0
1 3 18 106.845 0.15636 0.319705 1.44051 0.14619 55.8128
1 4 15 156.78 0.222767 0.52357 -0.136254 0.112391 58.2269
1 5 13 125.924 0.258185 0.692018 0.381365 0.0901455 39.0412
1 6 14 126.22 0.032879 0.811078 0.412003 0.0937036 40.6576
1 7 14 135.622 0.183335 0.732168 0.194488 0.0963306 44.2703
1 8 11 92.6555 0.143277 0.681347 1.32912 0.0778227 26.8064
1 9 12 91.5541 -0.121741 1.11434 1.25137 0.0688649 23.5237
1 10 0 0 0 0 0 0 0
1 11 0 0 0 0 0 0 0
1 12 10 92.3483 0.193866 1.39494 0.897251 0.0499094 17.1516
1 13 10 62.1771 -0.00326623 2.16149 2.15353 0.0361969 9.68735
1 14 0 0 0 0 0 0 0
1 15 0 0 0 0 0 0 0
1 16 0 0 0 0 0 0 0
1 17 0 0 0 0 0 0 0
1 18 0 0 0 0 0 0 0
1 19 0 0 0 0 0 0 0
1 20 0 0 0 0 0 0 0
1 21 0 0 0 0 0 0 0
1 22 0 0 0 0 0 0 0
1 23 0 0 0 0 0 0 0
2 0 14 112.266 0.241181 -0.134999 1.03626 0.116328 46.0942
2 1 17 121.135 0.330527 0.197132 0.93216 0.136773 57.4594
2 2 0 0 0 0 0 0 0
2 3 12 92.7786 0.262386 0.165779 1.56284 0.098799 34.0634
2 4 16 138.256 0.103942 0.20017 0.463581 0.134551 62.8082
2 5 0 0 0 0 0 0 0
2 6 15 103.791 0.250802 0.437683 1.30845 0.115453 43.1427
2 7 0 0 0 0 0 0 0
2 8 0 0 0 0 0 0 0
2 9 0 0 0 0 0 0 0
2 10 0 0 0 0 0 0 0
2 11 0 0 0 0 0 0 0
2 12 11 85.9371 0.324541 1.5332 1.18979 0.0510088 16.684
2 13 0 0 0 0 0 0 0
2 14 0 0 0 0 0 0 0
2 15 10 68.048 0.373621 2.16185 1.76025 0.0357548 10.0824
2 16 0 0 0 0 0 0 0
2 17 0 0 0 0 0 0 0
2 18 0 0 0 0 0 0 0
2 19 0 0 0 0 0 0 0
2 20 0 0 0 0 0 0 0
2 21 0 0 0 0 0 0 0
2 22 0 0 0 0 0 0 0
2 23 0 0 0 0 0 0 0
3 0 12 94.8736 0.593085 0.136702 1.36856 0.0883677 30.9495
3 1 12 142.643 0.380594 0.0730012 0.0255697 0.0964584 46.1919
3 2 11 72.2173 0.438216 0.340315 2.3579 0.0829194 24.2397
3 3 15 89.431 0.380505 0.491022 1.80612 0.109842 36.9168
3 4 0 0 0 0 0 0 0
3 5 0 0 0 0 0 0 0
3 6 13 92.0908 0.511613 0.922785 1.34243 0.0770916 26.4413
3 7 16 97.9796 0.319385 0.706675 1.46 0.108997 39.0606
3 8 11 103.299 0.432278 1.3009 0.600026 0.0558854 20.8106
3 9 11 72.5052 0.532335 0.748879 2.16998 0.0698282 20.4629
3 10 0 0 0 0 0 0 0
3 11 12 101.72 0.466516 1.42511 0.682313 0.0573953 21.1335
3 12 16 87.6321 0.678557 1.94146 1.28326 0.0603146 19.9909
3 13 10 66.7309 0.394065 1.59535 2.06741 0.0448143 12.4918
3 14 0 0 0 0 0 0 0
3 15 11 42.5992 1.01404 3.10843 3.67262 0.0277342 6.15104
3 16 0 0 0 0 0 0 0
3 17 0 0 0 0 0 0 0
3 18 0 0 0 0 0 0 0
3 19 0 0 0 0 0 0 0
3 20 0 0 0 0 0 0 0
3 21 0 0 0 0 0 0 0
3 22 0 0 0 0 0 0 0
3 23 0 0 0 0 0 0 0
4 0 10 103.957 0.351953 -0.169357 0.939615 0.0802993 30.0417
4 1 0 0 0 0 0 0 0
4 2 14 127.997 0.269602 0.314557 0.537897 0.1115 48.9185
4 3 18 88.512 0.380662 0.496404 2.02537 0.131553 43.9011
4 4 16 81.7595 0.39961 0.246906 2.2761 0.124844 39.4992
4 5 13 57.0558 0.28418 0.414202 3.54836 0.100145 25.5683
4 6 12 100.265 0.522685 0.805293 0.997103 0.0746244 27.1911
4 7 12 126.206 0.22235 0.548874 0.361027 0.089011 38.6179
4 8 0 0 0 0 0 0 0
4 9 15 78.4951 0.51845 1.11446 2.00974 0.0816069 25.1431
4 10 11 89.0076 0.529915 1.03984 1.24721 0.0617002 20.6693
4 11 10 60.7176 0.42264 1.72739 2.41103 0.0422537 11.1592
4 12 18 92.2101 0.945752 1.6838 1.26023 0.0713511 24.4945
4 13 0 0 0 0 0 0 0
4 14 15 64.5307 0.90218 2.60261 2.19297 0.0441265 12.0623
4 15 0 0 0 0 0 0 0
4 16 0 0 0 0 0 0 0
4 17 0 0 0 0 0 0 0
4 18 0 0 0 0 0 0 0
4 19 0 0 0 0 0 0 0
4 20 0 0 0 0 0 0 0
4 21 0 0 0 0 0 0 0
4 22 0 0 0 0 0 0 0
4 23 0 0 0 0 0 0 0
5 0 10 157.364 0.437687 0.168375 -0.513158 0.0780506 40.5632
5 1 20 88.9446 0.386514 0.219578 2.18733 0.157549 52.7523
5 2 13 98.1244 0.879636 0.286041 1.1733 0.0822708 29.5143
5 3 17 127.694 0.526747 0.207802 0.680319 0.127526 55.8443
5 4 11 118.612 0.676813 0.460043 0.382741 0.073386 30.3301
5 5 0 0 0 0 0 0 0
5 6 16 107.303 0.592927 0.56505 1.1104 0.106707 40.869
5 7 0 0 0 0 0 0 0
5 8 0 0 0 0 0 0 0
5 9 13 83.5142 0.676916 1.07711 1.60499 0.0692579 22.2227
5 10 14 95.3066 0.488634 0.98267 1.26824 0.0812876 28.5617
5 11 11 84.8588 0.872611 1.5799 1.13366 0.0459574 14.9046
5 12 0 0 0 0 0 0 0
5 13 12 79.4958 1.19617 2.6266 1.08068 0.0338677 10.5205
5 14 0 0 0 0 0 0 0
5 15 0 0 0 0 0 0 0
5 16 0 0 0 0 0 0 0
5 17 0 0 0 0 0 0 0
5 18 0 0 0 0 0 0 0
5 19 0 0 0 0 0 0 0
5 20 0 0 0 0 0 0 0
5 21 0 0 0 0 0 0 0
5 22 0 0 0 0 0 0 0
5 23 0 0 0 0 0 0 0
6 0 18 131.496 0.618857 0.224352 0.596247 0.129611 58.1013
6 1 20 96.4863 0.57645 0.0127904 1.83136 0.149364 52.9422
6 2 14 82.9446 0.824829 0.52048 1.85247 0.0864002 27.5974
6 3 15 126.303 0.709911 0.424329 0.471226 0.0996457 43.2583
6 4 14 117.094 0.632568 0.392268 0.704772 0.0968149 39.617
6 5 15 124.059 0.850329 0.507505 0.451844 0.0918825 39.3283
6 6 0 0 0 0 0 0 0
6 7 12 105.471 0.719844 0.884271 0.724515 0.0682101 25.7926
6 8 0 0 0 0 0 0 0
6 9 11 98.5303 0.588151 0.973073 0.885374 0.0626257 22.5334
6 10 20 95.0524 0.847139 1.06738 1.50512 0.102005 35.7734
6 11 0 0 0 0 0 0 0
6 12 0 0 0 0 0 0 0
6 13 0 0 0 0 0 0 0
6 14 0 0 0 0 0 0 0
6 15 0 0 0 0 0 0 0
6 16 0 0 0 0 0 0 0
6 17 0 0 0 0 0 0 0
6 18 0 0 0 0 0 0 0
6 19 0 0 0 0 0 0 0
6 20 0 0 0 0 0 0 0
6 21 0 0 0 0 0 0 0
6 22 0 0 0 0 0 0 0
6 23 0 0 0 0 0 0 0
7 0 24 115.076 0.99646 0.0933133 1.17808 0.146238 59.0476
7 1 13 93.8207 1.21231 0.232247 1.18458 0.0705458 24.5139
7 2 14 112.832 0.594518 0.113753 0.899239 0.103248 41.0679
7 3 14 107.589 0.650483 0.525511 0.958929 0.0925841 35.5303
7 4 22 116.192 0.954365 0.604432 0.992989 0.125708 51.1352
7 5 0 0 0 0 0 0 0
7 6 14 94.479 0.620526 0.48853 1.45331 0.0947142 33.0747
7 7 17 94.4199 0.908229 0.854037 1.42326 0.0916977 32.0072
7 8 0 0 0 0 0 0 0
7 9 0 0 0 0 0 0 0
7 10 15 131.971 0.814386 1.05934 0.0694144 0.0774796 34.8327
7 11 0 0 0 0 0 0 0
7 12 0 0 0 0 0 0 0
7 13 0 0 0 0 0 0 0
7 14 0 0 0 0 0 0 0
7 15 0 0 0 0 0 0 0
7 16 0 0 0 0 0 0 0
7 17 0 0 0 0 0 0 0
7 18 0 0 0 0 0 0 0
7 19 0 0 0 0 0 0 0
7 20 0 0 0 0 0 0 0
7 21 0 0 0 0 0 0 0
7 22 0 0 0 0 0 0 0
7 23 0 0 0 0 0 0 0
8 0 10 77.294 1.48998 0.0105644 1.54055 0.04804 14.6553
8 1 0 0 0 0 0 0 0
8 2 13 103.555 1.13591 -0.0618409 0.871729 0.0739908 27.6029
8 3 16 99.355 1.2074 0.366536 1.1683 0.0856703 31.0108
8 4 12 102.501 0.916485 0.0194744 0.9388 0.0762564 28.2356
8 5 12 76.6614 1.37669 0.725286 1.72506 0.0559276 16.9723
8 6 11 88.5972 1.19048 0.691758 1.16277 0.0557253 18.6086
8 7 0 0 0 0 0 0 0
8 8 13 89.1149 1.00771 1.11552 1.24867 0.0620705 20.8105
8 9 0 0 0 0 0 0 0
8 10 0 0 0 0 0 0 0
8 11 0 0 0 0 0 0 0
8 12 0 0 0 0 0 0 0
8 13 0 0 0 0 0 0 0
8 14 0 0 0 0 0 0 0
8 15 0 0 0 0 0 0 0
8 16 0 0 0 0 0 0 0
8 17 0 0 0 0 0 0 0
8 18 0 0 0 0 0 0 0
8 19 0 0 0 0 0 0 0
8 20 0 0 0 0 0 0 0
8 21 0 0 0 0 0 0 0
8 22 0 0 0 0 0 0 0
8 23 0 0 0 0 0 0 0
9 0 10 133.123 1.31472 0.234112 -0.365233 0.0516728 23.3933
9 1 15 124.798 1.14832 0.31614 0.331494 0.0831481 35.7563
9 2 0 0 0 0 0 0 0
9 3 12 136.785 1.23988 0.30997 -0.247288 0.0637479 29.4999
9 4 0 0 0 0 0 0 0
9 5 0 0 0 0 0 0 0
9 6 11 105.112 1.08858 0.731597 0.565858 0.0574951 21.6861
9 7 0 0 0 0 0 0 0
9 8 0 0 0 0 0 0 0
9 9 0 0 0 0 0 0 0
9 10 0 0 0 0 0 0 0
9 11 0 0 0 0 0 0 0
9 12 0 0 0 0 0 0 0
9 13 0 0 0 0 0 0 0
9 14 0 0 0 0 0 0 0
9 15 0 0 0 0 0 0 0
9 16 0 0 0 0 0 0 0
9 17 0 0 0 0 0 0 0
9 18 0 0 0 0 0 0 0
9 19 0 0 0 0 0 0 0
9 20 0 0 0 0 0 0 0
9 21 0 0 0 0 0 0 0
9 22 0 0 0 0 0 0 0
9 23 0 0 0 0 0 0 0
10 0 14 100.501 1.40138 0.177476 0.920772 0.0697341 25.4525
10 1 18 111.135 0.806798 0.104204 1.10623 0.120373 47.3326
10 2 13 86.8639 1.36032 0.150325 1.40846 0.0661168 21.7832
10 3 16 86.4986 1.54425 0.453751 1.52062 0.0727911 23.9137
10 4 14 70.7331 1.25503 0.590314 2.28125 0.0705852 20.3733
10 5 16 90.6446 1.20418 0.836366 1.40965 0.0777208 26.3654
10 6 0 0 0 0 0 0 0
10 7 0 0 0 0 0 0 0
10 8 12 76.8124 1.87639 1.1858 1.44253 0.042492 12.9112
10 9 0 0 0 0 0 0 0
10 10 0 0 0 0 0 0 0
10 11 0 0 0 0 0 0 0
10 12 0 0 0 0 0 0 0
10 13 0 0 0 0 0 0 0
10 14 0 0 0 0 0 0 0
10 15 0 0 0 0 0 0 0
10 16 0 0 0 0 0 0 0
10 17 0 0 0 0 0 0 0
10 18 0 0 0 0 0 0 0
10 19 0 0 0 0 0 0 0
10 20 0 0 0 0 0 0 0
10 21 0 0 0 0 0 0 0
10 22 0 0 0 0 0 0 0
10 23 0 0 0 0 0 0 0
11 0 12 109.129 1.2585 0.166855 0.539305 0.0640124 24.828
11 1 0 0 0 0 0 0 0
11 2 11 93.6491 1.25356 0.0912451 1.01331 0.0590399 20.4893
11 3 10 132.355 1.84176 0.51776 -0.603254 0.0399339 17.995
11 4 16 87.8084 1.37827 0.535732 1.52336 0.0772671 25.6448
11 5 17 101.64 1.57613 0.870782 0.900022 0.0711512 26.1835
11 6 0 0 0 0 0 0 0
11 7 0 0 0 0 0 0 0
11 8 0 0 0 0 0 0 0
11 9 0 0 0 0 0 0 0
11 10 0 0 0 0 0 0 0
11 11 0 0 0 0 0 0 0
11 12 0 0 0 0 0 0 0
11 13 0 0 0 0 0 0 0
11 14 0 0 0 0 0 0 0
11 15 0 0 0 0 0 0 0
11 16 0 0 0 0 0 0 0
11 17 0 0 0 0 0 0 0
11 18 0 0 0 0 0 0 0
11 19 0 0 0 0 0 0 0
11 20 0 0 0 0 0 0 0
11 21 0 0 0 0 0 0 0
11 22 0 0 0 0 0 0 0
11 23 0 0 0 0 0 0 0
12 0 14 96.0889 1.99341 -0.0584752 0.830947 0.0540981 19.1189
12 1 14 86.532 1.65175 0.285495 1.356 0.0618329 20.319
12 2 0 0 0 0 0 0 0
12 3 0 0 0 0 0 0 0
12 4 0 0 0 0 0 0 0
12 5 13 73.736 1.75732 0.601877 1.82874 0.0531232 15.731
12 6 0 0 0 0 0 0 0
12 7 0 0 0 0 0 0 0
12 8 0 0 0 0 0 0 0
12 9 0 0 0 0 0 0 0
12 10 0 0 0 0 0 0 0
12 11 0 0 0 0 0 0 0
12 12 0 0 0 0 0 0 0
12 13 0 0 0 0 0 0 0
12 14 0 0 0 0 0 0 0
12 15 0 0 0 0 0 0 0
12 16 0 0 0 0 0 0 0
12 17 0 0 0 0 0 0 0
12 18 0 0 0 0 0 0 0
12 19 0 0 0 0 0 0 0
12 20 0 0 0 0 0 0 0
12 21 0 0 0 0 0 0 0
12 22 0 0 0 0 0 0 0
12 23 0 0 0 0 0 0 0
13 0 0 0 0 0 0 0 0
13 1 0 0 0 0 0 0 0
13 2 0 0 0 0 0 0 0
13 3 11 97.6347 1.75837 0.357876 0.613738 0.0461617 16.501
13 4 11 69.7034 2.37468 0.7511 1.64924 0.0353321 10.1078
13 5 0 0 0 0 0 0 0
13 6 0 0 0 0 0 0 0
13 7 0 0 0 0 0 0 0
13 8 0 0 0 0 0 0 0
13 9 0 0 0 0 0 0 0
13 10 0 0 0 0 0 0 0
13 11 0 0 0 0 0 0 0
13 12 0 0 0 0 0 0 0
13 13 0 0 0 0 0 0 0
13 14 0 0 0 0 0 0 0
13 15 0 0 0 0 0 0 0
13 16 0 0 0 0 0 0 0
13 17 0 0 0 0 0 0 0
13 18 0 0 0 0 0 0 0
13 19 0 0 0 0 0 0 0
13 20 0 0 0 0 0 0 0
13 21 0 0 0 0 0 0 0
13 22 0 0 0 0 0 0 0
13 23 0 0 0 0 0 0 0
14 0 0 0 0 0 0 0 0
14 1 0 0 0 0 0 0 0
14 2 0 0 0 0 0 0 0
14 3 0 0 0 0 0 0 0
14 4 0 0 0 0 0 0 0
14 5 0 0 0 0 0 0 0
14 6 0 0 0 0 0 0 0
14 7 0 0 0 0 0 0 0
14 8 0 0 0 0 0 0 0
14 9 0 0 0 0 0 0 0
14 10 0 0 0 0 0 0 0
14 11 0 0 0 0 0 0 0
14 12 0 0 0 0 0 0 0
14 13 0 0 0 0 0 0 0
14 14 0 0 0 0 0 0 0
14 15 0 0 0 0 0 0 0
14 16 0 0 0 0 0 0 0
14 17 0 0 0 0 0 0 0
14 18 0 0 0 0 0 0 0
14 19 0 0 0 0 0 0 0
14 20 0 0 0 0 0 0 0
14 21 0 0 0 0 0 0 0
14 22 0 0 0 0 0 0 0
14 23 0 0 0 0 0 0 0
15 0 0 0 0 0 0 0 0
15 1 0 0 0 0 0 0 0
15 2 0 0 0 0 0 0 0
15 3 0 0 0 0 0 0 0
15 4 0 0 0 0 0 0 0
15 5 0 0 0 0 0 0 0
15 6 0 0 0 0 0 0 0
15 7 0 0 0 0 0 0 0
15 8 0 0 0 0 0 0 0
15 9 0 0 0 0 0 0 0
15 10 0 0 0 0 0 0 0
15 11 0 0 0 0 0 0 0
15 12 0 0 0 0 0 0 0
15 13 0 0 0 0 0 0 0
15 14 0 0 0 0 0 0 0
15 15 0 0 0 0 0 0 0
15 16 0 0 0 0 0 0 0
15 17 0 0 0 0 0 0 0
15 18 0 0 0 0 0 0 0
15 19 0 0 0 0 0 0 0
15 20 0 0 0 0 0 0 0
15 21 0 0 0 0 0 0 0
15 22 0 0 0 0 0 0 0
15 23 0 0 0 0 0 0 0
16 0 0 0 0 0 0 0 0
16 1 0 0 0 0 0 0 0
16 2 0 0 0 0 0 0 0
16 3 0 0 0 0 0 0 0
16 4 0 0 0 0 0 0 0
16 5 0 0 0 0 0 0 0
16 6 0 0 0 0 0 0 0
16 7 0 0 0 0 0 0 0
16 8 0 0 0 0 0 0 0
16 9 0 0 0 0 0 0 0
16 10 0 0 0 0 0 0 0
16 11 0 0 0 0 0 0 0
16 12 0 0 0 0 0 0 0
16 13 0 0 0 0 0 0 0
16 14 0 0 0 0 0 0 0
16 15 0 0 0 0 0 0 0
16 16 0 0 0 0 0 0 0
16 17 0 0 0 0 0 0 0
16 18 0 0 0 0 0 0 0
16 19 0 0 0 0 0 0 0
16 20 0 0 0 0 0 0 0
16 21 0 0 0 0 0 0 0
16 22 0 0 0 0 0 0 0
16 23 0 0 0 0 0 0 0
17 0 0 0 0 0 0 0 0
17 1 0 0 0 0 0 0 0
17 2 0 0 0 0 0 0 0
17 3 0 0 0 0 0 0 0
17 4 0 0 0 0 0 0 0
17 5 0 0 0 0 0 0 0
17 6 0 0 0 0 0 0 0
17 7 0 0 0 0 0 0 0
17 8 0 0 0 0 0 0 0
17 9 0 0 0 0 0 0 0
17 10 0 0 0 0 0 0 0
17 11 0 0 0 0 0 0 0
17 12 0 0 0 0 0 0 0
17 13 0 0 0 0 0 0 0
17 14 0 0 0 0 0 0 0
17 15 0 0 0 0 0 0 0
17 16 0 0 0 0 0 0 0
17 17 0 0 0 0 0 0 0
17 18 0 0 0 0 0 0 0
17 19 0 0 0 0 0 0 0
17 20 0 0 0 0 0 0 0
17 21 0 0 0 0 0 0 0
17 22 0 0 0 0 0 0 0
17 23 0 0 0 0 0 0 0
18 0 0 0 0 0 0 0 0
18 1 0 0 0 0 0 0 0
18 2 0 0 0 0 0 0 0
18 3 0 0 0 0 0 0 0
18 4 0 0 0 0 0 0 0
18 5 0 0 0 0 0 0 0
18 6 0 0 0 0 0 0 0
18 7 0 0 0 0 0 0 0
18 8 0 0 0 0 0 0 0
18 9 0 0 0 0 0 0 0
18 10 0 0 0 0 0 0 0
18 11 0 0 0 0 0 0 0
18 12 0 0 0 0 0 0 0
18 13 0 0 0 0 0 0 0
18 14 0 0 0 0 0 0 0
18 15 0 0 0 0 0 0 0
18 16 0 0 0 0 0 0 0
18 17 0 0 0 0 0 0 0
18 18 0 0 0 0 0 0 0
18 19 0 0 0 0 0 0 0
18 20 0 0 0 0 0 0 0
18 21 0 0 0 0 0 0 0
18 22 0 0 0 0 0 0 0
18 23 0 0 0 0 0 0 0
19 0 0 0 0 0 0 0 0
19 1 0 0 0 0 0 0 0
19 2 0 0 0 0 0 0 0
19 3 0 0 0 0 0 0 0
19 4 0 0 0 0 0 0 0
19 5 0 0 0 0 0 0 0
19 6 0 0 0 0 0 0 0
19 7 0 0 0 0 0 0 0
19 8 0 0 0 0 0 0 0
19 9 0 0 0 0 0 0 0
19 10 0 0 0 0 0 0 0
19 11 0 0 0 0 0 0 0
19 12 0 0 0 0 0 0 0
19 13 0 0 0 0 0 0 0
19 14 0 0 0 0 0 0 0
19 15 0 0 0 0 0 0 0
19 16 0 0 0 0 0 0 0
19 17 0 0 0 0 0 0 0
19 18 0 0 0 0 0 0 0
19 19 0 0 0 0 0 0 0
19 20 0 0 0 0 0 0 0
19 21 0 0 0 0 0 0 0
19 22 0 0 0 0 0 0 0
19 23 0 0 0 0 0 0 0
20 0 0 0 0 0 0 0 0
20 1 0 0 0 0 0 0 0
20 2 0 0 0 0 0 0 0
20 3 0 0 0 0 0 0 0
20 4 0 0 0 0 0 0 0
20 5 0 0 0 0 0 0 0
20 6 0 0 0 0 0 0 0
20 7 0 0 0 0 0 0 0
20 8 0 0 0 0 0 0 0
20 9 0 0 0 0 0 0 0
20 10 0 0 0 0 0 0 0
20 11 0 0 0 0 0 0 0
20 12 0 0 0 0 0 0 0
20 13 0 0 0 0 0 0 0
20 14 0 0 0 0 0 0 0
20 15 0 0 0 0 0 0 0
20 16 0 0 0 0 0 0 0
20 17 0 0 0 0 0 0 0
20 18 0 0 0 0 0 0 0
20 19 0 0 0 0 0 0 0
20 20 0 0 0 0 0 0 0
20 21 0 0 0 0 0 0 0
20 22 0 0 0 0 0 0 0
20 23 0 0 0 0 0 0 0
21 0 0 0 0 0 0 0 0
21 1 0 0 0 0 0 0 0
21 2 0 0 0 0 0 0 0
21 3 0 0 0 0 0 0 0
21 4 0 0 0 0 0 0 0
21 5 0 0 0 0 0 0 0
21 6 0 0 0 0 0 0 0
21 7 0 0 0 0 0 0 0
21 8 0 0 0 0 0 0 0
21 9 0 0 0 0 0 0 0
21 10 0 0 0 0 0 0 0
21 11 0 0 0 0 0 0 0
21 12 0 0 0 0 0 0 0
21 13 0 0 0 0 0 0 0
21 14 0 0 0 0 0 0 0
21 15 0 0 0 0 0 0 0
21 16 0 0 0 0 0 0 0
21 17 0 0 0 0 0 0 0
21 18 0 0 0 0 0 0 0
21 19 0 0 0 0 0 0 0
21 20 0 0 0 0 0 0 0
21 21 0 0 0 0 0 0 0
21 22 0 0 0 0 0 0 0
21 23 0 0 0 0 0 0 0
22 0 0 0 0 0 0 0 0
22 1 0 0 0 0 0 0 0
22 2 0 0 0 0 0 0 0
22 3 0 0 0 0 0 0 0
22 4 0 0 0 0 0 0 0
22 5 0 0 0 0 0 0 0
22 6 0 0 0 0 0 0 0
22 7 0 0 0 0 0 0 0
22 8 0 0 0 0 0 0 0
22 9 0 0 0 0 0 0 0
22 10 0 0 0 0 0 0 0
22 11 0 0 0 0 0 0 0
22 12 0 0 0 0 0 0 0
22 13 0 0 0 0 0 0 0
22 14 0 0 0 0 0 0 0
22 15 0 0 0 0 0 0 0
22 16 0 0 0 0 0 0 0
22 17 0 0 0 0 0 0 0
22 18 0 0 0 0 0 0 0
22 19 0 0 0 0 0 0 0
22 20 0 0 0 0 0 0 0
22 21 0 0 0 0 0 0 0
22 22 0 0 0 0 0 0 0
22 23 0 0 0 0 0 0 0
23 0 0 0 0 0 0 0 0
23 1 0 0 0 0 0 0 0
23 2 0 0 0 0 0 0 0
23 3 0 0 0 0 0 0 0
23 4 0 0 0 0 0 0 0
23 5 0 0 0 0 0 0 0
23 6 0 0 0 0 0 0 0
23 7 0 0 0 0 0 0 0
23 8 0 0 0 0 0 0 0
23 9 0 0 0 0 0 0 0
23 10 0 0 0 0 0 0 0
23 11 0 0 0 0 0 0 0
23 12 0 0 0 0 0 0 0
23 13 0 0 0 0 0 0 0
23 14 0 0 0 0 0 0 0
23 15 0 0 0 0 0 0 0
23 16 0 0 0 0 0 0 0
23 17 0 0 0 0 0 0 0
23 18 0 0 0 0 0 0 0
23 19 0 0 0 0 0 0 0
23 20 0 0 0 0 0 0 0
23 21 0 0 0 0 0 0 0
23 22 0 0 0 0 0 0 0
23 23 0 0 0 0 0 0 0
