#  ix    iy     Npi     E/N       Tpi    Uxpi    Uypi     mupi     rho    epsilon
0 0 193 0.0336102 0.0581005 0.049854 3.5336 0.00641456 0.00129605
0 1 212 0.0296752 0.00446857 0.0585318 4.40868 0.00705452 0.00136665
0 2 197 0.0301856 0.0320927 0.126543 4.21788 0.00651141 0.00126839
0 3 217 0.0348463 0.0358831 0.193258 3.42016 0.00709752 0.00145289
0 4 203 0.030624 0.00263046 0.233203 4.13726 0.00658983 0.00128972
0 5 168 0.0280267 -0.0164068 0.295558 4.51629 0.00536968 0.00102188
0 6 221 0.0336307 0.0441561 0.264976 3.6335 0.00711444 0.00143777
0 7 229 0.0325811 0.0222798 0.314247 3.84909 0.00728059 0.00145503
0 8 225 0.0329065 0.0264283 0.40038 3.74338 0.00696057 0.0013959
0 9 230 0.0305215 0.03504 0.44525 4.21912 0.00700021 0.00136853
0 10 230 0.0311917 -0.0100361 0.48326 4.06695 0.00690259 0.00135918
0 11 193 0.0329408 0.0267181 0.533992 3.53254 0.00567334 0.00113817
0 12 230 0.034904 -0.00862547 0.562794 3.34998 0.00668105 0.00136846
0 13 248 0.0341416 0.0470385 0.641839 3.52016 0.00695152 0.00141246
0 14 241 0.0359627 0.00725077 0.664167 3.17785 0.00669173 0.00138598
0 15 248 0.0370845 0.0474924 0.757983 2.98628 0.00658329 0.0013796
0 16 229 0.0354444 -0.0163538 0.824316 3.13416 0.00588966 0.00121324
0 17 277 0.0328177 0.0415835 0.85872 3.76571 0.00700152 0.00140279
0 18 272 0.0349809 -0.00620672 0.985103 3.30326 0.00645897 0.00132405
0 19 249 0.0334715 0.012129 1.06527 3.43696 0.00568047 0.00114604
0 20 275 0.0340428 0.0155019 1.07273 3.43107 0.00625016 0.00126862
0 21 289 0.033902 0.0232359 1.17907 3.45264 0.00623031 0.00126271
0 22 306 0.0361728 0.0687373 1.21205 3.11301 0.00648514 0.00134615
0 23 285 0.0368171 0.034859 1.34402 2.87787 0.00566965 0.00118483
1 0 190 0.0301572 0.0318022 0.00668724 4.1957 0.00632999 0.00123267
1 1 198 0.0306674 0.115457 0.103157 4.1179 0.00652229 0.0012771
1 2 201 0.0313283 0.055709 0.12449 4.00041 0.00663854 0.0013091
1 3 222 0.0329128 0.0974945 0.161529 3.78594 0.00727171 0.0014584
1 4 212 0.032521 0.0705525 0.183854 3.81157 0.00693351 0.00138478
1 5 200 0.0291834 0.0792573 0.199661 4.4393 0.00651797 0.00125603
1 6 194 0.0325156 0.0903008 0.318107 3.69099 0.0061397 0.00122617
1 7 186 0.0321726 0.0610313 0.347344 3.70752 0.00584705 0.00116347
1 8 206 0.0287847 0.0408712 0.388391 4.51169 0.0063962 0.00122727
1 9 230 0.0306495 0.0399162 0.430032 4.19777 0.00703832 0.00137788
1 10 220 0.0314498 0.0709313 0.43551 3.98666 0.00670922 0.00132476
1 11 214 0.0329251 0.0653382 0.577622 3.6189 0.00616706 0.00123701
1 12 224 0.0357779 0.0325189 0.57412 3.17431 0.00647279 0.00133804
1 13 233 0.0323578 0.0407968 0.660034 3.77461 0.00647828 0.00129162
1 14 273 0.034619 0.0545749 0.717214 3.49872 0.00738746 0.00150862
1 15 244 0.0357646 0.0687419 0.691905 3.20763 0.00667776 0.00138022
1 16 240 0.0362056 0.0612803 0.842937 3.04823 0.00611008 0.00126874
1 17 268 0.0350129 0.0872031 0.880423 3.33313 0.00669065 0.001372
1 18 281 0.0378426 0.0687701 0.934553 2.91013 0.00683476 0.00144364
1 19 271 0.0349626 0.0442019 1.07248 3.25853 0.00615757 0.00126202
1 20 281 0.0337149 0.0924309 1.18051 3.45534 0.00604345 0.00122242
1 21 292 0.0334818 0.0576667 1.19214 3.53082 0.00625098 0.00126128
1 22 278 0.0360947 0.0656236 1.28002 2.99642 0.00570027 0.00118227
1 23 322 0.0340741 0.0910349 1.45528 3.39646 0.0060706 0.00123258
2 0 202 0.0309713 0.114154 -0.0261654 4.08019 0.00668763 0.00131375
2 1 224 0.0335925 0.0924424 0.121375 3.67715 0.00738125 0.00149108
2 2 188 0.0318735 0.0660976 0.0947695 3.82815 0.00622525 0.00123477
2 3 198 0.0316813 0.102673 0.196938 3.90024 0.00644301 0.00127535
2 4 195 0.0365869 0.0748531 0.18286 3.03106 0.00637672 0.00132939
2 5 190 0.031647 0.074816 0.231381 3.86111 0.00615399 0.00121769
2 6 215 0.0314926 0.123723 0.318062 3.98899 0.00678256 0.00133985
2 7 208 0.0305752 0.120168 0.332733 4.1393 0.00653637 0.00127859
2 8 228 0.0312026 0.128755 0.439487 4.06581 0.00690987 0.00136077
2 9 235 0.0331958 0.128105 0.407322 3.72456 0.00720408 0.00144918
2 10 215 0.0333214 0.0846857 0.477288 3.59097 0.00644894 0.00129901
2 11 226 0.0332699 0.123681 0.524557 3.62825 0.00663155 0.00133506
2 12 227 0.0350737 0.122134 0.606462 3.28401 0.00643485 0.00132039
2 13 247 0.0342601 0.12104 0.634246 3.49456 0.00691677 0.00140716
2 14 243 0.0361162 0.156507 0.695403 3.13893 0.00659588 0.00136833
2 15 238 0.0347289 0.101115 0.774453 3.31322 0.00625234 0.00127829
2 16 253 0.0327434 0.166438 0.853504 3.68407 0.00636379 0.00127401
2 17 266 0.0322327 0.120519 0.853826 3.83439 0.00671497 0.00133702
2 18 264 0.0311541 0.145528 1.00179 3.96469 0.00618438 0.00121727
2 19 288 0.0332381 0.124404 1.1036 3.6022 0.00642374 0.00129279
2 20 305 0.0349451 0.11911 1.09133 3.3675 0.00684629 0.00140292
2 21 295 0.0340951 0.118854 1.18182 3.43512 0.00633311 0.00128617
2 22 308 0.0373157 0.140742 1.24084 2.9257 0.0064173 0.00134806
2 23 323 0.035864 0.147642 1.32522 3.1584 0.00645972 0.00133655
3 0 187 0.0310561 0.173105 0.0395841 3.97698 0.00613732 0.00120674
3 1 181 0.0324167 0.131123 0.0812155 3.68049 0.00596282 0.00118959
3 2 204 0.0333194 0.149913 0.0863974 3.62959 0.00670044 0.00134964
3 3 195 0.0336488 0.125103 0.108419 3.52643 0.00641272 0.0012962
3 4 210 0.032506 0.107908 0.186557 3.80124 0.00684289 0.00136647
3 5 214 0.0311381 0.136822 0.264584 4.0682 0.00683649 0.00134539
3 6 225 0.0305824 0.12795 0.257843 4.23552 0.00720736 0.00140995
3 7 235 0.0363423 0.135904 0.312456 3.22018 0.00741473 0.00154185
3 8 240 0.0330289 0.159745 0.354369 3.78959 0.00745649 0.0014973
3 9 189 0.0319191 0.111637 0.408399 3.74875 0.00580146 0.00115128
3 10 215 0.0327213 0.152488 0.467193 3.69884 0.00643191 0.00128734
3 11 212 0.0334309 0.149911 0.503629 3.54073 0.00625561 0.00126153
3 12 287 0.0330531 0.173341 0.624159 3.85914 0.00802924 0.00161273
3 13 236 0.0320735 0.189483 0.634872 3.84136 0.00655791 0.00130354
3 14 267 0.0317762 0.167711 0.75921 3.96821 0.00702614 0.00139218
3 15 273 0.0349298 0.161983 0.77762 3.41006 0.00712563 0.00145992
3 16 248 0.0344517 0.202712 0.872944 3.34502 0.00615627 0.00125498
3 17 291 0.0318843 0.193766 0.955727 3.93538 0.00694461 0.00137762
3 18 241 0.0358564 0.138723 0.972813 3.03974 0.0057299 0.00118545
3 19 250 0.0350742 0.145952 1.06835 3.15679 0.00566662 0.00116276
3 20 278 0.0345704 0.198842 1.14591 3.30587 0.00604151 0.00123313
3 21 293 0.0343021 0.17711 1.2001 3.37989 0.00621237 0.00126441
3 22 295 0.0352408 0.205561 1.34512 3.15634 0.00582312 0.00119697
3 23 319 0.0359474 0.137941 1.30087 3.14471 0.00645774 0.0013373
4 0 210 0.0327139 0.223587 0.0271148 3.76011 0.00682894 0.0013667
4 1 209 0.0294024 0.211636 0.0819895 4.43151 0.00679388 0.0013123
4 2 190 0.0298153 0.232326 0.0484178 4.24274 0.00616218 0.00119559
4 3 192 0.0291303 0.221135 0.137853 4.40021 0.00619318 0.00119276
4 4 207 0.0321378 0.242691 0.177443 3.83654 0.00660783 0.00131436
4 5 204 0.0289683 0.183642 0.245196 4.48578 0.00650176 0.00125
4 6 196 0.0314496 0.223072 0.348946 3.88097 0.00603614 0.00119185
4 7 197 0.0336635 0.178675 0.358535 3.47311 0.00609576 0.00123233
4 8 221 0.0351913 0.193375 0.396801 3.31067 0.00673931 0.00138458
4 9 243 0.0315375 0.207774 0.418365 4.05888 0.00733881 0.00145043
4 10 226 0.0324679 0.195912 0.499984 3.77789 0.00663693 0.0013248
4 11 255 0.0331089 0.187031 0.522384 3.77168 0.00743254 0.00149376
4 12 239 0.0348578 0.169029 0.567681 3.38337 0.0068545 0.00140331
4 13 237 0.0342414 0.221034 0.621855 3.44994 0.00659351 0.00134113
4 14 263 0.0338884 0.217655 0.69472 3.58393 0.00708741 0.00143622
4 15 248 0.0351354 0.207303 0.776629 3.27502 0.00644316 0.00132296
4 16 231 0.0329725 0.171563 0.863213 3.54534 0.00578022 0.00116
4 17 281 0.034547 0.208545 0.861588 3.45844 0.00700915 0.00143028
4 18 272 0.0350748 0.264709 1.013 3.25662 0.00626221 0.00128498
4 19 266 0.0369692 0.237317 1.019 2.93196 0.00612633 0.0012823
4 20 308 0.0367711 0.246129 1.12447 3.05687 0.00673312 0.0014064
4 21 292 0.0339635 0.228711 1.23044 3.41672 0.00607586 0.00123221
4 22 308 0.0349353 0.193407 1.21724 3.31239 0.00646856 0.00132538
4 23 305 0.0344765 0.264184 1.4625 3.25947 0.00567563 0.0011573
5 0 188 0.0315171 0.237293 0.00491198 3.8776 0.00609728 0.0012048
5 1 197 0.0311703 0.175124 0.0530263 4.00493 0.00645943 0.00127163
5 2 177 0.0323176 0.257104 0.122412 3.64977 0.00567442 0.00113086
5 3 188 0.0324507 0.209852 0.126433 3.69461 0.00608666 0.00121474
5 4 198 0.0325564 0.237607 0.232572 3.70316 0.0062629 0.00125132
5 5 209 0.0326237 0.262906 0.196667 3.74581 0.00661904 0.00132342
5 6 207 0.0344959 0.288178 0.28351 3.3758 0.00639705 0.00130467
5 7 198 0.0306625 0.285458 0.342946 4.03998 0.00602721 0.0011801
5 8 244 0.034159 0.213888 0.413391 3.57609 0.00737373 0.00149852
5 9 199 0.0331972 0.245586 0.392734 3.54459 0.00601899 0.00121081
5 10 253 0.0314002 0.285031 0.485127 4.08775 0.00734977 0.00145047
5 11 233 0.029935 0.252822 0.553773 4.29049 0.0066341 0.00128881
5 12 244 0.0354383 0.205336 0.589286 3.2935 0.00690004 0.00142129
5 13 254 0.0310343 0.258465 0.630722 4.11239 0.00699602 0.00137526
5 14 245 0.03457 0.276233 0.693735 3.38579 0.00654366 0.00133561
5 15 256 0.0331783 0.284447 0.78634 3.632 0.00654623 0.0013166
5 16 256 0.0331179 0.25591 0.802086 3.64025 0.00652783 0.00131206
5 17 265 0.0351545 0.248856 0.930436 3.25921 0.00636226 0.00130661
5 18 257 0.0347085 0.268823 0.979505 3.27716 0.00601011 0.0012285
5 19 321 0.0331107 0.339232 1.03679 3.74378 0.00723038 0.00145316
5 20 259 0.0372012 0.313231 1.11635 2.81364 0.00563854 0.00118306
5 21 301 0.0353432 0.276825 1.21597 3.21444 0.00627669 0.0012916
5 22 315 0.0362108 0.311677 1.29251 3.07983 0.00631142 0.00131061
5 23 306 0.0375621 0.332115 1.48365 2.7534 0.00560514 0.00118048
6 0 201 0.0284474 0.295772 0.0429047 4.59422 0.00641943 0.00122724
6 1 199 0.0334072 0.259802 0.0453962 3.57001 0.00641401 0.00129315
6 2 211 0.030065 0.333608 0.0709777 4.26583 0.00665678 0.00129502
6 3 214 0.0331887 0.321788 0.178225 3.65254 0.00669476 0.00134663
6 4 204 0.0317571 0.25594 0.249921 3.87904 0.00640267 0.00126839
6 5 201 0.0341692 0.323042 0.255834 3.4001 0.00619466 0.00125904
6 6 223 0.0296206 0.280929 0.312258 4.39177 0.00685332 0.0013269
6 7 219 0.029696 0.291101 0.347842 4.34477 0.00664809 0.00128821
6 8 222 0.0342718 0.267289 0.389881 3.45923 0.00669019 0.00136123
6 9 240 0.0325694 0.346584 0.456438 3.8035 0.00694091 0.00138698
6 10 234 0.0314226 0.309914 0.531509 3.98221 0.00664329 0.00131136
6 11 186 0.0313081 0.305328 0.528462 3.7778 0.0052922 0.00104338
6 12 239 0.0340424 0.340058 0.605419 3.47706 0.00654376 0.00132821
6 13 234 0.0277518 0.299863 0.701226 4.72759 0.00620214 0.00117679
6 14 273 0.0337199 0.364681 0.721694 3.61219 0.00707612 0.00143137
6 15 300 0.0372427 0.29735 0.771151 3.11999 0.00770808 0.00161798
6 16 292 0.0337643 0.318859 0.84394 3.6254 0.00722694 0.00146257
6 17 255 0.0358545 0.322403 0.920725 3.10007 0.00608436 0.00125876
6 18 256 0.0367367 0.365111 1.04163 2.90076 0.0057294 0.00119631
6 19 300 0.0355888 0.335136 1.0402 3.24701 0.00675069 0.00139272
6 20 310 0.0344995 0.362395 1.14512 3.4082 0.00661169 0.00134849
6 21 309 0.0357515 0.403914 1.27205 3.13166 0.00617614 0.00127637
6 22 309 0.0344731 0.354816 1.29546 3.34048 0.00615091 0.00125417
6 23 333 0.0367765 0.403969 1.4311 2.97261 0.00619423 0.00129391
7 0 209 0.0331529 0.308868 0.0733306 3.65089 0.00664011 0.00133513
7 1 228 0.028832 0.310748 0.0960264 4.62294 0.00722734 0.00138745
7 2 228 0.030881 0.297484 0.124589 4.17713 0.00723311 0.00141953
7 3 217 0.0308081 0.347885 0.155734 4.12438 0.00675901 0.00132545
7 4 238 0.0328351 0.308861 0.208208 3.82247 0.00743434 0.00148978
7 5 187 0.0314098 0.332188 0.252863 3.84074 0.00575219 0.0011353
7 6 201 0.0318094 0.342016 0.314425 3.81646 0.00607627 0.0012044
7 7 227 0.0351763 0.333708 0.307463 3.33534 0.00689049 0.00141541
7 8 249 0.0321697 0.351819 0.382807 3.93876 0.00736414 0.0014653
7 9 230 0.0327477 0.326809 0.438637 3.73865 0.00672616 0.00134662
7 10 215 0.0346941 0.382133 0.521594 3.28094 0.00601819 0.00122997
7 11 208 0.0340218 0.356224 0.580408 3.34799 0.00573067 0.00116292
7 12 233 0.0340255 0.320507 0.631155 3.44824 0.00633917 0.00128646
7 13 264 0.0313451 0.34178 0.651467 4.06259 0.00708843 0.00139807
7 14 283 0.0344202 0.332438 0.729095 3.52923 0.0073615 0.00150017
7 15 258 0.0369663 0.385267 0.802255 2.97989 0.00642428 0.00134462
7 16 265 0.033333 0.365077 0.814727 3.61041 0.00658936 0.00132745
7 17 288 0.0319902 0.342623 0.928899 3.89697 0.006822 0.00135483
7 18 282 0.0361597 0.405396 1.03722 3.083 0.00628039 0.00130347
7 19 310 0.034462 0.393673 1.09725 3.43205 0.00672795 0.00137166
7 20 294 0.0370313 0.352029 1.05953 2.98756 0.00653838 0.00136943
7 21 307 0.0362733 0.395867 1.18456 3.08325 0.00639595 0.00132904
7 22 319 0.0324962 0.417855 1.33891 3.70007 0.00617291 0.00123255
7 23 326 0.0357215 0.463802 1.42521 3.11276 0.00603114 0.00124601
8 0 225 0.0297786 0.379104 0.0184103 4.37994 0.00701192 0.00135992
8 1 202 0.0330933 0.445171 0.0618207 3.58376 0.00614155 0.0012341
8 2 232 0.0300228 0.357387 0.129438 4.35735 0.00722874 0.00140566
8 3 200 0.0321403 0.36741 0.209848 3.76257 0.0061397 0.00122128
8 4 214 0.0311593 0.372876 0.163788 4.02967 0.00660646 0.00130042
8 5 206 0.0345312 0.378683 0.310308 3.33317 0.00616721 0.00125826
8 6 221 0.0346636 0.404011 0.356715 3.3608 0.00648481 0.00132491
8 7 208 0.0290636 0.405467 0.346911 4.40299 0.00611692 0.00117722
8 8 215 0.0322547 0.402082 0.403068 3.7549 0.00622804 0.00124036
8 9 214 0.0325078 0.361772 0.458231 3.69582 0.0061603 0.00123018
8 10 257 0.0324979 0.403947 0.502051 3.8538 0.0072011 0.00143787
8 11 238 0.033055 0.419242 0.574518 3.6421 0.00646498 0.00129856
8 12 246 0.0325906 0.417642 0.613607 3.74678 0.00658441 0.00131604
8 13 232 0.034737 0.357897 0.682401 3.29138 0.00612569 0.0012525
8 14 247 0.0365605 0.41379 0.669508 3.04966 0.00646979 0.00134842
8 15 237 0.0347308 0.416394 0.860098 3.22242 0.00571153 0.00116775
8 16 262 0.0334728 0.357637 0.819959 3.57289 0.00650901 0.00131321
8 17 274 0.0361288 0.417257 0.916996 3.11211 0.00643418 0.00133496
8 18 283 0.0351704 0.442443 0.965676 3.27277 0.00646622 0.00132818
8 19 294 0.0354583 0.461993 1.10106 3.198 0.00629218 0.00129635
8 20 315 0.0360776 0.471397 1.21642 3.11303 0.00638787 0.00132464
8 21 293 0.0384011 0.48319 1.14121 2.72039 0.00613318 0.00130298
8 22 316 0.0342667 0.555999 1.4154 3.31517 0.00578746 0.00117749
8 23 293 0.0356462 0.526834 1.505 2.97457 0.00518903 0.00107118
9 0 217 0.0307167 0.451512 0.0447011 4.11752 0.00658703 0.00129046
9 1 206 0.0324083 0.404147 0.0537471 3.74634 0.00635851 0.00126842
9 2 220 0.0351563 0.431315 0.123283 3.30928 0.00669095 0.00137414
9 3 238 0.0336057 0.474886 0.158513 3.63509 0.00709396 0.00143325
9 4 219 0.0308591 0.445268 0.197782 4.08436 0.00656253 0.00128762
9 5 223 0.0304402 0.416438 0.267936 4.18661 0.00666135 0.00130115
9 6 216 0.0315309 0.403475 0.306182 3.92693 0.0064231 0.00126936
9 7 236 0.0312037 0.41404 0.370292 4.06081 0.00687696 0.00135431
9 8 205 0.0359456 0.451346 0.405194 3.04489 0.0058426 0.0012099
9 9 220 0.0327472 0.442735 0.499242 3.64103 0.00609999 0.00122125
9 10 245 0.0307735 0.505278 0.515237 4.1111 0.00662235 0.00129817
9 11 256 0.0339121 0.440637 0.564527 3.55841 0.00693778 0.00140625
9 12 257 0.0322263 0.472158 0.636012 3.83565 0.0067152 0.00133698
9 13 258 0.0360036 0.497185 0.701289 3.14554 0.00652152 0.00135131
9 14 285 0.0334773 0.459145 0.730562 3.67193 0.00719257 0.00145119
9 15 266 0.0367302 0.520035 0.82571 3.00397 0.00634592 0.00132495
9 16 267 0.0340517 0.46975 0.820201 3.46378 0.00646799 0.00131296
9 17 289 0.0346864 0.480154 0.887841 3.40144 0.00677999 0.00138555
9 18 292 0.0340737 0.495303 1.02488 3.4531 0.00642396 0.00130433
9 19 283 0.0347656 0.526107 1.12457 3.25192 0.00591732 0.00121027
9 20 280 0.0352821 0.518272 1.16544 3.13839 0.00575863 0.00118423
9 21 318 0.0351437 0.50528 1.25757 3.25014 0.00629349 0.00129234
9 22 286 0.0353993 0.543708 1.40408 3.03122 0.00527431 0.00108597
9 23 322 0.0383278 0.548649 1.37466 2.71049 0.00600885 0.0012756
10 0 225 0.0318639 0.521246 0.0733283 3.89401 0.00663672 0.00131625
10 1 212 0.0343114 0.445423 0.0549291 3.41537 0.00644714 0.00131233
10 2 209 0.0317248 0.509617 0.102542 3.85021 0.00618137 0.00122413
10 3 232 0.0308738 0.517615 0.164665 4.11622 0.00679556 0.00133356
10 4 182 0.0318636 0.48245 0.198774 3.68387 0.00537849 0.00106671
10 5 219 0.030415 0.468556 0.23782 4.16155 0.00646219 0.00126191
10 6 233 0.0329128 0.44581 0.293325 3.72649 0.00685203 0.00137423
10 7 250 0.0324418 0.46475 0.336736 3.8681 0.00722759 0.0014423
10 8 222 0.0325044 0.490577 0.417691 3.70621 0.00622061 0.00124218
10 9 262 0.0360067 0.45277 0.452162 3.26549 0.00735622 0.00152431
10 10 250 0.0314509 0.480446 0.527972 3.9973 0.00678251 0.00133925
10 11 267 0.0342818 0.446631 0.572999 3.53098 0.00720039 0.00146519
10 12 249 0.0321798 0.516015 0.651077 3.79405 0.00638429 0.00127046
10 13 235 0.0339136 0.51443 0.659454 3.41439 0.00600874 0.00121796
10 14 261 0.034455 0.545118 0.728674 3.38867 0.00643453 0.00131175
10 15 266 0.0350608 0.518554 0.834968 3.26871 0.00632355 0.00129738
10 16 306 0.0342704 0.558592 0.769255 3.5593 0.00739251 0.0015041
10 17 316 0.0366376 0.557618 0.917656 3.14162 0.00717862 0.00149736
10 18 306 0.0373788 0.564419 0.991952 2.96257 0.00672197 0.00141299
10 19 297 0.0342576 0.605348 1.06679 3.39453 0.00625569 0.00127263
10 20 318 0.0341762 0.567188 1.15799 3.44638 0.00649606 0.0013204
10 21 328 0.0367137 0.615783 1.27093 3.00214 0.00631822 0.00131894
10 22 326 0.0371163 0.646201 1.43483 2.85963 0.00582824 0.00122178
10 23 347 0.0356561 0.672971 1.50963 3.11609 0.00598749 0.00123614
11 0 233 0.0318187 0.518569 0.0270672 3.94071 0.00689276 0.00136638
11 1 224 0.0351869 0.510693 0.0752717 3.29577 0.00663481 0.00136305
11 2 220 0.031696 0.537666 0.124095 3.89387 0.00642069 0.00127113
11 3 220 0.0324711 0.548324 0.167976 3.73491 0.0063615 0.00126986
11 4 233 0.0356202 0.485667 0.2148 3.25788 0.00685944 0.00141562
11 5 225 0.0329564 0.48917 0.225968 3.68132 0.00660249 0.00132479
11 6 244 0.0340399 0.512682 0.31325 3.54086 0.00697179 0.00141505
11 7 245 0.0308817 0.523833 0.367153 4.12686 0.00687952 0.00135015
11 8 260 0.0317388 0.484556 0.360265 4.02997 0.00741911 0.00146946
11 9 225 0.032486 0.539477 0.489289 3.68395 0.00606252 0.00121038
11 10 247 0.0300624 0.539168 0.478514 4.26969 0.00667882 0.00129928
11 11 254 0.033281 0.534542 0.568532 3.63274 0.00667482 0.00134393
11 12 264 0.0342161 0.581608 0.636465 3.4651 0.00666484 0.00135527
11 13 262 0.0330475 0.55963 0.731079 3.63728 0.00642494 0.00129041
11 14 260 0.0384307 0.519728 0.793441 2.74107 0.00628801 0.00133628
11 15 278 0.0325391 0.628296 0.879791 3.71112 0.00629238 0.00125698
11 16 298 0.0347048 0.638116 0.92473 3.37204 0.00660417 0.00134988
11 17 261 0.034319 0.587882 0.969056 3.30063 0.00575582 0.0011717
11 18 309 0.0356379 0.609967 0.983822 3.23646 0.00673337 0.00138986
11 19 326 0.0346571 0.640047 1.13612 3.38145 0.00661273 0.00135095
11 20 319 0.0365132 0.629346 1.1593 3.04991 0.00642377 0.00133817
11 21 296 0.0348958 0.732493 1.30566 3.15325 0.00548038 0.00112244
11 22 298 0.0374334 0.682549 1.35978 2.74568 0.00545584 0.0011475
11 23 319 0.0370541 0.762212 1.50287 2.79769 0.0054266 0.00113685
12 0 253 0.0362061 0.564779 0.0363075 3.23148 0.00733946 0.00152402
12 1 226 0.0300786 0.587978 0.0944557 4.23483 0.00647255 0.00125937
12 2 236 0.0339503 0.570382 0.122472 3.53088 0.00679492 0.00137785
12 3 246 0.0345838 0.540517 0.157918 3.47135 0.00714504 0.00145857
12 4 243 0.0324276 0.58004 0.212266 3.82316 0.00689142 0.00137501
12 5 210 0.0341388 0.595027 0.273938 3.34908 0.00585554 0.00118973
12 6 249 0.0324942 0.614981 0.305148 3.80345 0.00684266 0.00136625
12 7 264 0.0347416 0.602008 0.417949 3.43791 0.00709794 0.00145137
12 8 253 0.0349946 0.57595 0.457452 3.35147 0.00679361 0.00139285
12 9 275 0.0315635 0.585137 0.442215 4.0609 0.00739166 0.00146128
12 10 251 0.0330494 0.621094 0.543233 3.64133 0.00645337 0.00129615
12 11 239 0.0328663 0.628522 0.587057 3.60897 0.00604008 0.00121078
12 12 264 0.0329539 0.669146 0.696778 3.63949 0.00632904 0.00126989
12 13 287 0.0369552 0.558844 0.720354 3.0773 0.00706953 0.00147951
12 14 296 0.0374112 0.666701 0.759984 2.98942 0.00693862 0.00145902
12 15 270 0.0362925 0.647812 0.778114 3.06896 0.00632437 0.00131443
12 16 302 0.0352991 0.576379 0.851349 3.33348 0.00701888 0.00144365
12 17 288 0.0379877 0.698893 0.968432 2.78533 0.00616308 0.00130373
12 18 296 0.0326485 0.677336 0.995878 3.6922 0.00630287 0.00126054
12 19 322 0.0348515 0.723438 1.18272 3.29671 0.00627886 0.00128537
12 20 329 0.0353661 0.761297 1.21763 3.20913 0.00626698 0.00128991
12 21 362 0.0348488 0.750689 1.25821 3.37726 0.00680245 0.00139252
12 22 328 0.0346706 0.803596 1.41165 3.23618 0.00573178 0.00117114
12 23 314 0.0348589 0.798065 1.45849 3.14372 0.00539482 0.00110449
13 0 235 0.0335543 0.582767 0.0539389 3.59615 0.0067606 0.00136515
13 1 236 0.03487 0.588583 0.0979572 3.36677 0.00675549 0.00138322
13 2 233 0.0315188 0.651432 0.194743 3.92926 0.00642271 0.00126912
13 3 227 0.0325256 0.614423 0.147994 3.73006 0.00639633 0.00127756
13 4 195 0.037503 0.577498 0.215494 2.74934 0.00553328 0.00116463
13 5 240 0.0330188 0.571956 0.30651 3.68611 0.00671089 0.00134744
13 6 244 0.0329562 0.664182 0.29593 3.67767 0.00657818 0.00131991
13 7 243 0.0317987 0.625327 0.390262 3.88905 0.0065201 0.00129223
13 8 260 0.0324505 0.695104 0.459729 3.78432 0.00665777 0.00132872
13 9 282 0.0336697 0.64381 0.454538 3.66358 0.00738284 0.00149262
13 10 273 0.0358349 0.661547 0.517662 3.23883 0.00696788 0.00144124
13 11 283 0.0328095 0.685338 0.600323 3.7632 0.00697318 0.00139699
13 12 262 0.0353064 0.655835 0.647194 3.24349 0.00642265 0.00132112
13 13 271 0.0316067 0.714087 0.698636 3.90683 0.00639071 0.00126399
13 14 297 0.0347921 0.744805 0.821918 3.36102 0.00662911 0.00135623
13 15 296 0.0350185 0.723528 0.894178 3.29922 0.00647353 0.00132756
13 16 278 0.0336214 0.770701 0.921349 3.45287 0.0059289 0.00119806
13 17 324 0.0346666 0.767603 1.02665 3.38438 0.00664289 0.00135725
13 18 344 0.0375353 0.759753 1.03118 2.98768 0.0070565 0.00148573
13 19 306 0.0346831 0.778362 1.14126 3.27662 0.00598106 0.00122224
13 20 310 0.0370279 0.765456 1.21631 2.88569 0.00590204 0.00123611
13 21 299 0.0362997 0.820326 1.3434 2.89949 0.0053445 0.00111086
13 22 309 0.0351696 0.875408 1.48192 3.05003 0.00517437 0.00106282
13 23 328 0.0361455 0.897523 1.50328 2.93839 0.00542252 0.00112526
14 0 241 0.0357299 0.634909 0.053981 3.22767 0.00677485 0.00139978
14 1 247 0.0353752 0.626027 0.0780636 3.313 0.0069634 0.00143339
14 2 246 0.033478 0.648972 0.121753 3.62197 0.00684287 0.00138065
14 3 219 0.0354747 0.657853 0.186224 3.15212 0.00602617 0.00124176
14 4 242 0.0324781 0.680737 0.216551 3.76489 0.00656391 0.00131037
14 5 248 0.0303532 0.7194 0.257924 4.19089 0.00656817 0.00128175
14 6 277 0.0312409 0.722422 0.36631 4.09571 0.00717494 0.00141355
14 7 246 0.0325696 0.666845 0.363002 3.74259 0.0065309 0.00130505
14 8 244 0.0344377 0.662207 0.443095 3.38015 0.00636106 0.00129653
14 9 272 0.034559 0.747023 0.470321 3.42569 0.00679719 0.0013872
14 10 266 0.0353747 0.741378 0.546577 3.24755 0.00652175 0.00134247
14 11 267 0.0364388 0.688357 0.558372 3.09771 0.00666034 0.00138637
14 12 284 0.0348437 0.752953 0.636807 3.36898 0.00674051 0.00137977
14 13 293 0.0350714 0.792758 0.706329 3.32419 0.00669615 0.00137398
14 14 274 0.0353649 0.764952 0.827736 3.176 0.00606161 0.00124762
14 15 286 0.036823 0.80774 0.883036 2.95223 0.00611288 0.00127753
14 16 301 0.0349243 0.882637 0.988098 3.24641 0.00604441 0.00123833
14 17 332 0.0337863 0.795066 1.00213 3.56291 0.00681572 0.00137967
14 18 331 0.0376729 0.866347 1.11711 2.86509 0.0063717 0.00134347
14 19 313 0.0367042 0.88143 1.21763 2.91439 0.00577889 0.00120624
14 20 327 0.038123 0.917195 1.28699 2.70972 0.0058283 0.00123465
14 21 327 0.0331413 0.949761 1.43288 3.46112 0.00548078 0.00110188
14 22 354 0.0343743 0.971864 1.49029 3.29556 0.00578162 0.00117764
14 23 354 0.0394514 0.962597 1.55977 2.49053 0.00565152 0.00121375
15 0 228 0.0360158 0.798479 0.0331121 3.04969 0.00593702 0.00123035
15 1 224 0.0356983 0.821977 0.0805419 3.07 0.005757 0.00118908
15 2 259 0.0340088 0.751301 0.10007 3.53311 0.00688037 0.00139604
15 3 240 0.0363715 0.707173 0.171123 3.07913 0.00646894 0.00134558
15 4 267 0.0347294 0.763342 0.22084 3.42148 0.0069679 0.00142459
15 5 258 0.0345464 0.752138 0.312792 3.40861 0.00666777 0.00136061
15 6 284 0.0353069 0.762366 0.382957 3.35792 0.00720183 0.0014814
15 7 260 0.0378593 0.76136 0.389118 2.87074 0.00658708 0.00139157
15 8 252 0.0351848 0.755723 0.440618 3.24787 0.0063223 0.00129881
15 9 276 0.0354255 0.802862 0.521471 3.25802 0.00664555 0.00136868
15 10 278 0.0339761 0.812696 0.534521 3.50365 0.00664249 0.00134731
15 11 267 0.0329297 0.803025 0.642538 3.62407 0.00620438 0.00124456
15 12 262 0.0362674 0.756767 0.655485 3.0485 0.00617176 0.00128237
15 13 309 0.0354996 0.845729 0.78829 3.25971 0.00673813 0.00138883
15 14 305 0.0366197 0.801474 0.814499 3.07471 0.00669531 0.00139629
15 15 310 0.0363251 0.812976 0.866829 3.11449 0.00665308 0.00138322
15 16 291 0.0349328 0.895349 1.02262 3.19477 0.0057484 0.00117779
15 17 292 0.0361791 0.884922 1.0263 2.99679 0.00577935 0.00119973
15 18 336 0.0408141 0.938392 1.084 2.43301 0.00640719 0.00139542
15 19 322 0.0403628 0.938781 1.17787 2.41627 0.00593674 0.001287
15 20 342 0.0360751 0.98226 1.34756 3.02768 0.00586294 0.00121575
15 21 300 0.0357164 0.988853 1.37779 2.94181 0.00507926 0.0010493
15 22 336 0.0382301 1.0127 1.4768 2.62901 0.00546081 0.00115808
15 23 360 0.0368419 1.11805 1.64623 2.82311 0.0053881 0.00112629
16 0 222 0.0371875 0.714735 0.032284 2.88089 0.00601827 0.00126255
16 1 248 0.0340079 0.742148 0.100287 3.49421 0.00661685 0.00134256
16 2 263 0.0366793 0.804298 0.085737 3.08334 0.00681608 0.00142236
16 3 277 0.032989 0.81274 0.179925 3.74746 0.00709644 0.0014244
16 4 287 0.0326507 0.799589 0.204808 3.8493 0.00737801 0.0014756
16 5 296 0.0369474 0.828809 0.240237 3.13359 0.00746995 0.00156318
16 6 256 0.0366833 0.740672 0.304695 3.05962 0.0066605 0.00138995
16 7 279 0.0329175 0.813289 0.328522 3.74577 0.00699156 0.00140228
16 8 297 0.035419 0.849862 0.414043 3.3384 0.00719416 0.00148157
16 9 245 0.036826 0.816027 0.464737 2.92528 0.00595318 0.0012442
16 10 298 0.0370402 0.816209 0.502215 3.07865 0.00717172 0.00150222
16 11 272 0.0367892 0.882957 0.612825 2.96771 0.006176 0.00129027
16 12 286 0.0324273 0.84978 0.718983 3.74471 0.00637106 0.00127118
16 13 348 0.0338289 0.880721 0.75315 3.66144 0.00757846 0.00153476
16 14 309 0.0402922 0.927511 0.822283 2.51128 0.00646735 0.00140102
16 15 287 0.0357795 1.012 0.960329 3.02444 0.00557335 0.00115213
16 16 341 0.0333627 0.955752 0.972018 3.62514 0.00672327 0.00135486
16 17 321 0.0390922 0.877678 1.03009 2.65839 0.00635891 0.00136062
16 18 297 0.0351289 0.965492 1.11112 3.12926 0.00556325 0.00114221
16 19 336 0.0382926 0.965332 1.141 2.75145 0.00622824 0.00132169
16 20 352 0.0393272 1.04463 1.34664 2.55713 0.00593783 0.00127361
16 21 336 0.0344893 1.09229 1.4555 3.20637 0.00539387 0.00109999
16 22 326 0.0355872 1.18574 1.60234 2.92128 0.00487267 0.00100525
16 23 326 0.0365668 1.06559 1.57865 2.80121 0.00505146 0.00105289
17 0 240 0.0328482 0.81394 0.0195537 3.63909 0.00620382 0.00124337
17 1 278 0.0338427 0.840147 0.0619971 3.59195 0.00708704 0.00143545
17 2 277 0.0370952 0.882353 0.118713 3.0311 0.00689623 0.00144535
17 3 277 0.0340588 0.844058 0.212893 3.53646 0.00696433 0.00141382
17 4 258 0.0353741 0.865753 0.217421 3.23128 0.00641577 0.00132064
17 5 291 0.0309955 0.897676 0.273087 4.13136 0.0070737 0.00138995
17 6 285 0.0346568 0.911982 0.330422 3.41221 0.00681904 0.00139309
17 7 282 0.0355822 0.9301 0.380022 3.23021 0.00663107 0.00136795
17 8 280 0.035101 0.865289 0.453606 3.31625 0.00667607 0.00137028
17 9 306 0.0345768 0.943119 0.529625 3.44117 0.00692425 0.00141339
17 10 270 0.0332725 0.969559 0.584774 3.52064 0.00595778 0.00119945
17 11 303 0.0324897 0.957686 0.636057 3.7725 0.0066285 0.00132343
17 12 321 0.0342844 0.932411 0.708979 3.49476 0.00694741 0.00141375
17 13 300 0.0364081 0.983841 0.789179 3.03298 0.0062128 0.0012928
17 14 324 0.0352265 0.935409 0.813082 3.31112 0.00678174 0.00139381
17 15 305 0.0373316 0.973506 0.881573 2.8822 0.00615892 0.001294
17 16 329 0.0360174 0.984033 0.961783 3.13189 0.00644725 0.00133611
17 17 327 0.0358742 1.03274 1.07568 3.0947 0.0060709 0.00125623
17 18 323 0.0331899 1.13096 1.17033 3.48025 0.00563651 0.00113378
17 19 370 0.0326427 1.17994 1.30174 3.66071 0.00610083 0.00122006
17 20 331 0.0381551 1.1174 1.29951 2.65798 0.0055604 0.00117829
17 21 316 0.0349233 1.19086 1.47164 3.04072 0.00491983 0.00100792
17 22 343 0.0342072 1.18481 1.5864 3.20962 0.00515431 0.00104801
17 23 341 0.033581 1.21654 1.75092 3.25443 0.00482675 0.000974931
18 0 285 0.0328899 0.961736 0.0154067 3.72997 0.00684682 0.00137285
18 1 254 0.0334071 0.921255 0.0550358 3.53961 0.00622189 0.00125441
18 2 277 0.0386238 0.914294 0.127427 2.7894 0.0067845 0.00144468
18 3 254 0.0353824 0.962712 0.187928 3.17027 0.00604433 0.00124429
18 4 265 0.0351553 0.910837 0.244937 3.26903 0.00642596 0.0013197
18 5 275 0.034942 0.930716 0.281207 3.32717 0.00657229 0.00134673
18 6 255 0.0346261 0.995923 0.367285 3.2605 0.00582854 0.00119035
18 7 291 0.0364866 0.954221 0.377056 3.10661 0.0067703 0.00140997
18 8 312 0.0335015 0.993594 0.47787 3.63858 0.00698697 0.00141007
18 9 286 0.0340503 0.928662 0.516886 3.47398 0.00653277 0.00132609
18 10 332 0.0345088 1.01774 0.596093 3.48581 0.00715674 0.0014598
18 11 307 0.0346939 1.08724 0.666848 3.32896 0.00631401 0.00129042
18 12 325 0.0358576 1.01429 0.707943 3.21238 0.0068109 0.00140911
18 13 333 0.0378942 1.03011 0.766926 2.90029 0.00681957 0.00144121
18 14 298 0.0339916 1.04206 0.83236 3.39234 0.00595901 0.00120887
18 15 347 0.035033 1.08117 0.916807 3.32633 0.00666752 0.00136755
18 16 339 0.0362918 1.13256 0.999224 3.05537 0.00623829 0.00129653
18 17 341 0.0357425 1.13066 1.10626 3.11642 0.00607383 0.0012551
18 18 347 0.0395784 1.21131 1.19433 2.50958 0.00586175 0.00126055
18 19 337 0.0351293 1.24891 1.37024 3.08688 0.00533271 0.00109488
18 20 374 0.0366027 1.17718 1.34021 2.98361 0.00609624 0.00127113
18 21 351 0.0379318 1.2439 1.41748 2.67628 0.00548111 0.0011588
18 22 334 0.0344598 1.34403 1.69458 3.0678 0.00467226 0.000952538
18 23 342 0.0355363 1.40178 1.82385 2.85995 0.00454497 0.000937147
19 0 294 0.0342505 1.01748 0.0101596 3.48933 0.00686918 0.00139733
19 1 287 0.0356057 0.895381 0.0396879 3.29811 0.00712408 0.00147001
19 2 264 0.0356616 1.04036 0.126759 3.1297 0.00607487 0.00125425
19 3 292 0.035857 0.954748 0.184569 3.23672 0.00697804 0.00144368
19 4 313 0.0339988 0.987083 0.258346 3.59446 0.00730287 0.00148161
19 5 268 0.0326631 1.0034 0.325544 3.66425 0.0061459 0.00122934
19 6 307 0.0327534 1.02914 0.358512 3.76581 0.00691874 0.00138526
19 7 308 0.036973 1.04256 0.450549 3.03343 0.00678451 0.00142012
19 8 282 0.0341215 1.06006 0.520157 3.38887 0.00607491 0.00123408
19 9 287 0.0365883 1.07596 0.502718 2.99658 0.00616189 0.00128462
19 10 297 0.0372419 1.07367 0.607184 2.90796 0.00623463 0.00130868
19 11 312 0.0385514 1.08041 0.636093 2.75459 0.00648494 0.00137986
19 12 316 0.0380307 1.18293 0.754325 2.77101 0.00611377 0.00129388
19 13 317 0.0359653 1.06193 0.764328 3.13544 0.00641655 0.00132902
19 14 360 0.0366025 1.11954 0.898774 3.10149 0.00685863 0.00143009
19 15 307 0.0358814 1.21239 1.02381 2.98672 0.00545587 0.00112905
19 16 337 0.0343357 1.23549 1.08083 3.31297 0.00584416 0.00118989
19 17 356 0.0368796 1.24748 1.12402 2.93677 0.00607181 0.0012697
19 18 337 0.0361545 1.2494 1.26021 2.95384 0.00551481 0.00114452
19 19 355 0.0375217 1.31938 1.31605 2.75767 0.00559527 0.0011779
19 20 372 0.0375664 1.34607 1.39442 2.76705 0.00568574 0.00119751
19 21 363 0.0346136 1.38969 1.55405 3.15486 0.00523309 0.00106861
19 22 341 0.0330689 1.42572 1.62785 3.33514 0.00476827 0.0009579
19 23 289 0.0336531 1.4668 1.76795 3.01415 0.00384499 0.000777223
20 0 282 0.0381548 1.02351 0.0371267 2.8244 0.00656693 0.00139157
20 1 307 0.0334502 1.11519 0.07681 3.62404 0.00682291 0.00137622
20 2 327 0.0358839 1.08055 0.154496 3.2861 0.00736307 0.00152377
20 3 294 0.0330784 1.07476 0.177068 3.66265 0.00662758 0.00133155
20 4 302 0.0349038 1.13054 0.2414 3.33565 0.00658585 0.00134896
20 5 274 0.0372646 1.11522 0.361477 2.85398 0.00592726 0.00124446
20 6 326 0.0350797 1.128 0.371275 3.36711 0.00699951 0.00143635
20 7 345 0.0340056 1.11477 0.43916 3.60225 0.00736879 0.00149509
20 8 322 0.0362945 1.15105 0.500909 3.12451 0.00668769 0.00138997
20 9 284 0.0357325 1.12759 0.58718 3.08094 0.00585273 0.00120929
20 10 328 0.0330624 1.15641 0.613 3.66712 0.00663778 0.00133338
20 11 310 0.0366206 1.17897 0.687625 2.98263 0.00610724 0.00127366
20 12 353 0.0357638 1.27767 0.756691 3.1919 0.0065726 0.00135847
20 13 326 0.0381529 1.18064 0.805318 2.77201 0.00622995 0.00132014
20 14 334 0.0355511 1.25187 0.916608 3.14049 0.00603139 0.00124383
20 15 354 0.0382538 1.24942 0.939793 2.77772 0.0063582 0.00134872
20 16 368 0.0343635 1.36399 1.10729 3.34576 0.00606802 0.00123584
20 17 398 0.0349679 1.36827 1.19087 3.29704 0.00640497 0.0013128
20 18 384 0.0393837 1.37947 1.28987 2.55802 0.00598974 0.00128549
20 19 338 0.0352834 1.48551 1.45513 2.97319 0.00488282 0.00100414
20 20 353 0.0319046 1.4539 1.43139 3.638 0.00517863 0.00102752
20 21 374 0.0332368 1.51003 1.60126 3.38278 0.00515688 0.00103781
20 22 376 0.0373461 1.66181 1.76067 2.62753 0.0047847 0.00100542
20 23 357 0.0368025 1.58309 1.84278 2.65562 0.00452959 0.000946439
21 0 284 0.0356617 1.2105 0.0138307 3.1221 0.00602899 0.00124478
21 1 293 0.0350289 1.07709 0.0731798 3.32242 0.00663696 0.00136122
21 2 332 0.0349908 1.21595 0.156321 3.38132 0.00699501 0.00143408
21 3 314 0.0370659 1.14109 0.219934 3.02547 0.00682703 0.0014304
21 4 304 0.0376553 1.13638 0.264025 2.90212 0.00659475 0.00139024
21 5 317 0.0387949 1.14005 0.300573 2.77246 0.00683493 0.00145799
21 6 318 0.0373619 1.11098 0.35137 2.99173 0.00690333 0.00145086
21 7 325 0.0374256 1.27002 0.379263 2.92574 0.00652469 0.00137219
21 8 343 0.0359354 1.2563 0.491893 3.19948 0.00680816 0.00140969
21 9 317 0.0335097 1.1993 0.543958 3.54784 0.00639031 0.00128977
21 10 329 0.0367934 1.32925 0.663546 2.95855 0.00612368 0.0012794
21 11 337 0.0367886 1.30218 0.701304 2.9864 0.00629193 0.00131448
21 12 366 0.0384769 1.25879 0.737251 2.82701 0.00689794 0.0014666
21 13 364 0.036991 1.27498 0.791699 3.02229 0.00672793 0.00140854
21 14 372 0.0362755 1.3516 0.942802 3.08865 0.00643282 0.00133673
21 15 340 0.0350395 1.3999 1.01974 3.16263 0.00566696 0.00116241
21 16 370 0.03647 1.38211 1.08898 3.00395 0.0060939 0.00126888
21 17 369 0.0382469 1.42225 1.21667 2.6862 0.00579629 0.00122944
21 18 369 0.0363155 1.46077 1.27602 2.95019 0.00563648 0.00117174
21 19 324 0.0372252 1.52191 1.35532 2.64012 0.00475761 0.000998475
21 20 353 0.0372808 1.55494 1.4753 2.67636 0.00497484 0.00104467
21 21 331 0.0348181 1.57654 1.58063 2.97155 0.00451041 0.000923021
21 22 347 0.0353498 1.74472 1.79145 2.83391 0.00429476 0.000883823
21 23 353 0.037582 1.808 2.0268 2.4293 0.00406552 0.000856399
22 0 310 0.0383411 1.17224 0.0416554 2.81804 0.0067039 0.00142334
22 1 320 0.0355334 1.22691 0.0940006 3.25257 0.0067272 0.00138707
22 2 349 0.034291 1.24089 0.128497 3.53984 0.00727607 0.00148074
22 3 350 0.036128 1.23545 0.204673 3.23573 0.00727998 0.00151043
22 4 341 0.035982 1.23577 0.281506 3.22559 0.00704067 0.00145855
22 5 350 0.0348817 1.33153 0.337069 3.38114 0.00686679 0.00140618
22 6 321 0.0383247 1.20972 0.363435 2.81106 0.00664159 0.00140988
22 7 324 0.0330796 1.30766 0.414159 3.62158 0.00636229 0.00127827
22 8 343 0.0364631 1.30862 0.537325 3.08477 0.00659972 0.0013741
22 9 344 0.0346436 1.30305 0.516486 3.39079 0.0066596 0.00136033
22 10 359 0.0386831 1.36942 0.645032 2.75277 0.00659606 0.00140542
22 11 371 0.0348844 1.42444 0.732704 3.33329 0.00654892 0.00134112
22 12 372 0.037575 1.37703 0.818488 2.90975 0.00656632 0.00138309
22 13 392 0.0353236 1.44326 0.872091 3.2777 0.00666498 0.00137121
22 14 360 0.0362207 1.46246 0.960346 3.02009 0.00595474 0.00123667
22 15 338 0.0376834 1.54257 1.00996 2.69275 0.00537144 0.00113269
22 16 346 0.0371618 1.51678 1.13346 2.7738 0.00538604 0.00112962
22 17 350 0.0370406 1.59484 1.24299 2.75168 0.0051719 0.00108334
22 18 334 0.0363171 1.54828 1.31368 2.81376 0.00491888 0.00102258
22 19 357 0.0355185 1.69569 1.43724 2.93443 0.0048822 0.00100649
22 20 356 0.0344846 1.68248 1.54513 3.0819 0.0047588 0.000970434
22 21 338 0.0357307 1.79432 1.6699 2.76265 0.00425593 0.00087934
22 22 314 0.0323765 1.82155 1.89259 3.21735 0.00372389 0.000742604
22 23 317 0.0331578 1.99018 2.03622 3.01004 0.00350147 0.000704076
23 0 358 0.0362563 1.36797 0.0149658 3.18217 0.0070421 0.00146304
23 1 344 0.0370379 1.41104 0.137163 2.99735 0.00660943 0.00138441
23 2 376 0.0356736 1.28127 0.119415 3.36359 0.00769059 0.00158804
23 3 345 0.037578 1.40104 0.261634 2.91519 0.00660509 0.0013913
23 4 345 0.0365512 1.39038 0.235444 3.07891 0.00665218 0.0013863
23 5 310 0.0377616 1.41782 0.376363 2.76145 0.00582044 0.00122836
23 6 381 0.0372644 1.44523 0.393607 3.0277 0.00705161 0.00148052
23 7 348 0.0380809 1.3593 0.446263 2.84708 0.00664558 0.00140716
23 8 379 0.0395281 1.45204 0.513952 2.67655 0.00687919 0.00147858
23 9 336 0.0368459 1.45144 0.624805 2.92825 0.00598917 0.00125198
23 10 356 0.0393696 1.54484 0.685021 2.56887 0.00604328 0.00129679
23 11 372 0.0373335 1.36716 0.688027 2.97835 0.00678242 0.00142503
23 12 370 0.0374952 1.56956 0.845317 2.83711 0.00603382 0.00126988
23 13 334 0.0383777 1.61099 0.916104 2.57529 0.0052869 0.00112292
23 14 387 0.0378666 1.67572 1.05271 2.74552 0.00581799 0.00122919
23 15 368 0.0372172 1.57387 1.06703 2.82375 0.00570968 0.00119818
23 16 365 0.0364035 1.58343 1.1136 2.92698 0.00558401 0.0011619
23 17 352 0.0379037 1.61135 1.2324 2.62542 0.00518786 0.00109648
23 18 366 0.0368441 1.74623 1.40108 2.74311 0.00497552 0.00104007
23 19 359 0.0344358 1.83718 1.54753 3.05616 0.00459914 0.000937392
23 20 311 0.0352531 1.84295 1.6326 2.75372 0.00390104 0.000801981
23 21 335 0.037902 1.93818 1.75771 2.36227 0.00398655 0.000842562
23 22 290 0.0333774 2.02044 1.91631 2.90082 0.00326711 0.000658483
23 23 300 0.0337282 2.17927 2.19732 2.77722 0.00307476 0.000622023
