#  ix    iy     NK     E/N         TK    Uxpi    UyK      muK      rho      epsilon
0 0 188 0.0604749 -0.0182634 0.0335086 5.11006 0.00999273 0.00596272
0 1 186 0.0567987 0.0435993 0.0820907 5.73066 0.00985115 0.00581038
0 2 173 0.0583639 0.0180198 0.152784 5.37164 0.00909513 0.00539106
0 3 192 0.0625393 -0.00776151 0.164351 4.79173 0.0100773 0.00605246
0 4 182 0.0584505 0.0339359 0.212257 5.39641 0.00946466 0.00561163
0 5 178 0.0597691 -0.00490372 0.282882 5.13402 0.00911047 0.00542417
0 6 159 0.0545579 0.0441199 0.344612 5.94611 0.00798903 0.0046788
0 7 171 0.0531983 0.000107539 0.415933 6.26983 0.00839826 0.00489737
0 8 150 0.0529187 0.0483005 0.537279 6.14875 0.00702215 0.00409128
0 9 205 0.0522352 0.0176246 0.558799 6.59675 0.00951777 0.00553332
0 10 191 0.0560139 0.0404739 0.645872 5.73189 0.00852936 0.0050183
0 11 183 0.0628347 0.0477258 0.628144 4.5448 0.00823606 0.00495123
0 12 176 0.0543606 0.00756869 0.781427 5.9053 0.00737649 0.00431737
0 13 185 0.0511891 0.0174169 0.845361 6.58747 0.00751432 0.00435414
0 14 183 0.0579312 -0.000944702 0.934595 5.20143 0.00711164 0.00420961
0 15 186 0.0456691 0.0187247 1.01188 7.86583 0.00695382 0.00395958
0 16 185 0.0473279 0.0142777 1.13534 7.3608 0.00650386 0.00372286
0 17 164 0.047168 0.0390669 1.19576 7.25118 0.0055945 0.00320072
0 18 161 0.0514565 0.0394688 1.38082 6.12559 0.00502174 0.00291229
0 19 165 0.0491518 0.0419189 1.47126 6.63412 0.00493227 0.00283962
0 20 120 0.0534448 0.00937213 1.53853 5.33782 0.0034785 0.00203004
0 21 117 0.0414978 0.0667643 1.6972 8.32108 0.00315745 0.0017743
0 22 81 0.0387784 0.0239649 1.86749 8.82666 0.00203374 0.00113306
0 23 91 0.0379587 0.0449176 2.11948 9.15178 0.00206505 0.00114752
1 0 183 0.0601243 0.10851 -0.0045063 5.13548 0.00967714 0.00576802
1 1 203 0.062699 0.0853589 0.0772906 4.82975 0.010727 0.00644593
1 2 178 0.0637125 0.0992156 0.107352 4.54164 0.00936852 0.00564763
1 3 185 0.0554231 0.0771018 0.18978 5.96618 0.00964025 0.00566131
1 4 195 0.0544117 0.0728592 0.242443 6.20497 0.0100551 0.00588611
1 5 207 0.0572912 0.104646 0.275182 5.71102 0.0105624 0.00623959
1 6 182 0.0513254 0.12111 0.352947 6.74556 0.00906997 0.00525783
1 7 180 0.0600406 0.074116 0.46816 5.0373 0.00865178 0.0051555
1 8 180 0.0579867 0.0832247 0.505146 5.37263 0.00852252 0.00504563
1 9 180 0.0540226 0.0941491 0.547235 6.09904 0.00837059 0.00489398
1 10 211 0.0546805 0.0994807 0.644643 6.08473 0.00940041 0.00550752
1 11 171 0.0594153 0.0832103 0.719405 4.98087 0.0073668 0.00438113
1 12 153 0.0505874 0.122636 0.783936 6.55758 0.0063752 0.00368706
1 13 189 0.0590194 0.0941003 0.865027 5.07703 0.00758407 0.00450471
1 14 169 0.0552154 0.0454453 0.945887 5.61604 0.00652712 0.00383059
1 15 170 0.0536716 0.112024 1.03162 5.88159 0.00627474 0.00366454
1 16 172 0.0484435 0.092835 1.09908 7.02506 0.00614509 0.00352994
1 17 178 0.0473107 0.0849224 1.17561 7.30525 0.00612534 0.003506
1 18 176 0.0553505 0.0792136 1.35545 5.42824 0.00555171 0.00325954
1 19 143 0.0439556 0.073755 1.44474 7.87571 0.00432523 0.00244951
1 20 125 0.0417458 0.125396 1.59897 8.34866 0.00351779 0.00197835
1 21 130 0.0403035 0.103174 1.75329 8.80189 0.00342142 0.00191539
1 22 112 0.0429985 0.130861 1.97711 7.68497 0.00268416 0.00151553
1 23 75 0.0313844 0.160937 2.19942 11.9588 0.00164752 0.00089669
2 0 181 0.0542163 0.11353 0.0433491 6.19296 0.00955735 0.00559125
2 1 177 0.0586237 0.139239 0.0604314 5.34978 0.00930827 0.00552193
2 2 177 0.057054 0.10266 0.167309 5.61998 0.00923859 0.00545347
2 3 192 0.0588004 0.142947 0.162015 5.38928 0.00998242 0.00592516
2 4 162 0.0558918 0.101745 0.250174 5.72986 0.00831897 0.00489263
2 5 189 0.0545017 0.118223 0.302344 6.13691 0.00956195 0.005599
2 6 184 0.0596581 0.151587 0.354816 5.15481 0.00913112 0.00543456
2 7 180 0.0563901 0.139832 0.403369 5.69364 0.00880558 0.00518698
2 8 184 0.0568491 0.131633 0.462523 5.61093 0.00882036 0.00520323
2 9 198 0.0614674 0.110285 0.516374 4.88008 0.00931333 0.00557475
2 10 212 0.0554491 0.159821 0.617604 5.94728 0.0095068 0.00558341
2 11 222 0.0516223 0.114448 0.678087 6.75081 0.0097299 0.00564569
2 12 171 0.049083 0.16532 0.81011 7.00209 0.00700999 0.00403493
2 13 179 0.0574886 0.136282 0.844232 5.2974 0.00723618 0.00427734
2 14 191 0.0514939 0.165544 0.968567 6.48417 0.00724663 0.00420308
2 15 180 0.0508412 0.180676 1.02541 6.54002 0.00663216 0.00383875
2 16 176 0.0540188 0.177674 1.14434 5.7864 0.00611851 0.00357723
2 17 167 0.0431782 0.178099 1.23029 8.35993 0.00556785 0.00314549
2 18 152 0.0511997 0.187413 1.29015 6.16178 0.00492079 0.00285143
2 19 142 0.0471261 0.188442 1.49306 6.97056 0.00418029 0.00239131
2 20 154 0.0442137 0.19234 1.63692 7.78273 0.00424909 0.00240836
2 21 109 0.0435367 0.250067 1.76681 7.57697 0.00283442 0.00160309
2 22 84 0.0420016 0.197713 2.03761 7.68226 0.00196109 0.00110378
2 23 66 0.0389212 0.278205 2.14567 8.45127 0.00147286 0.000820944
3 0 211 0.0623987 0.158645 0.0492375 4.90748 0.0110717 0.00664677
3 1 142 0.0631617 0.197631 0.0973864 4.385 0.00737628 0.00443894
3 2 174 0.0620907 0.228207 0.154138 4.73945 0.00892315 0.00535171
3 3 190 0.062914 0.184836 0.218273 4.69807 0.00971674 0.00584282
3 4 175 0.0572193 0.177649 0.2156 5.56005 0.00896525 0.00529489
3 5 174 0.0601419 0.17925 0.295551 5.03159 0.00874748 0.00521419
3 6 175 0.0577215 0.167416 0.371358 5.43098 0.00862071 0.00509949
3 7 212 0.0595174 0.205711 0.45064 5.27971 0.0101047 0.00601135
3 8 197 0.0591589 0.20367 0.524178 5.2392 0.00913356 0.00542745
3 9 187 0.0588926 0.197821 0.527638 5.23202 0.00866568 0.00514509
3 10 200 0.0539442 0.174342 0.635456 6.17422 0.00888316 0.00519237
3 11 181 0.0611498 0.213935 0.707121 4.74606 0.00774365 0.00463053
3 12 182 0.0493765 0.216003 0.749199 7.01768 0.00763443 0.00439844
3 13 189 0.0549371 0.215404 0.837226 5.82276 0.00760527 0.0044594
3 14 172 0.0544178 0.232506 0.994355 5.75215 0.00640114 0.00374719
3 15 183 0.0537221 0.25666 0.978834 5.95793 0.00684209 0.00399652
3 16 163 0.0528384 0.262167 1.15181 5.93953 0.00560196 0.00326302
3 17 183 0.0518123 0.270536 1.22971 6.23508 0.00605383 0.00351479
3 18 153 0.0465077 0.259654 1.32069 7.28113 0.00485349 0.00277097
3 19 152 0.0410639 0.254366 1.49114 8.80915 0.00445868 0.00250208
3 20 126 0.0463729 0.272575 1.70645 6.94811 0.00335683 0.00191568
3 21 108 0.0409542 0.315939 1.80139 8.3647 0.00275601 0.00154606
3 22 93 0.0359576 0.326683 1.90168 10.0612 0.00227621 0.00125688
3 23 62 0.0398949 0.308758 2.115 8.04872 0.00139754 0.000781362
4 0 205 0.059755 0.207141 0.0263656 5.29476 0.010674 0.0063548
4 1 192 0.0559783 0.213945 0.0698158 5.894 0.00996357 0.00586147
4 2 191 0.0598351 0.249442 0.132941 5.19359 0.00977653 0.00582194
4 3 167 0.0593471 0.239256 0.218048 5.1297 0.00845121 0.00502496
4 4 179 0.0517399 0.235927 0.276355 6.64157 0.00894881 0.0051944
4 5 190 0.060159 0.243295 0.312427 5.10033 0.0093965 0.00560136
4 6 178 0.0556062 0.238174 0.401386 5.81473 0.00857961 0.00504136
4 7 184 0.0640637 0.258966 0.474955 4.40512 0.00860836 0.00519513
4 8 160 0.0575286 0.278543 0.499653 5.31093 0.00738733 0.00436723
4 9 185 0.054254 0.261668 0.580397 6.04452 0.00830089 0.00485678
4 10 206 0.0538252 0.273226 0.648682 6.2068 0.00896035 0.00523552
4 11 218 0.0598455 0.29686 0.758223 5.1082 0.00899185 0.00535483
4 12 184 0.0555242 0.282588 0.766752 5.70629 0.00757866 0.00445205
4 13 177 0.053671 0.292635 0.895227 5.96996 0.00685365 0.00400262
4 14 192 0.0575409 0.310929 0.918768 5.30105 0.00733081 0.00433399
4 15 176 0.0503966 0.305884 1.05728 6.58826 0.00629535 0.00363868
4 16 180 0.0502753 0.28808 1.17864 6.58266 0.00608939 0.00351829
4 17 165 0.0488449 0.315193 1.23716 6.8005 0.00541197 0.00311277
4 18 153 0.0473539 0.339297 1.4747 6.98291 0.00448688 0.00256854
4 19 152 0.0485667 0.389318 1.55571 6.63281 0.00427801 0.00245839
4 20 126 0.0428153 0.389834 1.616 7.99352 0.00345478 0.0019495
4 21 102 0.046211 0.401371 1.78629 6.73601 0.00260076 0.00148344
4 22 100 0.041896 0.425137 1.98831 7.8959 0.00234752 0.00132083
4 23 63 0.0373521 0.493954 2.20879 8.96741 0.00135428 0.000751115
5 0 177 0.0586749 0.278527 0.0429621 5.31412 0.00906191 0.00537665
5 1 163 0.0683819 0.274558 0.0772341 3.77433 0.00833772 0.00510067
5 2 189 0.054509 0.29759 0.167905 6.13036 0.00951318 0.00557057
5 3 203 0.0607833 0.312537 0.184472 5.07561 0.0101501 0.00606252
5 4 183 0.0564108 0.309007 0.23721 5.71942 0.00907013 0.00534316
5 5 182 0.0579769 0.331557 0.315839 5.40662 0.00880192 0.00521089
5 6 167 0.0544903 0.266322 0.34916 5.97733 0.00813331 0.00476229
5 7 186 0.0601488 0.324174 0.481048 5.00855 0.00855798 0.00510134
5 8 172 0.0594145 0.379696 0.546371 5.01441 0.007617 0.00452992
5 9 186 0.0503445 0.332189 0.590411 6.86334 0.008191 0.00473358
5 10 180 0.0526975 0.334152 0.662533 6.28566 0.00768889 0.00447661
5 11 196 0.0510832 0.362527 0.713875 6.69072 0.00813839 0.00471417
5 12 161 0.0532295 0.346577 0.803804 5.9985 0.00644386 0.00375805
5 13 182 0.0565511 0.343941 0.911908 5.42478 0.00693283 0.0040859
5 14 183 0.0539522 0.37723 0.965172 5.89937 0.00675933 0.00395105
5 15 176 0.0524605 0.353436 1.02884 6.14195 0.00633558 0.00368592
5 16 170 0.0529827 0.375198 1.15987 5.93297 0.005735 0.00334203
5 17 145 0.0491168 0.424125 1.26001 6.58057 0.00463623 0.00266889
5 18 156 0.0534362 0.412345 1.34655 5.66248 0.00480422 0.00280365
5 19 145 0.0499469 0.392911 1.51332 6.27612 0.00415572 0.00239857
5 20 109 0.0422435 0.472362 1.64006 8.00735 0.00293102 0.00165096
5 21 92 0.0395245 0.442499 1.79026 8.6923 0.00233272 0.00130269
5 22 86 0.0374701 0.486132 1.93553 9.3349 0.00204934 0.00113703
5 23 63 0.0352507 0.491163 2.12907 9.87889 0.00139456 0.000768334
6 0 180 0.0581692 0.36426 0.0726244 5.39237 0.00897535 0.00531679
6 1 196 0.055649 0.373396 0.115992 5.93034 0.00970971 0.00570618
6 2 181 0.0585492 0.3592 0.111147 5.33027 0.00901168 0.00534472
6 3 181 0.0610464 0.35532 0.200577 4.90341 0.00891418 0.00532874
6 4 212 0.0571305 0.367844 0.262963 5.71244 0.010275 0.00606673
6 5 199 0.0579447 0.331957 0.346861 5.49306 0.0095423 0.00564863
6 6 190 0.0559672 0.371756 0.388962 5.78319 0.00889992 0.00523555
6 7 181 0.0575512 0.371973 0.420676 5.43472 0.00839466 0.0049631
6 8 201 0.0596113 0.372003 0.511434 5.1522 0.00903611 0.00537722
6 9 197 0.0575358 0.396858 0.589632 5.45478 0.00854116 0.00504947
6 10 194 0.0602788 0.40282 0.665397 4.93774 0.00814524 0.0048573
6 11 172 0.0525713 0.436857 0.768028 6.19754 0.00685605 0.00399012
6 12 202 0.0554267 0.392107 0.834399 5.76638 0.00789971 0.00463922
6 13 213 0.0534057 0.44229 0.909108 6.17458 0.00796747 0.00464921
6 14 185 0.0559046 0.471338 0.987459 5.5018 0.00663859 0.0039045
6 15 178 0.0511205 0.476281 1.07383 6.40024 0.0061373 0.00355546
6 16 157 0.0485059 0.482643 1.16397 6.84113 0.00519132 0.00298266
6 17 173 0.0437759 0.456636 1.20633 8.1937 0.00563822 0.00319128
6 18 137 0.0504991 0.513431 1.41754 6.11843 0.00402799 0.00232891
6 19 140 0.0458812 0.515241 1.43937 7.27408 0.00407639 0.0023227
6 20 125 0.0386609 0.548221 1.68132 9.34606 0.00327276 0.00182267
6 21 89 0.0448228 0.590477 1.79267 6.95751 0.00221635 0.00125864
6 22 77 0.0365319 0.5695 1.96164 9.58536 0.0018009 0.000996229
6 23 55 0.0340078 0.597086 2.14511 10.2975 0.00119855 0.000657751
7 0 181 0.0623376 0.456549 0.00840407 4.68246 0.00875782 0.00525664
7 1 182 0.0584694 0.411922 0.128079 5.33039 0.00888906 0.00527067
7 2 218 0.0586083 0.408961 0.150862 5.48519 0.0106298 0.00630557
7 3 211 0.0645518 0.431914 0.214262 4.49461 0.0101097 0.00611058
7 4 201 0.0566723 0.392807 0.299343 5.72655 0.00958617 0.00565183
7 5 189 0.0541593 0.438537 0.343153 6.11985 0.00878328 0.00513748
7 6 189 0.0551978 0.418034 0.393014 5.90908 0.00871981 0.00511713
7 7 221 0.0564591 0.425896 0.453525 5.80621 0.00998125 0.0058808
7 8 207 0.0620768 0.450658 0.551365 4.74672 0.00896896 0.00537895
7 9 206 0.0545907 0.470943 0.632804 6.01372 0.00860307 0.00503894
7 10 171 0.0580185 0.474036 0.653259 5.18129 0.0070779 0.00419079
7 11 215 0.0577783 0.485215 0.752806 5.40902 0.00851893 0.00504019
7 12 204 0.054178 0.481685 0.745317 6.03712 0.0081161 0.00474752
7 13 188 0.0537554 0.527449 0.945883 5.94265 0.00678391 0.00396295
7 14 208 0.0485868 0.480128 0.957248 7.19611 0.00755101 0.00433952
7 15 196 0.0495017 0.545228 1.08114 6.84841 0.00663879 0.00382634
7 16 182 0.0546878 0.569074 1.17944 5.61331 0.00587535 0.00344234
7 17 167 0.0480359 0.563472 1.31701 6.93618 0.0050847 0.00291705
7 18 133 0.0418579 0.579904 1.37977 8.42345 0.00393023 0.00221108
7 19 128 0.0418665 0.657429 1.51542 8.31215 0.00352593 0.00198368
7 20 115 0.0390113 0.651283 1.67023 9.12286 0.00297989 0.00166141
7 21 99 0.0418109 0.670036 1.86133 7.93514 0.00237565 0.0013363
7 22 75 0.0400663 0.682275 1.90718 8.22277 0.00176603 0.00098792
7 23 37 0.0357507 0.808447 2.42062 8.99627 0.000718022 0.00039622
8 0 191 0.0611781 0.542319 0.028157 4.88387 0.00892806 0.00533926
8 1 209 0.0564517 0.49512 0.0979005 5.80189 0.00992461 0.00584729
8 2 186 0.0568606 0.509952 0.111944 5.60313 0.00877025 0.00517386
8 3 188 0.0573176 0.48756 0.224496 5.52497 0.00881095 0.00520538
8 4 221 0.057429 0.506875 0.265459 5.65169 0.0102032 0.00603
8 5 220 0.0614394 0.520481 0.3152 4.95535 0.00999688 0.00598338
8 6 190 0.0515027 0.487792 0.411501 6.64405 0.00851935 0.0049414
8 7 214 0.061333 0.534701 0.445944 4.90447 0.00934171 0.00558936
8 8 207 0.0623802 0.57672 0.529112 4.66589 0.00867069 0.00520505
8 9 227 0.0587956 0.521896 0.641875 5.31966 0.00930354 0.00552212
8 10 174 0.0526938 0.532927 0.663246 6.19956 0.00704911 0.00410407
8 11 220 0.0518873 0.543788 0.735121 6.57412 0.00863606 0.0050152
8 12 183 0.0514283 0.554386 0.786579 6.46589 0.0070139 0.00406725
8 13 185 0.048405 0.644635 0.979372 7.07288 0.00638568 0.0036677
8 14 206 0.0541968 0.615113 1.04886 5.87972 0.00696013 0.00407157
8 15 188 0.0517386 0.61051 1.09224 6.28181 0.00624303 0.00362379
8 16 150 0.0540766 0.596915 1.15894 5.54377 0.00485619 0.00283972
8 17 155 0.0422894 0.617571 1.22183 8.49921 0.00486307 0.00273962
8 18 107 0.044136 0.694572 1.41123 7.4749 0.00305359 0.00173033
8 19 118 0.0457735 0.689297 1.54528 7.05921 0.00319345 0.00181898
8 20 103 0.0486035 0.757818 1.71258 6.11838 0.00258062 0.00148314
8 21 69 0.0325475 0.766251 1.91464 11.3096 0.00160136 0.000874769
8 22 48 0.0415922 0.780043 2.04874 7.1985 0.00105962 0.000595625
8 23 30 0.0344699 0.773198 2.27442 9.41091 0.000613257 0.000337042
9 0 208 0.0544664 0.55552 0.00815828 6.15525 0.00967143 0.00566247
9 1 206 0.0574439 0.522639 0.146176 5.59126 0.00963064 0.00569191
9 2 209 0.0519591 0.560062 0.14139 6.66724 0.00962644 0.00559161
9 3 188 0.0524779 0.575398 0.201527 6.43666 0.00853829 0.00496769
9 4 206 0.0625879 0.608304 0.280046 4.68277 0.0091045 0.00546905
9 5 202 0.0612542 0.609978 0.322952 4.86214 0.00884292 0.00528961
9 6 211 0.0570264 0.576923 0.420307 5.61371 0.00913499 0.00539185
9 7 195 0.0589285 0.579698 0.474416 5.18295 0.00830154 0.00492945
9 8 215 0.0539326 0.595376 0.518339 6.18698 0.00897638 0.00524667
9 9 184 0.0583279 0.607743 0.612523 5.173 0.00741003 0.00439173
9 10 222 0.056707 0.59499 0.649788 5.64143 0.00886022 0.0052244
9 11 205 0.0546313 0.632884 0.791945 5.88933 0.00765759 0.00448574
9 12 221 0.0537316 0.631571 0.866965 6.11437 0.00801611 0.00468241
9 13 180 0.0501692 0.70312 0.916473 6.63566 0.00626666 0.00361949
9 14 191 0.0549864 0.664861 0.975929 5.66617 0.00656553 0.00385034
9 15 162 0.0486897 0.672675 1.10048 6.81332 0.00527991 0.00303532
9 16 162 0.0474651 0.695074 1.18839 7.07562 0.00506411 0.00289999
9 17 160 0.0492655 0.777891 1.35964 6.53288 0.00457949 0.00263746
9 18 125 0.0468297 0.7923 1.47167 6.84477 0.00341373 0.00195096
9 19 115 0.0426479 0.801583 1.61201 7.89413 0.0029703 0.00167522
9 20 86 0.0441668 0.878605 1.781 7.07103 0.00205733 0.00116591
9 21 76 0.0318546 0.878954 1.898 11.7594 0.00174368 0.000950436
9 22 44 0.0330558 1.00739 2.35591 10.419 0.000850915 0.000465573
9 23 21 0.0367231 1.0661 2.40638 7.99372 0.000396735 0.0002196
10 0 209 0.0578899 0.613632 0.00155037 5.49567 0.0094753 0.005608
10 1 208 0.0553079 0.616918 0.0710518 5.96291 0.00939898 0.00551762
10 2 207 0.0555076 0.606709 0.147166 5.91841 0.00933993 0.00548641
10 3 237 0.0579924 0.688072 0.203238 5.5555 0.0102428 0.00606423
10 4 234 0.0569235 0.645216 0.275636 5.74161 0.010189 0.00601204
10 5 196 0.0585586 0.652653 0.289783 5.26834 0.00848437 0.00503213
10 6 190 0.0567241 0.665612 0.433572 5.52528 0.00791344 0.00466638
10 7 234 0.0611172 0.6746 0.496909 4.95997 0.00954065 0.00570451
10 8 226 0.0585912 0.610142 0.540026 5.35657 0.00931938 0.00552795
10 9 215 0.0569404 0.656269 0.645441 5.54714 0.00841422 0.00496507
10 10 197 0.062614 0.74997 0.708626 4.45688 0.00729273 0.00438108
10 11 215 0.0561788 0.678946 0.745654 5.64352 0.00805251 0.00474021
10 12 184 0.0577921 0.693426 0.828271 5.15872 0.0066488 0.00393391
10 13 199 0.0542422 0.741794 0.928698 5.84957 0.0068146 0.00398701
10 14 176 0.0501733 0.796021 1.06758 6.52606 0.00562148 0.00324689
10 15 175 0.0544891 0.765481 1.11923 5.59087 0.0055249 0.00323498
10 16 151 0.0425181 0.804646 1.24304 8.34886 0.00449517 0.0025342
10 17 148 0.0446354 0.919028 1.43568 7.59693 0.00398336 0.00226076
10 18 125 0.0386501 0.859703 1.42616 9.39499 0.003423 0.00190628
10 19 123 0.0419036 0.915812 1.57847 8.18561 0.00314405 0.00176904
10 20 84 0.0427569 0.992961 1.87832 7.41507 0.00190277 0.00107351
10 21 55 0.0357151 1.04052 2.00725 9.51131 0.00118338 0.000652939
10 22 39 0.0327302 1.09258 2.16385 10.5107 0.000791115 0.000432409
10 23 19 0.0360287 1.04734 2.4094 8.1854 0.00035952 0.000198565
11 0 262 0.0594815 0.712422 0.027007 5.40174 0.0113476 0.00674996
11 1 212 0.0586606 0.711052 0.109865 5.32664 0.00915356 0.00543078
11 2 213 0.0553334 0.688414 0.171255 5.94103 0.00924075 0.00542517
11 3 217 0.0587327 0.711082 0.223679 5.32518 0.00925429 0.00549179
11 4 223 0.055882 0.716306 0.289753 5.85241 0.00938615 0.0055201
11 5 216 0.0622141 0.73936 0.384194 4.70943 0.00882686 0.00529602
11 6 218 0.0590975 0.734356 0.414638 5.21971 0.00886437 0.00526647
11 7 199 0.0571101 0.790049 0.545069 5.41937 0.0076366 0.00450863
11 8 196 0.057668 0.762707 0.541177 5.31639 0.00761456 0.00450355
11 9 203 0.0555195 0.74161 0.656016 5.71956 0.00767305 0.00450743
11 10 197 0.0558252 0.825849 0.743711 5.57108 0.00700901 0.00412133
11 11 186 0.061727 0.822319 0.830629 4.46893 0.00643182 0.0038531
11 12 205 0.0526009 0.825887 0.88537 6.20404 0.00694388 0.00404161
11 13 189 0.0509429 0.837746 1.01734 6.42984 0.00607692 0.0035185
11 14 172 0.0494845 0.837781 1.06968 6.6502 0.00542309 0.00312548
11 15 161 0.0485373 0.921219 1.2189 6.73188 0.00468988 0.00269482
11 16 159 0.0506562 0.93966 1.31432 6.18279 0.00445104 0.00257479
11 17 137 0.0420797 0.940479 1.37948 8.30417 0.00374445 0.00210805
11 18 124 0.0416804 0.967779 1.52712 8.27274 0.0031924 0.00179498
11 19 114 0.0477035 1.00407 1.69429 6.40301 0.00274532 0.00157331
11 20 71 0.0343112 1.10159 1.89201 10.4241 0.00156907 0.000861916
11 21 38 0.0325043 1.23002 2.11378 10.5932 0.000765009 0.000417842
11 22 22 0.0351141 1.32989 2.4915 8.66701 0.000390588 0.000215101
11 23 11 0.0378352 1.42374 2.70747 6.76959 0.000181806 0.000100988
12 0 246 0.0599403 0.80778 0.0495533 5.21572 0.0101715 0.00605913
12 1 222 0.0573723 0.797106 0.0995213 5.55903 0.00920608 0.00543976
12 2 191 0.0515141 0.780159 0.143432 6.57357 0.00795949 0.00461684
12 3 213 0.0581611 0.781237 0.2144 5.37444 0.00880344 0.00521482
12 4 215 0.0566568 0.798778 0.303176 5.6318 0.00869486 0.00512608
12 5 190 0.058104 0.821767 0.334654 5.23211 0.00755958 0.0044772
12 6 212 0.0545585 0.841001 0.424447 5.97304 0.00820808 0.0048071
12 7 186 0.0571758 0.832125 0.530328 5.32647 0.00704234 0.00415864
12 8 201 0.0588527 0.85451 0.565116 5.09012 0.00746809 0.00443349
12 9 183 0.0583885 0.837929 0.666574 5.05333 0.00664405 0.00393851
12 10 195 0.0587247 0.912938 0.698265 5.0196 0.00680826 0.00404014
12 11 196 0.0528482 0.908713 0.808988 6.10446 0.00661993 0.00385608
12 12 178 0.0507528 0.884336 0.884437 6.44499 0.00591261 0.00342131
12 13 181 0.0531569 0.911917 0.966957 5.90616 0.00578825 0.00337493
12 14 186 0.0502128 0.984871 1.04813 6.5217 0.00564792 0.00326257
12 15 144 0.0438933 1.01729 1.26185 7.82127 0.00402181 0.00227723
12 16 130 0.0414709 1.00321 1.22928 8.48489 0.00368693 0.00207167
12 17 133 0.0432026 1.14309 1.5223 7.8264 0.0032899 0.00185873
12 18 100 0.0391578 1.06639 1.50344 8.90827 0.00253652 0.00141486
12 19 70 0.0371625 1.06711 1.6043 9.27938 0.0017152 0.000950717
12 20 57 0.0336114 1.24119 1.98781 10.4805 0.00118995 0.000652217
12 21 22 0.732214 1.18842 2.09743 -10.639 0.000448375 0.000243116
12 22 25 0.705608 1.21149 2.13568 -10.4086 0.00050158 0.000262083
12 23 0 0 0 0 0 0 0
13 0 194 0.0561766 0.924343 0.0238344 5.58301 0.0075766 0.00446003
13 1 198 0.0585673 0.862372 0.0912965 5.20264 0.00795679 0.00471935
13 2 218 0.0600263 0.905752 0.171438 5.02501 0.00852587 0.00508024
13 3 225 0.0584449 0.880512 0.254839 5.32712 0.0088224 0.00523074
13 4 233 0.0606816 0.940477 0.329844 4.94689 0.00877834 0.0052415
13 5 208 0.0595217 0.888971 0.363768 5.04283 0.00797924 0.00474695
13 6 213 0.0554412 0.974404 0.435164 5.74409 0.007747 0.00454975
13 7 214 0.0532893 0.949926 0.480062 6.17647 0.00779433 0.0045465
13 8 223 0.0545681 0.935578 0.597161 5.93792 0.00793979 0.00465012
13 9 214 0.0511575 0.982529 0.709008 6.55807 0.00724567 0.00419805
13 10 197 0.0498447 0.994273 0.721769 6.76462 0.00661473 0.00381661
13 11 191 0.0512894 0.969345 0.812234 6.3893 0.00630148 0.00365253
13 12 179 0.0538089 1.00126 0.911098 5.75021 0.00565718 0.00330531
13 13 179 0.0485496 1.03257 1.00595 6.87484 0.00542688 0.00311843
13 14 155 0.0512568 1.0622 1.11743 6.0568 0.00448656 0.00260028
13 15 144 0.0467675 1.09129 1.23963 7.01127 0.00396726 0.00226687
13 16 124 0.0436396 1.1421 1.30381 7.69722 0.00329609 0.00186481
13 17 107 0.046626 1.18921 1.4282 6.66234 0.00269682 0.00154026
13 18 77 0.0402195 1.26587 1.61518 8.18539 0.00179417 0.00100415
13 19 79 0.0421818 1.31376 1.78222 7.49944 0.00172966 0.000974074
13 20 56 0.0313923 1.34296 1.93815 11.6062 0.001163 0.000632997
13 21 23 0.0342286 1.72502 2.38057 9.08077 0.000393974 0.00021636
13 22 11 0.720904 1.48448 2.41898 -11.4248 0.000194441 0.0001038
13 23 0 0 0 0 0 0 0
14 0 200 0.0566074 1.00194 0.0256015 5.4949 0.00751387 0.00442913
14 1 253 0.0613137 1.00355 0.107763 4.92135 0.00947162 0.00566675
14 2 231 0.0555262 1.01748 0.216374 5.82245 0.00851542 0.00500238
14 3 197 0.0539937 1.05327 0.259476 5.94055 0.00710245 0.00415216
14 4 223 0.0528317 0.970067 0.310615 6.33527 0.00830992 0.00484024
14 5 213 0.0599947 1.03583 0.407343 4.91158 0.00757194 0.00451137
14 6 217 0.0548752 1.01147 0.408041 5.86013 0.00780052 0.00457299
14 7 207 0.0567466 1.06264 0.482604 5.42169 0.00716411 0.00422482
14 8 200 0.0598328 1.03746 0.582249 4.83753 0.00684516 0.00407628
14 9 196 0.0548986 1.03336 0.677035 5.68228 0.00655939 0.00384567
14 10 199 0.0553817 1.098 0.783978 5.5492 0.00630309 0.00370105
14 11 176 0.0482676 1.1481 0.905133 6.91754 0.0052853 0.00303436
14 12 183 0.0493883 1.16543 1.01577 6.64743 0.0052868 0.003046
14 13 154 0.0468797 1.22413 1.10061 7.05155 0.00425291 0.00243095
14 14 148 0.0400268 1.17013 1.18865 9.06603 0.00404798 0.00226417
14 15 120 0.0419407 1.20988 1.24715 8.18633 0.00318386 0.00179165
14 16 111 0.0418978 1.26334 1.3531 8.07378 0.00280617 0.0015789
14 17 95 0.0386676 1.22641 1.50416 8.99714 0.00231453 0.00128904
14 18 76 0.0443763 1.38393 1.75337 6.79089 0.00165181 0.000936714
14 19 39 0.731138 1.40894 1.83192 -10.026 0.000823809 0.000446026
14 20 23 0.724982 1.5234 2.14831 -10.6392 0.00043428 0.000233148
14 21 17 0.728486 1.38942 2.15494 -10.9336 0.000328565 0.000177246
14 22 0 0 0 0 0 0 0
14 23 0 0 0 0 0 0 0
15 0 210 0.0563492 1.06235 0.0689461 5.56025 0.00764771 0.00450435
15 1 253 0.0546817 1.10743 0.120623 6.03983 0.00898971 0.00526692
15 2 215 0.0575064 1.08242 0.183697 5.35646 0.00770087 0.00455227
15 3 214 0.0564972 1.10143 0.254476 5.51896 0.00754204 0.00444419
15 4 221 0.0589489 1.123 0.319542 5.09731 0.00764683 0.00454097
15 5 213 0.056164 1.08886 0.378077 5.56511 0.00742467 0.00437042
15 6 205 0.0519018 1.17058 0.491866 6.32412 0.00674673 0.00391819
15 7 237 0.0562425 1.09133 0.534655 5.62637 0.00801015 0.00471623
15 8 173 0.0544166 1.16439 0.597977 5.61624 0.0055864 0.00327024
15 9 161 0.0539608 1.20143 0.734836 5.58773 0.00495804 0.00289822
15 10 173 0.0499855 1.15133 0.743478 6.53353 0.005424 0.00313097
15 11 144 0.0491313 1.14621 0.851691 6.52339 0.00439366 0.00252936
15 12 162 0.0443185 1.20659 1.00055 7.83923 0.00463457 0.00262772
15 13 144 0.0430062 1.29707 1.08802 8.05507 0.0038955 0.00219952
15 14 135 0.0434607 1.32906 1.20107 7.81067 0.00350016 0.00197914
15 15 104 0.0427238 1.28975 1.21948 7.78089 0.00271532 0.00153179
15 16 77 0.0385427 1.43063 1.48106 8.78637 0.0017892 0.000996069
15 17 69 0.0372849 1.40837 1.56386 9.14524 0.00157516 0.000873431
15 18 41 0.0367083 1.46403 1.79983 8.77718 0.000863218 0.000477786
15 19 35 0.727075 1.5619 1.91043 -10.1722 0.000699213 0.000376464
15 20 15 0.0315243 1.91932 2.53624 9.95259 0.000239306 0.000130303
15 21 11 0.71551 1.8145 2.38507 -11.4495 0.000185203 9.81293e-05
15 22 0 0 0 0 0 0 0
15 23 0 0 0 0 0 0 0
16 0 198 0.0535608 1.20352 0.0248908 5.97412 0.00672985 0.00392895
16 1 223 0.0604571 1.22915 0.0922404 4.82244 0.00747317 0.00445903
16 2 211 0.0520669 1.1084 0.189784 6.38887 0.00745816 0.00433362
16 3 222 0.0577293 1.23024 0.269758 5.26914 0.00734274 0.00434363
16 4 227 0.059482 1.1871 0.315283 5.00389 0.00762345 0.00453472
16 5 218 0.0554697 1.21309 0.395448 5.65887 0.00715302 0.00420129
16 6 212 0.0526906 1.30474 0.486613 6.131 0.00657761 0.00382952
16 7 178 0.0516243 1.18827 0.570824 6.21952 0.00572215 0.00332025
16 8 188 0.052745 1.25779 0.618154 5.99522 0.00580832 0.00338221
16 9 178 0.048442 1.30124 0.730016 6.87203 0.00527132 0.003028
16 10 138 0.0519553 1.32993 0.832302 5.77608 0.00394542 0.00229171
16 11 168 0.057965 1.4135 0.919049 4.75077 0.00455867 0.00269871
16 12 130 0.045862 1.42528 1.00431 7.10962 0.00344027 0.00196012
16 13 130 0.0420203 1.34784 1.06451 8.24965 0.00347932 0.00195841
16 14 109 0.0425824 1.45455 1.19936 7.82529 0.00271683 0.00153195
16 15 108 0.0381891 1.50854 1.35078 9.2719 0.00254371 0.00141454
16 16 73 0.0423661 1.44552 1.45535 7.42496 0.00170156 0.000958812
16 17 58 0.0389066 1.70612 1.70067 8.23733 0.00118281 0.000659245
16 18 38 0.0338187 1.76721 1.875 9.89374 0.000731336 0.000401111
16 19 18 0.0322476 1.89547 1.84531 9.91167 0.000338551 0.000184764
16 20 16 0.0307621 2.01906 2.43021 10.4506 0.000256809 0.000139499
16 21 0 0 0 0 0 0 0
16 22 0 0 0 0 0 0 0
16 23 0 0 0 0 0 0 0
17 0 203 0.0542787 1.30554 0.0135109 5.8051 0.00656576 0.00384187
17 1 204 0.0559901 1.2929 0.0996404 5.48392 0.00662645 0.00389842
17 2 200 0.0540171 1.26816 0.198602 5.85304 0.00653792 0.00382242
17 3 217 0.0570491 1.39093 0.250845 5.2946 0.00666674 0.00393527
17 4 189 0.0536784 1.35609 0.35034 5.80869 0.0058416 0.00341165
17 5 225 0.050852 1.34217 0.410503 6.58363 0.00694466 0.00401976
17 6 164 0.0607847 1.3134 0.504875 4.37796 0.00505341 0.00301835
17 7 167 0.0493315 1.37737 0.549812 6.59831 0.00496617 0.00286076
17 8 210 0.0480875 1.40156 0.642853 7.10178 0.00607793 0.00348743
17 9 175 0.0440994 1.42427 0.742663 7.96246 0.00491963 0.00278741
17 10 131 0.0444051 1.46026 0.813979 7.55524 0.00357694 0.00202861
17 11 122 0.0510636 1.52004 0.957799 5.7478 0.00315602 0.00182802
17 12 128 0.044834 1.44773 1.00174 7.37122 0.00336272 0.00190971
17 13 116 0.0474684 1.54335 1.13089 6.50273 0.00285804 0.00163669
17 14 86 0.0318593 1.50979 1.21495 11.9417 0.00209768 0.00114341
17 15 64 0.0376285 1.66601 1.45703 8.89268 0.00140169 0.000778085
17 16 57 0.0361251 1.54184 1.45721 9.42423 0.00129273 0.000714199
17 17 36 0.0423857 1.7201 1.68602 6.57835 0.000734252 0.000413768
17 18 15 0.733159 1.74788 1.72738 -11.0425 0.000300732 0.000163272
17 19 0 0 0 0 0 0 0
17 20 0 0 0 0 0 0 0
17 21 0 0 0 0 0 0 0
17 22 0 0 0 0 0 0 0
17 23 0 0 0 0 0 0 0
18 0 209 0.050414 1.39168 0.0478541 6.61392 0.00648462 0.00374828
18 1 189 0.0521084 1.42514 0.0990072 6.12249 0.0057651 0.0033503
18 2 179 0.0511053 1.44576 0.17594 6.27366 0.00538935 0.00312201
18 3 189 0.0463087 1.41586 0.276388 7.49942 0.00572737 0.00326783
18 4 210 0.0511866 1.38306 0.32452 6.43215 0.0064297 0.00372563
18 5 173 0.0516545 1.47504 0.434912 6.08134 0.00501651 0.00291108
18 6 168 0.0527324 1.50144 0.461904 5.80695 0.0047988 0.00279426
18 7 175 0.0531815 1.48532 0.619976 5.73703 0.00491248 0.00286452
18 8 152 0.0439559 1.53119 0.671325 7.83431 0.00415017 0.00235037
18 9 133 0.0426874 1.56489 0.741008 8.05685 0.00353813 0.00199572
18 10 139 0.0445785 1.55054 0.874699 7.51778 0.00362099 0.00205472
18 11 116 0.0419637 1.62048 0.96925 8.08137 0.00288776 0.00162515
18 12 96 0.0326256 1.64675 1.01693 11.6504 0.00234397 0.00128075
18 13 85 0.0425426 1.65473 1.11181 7.54488 0.00202721 0.00114295
18 14 62 0.0404331 1.81842 1.35382 7.81322 0.00133097 0.000745413
18 15 45 0.0342971 1.68429 1.43978 9.96471 0.000984619 0.000540844
18 16 32 0.713995 1.82951 1.56224 -10.1821 0.000653327 0.00034543
18 17 24 0.730941 1.85797 1.8222 -10.6124 0.000457903 0.000247851
18 18 14 0.731639 1.7533 1.79233 -11.1221 0.000275874 0.000149465
18 19 0 0 0 0 0 0 0
18 20 0 0 0 0 0 0 0
18 21 0 0 0 0 0 0 0
18 22 0 0 0 0 0 0 0
18 23 0 0 0 0 0 0 0
19 0 162 0.0505842 1.47572 0.0374132 6.28133 0.00483282 0.002795
19 1 166 0.0498602 1.60815 0.12764 6.40905 0.00465212 0.00268434
19 2 167 0.0493971 1.50422 0.171695 6.56851 0.00489575 0.00282078
19 3 197 0.0512479 1.63217 0.297199 6.24584 0.00540954 0.00313512
19 4 145 0.048843 1.66007 0.391563 6.47357 0.00390093 0.00224366
19 5 157 0.0502919 1.60206 0.405891 6.23633 0.00432323 0.00249798
19 6 158 0.0468311 1.64206 0.481722 7.06122 0.00424025 0.00242334
19 7 142 0.0492854 1.69342 0.593205 6.30869 0.00367703 0.00211784
19 8 123 0.0441788 1.64958 0.684345 7.50818 0.00319646 0.00181153
19 9 118 0.0467838 1.68314 0.785222 6.71938 0.00297554 0.00170029
19 10 104 0.0431899 1.76296 0.885742 7.55608 0.00250096 0.00141294
19 11 84 0.0409389 1.93851 1.05606 7.96781 0.00184369 0.00103422
19 12 76 0.0416167 1.798 1.15373 7.67135 0.00171382 0.000963431
19 13 48 0.0448358 1.84387 1.22864 6.20704 0.00105029 0.000596472
19 14 54 0.0356196 2.01049 1.40984 9.46441 0.00108335 0.000597565
19 15 33 0.0386096 1.82428 1.42053 7.81832 0.000696802 0.000388001
19 16 19 0.712521 2.29953 1.81364 -10.8689 0.000326572 0.00017231
19 17 0 0 0 0 0 0 0
19 18 0 0 0 0 0 0 0
19 19 0 0 0 0 0 0 0
19 20 0 0 0 0 0 0 0
19 21 0 0 0 0 0 0 0
19 22 0 0 0 0 0 0 0
19 23 0 0 0 0 0 0 0
20 0 148 0.0467818 1.67116 0.0537959 7.0259 0.00404072 0.00230895
20 1 143 0.0501333 1.77055 0.134455 6.12573 0.0037325 0.00215557
20 2 162 0.0453183 1.64632 0.183169 7.51668 0.00445341 0.002533
20 3 147 0.0498266 1.7747 0.289928 6.21457 0.00380018 0.00219252
20 4 150 0.0437959 1.73089 0.36227 7.82618 0.00392739 0.00222308
20 5 125 0.0494101 1.80713 0.466408 6.12135 0.00314018 0.00180935
20 6 127 0.050235 1.77063 0.508962 5.95552 0.00322261 0.0018617
20 7 106 0.0427319 1.77488 0.637289 7.7508 0.00264144 0.00149014
20 8 104 0.0404774 1.95999 0.75569 8.37832 0.00237778 0.00133187
20 9 84 0.0427826 1.73775 0.779906 7.49472 0.00207694 0.00117188
20 10 91 0.0334713 1.87804 0.900981 11.1143 0.00209489 0.00114771
20 11 59 0.0426442 2.12765 1.07843 7.00001 0.00121335 0.000684309
20 12 61 0.0386652 2.07068 1.26782 8.37044 0.00123567 0.000688181
20 13 37 0.73049 2.00187 1.25505 -10.0945 0.000767087 0.000414947
20 14 21 0.726486 2.07932 1.55021 -10.7235 0.00040185 0.000216185
20 15 16 0.0329214 2.20967 1.61166 9.41787 0.000292255 0.000159838
20 16 0 0 0 0 0 0 0
20 17 0 0 0 0 0 0 0
20 18 0 0 0 0 0 0 0
20 19 0 0 0 0 0 0 0
20 20 0 0 0 0 0 0 0
20 21 0 0 0 0 0 0 0
20 22 0 0 0 0 0 0 0
20 23 0 0 0 0 0 0 0
21 0 135 0.0447584 1.86938 0.0487951 7.39959 0.00338623 0.0019226
21 1 130 0.0478567 1.84701 0.123673 6.54451 0.00328658 0.00188441
21 2 114 0.0443876 1.91479 0.195866 7.31382 0.00279562 0.00158541
21 3 105 0.045289 1.83283 0.295461 7.00517 0.00264862 0.00150634
21 4 85 0.0428446 1.84461 0.393775 7.49515 0.00211783 0.00119518
21 5 90 0.0433249 1.96504 0.490065 7.3498 0.0021195 0.00119794
21 6 93 0.0373498 1.93068 0.583379 9.45232 0.00219742 0.00121873
21 7 91 0.0434122 1.97274 0.71308 7.30617 0.00208295 0.00117761
21 8 65 0.0440067 1.99611 0.769353 6.77756 0.00146413 0.000829315
21 9 63 0.0377827 1.96677 0.850815 8.8434 0.00141709 0.000787019
21 10 51 0.0338677 2.22947 1.09005 10.1969 0.0010139 0.000556171
21 11 34 0.731784 2.336 1.12027 -10.2638 0.00065124 0.000352905
21 12 29 0.722187 2.18136 1.18616 -10.344 0.000576266 0.000308182
21 13 23 0.719654 2.35832 1.37848 -10.6478 0.000420568 0.000224127
21 14 13 0.721407 2.50136 1.77447 -11.3295 0.000214365 0.000114516
21 15 0 0 0 0 0 0 0
21 16 0 0 0 0 0 0 0
21 17 0 0 0 0 0 0 0
21 18 0 0 0 0 0 0 0
21 19 0 0 0 0 0 0 0
21 20 0 0 0 0 0 0 0
21 21 0 0 0 0 0 0 0
21 22 0 0 0 0 0 0 0
21 23 0 0 0 0 0 0 0
22 0 95 0.0460225 1.98686 0.0517926 6.65104 0.00227117 0.00129468
22 1 106 0.0347427 1.96214 0.105758 10.7136 0.00255727 0.00140667
22 2 84 0.0351806 2.11123 0.183499 10.2228 0.00190676 0.0010503
22 3 77 0.0387011 1.99289 0.302846 8.7444 0.00182018 0.00101383
22 4 78 0.045741 2.03021 0.437268 6.49472 0.00179998 0.00102516
22 5 85 0.0386269 2.1744 0.506268 8.78732 0.00184822 0.0010292
22 6 59 0.03455 2.09941 0.58328 10.1322 0.00130902 0.00071961
22 7 62 0.037193 2.10145 0.703696 9.03248 0.00135642 0.000751919
22 8 46 0.0367046 2.14342 0.691774 8.91868 0.000992901 0.000549558
22 9 42 0.0320575 2.50469 0.927378 10.8509 0.000783345 0.000427254
22 10 25 0.0348654 2.21807 1.02221 9.0335 0.000503883 0.000277277
22 11 19 0.722042 2.62894 1.31375 -10.9144 0.000325551 0.000174067
22 12 10 0.732195 2.60907 1.51649 -11.6246 0.000167314 9.07177e-05
22 13 0 0 0 0 0 0 0
22 14 0 0 0 0 0 0 0
22 15 0 0 0 0 0 0 0
22 16 0 0 0 0 0 0 0
22 17 0 0 0 0 0 0 0
22 18 0 0 0 0 0 0 0
22 19 0 0 0 0 0 0 0
22 20 0 0 0 0 0 0 0
22 21 0 0 0 0 0 0 0
22 22 0 0 0 0 0 0 0
22 23 0 0 0 0 0 0 0
23 0 56 0.0436722 2.27738 0.00692111 6.67513 0.00119759 0.000677621
23 1 51 0.0405111 2.24247 0.0725025 7.5999 0.00110436 0.000618654
23 2 39 0.0350194 2.27807 0.318725 9.45961 0.000827067 0.00045534
23 3 53 0.0449639 2.29392 0.327574 6.23254 0.00111704 0.000634637
23 4 41 0.733214 2.11897 0.38785 -9.92646 0.000918268 0.000498579
23 5 50 0.0372006 2.47958 0.607878 8.69413 0.000969987 0.000537718
23 6 33 0.0370711 2.52494 0.623204 8.31454 0.000629973 0.000349086
23 7 34 0.0416498 2.52117 0.810319 6.67388 0.00063889 0.000359192
23 8 25 0.727419 2.39036 0.812792 -10.5299 0.000489686 0.000263777
23 9 16 0.0341916 2.72135 1.01799 8.74579 0.000276968 0.000152086
23 10 16 0.0417755 2.74586 1.22614 5.76654 0.000268551 0.000151043
23 11 0 0 0 0 0 0 0
23 12 0 0 0 0 0 0 0
23 13 0 0 0 0 0 0 0
23 14 0 0 0 0 0 0 0
23 15 0 0 0 0 0 0 0
23 16 0 0 0 0 0 0 0
23 17 0 0 0 0 0 0 0
23 18 0 0 0 0 0 0 0
23 19 0 0 0 0 0 0 0
23 20 0 0 0 0 0 0 0
23 21 0 0 0 0 0 0 0
23 22 0 0 0 0 0 0 0
23 23 0 0 0 0 0 0 0
