#  ix    iy     NB       E/N    TB    UxB       UyB       muB       rhoB     epsilonB
0 0 11 0.721567 0.0864426 0.0129486 -10.9031 0.000668184 0.000860163
0 1 12 0.718493 0.0998573 0.0868714 -10.8046 0.000725381 0.000929817
0 2 0 0 0 0 0 0 0
0 3 10 0.722417 -0.0132904 0.38536 -11.0684 0.000568927 0.000733251
0 4 11 0.724944 -0.0292251 0.357449 -10.9776 0.000631356 0.000816558
0 5 0 0 0 0 0 0 0
0 6 0 0 0 0 0 0 0
0 7 0 0 0 0 0 0 0
0 8 15 0.711375 -0.0056685 0.415312 -10.6141 0.000844672 0.001072
0 9 0 0 0 0 0 0 0
0 10 13 0.710938 0.0500283 0.710765 -10.8806 0.00064557 0.000818811
0 11 10 0.712419 -0.0163949 0.650947 -11.1224 0.000510977 0.000649449
0 12 0 0 0 0 0 0 0
0 13 17 0.698617 0.072601 0.818951 -10.5978 0.000800708 0.000997979
0 14 0 0 0 0 0 0 0
0 15 0 0 0 0 0 0 0
0 16 12 0.713678 0.0439992 0.963385 -11.0989 0.000526688 0.000670601
0 17 10 0.702051 0.0871483 1.25974 -11.3659 0.000378553 0.000474137
0 18 0 0 0 0 0 0 0
0 19 0 0 0 0 0 0 0
0 20 0 0 0 0 0 0 0
0 21 0 0 0 0 0 0 0
0 22 0 0 0 0 0 0 0
0 23 0 0 0 0 0 0 0
1 0 0 0 0 0 0 0 0
1 1 10 0.732385 0.10955 0.0757627 -11.0601 0.000604418 0.000789742
1 2 0 0 0 0 0 0 0
1 3 0 0 0 0 0 0 0
1 4 13 0.710814 0.120484 0.214553 -10.704 0.000769722 0.000976109
1 5 0 0 0 0 0 0 0
1 6 0 0 0 0 0 0 0
1 7 13 0.712397 0.111252 0.38777 -10.7586 0.000735119 0.000934304
1 8 11 0.717136 0.0541584 0.401922 -10.9518 0.000621561 0.000795232
1 9 17 0.720891 0.0391811 0.60106 -10.6151 0.000887948 0.001142
1 10 0 0 0 0 0 0 0
1 11 10 0.712033 0.0897789 0.626564 -11.112 0.00051522 0.000654487
1 12 0 0 0 0 0 0 0
1 13 0 0 0 0 0 0 0
1 14 10 0.719421 0.0155984 0.786184 -11.2239 0.000479317 0.000615197
1 15 0 0 0 0 0 0 0
1 16 0 0 0 0 0 0 0
1 17 12 0.706085 0.216293 1.2747 -11.2203 0.00044766 0.000563915
1 18 0 0 0 0 0 0 0
1 19 0 0 0 0 0 0 0
1 20 0 0 0 0 0 0 0
1 21 0 0 0 0 0 0 0
1 22 0 0 0 0 0 0 0
1 23 0 0 0 0 0 0 0
2 0 13 0.0892438 0.0887523 -0.0181021 4.81513 0.000789451 0.00105383
2 1 0 0 0 0 0 0 0
2 2 10 0.0782294 0.000959138 0.0945368 6.64261 0.000607049 0.000798726
2 3 0 0 0 0 0 0 0
2 4 0 0 0 0 0 0 0
2 5 0 0 0 0 0 0 0
2 6 0 0 0 0 0 0 0
2 7 0 0 0 0 0 0 0
2 8 10 0.7151 0.153321 0.54283 -11.0982 0.000531092 0.000677555
2 9 0 0 0 0 0 0 0
2 10 12 0.730962 0.102627 0.633276 -11.034 0.000615866 0.000803135
2 11 11 0.726732 0.207299 0.729548 -11.1537 0.000534416 0.000692886
2 12 10 0.711963 0.117492 0.784751 -11.1874 0.000477651 0.000606703
2 13 0 0 0 0 0 0 0
2 14 0 0 0 0 0 0 0
2 15 0 0 0 0 0 0 0
2 16 11 0.704622 0.2112 1.08283 -11.2061 0.000450457 0.000566262
2 17 0 0 0 0 0 0 0
2 18 0 0 0 0 0 0 0
2 19 0 0 0 0 0 0 0
2 20 0 0 0 0 0 0 0
2 21 0 0 0 0 0 0 0
2 22 0 0 0 0 0 0 0
2 23 0 0 0 0 0 0 0
3 0 17 0.716662 0.161592 0.0200351 -10.4509 0.00102311 0.00130811
3 1 0 0 0 0 0 0 0
3 2 0 0 0 0 0 0 0
3 3 11 0.0854222 0.0613989 0.207962 5.29666 0.000655499 0.000870644
3 4 11 0.0753158 0.180948 0.31629 7.32941 0.000630196 0.000826024
3 5 0 0 0 0 0 0 0
3 6 10 0.720437 0.153564 0.386535 -11.0683 0.000563001 0.000723624
3 7 0 0 0 0 0 0 0
3 8 12 0.0904257 0.106486 0.518617 4.41997 0.000646668 0.000864571
3 9 10 0.717253 0.249687 0.609571 -11.1518 0.000509206 0.00065159
3 10 0 0 0 0 0 0 0
3 11 0 0 0 0 0 0 0
3 12 0 0 0 0 0 0 0
3 13 14 0.0841979 0.28242 0.854011 5.4903 0.000634678 0.000841637
3 14 0 0 0 0 0 0 0
3 15 0 0 0 0 0 0 0
3 16 0 0 0 0 0 0 0
3 17 0 0 0 0 0 0 0
3 18 0 0 0 0 0 0 0
3 19 0 0 0 0 0 0 0
3 20 0 0 0 0 0 0 0
3 21 0 0 0 0 0 0 0
3 22 0 0 0 0 0 0 0
3 23 0 0 0 0 0 0 0
4 0 0 0 0 0 0 0 0
4 1 18 0.729028 0.384192 0.071608 -10.5171 0.00102227 0.00132959
4 2 10 0.710697 0.198122 0.180371 -10.971 0.000588982 0.000746784
4 3 0 0 0 0 0 0 0
4 4 10 0.720582 0.292932 0.239435 -11.0562 0.000570304 0.000733159
4 5 11 0.706874 0.205156 0.386952 -10.908 0.000614389 0.000774807
4 6 12 0.720077 0.212869 0.398246 -10.8971 0.000666868 0.000856697
4 7 0 0 0 0 0 0 0
4 8 0 0 0 0 0 0 0
4 9 10 0.716025 0.256698 0.596351 -11.1409 0.000511421 0.000653303
4 10 0 0 0 0 0 0 0
4 11 0 0 0 0 0 0 0
4 12 12 0.731297 0.299973 0.727587 -11.1044 0.000574996 0.000750182
4 13 0 0 0 0 0 0 0
4 14 0 0 0 0 0 0 0
4 15 0 0 0 0 0 0 0
4 16 0 0 0 0 0 0 0
4 17 0 0 0 0 0 0 0
4 18 0 0 0 0 0 0 0
4 19 0 0 0 0 0 0 0
4 20 0 0 0 0 0 0 0
4 21 0 0 0 0 0 0 0
4 22 0 0 0 0 0 0 0
4 23 0 0 0 0 0 0 0
5 0 10 0.0841946 0.321583 -0.0222648 5.40143 0.000580349 0.000769588
5 1 0 0 0 0 0 0 0
5 2 11 0.717938 0.385563 0.0828235 -10.9522 0.000623965 0.0007992
5 3 10 0.708183 0.359164 0.197326 -11.0003 0.000564218 0.000712853
5 4 0 0 0 0 0 0 0
5 5 0 0 0 0 0 0 0
5 6 12 0.717267 0.350104 0.259494 -10.8763 0.00067078 0.00085836
5 7 0 0 0 0 0 0 0
5 8 0 0 0 0 0 0 0
5 9 0 0 0 0 0 0 0
5 10 11 0.705156 0.301073 0.61914 -11.0049 0.000552463 0.000695019
5 11 0 0 0 0 0 0 0
5 12 0 0 0 0 0 0 0
5 13 0 0 0 0 0 0 0
5 14 0 0 0 0 0 0 0
5 15 0 0 0 0 0 0 0
5 16 0 0 0 0 0 0 0
5 17 0 0 0 0 0 0 0
5 18 0 0 0 0 0 0 0
5 19 0 0 0 0 0 0 0
5 20 0 0 0 0 0 0 0
5 21 0 0 0 0 0 0 0
5 22 0 0 0 0 0 0 0
5 23 0 0 0 0 0 0 0
6 0 0 0 0 0 0 0 0
6 1 0 0 0 0 0 0 0
6 2 0 0 0 0 0 0 0
6 3 0 0 0 0 0 0 0
6 4 0 0 0 0 0 0 0
6 5 0 0 0 0 0 0 0
6 6 11 0.0771818 0.467897 0.448883 6.79502 0.000562782 0.000739466
6 7 10 0.715383 0.391751 0.45146 -11.1143 0.000523384 0.000667986
6 8 0 0 0 0 0 0 0
6 9 13 0.075016 0.303894 0.562154 7.45712 0.000667946 0.000875161
6 10 0 0 0 0 0 0 0
6 11 14 0.718552 0.450969 0.715459 -10.9118 0.000651808 0.000835577
6 12 10 0.717543 0.374646 0.655895 -11.1989 0.000486552 0.000622852
6 13 0 0 0 0 0 0 0
6 14 0 0 0 0 0 0 0
6 15 0 0 0 0 0 0 0
6 16 0 0 0 0 0 0 0
6 17 0 0 0 0 0 0 0
6 18 0 0 0 0 0 0 0
6 19 0 0 0 0 0 0 0
6 20 0 0 0 0 0 0 0
6 21 0 0 0 0 0 0 0
6 22 0 0 0 0 0 0 0
6 23 0 0 0 0 0 0 0
7 0 10 0.724747 0.363357 -0.0833538 -11.0764 0.000571346 0.000738743
7 1 11 0.712039 0.350053 0.187507 -10.9215 0.000623378 0.000791887
7 2 14 0.087484 0.40221 0.226653 5.09725 0.000775047 0.00103222
7 3 0 0 0 0 0 0 0
7 4 10 0.724315 0.426874 0.37045 -11.1477 0.000530834 0.000685954
7 5 0 0 0 0 0 0 0
7 6 0 0 0 0 0 0 0
7 7 14 0.719809 0.562419 0.462543 -10.8615 0.000690083 0.00088619
7 8 11 0.709317 0.342107 0.402201 -10.9565 0.000593126 0.000750578
7 9 0 0 0 0 0 0 0
7 10 0 0 0 0 0 0 0
7 11 11 0.726713 0.373956 0.802849 -11.2159 0.000502113 0.000650988
7 12 11 0.702857 0.48586 0.785983 -11.107 0.000492622 0.000617716
7 13 0 0 0 0 0 0 0
7 14 0 0 0 0 0 0 0
7 15 0 0 0 0 0 0 0
7 16 0 0 0 0 0 0 0
7 17 0 0 0 0 0 0 0
7 18 0 0 0 0 0 0 0
7 19 0 0 0 0 0 0 0
7 20 0 0 0 0 0 0 0
7 21 0 0 0 0 0 0 0
7 22 0 0 0 0 0 0 0
7 23 0 0 0 0 0 0 0
8 0 15 0.716639 0.472265 0.0102921 -10.6636 0.000827007 0.00105735
8 1 12 0.728106 0.505494 0.111797 -10.9654 0.000649791 0.000844067
8 2 15 0.718898 0.611192 0.0717409 -10.7355 0.000778955 0.000999051
8 3 12 0.706148 0.541001 0.150167 -10.8663 0.000638023 0.000803785
8 4 0 0 0 0 0 0 0
8 5 0 0 0 0 0 0 0
8 6 12 0.719544 0.581872 0.347489 -10.9905 0.000605706 0.000777548
8 7 0 0 0 0 0 0 0
8 8 13 0.0786013 0.55551 0.629043 6.56325 0.000607195 0.000799307
8 9 0 0 0 0 0 0 0
8 10 12 0.0915034 0.604382 0.743964 4.04341 0.000528235 0.00070723
8 11 10 0.715781 0.604355 0.619182 -11.2431 0.000461113 0.000588837
8 12 0 0 0 0 0 0 0
8 13 0 0 0 0 0 0 0
8 14 10 0.700052 0.629481 0.909044 -11.2775 0.000409001 0.000510814
8 15 0 0 0 0 0 0 0
8 16 0 0 0 0 0 0 0
8 17 0 0 0 0 0 0 0
8 18 0 0 0 0 0 0 0
8 19 0 0 0 0 0 0 0
8 20 0 0 0 0 0 0 0
8 21 0 0 0 0 0 0 0
8 22 0 0 0 0 0 0 0
8 23 0 0 0 0 0 0 0
9 0 11 0.726303 0.724352 -0.0556741 -11.1361 0.000542647 0.000703143
9 1 0 0 0 0 0 0 0
9 2 12 0.703383 0.630686 0.0161148 -10.8817 0.000618842 0.000776569
9 3 15 0.711566 0.534223 0.251028 -10.6851 0.000787656 0.000999908
9 4 0 0 0 0 0 0 0
9 5 15 0.722397 0.67162 0.366571 -10.8239 0.000726393 0.000936171
9 6 0 0 0 0 0 0 0
9 7 12 0.724246 0.744371 0.524407 -11.1283 0.000541028 0.00069906
9 8 12 0.717931 0.617362 0.589192 -11.0665 0.000556583 0.000712887
9 9 15 0.719132 0.559808 0.57336 -10.8242 0.000713747 0.000915717
9 10 10 0.703888 0.662208 0.610669 -11.1964 0.000453048 0.000568927
9 11 11 0.714717 0.602585 0.752121 -11.1912 0.000482954 0.000615812
9 12 0 0 0 0 0 0 0
9 13 0 0 0 0 0 0 0
9 14 0 0 0 0 0 0 0
9 15 0 0 0 0 0 0 0
9 16 0 0 0 0 0 0 0
9 17 0 0 0 0 0 0 0
9 18 0 0 0 0 0 0 0
9 19 0 0 0 0 0 0 0
9 20 0 0 0 0 0 0 0
9 21 0 0 0 0 0 0 0
9 22 0 0 0 0 0 0 0
9 23 0 0 0 0 0 0 0
10 0 16 0.721926 0.734376 -0.0132462 -10.7422 0.0007863 0.00101272
10 1 0 0 0 0 0 0 0
10 2 11 0.0820085 0.896204 0.243584 5.65444 0.000491472 0.000649866
10 3 10 0.717332 0.82018 0.238604 -11.246 0.000463639 0.000593346
10 4 11 0.099283 0.557956 0.291213 2.96316 0.000567659 0.000767817
10 5 0 0 0 0 0 0 0
10 6 0 0 0 0 0 0 0
10 7 10 0.70567 0.732842 0.382352 -11.1694 0.000469983 0.000591686
10 8 12 0.7162 0.608 0.549627 -11.0406 0.000565915 0.000723092
10 9 0 0 0 0 0 0 0
10 10 0 0 0 0 0 0 0
10 11 13 0.7207 0.835942 0.933477 -11.1996 0.000494445 0.000635742
10 12 0 0 0 0 0 0 0
10 13 0 0 0 0 0 0 0
10 14 0 0 0 0 0 0 0
10 15 0 0 0 0 0 0 0
10 16 0 0 0 0 0 0 0
10 17 0 0 0 0 0 0 0
10 18 0 0 0 0 0 0 0
10 19 0 0 0 0 0 0 0
10 20 0 0 0 0 0 0 0
10 21 0 0 0 0 0 0 0
10 22 0 0 0 0 0 0 0
10 23 0 0 0 0 0 0 0
11 0 16 0.0777571 0.8094 0.0356938 6.96687 0.000758042 0.000996778
11 1 11 0.717094 0.819885 0.0230936 -11.1327 0.000518602 0.000663466
11 2 0 0 0 0 0 0 0
11 3 14 0.703055 0.78515 0.276395 -10.8215 0.000656106 0.000822947
11 4 14 0.098432 0.7975 0.333888 3.20981 0.000645769 0.000872493
11 5 14 0.717207 0.701762 0.34248 -10.8729 0.000672827 0.000860907
11 6 20 0.71823 0.655622 0.357134 -10.5052 0.000977211 0.00125216
11 7 18 0.720128 0.743928 0.557431 -10.7105 0.000803873 0.00103277
11 8 0 0 0 0 0 0 0
11 9 0 0 0 0 0 0 0
11 10 0 0 0 0 0 0 0
11 11 14 0.704747 0.789303 0.760306 -10.962 0.000575397 0.000723452
11 12 0 0 0 0 0 0 0
11 13 0 0 0 0 0 0 0
11 14 0 0 0 0 0 0 0
11 15 0 0 0 0 0 0 0
11 16 0 0 0 0 0 0 0
11 17 0 0 0 0 0 0 0
11 18 0 0 0 0 0 0 0
11 19 0 0 0 0 0 0 0
11 20 0 0 0 0 0 0 0
11 21 0 0 0 0 0 0 0
11 22 0 0 0 0 0 0 0
11 23 0 0 0 0 0 0 0
12 0 12 0.717664 0.825969 -0.0331327 -11.0519 0.000563967 0.000722076
12 1 16 0.717088 0.758149 0.131432 -10.7332 0.000773207 0.000989182
12 2 0 0 0 0 0 0 0
12 3 14 0.711772 0.907575 0.326422 -10.9345 0.000614438 0.000780239
12 4 13 0.0840943 1.0502 0.306464 5.33849 0.00053481 0.000709107
12 5 10 0.732599 0.891221 0.34874 -11.3775 0.000440525 0.000575764
12 6 13 0.0772881 0.923092 0.527208 6.73605 0.000543131 0.000713746
12 7 13 0.719096 0.909266 0.52031 -11.0894 0.000547331 0.000702174
12 8 10 0.696929 0.839725 0.612759 -11.2272 0.000422728 0.000525603
12 9 11 0.720543 0.721661 0.646911 -11.225 0.000481646 0.00061915
12 10 0 0 0 0 0 0 0
12 11 0 0 0 0 0 0 0
12 12 0 0 0 0 0 0 0
12 13 0 0 0 0 0 0 0
12 14 0 0 0 0 0 0 0
12 15 0 0 0 0 0 0 0
12 16 0 0 0 0 0 0 0
12 17 0 0 0 0 0 0 0
12 18 0 0 0 0 0 0 0
12 19 0 0 0 0 0 0 0
12 20 0 0 0 0 0 0 0
12 21 0 0 0 0 0 0 0
12 22 0 0 0 0 0 0 0
12 23 0 0 0 0 0 0 0
13 0 15 0.0828144 0.969571 0.0161197 5.78714 0.000656614 0.000869148
13 1 0 0 0 0 0 0 0
13 2 0 0 0 0 0 0 0
13 3 23 0.720703 0.833409 0.248953 -10.4387 0.00105817 0.00136056
13 4 0 0 0 0 0 0 0
13 5 11 0.726819 0.821577 0.336582 -11.2176 0.00050157 0.000650379
13 6 13 0.713674 1.07367 0.426179 -11.1139 0.000518816 0.000660573
13 7 0 0 0 0 0 0 0
13 8 14 0.709679 0.923819 0.582071 -10.9868 0.000576553 0.000729978
13 9 11 0.712868 1.01558 0.596296 -11.2878 0.000434135 0.000552131
13 10 0 0 0 0 0 0 0
13 11 0 0 0 0 0 0 0
13 12 0 0 0 0 0 0 0
13 13 0 0 0 0 0 0 0
13 14 0 0 0 0 0 0 0
13 15 0 0 0 0 0 0 0
13 16 0 0 0 0 0 0 0
13 17 0 0 0 0 0 0 0
13 18 0 0 0 0 0 0 0
13 19 0 0 0 0 0 0 0
13 20 0 0 0 0 0 0 0
13 21 0 0 0 0 0 0 0
13 22 0 0 0 0 0 0 0
13 23 0 0 0 0 0 0 0
14 0 0 0 0 0 0 0 0
14 1 11 0.708947 0.922159 0.169053 -11.1469 0.000489317 0.000618888
14 2 0 0 0 0 0 0 0
14 3 11 0.722067 0.968823 0.342994 -11.2623 0.000467745 0.000602553
14 4 0 0 0 0 0 0 0
14 5 11 0.714637 0.915936 0.256918 -11.1845 0.000485968 0.000619585
14 6 13 0.690625 1.07089 0.313795 -10.9677 0.000529012 0.000651802
14 7 0 0 0 0 0 0 0
14 8 0 0 0 0 0 0 0
14 9 10 0.0746152 1.17162 0.673348 6.94033 0.000362713 0.000474988
14 10 0 0 0 0 0 0 0
14 11 0 0 0 0 0 0 0
14 12 0 0 0 0 0 0 0
14 13 0 0 0 0 0 0 0
14 14 0 0 0 0 0 0 0
14 15 0 0 0 0 0 0 0
14 16 0 0 0 0 0 0 0
14 17 0 0 0 0 0 0 0
14 18 0 0 0 0 0 0 0
14 19 0 0 0 0 0 0 0
14 20 0 0 0 0 0 0 0
14 21 0 0 0 0 0 0 0
14 22 0 0 0 0 0 0 0
14 23 0 0 0 0 0 0 0
15 0 10 0.724107 1.03219 0.0815821 -11.3723 0.000423597 0.000547222
15 1 14 0.69954 1.18772 0.137233 -10.9827 0.000547678 0.000683512
15 2 10 0.710402 1.20198 0.205618 -11.3903 0.000386647 0.000490035
15 3 10 0.708489 1.19904 0.221875 -11.3799 0.000386656 0.000488727
15 4 10 0.703356 1.05583 0.335905 -11.2968 0.000408542 0.000512649
15 5 0 0 0 0 0 0 0
15 6 0 0 0 0 0 0 0
15 7 0 0 0 0 0 0 0
15 8 0 0 0 0 0 0 0
15 9 12 0.712452 1.03004 0.721108 -11.2376 0.000455455 0.000578907
15 10 0 0 0 0 0 0 0
15 11 0 0 0 0 0 0 0
15 12 0 0 0 0 0 0 0
15 13 0 0 0 0 0 0 0
15 14 0 0 0 0 0 0 0
15 15 0 0 0 0 0 0 0
15 16 0 0 0 0 0 0 0
15 17 0 0 0 0 0 0 0
15 18 0 0 0 0 0 0 0
15 19 0 0 0 0 0 0 0
15 20 0 0 0 0 0 0 0
15 21 0 0 0 0 0 0 0
15 22 0 0 0 0 0 0 0
15 23 0 0 0 0 0 0 0
16 0 0 0 0 0 0 0 0
16 1 0 0 0 0 0 0 0
16 2 0 0 0 0 0 0 0
16 3 10 0.714673 1.3211 0.24424 -11.4735 0.000364077 0.000464204
16 4 0 0 0 0 0 0 0
16 5 0 0 0 0 0 0 0
16 6 11 0.716142 1.35513 0.531922 -11.4392 0.000379768 0.000485206
16 7 0 0 0 0 0 0 0
16 8 10 0.705216 1.09218 0.520897 -11.3575 0.000388435 0.000488707
16 9 0 0 0 0 0 0 0
16 10 0 0 0 0 0 0 0
16 11 0 0 0 0 0 0 0
16 12 0 0 0 0 0 0 0
16 13 0 0 0 0 0 0 0
16 14 0 0 0 0 0 0 0
16 15 0 0 0 0 0 0 0
16 16 0 0 0 0 0 0 0
16 17 0 0 0 0 0 0 0
16 18 0 0 0 0 0 0 0
16 19 0 0 0 0 0 0 0
16 20 0 0 0 0 0 0 0
16 21 0 0 0 0 0 0 0
16 22 0 0 0 0 0 0 0
16 23 0 0 0 0 0 0 0
17 0 0 0 0 0 0 0 0
17 1 0 0 0 0 0 0 0
17 2 12 0.699554 1.3797 0.291528 -11.2405 0.000423258 0.000528245
17 3 0 0 0 0 0 0 0
17 4 0 0 0 0 0 0 0
17 5 10 0.716695 1.4177 0.430886 -11.5495 0.000341102 0.000436141
17 6 0 0 0 0 0 0 0
17 7 0 0 0 0 0 0 0
17 8 0 0 0 0 0 0 0
17 9 0 0 0 0 0 0 0
17 10 0 0 0 0 0 0 0
17 11 0 0 0 0 0 0 0
17 12 0 0 0 0 0 0 0
17 13 0 0 0 0 0 0 0
17 14 0 0 0 0 0 0 0
17 15 0 0 0 0 0 0 0
17 16 0 0 0 0 0 0 0
17 17 0 0 0 0 0 0 0
17 18 0 0 0 0 0 0 0
17 19 0 0 0 0 0 0 0
17 20 0 0 0 0 0 0 0
17 21 0 0 0 0 0 0 0
17 22 0 0 0 0 0 0 0
17 23 0 0 0 0 0 0 0
18 0 0 0 0 0 0 0 0
18 1 0 0 0 0 0 0 0
18 2 0 0 0 0 0 0 0
18 3 0 0 0 0 0 0 0
18 4 0 0 0 0 0 0 0
18 5 0 0 0 0 0 0 0
18 6 0 0 0 0 0 0 0
18 7 0 0 0 0 0 0 0
18 8 0 0 0 0 0 0 0
18 9 0 0 0 0 0 0 0
18 10 0 0 0 0 0 0 0
18 11 0 0 0 0 0 0 0
18 12 0 0 0 0 0 0 0
18 13 0 0 0 0 0 0 0
18 14 0 0 0 0 0 0 0
18 15 0 0 0 0 0 0 0
18 16 0 0 0 0 0 0 0
18 17 0 0 0 0 0 0 0
18 18 0 0 0 0 0 0 0
18 19 0 0 0 0 0 0 0
18 20 0 0 0 0 0 0 0
18 21 0 0 0 0 0 0 0
18 22 0 0 0 0 0 0 0
18 23 0 0 0 0 0 0 0
19 0 0 0 0 0 0 0 0
19 1 0 0 0 0 0 0 0
19 2 0 0 0 0 0 0 0
19 3 0 0 0 0 0 0 0
19 4 0 0 0 0 0 0 0
19 5 0 0 0 0 0 0 0
19 6 0 0 0 0 0 0 0
19 7 0 0 0 0 0 0 0
19 8 0 0 0 0 0 0 0
19 9 0 0 0 0 0 0 0
19 10 0 0 0 0 0 0 0
19 11 0 0 0 0 0 0 0
19 12 0 0 0 0 0 0 0
19 13 0 0 0 0 0 0 0
19 14 0 0 0 0 0 0 0
19 15 0 0 0 0 0 0 0
19 16 0 0 0 0 0 0 0
19 17 0 0 0 0 0 0 0
19 18 0 0 0 0 0 0 0
19 19 0 0 0 0 0 0 0
19 20 0 0 0 0 0 0 0
19 21 0 0 0 0 0 0 0
19 22 0 0 0 0 0 0 0
19 23 0 0 0 0 0 0 0
20 0 0 0 0 0 0 0 0
20 1 0 0 0 0 0 0 0
20 2 0 0 0 0 0 0 0
20 3 0 0 0 0 0 0 0
20 4 0 0 0 0 0 0 0
20 5 0 0 0 0 0 0 0
20 6 0 0 0 0 0 0 0
20 7 0 0 0 0 0 0 0
20 8 0 0 0 0 0 0 0
20 9 0 0 0 0 0 0 0
20 10 0 0 0 0 0 0 0
20 11 0 0 0 0 0 0 0
20 12 0 0 0 0 0 0 0
20 13 0 0 0 0 0 0 0
20 14 0 0 0 0 0 0 0
20 15 0 0 0 0 0 0 0
20 16 0 0 0 0 0 0 0
20 17 0 0 0 0 0 0 0
20 18 0 0 0 0 0 0 0
20 19 0 0 0 0 0 0 0
20 20 0 0 0 0 0 0 0
20 21 0 0 0 0 0 0 0
20 22 0 0 0 0 0 0 0
20 23 0 0 0 0 0 0 0
21 0 0 0 0 0 0 0 0
21 1 0 0 0 0 0 0 0
21 2 0 0 0 0 0 0 0
21 3 0 0 0 0 0 0 0
21 4 0 0 0 0 0 0 0
21 5 0 0 0 0 0 0 0
21 6 0 0 0 0 0 0 0
21 7 0 0 0 0 0 0 0
21 8 0 0 0 0 0 0 0
21 9 0 0 0 0 0 0 0
21 10 0 0 0 0 0 0 0
21 11 0 0 0 0 0 0 0
21 12 0 0 0 0 0 0 0
21 13 0 0 0 0 0 0 0
21 14 0 0 0 0 0 0 0
21 15 0 0 0 0 0 0 0
21 16 0 0 0 0 0 0 0
21 17 0 0 0 0 0 0 0
21 18 0 0 0 0 0 0 0
21 19 0 0 0 0 0 0 0
21 20 0 0 0 0 0 0 0
21 21 0 0 0 0 0 0 0
21 22 0 0 0 0 0 0 0
21 23 0 0 0 0 0 0 0
22 0 0 0 0 0 0 0 0
22 1 0 0 0 0 0 0 0
22 2 0 0 0 0 0 0 0
22 3 0 0 0 0 0 0 0
22 4 0 0 0 0 0 0 0
22 5 0 0 0 0 0 0 0
22 6 0 0 0 0 0 0 0
22 7 0 0 0 0 0 0 0
22 8 0 0 0 0 0 0 0
22 9 0 0 0 0 0 0 0
22 10 0 0 0 0 0 0 0
22 11 0 0 0 0 0 0 0
22 12 0 0 0 0 0 0 0
22 13 0 0 0 0 0 0 0
22 14 0 0 0 0 0 0 0
22 15 0 0 0 0 0 0 0
22 16 0 0 0 0 0 0 0
22 17 0 0 0 0 0 0 0
22 18 0 0 0 0 0 0 0
22 19 0 0 0 0 0 0 0
22 20 0 0 0 0 0 0 0
22 21 0 0 0 0 0 0 0
22 22 0 0 0 0 0 0 0
22 23 0 0 0 0 0 0 0
23 0 0 0 0 0 0 0 0
23 1 0 0 0 0 0 0 0
23 2 0 0 0 0 0 0 0
23 3 0 0 0 0 0 0 0
23 4 0 0 0 0 0 0 0
23 5 0 0 0 0 0 0 0
23 6 0 0 0 0 0 0 0
23 7 0 0 0 0 0 0 0
23 8 0 0 0 0 0 0 0
23 9 0 0 0 0 0 0 0
23 10 0 0 0 0 0 0 0
23 11 0 0 0 0 0 0 0
23 12 0 0 0 0 0 0 0
23 13 0 0 0 0 0 0 0
23 14 0 0 0 0 0 0 0
23 15 0 0 0 0 0 0 0
23 16 0 0 0 0 0 0 0
23 17 0 0 0 0 0 0 0
23 18 0 0 0 0 0 0 0
23 19 0 0 0 0 0 0 0
23 20 0 0 0 0 0 0 0
23 21 0 0 0 0 0 0 0
23 22 0 0 0 0 0 0 0
23 23 0 0 0 0 0 0 0
