#  ix    iy     NB       E/N    TB    UxB       UyB       muB       rhoB     epsilonB
0 0 39 0.005 0.0699841 0.157139 216.712 0.00291178 0.00315509
0 1 44 0.005 0.0813936 0.0997421 219.841 0.00330605 0.00363402
0 2 42 0.005 0.061656 0.0749483 223.669 0.00316694 0.00354174
0 3 33 0.005 -0.015369 0.193791 217.482 0.00245406 0.00266857
0 4 47 0.005 0.0595781 0.23104 219.269 0.00346339 0.00379706
0 5 43 0.005 0.0429067 0.311154 219.324 0.00310787 0.00340816
0 6 40 0.005 0.123395 0.526868 219.538 0.00266513 0.00292548
0 7 38 0.005 0.0908727 0.470371 221.357 0.00259624 0.00287347
0 8 50 0.005 0.0774189 0.572457 215.42 0.00327995 0.00353283
0 9 54 0.005 0.0597137 0.708049 211.121 0.00333477 0.00352021
0 10 39 0.005 0.0702282 0.693858 220.178 0.00242341 0.00266791
0 11 42 0.005 0.00306205 0.879081 208.472 0.00238972 0.00249094
0 12 38 0.005 0.141274 0.86193 211.42 0.00216819 0.00229199
0 13 44 0.005 0.00204257 1.04398 209.031 0.00230578 0.00240989
0 14 33 0.005 0.0573063 1.15184 210.049 0.0016378 0.00172009
0 15 32 0.005 -0.00997691 1.33655 205.209 0.00145227 0.0014901
0 16 13 0.005 -0.0424593 1.49071 209.921 0.000548491 0.0005757
0 17 17 0.005 0.16703 1.78476 202.08 0.000627429 0.000633954
0 18 0 0 0 0 0 0 0
0 19 0 0 0 0 0 0 0
0 20 0 0 0 0 0 0 0
0 21 0 0 0 0 0 0 0
0 22 0 0 0 0 0 0 0
0 23 0 0 0 0 0 0 0
1 0 48 0.005 0.0965138 0.0907585 211.991 0.00360486 0.00382099
1 1 47 0.005 0.0790973 0.0580426 222.835 0.00354359 0.00394819
1 2 42 0.005 0.0769413 0.119931 232.583 0.00315 0.00366318
1 3 34 0.005 0.0649905 0.301331 218.402 0.00246146 0.00268794
1 4 42 0.005 0.148207 0.30035 219.7 0.00301709 0.00331427
1 5 47 0.005 0.107005 0.346799 219.084 0.00334699 0.00366636
1 6 47 0.005 0.129858 0.524541 218.569 0.0031325 0.00342334
1 7 48 0.005 0.142159 0.490752 219.881 0.00323819 0.00356008
1 8 52 0.005 0.179707 0.648404 217.432 0.00326842 0.0035533
1 9 40 0.005 0.111764 0.657991 215.94 0.00252049 0.00272138
1 10 55 0.005 0.166575 0.757186 214.594 0.00329293 0.00353322
1 11 37 0.005 0.0974711 0.905148 209.665 0.00207274 0.00217291
1 12 45 0.005 0.152797 0.978344 216.248 0.00242243 0.00261923
1 13 50 0.005 0.190854 1.12411 212.056 0.00249762 0.00264818
1 14 34 0.005 0.0753821 1.18009 211.568 0.00166324 0.00175944
1 15 30 0.005 0.036633 1.23856 198.71 0.00142734 0.00141813
1 16 25 0.005 0.113522 1.42888 205.078 0.00108365 0.00111117
1 17 19 0.005 0.146241 1.6954 201.334 0.00072926 0.000734123
1 18 0 0 0 0 0 0 0
1 19 0 0 0 0 0 0 0
1 20 0 0 0 0 0 0 0
1 21 0 0 0 0 0 0 0
1 22 0 0 0 0 0 0 0
1 23 0 0 0 0 0 0 0
2 0 38 0.005 0.117851 0.000347412 228.267 0.002859 0.00326308
2 1 40 0.005 0.227705 -0.0204088 214.103 0.00295409 0.0031624
2 2 54 0.005 0.178152 0.0669381 214.737 0.00401878 0.00431489
2 3 55 0.005 0.186747 0.22603 220.431 0.00399835 0.00440681
2 4 56 0.005 0.114882 0.268656 218.214 0.00407216 0.00444302
2 5 57 0.005 0.239055 0.369366 221.064 0.00395253 0.00436882
2 6 54 0.005 0.205773 0.460838 221.164 0.00365214 0.00403861
2 7 50 0.005 0.149676 0.459781 212.07 0.00341015 0.00361595
2 8 42 0.005 0.187652 0.613108 214.84 0.00267852 0.00287727
2 9 47 0.005 0.124946 0.579437 207.869 0.00306294 0.00318345
2 10 47 0.005 0.185448 0.790974 214.869 0.00276354 0.00296899
2 11 40 0.005 0.225396 0.850767 216.426 0.00227476 0.00246158
2 12 48 0.005 0.277013 0.951247 210.559 0.0025832 0.00271958
2 13 36 0.005 0.247131 1.03477 206.801 0.0018679 0.00193142
2 14 42 0.005 0.271735 1.26024 212.203 0.00195015 0.00206914
2 15 24 0.005 0.193882 1.37587 204.863 0.00106208 0.00108791
2 16 33 0.005 0.201278 1.47506 204.347 0.001394 0.0014243
2 17 0 0 0 0 0 0 0
2 18 0 0 0 0 0 0 0
2 19 0 0 0 0 0 0 0
2 20 0 0 0 0 0 0 0
2 21 0 0 0 0 0 0 0
2 22 0 0 0 0 0 0 0
2 23 0 0 0 0 0 0 0
3 0 44 0.005 0.246557 0.0447055 219.155 0.00323337 0.00354304
3 1 43 0.005 0.159377 0.0820826 220.694 0.00320646 0.00353823
3 2 46 0.005 0.265143 0.25467 219.1 0.00327081 0.00358318
3 3 39 0.005 0.306181 0.275404 217.499 0.00273195 0.00297098
3 4 41 0.005 0.18344 0.346817 218.512 0.00289148 0.00315912
3 5 33 0.005 0.259478 0.3011 212.049 0.00232321 0.00246317
3 6 59 0.005 0.212796 0.406452 218.504 0.00406255 0.00443841
3 7 44 0.005 0.148783 0.42719 221.133 0.00303705 0.00335796
3 8 54 0.005 0.243217 0.612973 213.254 0.00341516 0.00364149
3 9 38 0.005 0.227589 0.640283 211.964 0.00238107 0.00252351
3 10 55 0.005 0.244029 0.763198 212.351 0.00325162 0.00345243
3 11 37 0.005 0.322291 1.05274 210.079 0.00188461 0.00197959
3 12 44 0.005 0.397225 0.979139 213.767 0.00229123 0.00244895
3 13 35 0.005 0.341389 1.13225 208.464 0.00171206 0.00178452
3 14 35 0.005 0.30091 1.10225 205.111 0.00174627 0.0017909
3 15 26 0.005 0.375131 1.38559 212.398 0.00112589 0.00119569
3 16 16 0.005 0.394727 1.70365 208.765 0.000601697 0.000628065
3 17 11 0.005 0.443426 1.75919 199.128 0.000402272 0.000400518
3 18 0 0 0 0 0 0 0
3 19 0 0 0 0 0 0 0
3 20 0 0 0 0 0 0 0
3 21 0 0 0 0 0 0 0
3 22 0 0 0 0 0 0 0
3 23 0 0 0 0 0 0 0
4 0 58 0.005 0.279956 0.00554942 219.89 0.00423119 0.00465199
4 1 50 0.005 0.276377 0.0378772 222.709 0.00364857 0.00406285
4 2 57 0.005 0.303561 0.183435 223.115 0.00406978 0.00454014
4 3 52 0.005 0.244394 0.284897 223.148 0.00368813 0.00411501
4 4 39 0.005 0.342537 0.317578 219.213 0.00267691 0.00293407
4 5 57 0.005 0.313983 0.358942 221.265 0.00389766 0.00431208
4 6 49 0.005 0.278482 0.390009 216.005 0.00334757 0.00361546
4 7 57 0.005 0.303114 0.499549 218.169 0.00372836 0.00406706
4 8 45 0.005 0.382888 0.642458 216.356 0.00273002 0.00295328
4 9 38 0.005 0.34063 0.755322 220.351 0.00221672 0.00244228
4 10 38 0.005 0.382003 0.777158 208.631 0.00217622 0.00227014
4 11 43 0.005 0.402171 1.04632 216.646 0.00216857 0.00234907
4 12 43 0.005 0.327336 0.912081 209.444 0.00233938 0.00244984
4 13 40 0.005 0.349829 1.16775 210.332 0.00192191 0.0020212
4 14 29 0.005 0.410521 1.15636 205.608 0.0013879 0.00142682
4 15 27 0.005 0.415733 1.37742 204.238 0.00116738 0.00119212
4 16 14 0.005 0.553743 1.58265 204.088 0.000543264 0.000554369
4 17 17 0.005 0.373658 1.64997 205.232 0.000655343 0.000672487
4 18 0 0 0 0 0 0 0
4 19 0 0 0 0 0 0 0
4 20 0 0 0 0 0 0 0
4 21 0 0 0 0 0 0 0
4 22 0 0 0 0 0 0 0
4 23 0 0 0 0 0 0 0
5 0 71 0.005 0.380021 0.0816589 223.976 0.00501338 0.00561439
5 1 60 0.005 0.377916 0.13582 221.559 0.00421804 0.00467274
5 2 54 0.005 0.392515 0.176015 219.515 0.00375796 0.00412465
5 3 47 0.005 0.351095 0.203633 226.919 0.00329921 0.00374328
5 4 54 0.005 0.38317 0.26995 221.816 0.0037042 0.00410825
5 5 62 0.005 0.475388 0.378856 218.406 0.00401359 0.00438296
5 6 51 0.005 0.345499 0.429459 221.36 0.00338369 0.00374506
5 7 40 0.005 0.366165 0.602033 215.961 0.00247711 0.00267479
5 8 41 0.005 0.411323 0.590814 220.242 0.0025208 0.00277593
5 9 56 0.005 0.415751 0.689813 215.124 0.00330403 0.00355389
5 10 54 0.005 0.426729 0.880522 214.554 0.00292401 0.00313679
5 11 41 0.005 0.371411 0.914746 206.806 0.00221034 0.00228556
5 12 46 0.005 0.448754 1.03488 205.524 0.00231177 0.00237563
5 13 29 0.005 0.444362 1.1692 207.705 0.00137191 0.00142476
5 14 25 0.005 0.48894 1.2571 206.795 0.00112795 0.00116627
5 15 21 0.005 0.4702 1.36298 205.618 0.000906681 0.000932149
5 16 17 0.005 0.617333 1.48968 207.941 0.000678749 0.0007057
5 17 10 0.005 0.544481 1.63596 198.749 0.000380081 0.000377704
5 18 0 0 0 0 0 0 0
5 19 0 0 0 0 0 0 0
5 20 0 0 0 0 0 0 0
5 21 0 0 0 0 0 0 0
5 22 0 0 0 0 0 0 0
5 23 0 0 0 0 0 0 0
6 0 53 0.005 0.387922 0.0130186 216.298 0.00374309 0.0040481
6 1 56 0.005 0.484525 0.122884 224.832 0.00379474 0.00426591
6 2 49 0.005 0.385458 0.222202 218.046 0.00339158 0.0036976
6 3 51 0.005 0.423248 0.240806 218.605 0.00347368 0.00379681
6 4 49 0.005 0.498767 0.365984 217.696 0.00315687 0.00343618
6 5 46 0.005 0.445705 0.329901 212.511 0.00304765 0.00323829
6 6 49 0.005 0.499314 0.454384 215.491 0.00307662 0.00331493
6 7 55 0.005 0.416465 0.585398 213.831 0.00338392 0.00361793
6 8 41 0.005 0.512478 0.613541 209.395 0.00242612 0.00254009
6 9 45 0.005 0.495699 0.712049 210.061 0.00257502 0.00270456
6 10 39 0.005 0.54192 0.753508 212.738 0.00216553 0.00230345
6 11 37 0.005 0.564927 0.945163 211.452 0.00188447 0.00199237
6 12 41 0.005 0.533428 0.977665 211.413 0.00207515 0.00219357
6 13 32 0.005 0.551783 1.04397 212.203 0.00156669 0.00166228
6 14 31 0.005 0.521469 1.24327 201.897 0.00139908 0.00141235
6 15 28 0.005 0.653725 1.43445 206.462 0.00113627 0.00117298
6 16 19 0.005 0.649699 1.61792 199.217 0.000716145 0.000713341
6 17 0 0 0 0 0 0 0
6 18 0 0 0 0 0 0 0
6 19 0 0 0 0 0 0 0
6 20 0 0 0 0 0 0 0
6 21 0 0 0 0 0 0 0
6 22 0 0 0 0 0 0 0
6 23 0 0 0 0 0 0 0
7 0 61 0.005 0.616204 -0.012454 213.814 0.00393403 0.00420577
7 1 58 0.005 0.528888 0.0526042 216.389 0.00387996 0.0041979
7 2 51 0.005 0.532101 0.195324 217.163 0.00336123 0.00364968
7 3 62 0.005 0.512247 0.227029 217.098 0.00409761 0.00444791
7 4 43 0.005 0.554716 0.31676 220.363 0.00274528 0.00302479
7 5 67 0.005 0.570418 0.377625 215.476 0.0041893 0.00451346
7 6 56 0.005 0.571227 0.424315 217.562 0.00345662 0.00376015
7 7 41 0.005 0.592215 0.542004 216.093 0.00242211 0.00261701
7 8 53 0.005 0.574239 0.689827 213.344 0.00298806 0.00318743
7 9 54 0.005 0.59414 0.6791 212.838 0.00303724 0.0032322
7 10 56 0.005 0.547173 0.803744 209.016 0.00304165 0.00317877
7 11 35 0.005 0.573079 0.889832 203.028 0.00182097 0.00184854
7 12 42 0.005 0.635763 1.04562 209.664 0.00201336 0.00211064
7 13 33 0.005 0.65875 1.14075 206.185 0.00151162 0.00155836
7 14 21 0.005 0.584574 1.15232 199.436 0.000973697 0.00097095
7 15 17 0.005 0.726831 1.39067 202.395 0.000692145 0.000700434
7 16 13 0.005 0.726886 1.45893 196.967 0.00051501 0.000507201
7 17 0 0 0 0 0 0 0
7 18 0 0 0 0 0 0 0
7 19 0 0 0 0 0 0 0
7 20 0 0 0 0 0 0 0
7 21 0 0 0 0 0 0 0
7 22 0 0 0 0 0 0 0
7 23 0 0 0 0 0 0 0
8 0 71 0.005 0.708226 0.0522728 220.785 0.00438546 0.00484122
8 1 53 0.005 0.663326 0.136914 227.263 0.00332439 0.00377755
8 2 52 0.005 0.521065 0.14764 223.965 0.00346401 0.00387908
8 3 70 0.005 0.632171 0.241412 225.004 0.00439195 0.00494104
8 4 61 0.005 0.612111 0.326664 225.269 0.00379683 0.00427654
8 5 68 0.005 0.675736 0.368116 218.709 0.00408268 0.00446461
8 6 39 0.005 0.58811 0.513594 220.283 0.00232876 0.00256493
8 7 47 0.005 0.643972 0.601444 215.778 0.00267146 0.00288222
8 8 43 0.005 0.771741 0.657985 215.22 0.0022872 0.00246126
8 9 31 0.005 0.581764 0.702902 216.277 0.00173486 0.00187605
8 10 36 0.005 0.7133 0.80259 213.835 0.00185871 0.00198729
8 11 54 0.005 0.809288 0.897684 204.765 0.00260785 0.00266999
8 12 19 0.005 0.769424 1.0448 207.319 0.000878656 0.000910813
8 13 24 0.005 0.907175 1.25105 206.55 0.000987777 0.00102012
8 14 29 0.005 0.837868 1.23543 204.088 0.00122274 0.00124774
8 15 11 0.005 0.912717 1.62457 198.582 0.000394052 0.000391258
8 16 0 0 0 0 0 0 0
8 17 0 0 0 0 0 0 0
8 18 0 0 0 0 0 0 0
8 19 0 0 0 0 0 0 0
8 20 0 0 0 0 0 0 0
8 21 0 0 0 0 0 0 0
8 22 0 0 0 0 0 0 0
8 23 0 0 0 0 0 0 0
9 0 54 0.005 0.716078 0.0304237 219.758 0.00332507 0.00365356
9 1 57 0.005 0.750843 0.0899925 216.445 0.00344424 0.00372744
9 2 62 0.005 0.817848 0.177908 220.88 0.00360185 0.00397789
9 3 61 0.005 0.778847 0.266506 213.201 0.00356786 0.00380336
9 4 59 0.005 0.671949 0.358095 215.842 0.00355618 0.00383786
9 5 48 0.005 0.7678 0.458801 218.97 0.00271037 0.00296745
9 6 37 0.005 0.773954 0.531121 214.99 0.00204372 0.00219691
9 7 47 0.005 0.701222 0.653967 211.152 0.00257006 0.00271336
9 8 53 0.005 0.839323 0.694312 213.417 0.00271534 0.0028975
9 9 39 0.005 0.735983 0.744542 208.066 0.00204077 0.00212307
9 10 41 0.005 0.827444 0.815967 210.007 0.00202597 0.00212733
9 11 21 0.005 1.0199 0.992377 214.385 0.000914706 0.000980498
9 12 39 0.005 0.86229 1.14739 206.544 0.00168899 0.00174425
9 13 22 0.005 0.991105 1.27257 210.838 0.000878202 0.000925789
9 14 12 0.005 0.760209 1.14306 195.814 0.000535268 0.000524064
9 15 12 0.005 0.900385 1.36021 199.968 0.000475133 0.000475058
9 16 0 0 0 0 0 0 0
9 17 0 0 0 0 0 0 0
9 18 0 0 0 0 0 0 0
9 19 0 0 0 0 0 0 0
9 20 0 0 0 0 0 0 0
9 21 0 0 0 0 0 0 0
9 22 0 0 0 0 0 0 0
9 23 0 0 0 0 0 0 0
10 0 75 0.005 0.846408 0.0144422 217.871 0.00433662 0.00472412
10 1 52 0.005 0.885604 0.128176 220.908 0.00293566 0.00324255
10 2 70 0.005 0.855922 0.178812 212.873 0.00399212 0.00424908
10 3 57 0.005 0.877999 0.296517 216.718 0.00316726 0.00343201
10 4 63 0.005 0.752905 0.325353 218.861 0.00369024 0.00403826
10 5 38 0.005 0.798656 0.344417 212.584 0.00217214 0.00230882
10 6 44 0.005 0.78212 0.495347 209.671 0.00244604 0.00256431
10 7 48 0.005 0.838444 0.529185 208.899 0.00258228 0.00269718
10 8 44 0.005 0.921217 0.716396 215.385 0.00216896 0.0023358
10 9 44 0.005 1.03384 0.818428 210.481 0.00201424 0.00211979
10 10 37 0.005 0.999716 0.936584 208.871 0.00165267 0.00172598
10 11 17 0.005 1.0464 1.10021 205.881 0.000708373 0.000729203
10 12 21 0.005 1.01089 1.13425 206.582 0.000874652 0.000903434
10 13 21 0.005 1.08179 1.21115 201.313 0.000834189 0.000839667
10 14 12 0.005 1.15318 1.37444 201.705 0.000442596 0.000446368
10 15 0 0 0 0 0 0 0
10 16 0 0 0 0 0 0 0
10 17 0 0 0 0 0 0 0
10 18 0 0 0 0 0 0 0
10 19 0 0 0 0 0 0 0
10 20 0 0 0 0 0 0 0
10 21 0 0 0 0 0 0 0
10 22 0 0 0 0 0 0 0
10 23 0 0 0 0 0 0 0
11 0 62 0.005 0.960956 0.0769685 215.672 0.00338151 0.00364649
11 1 45 0.005 0.859493 0.15053 215.235 0.00256869 0.00276436
11 2 43 0.005 0.930084 0.210648 215.399 0.00235745 0.00253896
11 3 46 0.005 0.916033 0.252261 219.332 0.00252635 0.00277054
11 4 50 0.005 0.978936 0.393995 210.204 0.00260549 0.00273843
11 5 51 0.005 0.912657 0.408219 214.519 0.00273229 0.00293064
11 6 49 0.005 0.996366 0.523382 211.228 0.00246563 0.00260405
11 7 38 0.005 1.01041 0.553479 211.762 0.00188707 0.00199804
11 8 41 0.005 1.09544 0.776858 214.382 0.00185507 0.00198847
11 9 34 0.005 1.01532 0.776772 206.883 0.001587 0.00164162
11 10 31 0.005 0.963943 0.908239 203.72 0.00141514 0.00144146
11 11 20 0.005 1.15208 1.04706 202.187 0.000818867 0.000827821
11 12 15 0.005 1.28005 1.20966 207.54 0.000561087 0.00058224
11 13 0 0 0 0 0 0 0
11 14 10 0.005 1.20018 1.42926 199.158 0.000357792 0.000356286
11 15 0 0 0 0 0 0 0
11 16 0 0 0 0 0 0 0
11 17 0 0 0 0 0 0 0
11 18 0 0 0 0 0 0 0
11 19 0 0 0 0 0 0 0
11 20 0 0 0 0 0 0 0
11 21 0 0 0 0 0 0 0
11 22 0 0 0 0 0 0 0
11 23 0 0 0 0 0 0 0
12 0 51 0.005 1.04603 0.0104324 217.666 0.0026698 0.00290563
12 1 61 0.005 1.1258 0.123898 215.38 0.00305862 0.00329383
12 2 58 0.005 0.997724 0.169856 213.139 0.00308828 0.00329116
12 3 44 0.005 1.04327 0.269434 210.216 0.00226751 0.00238334
12 4 37 0.005 0.940505 0.330948 209.078 0.00198498 0.00207508
12 5 40 0.005 1.05193 0.475137 211.17 0.00198423 0.00209505
12 6 30 0.005 1.18923 0.499657 209.347 0.00139247 0.00145755
12 7 34 0.005 1.25526 0.70584 212.096 0.00146913 0.00155798
12 8 29 0.005 1.05251 0.699371 201.912 0.00136331 0.00137635
12 9 29 0.005 1.08974 0.851278 202.903 0.0012874 0.00130609
12 10 20 0.005 1.21204 0.830183 203.109 0.000852576 0.000865831
12 11 12 0.005 1.15081 0.975503 198 0.000502269 0.000497246
12 12 0 0 0 0 0 0 0
12 13 0 0 0 0 0 0 0
12 14 0 0 0 0 0 0 0
12 15 0 0 0 0 0 0 0
12 16 0 0 0 0 0 0 0
12 17 0 0 0 0 0 0 0
12 18 0 0 0 0 0 0 0
12 19 0 0 0 0 0 0 0
12 20 0 0 0 0 0 0 0
12 21 0 0 0 0 0 0 0
12 22 0 0 0 0 0 0 0
12 23 0 0 0 0 0 0 0
13 0 49 0.005 1.13024 -0.010231 214.188 0.00245974 0.00263423
13 1 49 0.005 1.14449 0.189753 211.79 0.00242366 0.00256653
13 2 47 0.005 1.1634 0.18505 210.488 0.00230425 0.00242509
13 3 47 0.005 1.10056 0.277643 207.118 0.00235378 0.00243755
13 4 50 0.005 1.24775 0.317525 209.139 0.00232351 0.00242967
13 5 38 0.005 1.26253 0.502791 206.907 0.00170621 0.00176514
13 6 36 0.005 1.17136 0.552987 207.573 0.00166661 0.00172972
13 7 33 0.005 1.106 0.575915 205.365 0.00156406 0.00160601
13 8 24 0.005 1.2656 0.752323 203.313 0.00102156 0.00103848
13 9 24 0.005 1.25535 0.921 198.69 0.000982566 0.00097613
13 10 22 0.005 1.30347 0.993454 200.545 0.000868104 0.000870471
13 11 0 0 0 0 0 0 0
13 12 0 0 0 0 0 0 0
13 13 0 0 0 0 0 0 0
13 14 0 0 0 0 0 0 0
13 15 0 0 0 0 0 0 0
13 16 0 0 0 0 0 0 0
13 17 0 0 0 0 0 0 0
13 18 0 0 0 0 0 0 0
13 19 0 0 0 0 0 0 0
13 20 0 0 0 0 0 0 0
13 21 0 0 0 0 0 0 0
13 22 0 0 0 0 0 0 0
13 23 0 0 0 0 0 0 0
14 0 37 0.005 1.19517 0.054098 208.821 0.00179764 0.00187693
14 1 34 0.005 1.35783 0.168664 210.155 0.00151985 0.00159702
14 2 41 0.005 1.25165 0.147935 205.206 0.00193057 0.00198082
14 3 41 0.005 1.24037 0.248814 205.278 0.00192614 0.00197697
14 4 41 0.005 1.16648 0.363729 209.697 0.00196721 0.00206259
14 5 18 0.005 1.2862 0.502307 211.752 0.000799841 0.000846841
14 6 25 0.005 1.2428 0.453975 205.99 0.00114195 0.00117615
14 7 19 0.005 1.46037 0.614422 205.39 0.000768271 0.000788974
14 8 23 0.005 1.54136 0.837104 205.644 0.000862994 0.000887347
14 9 13 0.005 1.46148 0.812255 202.839 0.000505505 0.00051268
14 10 10 0.005 1.32999 0.953049 205.986 0.000395065 0.000406891
14 11 0 0 0 0 0 0 0
14 12 0 0 0 0 0 0 0
14 13 0 0 0 0 0 0 0
14 14 0 0 0 0 0 0 0
14 15 0 0 0 0 0 0 0
14 16 0 0 0 0 0 0 0
14 17 0 0 0 0 0 0 0
14 18 0 0 0 0 0 0 0
14 19 0 0 0 0 0 0 0
14 20 0 0 0 0 0 0 0
14 21 0 0 0 0 0 0 0
14 22 0 0 0 0 0 0 0
14 23 0 0 0 0 0 0 0
15 0 29 0.005 1.50848 0.0417431 203.171 0.00121358 0.00123282
15 1 37 0.005 1.48066 0.138733 205.177 0.00156411 0.0016046
15 2 28 0.005 1.42633 0.290099 203.015 0.00120117 0.00121928
15 3 20 0.005 1.62635 0.287301 210.343 0.000784771 0.000825355
15 4 17 0.005 1.61314 0.378118 212.193 0.000665485 0.000706057
15 5 25 0.005 1.70896 0.57383 210.816 0.000918715 0.000968398
15 6 13 0.005 1.86065 0.71607 209.985 0.000441552 0.000463597
15 7 17 0.005 1.55812 0.648546 197.401 0.000656505 0.000647973
15 8 0 0 0 0 0 0 0
15 9 0 0 0 0 0 0 0
15 10 0 0 0 0 0 0 0
15 11 0 0 0 0 0 0 0
15 12 0 0 0 0 0 0 0
15 13 0 0 0 0 0 0 0
15 14 0 0 0 0 0 0 0
15 15 0 0 0 0 0 0 0
15 16 0 0 0 0 0 0 0
15 17 0 0 0 0 0 0 0
15 18 0 0 0 0 0 0 0
15 19 0 0 0 0 0 0 0
15 20 0 0 0 0 0 0 0
15 21 0 0 0 0 0 0 0
15 22 0 0 0 0 0 0 0
15 23 0 0 0 0 0 0 0
16 0 15 0.005 1.53246 0.00695867 208.473 0.000621002 0.000647309
16 1 21 0.005 1.63181 0.180476 201.144 0.00082759 0.000832322
16 2 20 0.005 1.50373 0.240404 207.797 0.000831673 0.000864096
16 3 15 0.005 1.69991 0.298405 202.244 0.000569699 0.00057609
16 4 0 0 0 0 0 0 0
16 5 10 0.005 1.58638 0.382282 198.342 0.000395843 0.000392562
16 6 0 0 0 0 0 0 0
16 7 13 0.005 1.65727 0.850152 202.28 0.000465854 0.000471164
16 8 0 0 0 0 0 0 0
16 9 0 0 0 0 0 0 0
16 10 0 0 0 0 0 0 0
16 11 0 0 0 0 0 0 0
16 12 0 0 0 0 0 0 0
16 13 0 0 0 0 0 0 0
16 14 0 0 0 0 0 0 0
16 15 0 0 0 0 0 0 0
16 16 0 0 0 0 0 0 0
16 17 0 0 0 0 0 0 0
16 18 0 0 0 0 0 0 0
16 19 0 0 0 0 0 0 0
16 20 0 0 0 0 0 0 0
16 21 0 0 0 0 0 0 0
16 22 0 0 0 0 0 0 0
16 23 0 0 0 0 0 0 0
17 0 0 0 0 0 0 0 0
17 1 0 0 0 0 0 0 0
17 2 12 0.005 1.88738 0.213089 205.475 0.000423516 0.00043511
17 3 0 0 0 0 0 0 0
17 4 0 0 0 0 0 0 0
17 5 0 0 0 0 0 0 0
17 6 0 0 0 0 0 0 0
17 7 0 0 0 0 0 0 0
17 8 0 0 0 0 0 0 0
17 9 0 0 0 0 0 0 0
17 10 0 0 0 0 0 0 0
17 11 0 0 0 0 0 0 0
17 12 0 0 0 0 0 0 0
17 13 0 0 0 0 0 0 0
17 14 0 0 0 0 0 0 0
17 15 0 0 0 0 0 0 0
17 16 0 0 0 0 0 0 0
17 17 0 0 0 0 0 0 0
17 18 0 0 0 0 0 0 0
17 19 0 0 0 0 0 0 0
17 20 0 0 0 0 0 0 0
17 21 0 0 0 0 0 0 0
17 22 0 0 0 0 0 0 0
17 23 0 0 0 0 0 0 0
18 0 0 0 0 0 0 0 0
18 1 0 0 0 0 0 0 0
18 2 0 0 0 0 0 0 0
18 3 0 0 0 0 0 0 0
18 4 0 0 0 0 0 0 0
18 5 0 0 0 0 0 0 0
18 6 0 0 0 0 0 0 0
18 7 0 0 0 0 0 0 0
18 8 0 0 0 0 0 0 0
18 9 0 0 0 0 0 0 0
18 10 0 0 0 0 0 0 0
18 11 0 0 0 0 0 0 0
18 12 0 0 0 0 0 0 0
18 13 0 0 0 0 0 0 0
18 14 0 0 0 0 0 0 0
18 15 0 0 0 0 0 0 0
18 16 0 0 0 0 0 0 0
18 17 0 0 0 0 0 0 0
18 18 0 0 0 0 0 0 0
18 19 0 0 0 0 0 0 0
18 20 0 0 0 0 0 0 0
18 21 0 0 0 0 0 0 0
18 22 0 0 0 0 0 0 0
18 23 0 0 0 0 0 0 0
19 0 0 0 0 0 0 0 0
19 1 0 0 0 0 0 0 0
19 2 0 0 0 0 0 0 0
19 3 0 0 0 0 0 0 0
19 4 0 0 0 0 0 0 0
19 5 0 0 0 0 0 0 0
19 6 0 0 0 0 0 0 0
19 7 0 0 0 0 0 0 0
19 8 0 0 0 0 0 0 0
19 9 0 0 0 0 0 0 0
19 10 0 0 0 0 0 0 0
19 11 0 0 0 0 0 0 0
19 12 0 0 0 0 0 0 0
19 13 0 0 0 0 0 0 0
19 14 0 0 0 0 0 0 0
19 15 0 0 0 0 0 0 0
19 16 0 0 0 0 0 0 0
19 17 0 0 0 0 0 0 0
19 18 0 0 0 0 0 0 0
19 19 0 0 0 0 0 0 0
19 20 0 0 0 0 0 0 0
19 21 0 0 0 0 0 0 0
19 22 0 0 0 0 0 0 0
19 23 0 0 0 0 0 0 0
20 0 0 0 0 0 0 0 0
20 1 0 0 0 0 0 0 0
20 2 0 0 0 0 0 0 0
20 3 0 0 0 0 0 0 0
20 4 0 0 0 0 0 0 0
20 5 0 0 0 0 0 0 0
20 6 0 0 0 0 0 0 0
20 7 0 0 0 0 0 0 0
20 8 0 0 0 0 0 0 0
20 9 0 0 0 0 0 0 0
20 10 0 0 0 0 0 0 0
20 11 0 0 0 0 0 0 0
20 12 0 0 0 0 0 0 0
20 13 0 0 0 0 0 0 0
20 14 0 0 0 0 0 0 0
20 15 0 0 0 0 0 0 0
20 16 0 0 0 0 0 0 0
20 17 0 0 0 0 0 0 0
20 18 0 0 0 0 0 0 0
20 19 0 0 0 0 0 0 0
20 20 0 0 0 0 0 0 0
20 21 0 0 0 0 0 0 0
20 22 0 0 0 0 0 0 0
20 23 0 0 0 0 0 0 0
21 0 0 0 0 0 0 0 0
21 1 0 0 0 0 0 0 0
21 2 0 0 0 0 0 0 0
21 3 0 0 0 0 0 0 0
21 4 0 0 0 0 0 0 0
21 5 0 0 0 0 0 0 0
21 6 0 0 0 0 0 0 0
21 7 0 0 0 0 0 0 0
21 8 0 0 0 0 0 0 0
21 9 0 0 0 0 0 0 0
21 10 0 0 0 0 0 0 0
21 11 0 0 0 0 0 0 0
21 12 0 0 0 0 0 0 0
21 13 0 0 0 0 0 0 0
21 14 0 0 0 0 0 0 0
21 15 0 0 0 0 0 0 0
21 16 0 0 0 0 0 0 0
21 17 0 0 0 0 0 0 0
21 18 0 0 0 0 0 0 0
21 19 0 0 0 0 0 0 0
21 20 0 0 0 0 0 0 0
21 21 0 0 0 0 0 0 0
21 22 0 0 0 0 0 0 0
21 23 0 0 0 0 0 0 0
22 0 0 0 0 0 0 0 0
22 1 0 0 0 0 0 0 0
22 2 0 0 0 0 0 0 0
22 3 0 0 0 0 0 0 0
22 4 0 0 0 0 0 0 0
22 5 0 0 0 0 0 0 0
22 6 0 0 0 0 0 0 0
22 7 0 0 0 0 0 0 0
22 8 0 0 0 0 0 0 0
22 9 0 0 0 0 0 0 0
22 10 0 0 0 0 0 0 0
22 11 0 0 0 0 0 0 0
22 12 0 0 0 0 0 0 0
22 13 0 0 0 0 0 0 0
22 14 0 0 0 0 0 0 0
22 15 0 0 0 0 0 0 0
22 16 0 0 0 0 0 0 0
22 17 0 0 0 0 0 0 0
22 18 0 0 0 0 0 0 0
22 19 0 0 0 0 0 0 0
22 20 0 0 0 0 0 0 0
22 21 0 0 0 0 0 0 0
22 22 0 0 0 0 0 0 0
22 23 0 0 0 0 0 0 0
23 0 0 0 0 0 0 0 0
23 1 0 0 0 0 0 0 0
23 2 0 0 0 0 0 0 0
23 3 0 0 0 0 0 0 0
23 4 0 0 0 0 0 0 0
23 5 0 0 0 0 0 0 0
23 6 0 0 0 0 0 0 0
23 7 0 0 0 0 0 0 0
23 8 0 0 0 0 0 0 0
23 9 0 0 0 0 0 0 0
23 10 0 0 0 0 0 0 0
23 11 0 0 0 0 0 0 0
23 12 0 0 0 0 0 0 0
23 13 0 0 0 0 0 0 0
23 14 0 0 0 0 0 0 0
23 15 0 0 0 0 0 0 0
23 16 0 0 0 0 0 0 0
23 17 0 0 0 0 0 0 0
23 18 0 0 0 0 0 0 0
23 19 0 0 0 0 0 0 0
23 20 0 0 0 0 0 0 0
23 21 0 0 0 0 0 0 0
23 22 0 0 0 0 0 0 0
23 23 0 0 0 0 0 0 0
