#  ix    iy     Npi     E/N       Tpi    Uxpi    Uypi     mupi     rho    epsilon
0 0 1216 0.108897 0.0368596 0.0260453 0.909862 0.0920275 0.0356372
0 1 1215 0.109535 0.0318026 0.091131 0.884682 0.0916197 0.035635
0 2 1205 0.107767 0.0134834 0.129719 0.930491 0.0905213 0.0347816
0 3 1206 0.108174 0.0197853 0.22805 0.900793 0.0890601 0.0343166
0 4 1149 0.10989 0.0338877 0.308109 0.7761 0.0831429 0.0324168
0 5 1207 0.10702 0.0236686 0.386016 0.895733 0.0852837 0.0325995
0 6 1289 0.10568 0.0232969 0.466247 0.977658 0.0884847 0.0335081
0 7 1219 0.1025 0.020897 0.574689 0.987446 0.0800551 0.0296419
0 8 1227 0.098551 0.0294689 0.651869 1.10217 0.0778469 0.0280144
0 9 1135 0.0954047 0.0368609 0.795368 1.07513 0.0672667 0.0236525
0 10 1078 0.0932149 0.0569343 0.864577 1.07496 0.0617212 0.02135
0 11 1000 0.0917317 0.0579814 1.05567 0.964348 0.0520576 0.0178065
0 12 980 0.0868947 0.0662273 1.19378 1.07919 0.0476316 0.0156967
0 13 853 0.0793821 0.0703727 1.35504 1.21026 0.0383384 0.0118982
0 14 756 0.0796358 0.0904221 1.59141 0.966994 0.0304368 0.00946554
0 15 617 0.073239 0.0496048 1.91076 0.959167 0.0216682 0.00638951
0 16 525 0.0675175 0.0716981 2.19359 1.01884 0.0164906 0.0046286
0 17 395 0.0588201 0.096914 2.69831 1.14755 0.010393 0.00269732
0 18 268 0.0569656 0.0854201 3.24116 0.737887 0.00598381 0.00152646
0 19 125 0.0408884 0.128934 3.6859 1.47339 0.00247812 0.000540121
0 20 44 0.0338004 0.00281388 3.98221 1.43273 0.000811851 0.000164363
0 21 12 0.0162601 0.290519 4.60269 5.74449 0.000192644 3.21962e-05
0 22 0 0 0 0 0 0 0
0 23 0 0 0 0 0 0 0
1 0 1138 0.107583 0.0945638 0.0286645 0.882953 0.0857943 0.0329233
1 1 1201 0.104345 0.0772308 0.0931141 1.04389 0.0903263 0.0338858
1 2 1194 0.106928 0.0892644 0.162729 0.940745 0.0889356 0.0339736
1 3 1261 0.107197 0.102059 0.230614 0.972469 0.0926301 0.0354512
1 4 1189 0.103663 0.0908022 0.313908 1.01397 0.0856203 0.0319658
1 5 1166 0.106564 0.0910237 0.394794 0.870113 0.0818692 0.0311952
1 6 1121 0.104406 0.132985 0.466665 0.874386 0.0764042 0.0286753
1 7 1146 0.100395 0.0999462 0.550185 1.00768 0.0757756 0.0276366
1 8 1154 0.100073 0.110433 0.653332 0.980364 0.0728779 0.0265179
1 9 1174 0.0919877 0.144676 0.757215 1.25634 0.0704382 0.0241404
1 10 1013 0.0912738 0.14458 0.900036 1.0687 0.0567146 0.019332
1 11 1049 0.0922348 0.1486 1.03415 0.99804 0.05495 0.0188676
1 12 919 0.0888254 0.137233 1.23112 0.910711 0.0437316 0.0146293
1 13 803 0.0828068 0.198117 1.39619 0.960618 0.035189 0.0112275
1 14 746 0.0786324 0.175233 1.62999 0.98299 0.0294302 0.00907767
1 15 635 0.0721935 0.197174 1.92725 1.03537 0.0220652 0.00644897
1 16 507 0.0701149 0.174802 2.23085 0.812127 0.015671 0.00449915
1 17 375 0.0605131 0.23455 2.63092 0.990463 0.0100588 0.00265155
1 18 215 0.0592486 0.236703 2.84191 0.458958 0.00538978 0.00140437
1 19 127 0.0392775 0.213361 3.5104 1.75021 0.00263142 0.000564124
1 20 41 0.0338166 0.367171 4.42245 1.25677 0.00068281 0.000138262
1 21 0 0 0 0 0 0 0
1 22 0 0 0 0 0 0 0
1 23 0 0 0 0 0 0 0
2 0 1184 0.107951 0.11558 0.0363296 0.907997 0.0890458 0.0342581
2 1 1238 0.111303 0.168814 0.0775253 0.834337 0.0922104 0.0363003
2 2 1250 0.106441 0.152388 0.158562 0.996201 0.0924869 0.0352106
2 3 1287 0.109981 0.147046 0.242985 0.893671 0.0937906 0.036591
2 4 1234 0.1053 0.166026 0.326683 0.982517 0.0877768 0.0331517
2 5 1160 0.103135 0.205086 0.392634 0.968839 0.0803486 0.0298853
2 6 1232 0.102531 0.187421 0.462234 1.02875 0.0835204 0.0309318
2 7 1156 0.101764 0.201115 0.568827 0.948097 0.0749851 0.0276188
2 8 1151 0.0981194 0.216579 0.690513 1.02106 0.0706398 0.0253408
2 9 1096 0.0958329 0.212221 0.836468 0.990875 0.06286 0.0221733
2 10 1065 0.0915597 0.206576 0.853858 1.12353 0.0606143 0.0207062
2 11 1003 0.0911223 0.273474 1.07327 0.967151 0.0509209 0.0173371
2 12 922 0.0837631 0.275667 1.22605 1.12832 0.0434927 0.0139832
2 13 860 0.0819655 0.279626 1.41461 1.05366 0.0371276 0.0117663
2 14 768 0.0764601 0.273906 1.59377 1.13242 0.0306002 0.0092707
2 15 603 0.0729682 0.318655 1.83439 0.971643 0.0216152 0.00635924
2 16 491 0.0655347 0.309122 2.22337 1.05784 0.0151366 0.00417485
2 17 343 0.0560716 0.372992 2.66484 1.22291 0.00905199 0.00228989
2 18 232 0.0528725 0.345342 3.00277 0.997215 0.00552055 0.00135481
2 19 103 0.0447037 0.488354 3.97572 0.738871 0.00189002 0.000428164
2 20 45 0.0322095 0.523783 4.19166 1.69283 0.000785322 0.000156328
2 21 10 0.0231701 0.886414 4.39969 2.41615 0.000164756 2.97324e-05
2 22 0 0 0 0 0 0 0
2 23 0 0 0 0 0 0 0
3 0 1338 0.10958 0.211189 0.0233734 0.962209 0.0991502 0.0385759
3 1 1291 0.107287 0.216382 0.0757111 0.998205 0.0953302 0.0365074
3 2 1261 0.106584 0.203369 0.152364 0.992505 0.0925877 0.0352841
3 3 1247 0.104045 0.207004 0.227548 1.05386 0.090294 0.0338021
3 4 1286 0.107872 0.250678 0.305666 0.927924 0.0906019 0.0348378
3 5 1247 0.103262 0.25042 0.392431 1.02823 0.0856443 0.0318839
3 6 1193 0.0999866 0.246273 0.48129 1.07053 0.0795035 0.0289107
3 7 1134 0.0992256 0.290694 0.575063 1.0022 0.0722154 0.0261159
3 8 1168 0.096977 0.316068 0.688332 1.06247 0.0705355 0.0250921
3 9 1110 0.0951516 0.31458 0.822882 1.02094 0.063098 0.022145
3 10 1069 0.0917771 0.321525 0.929654 1.066 0.057734 0.0197549
3 11 1015 0.0868075 0.337124 1.04297 1.16737 0.051825 0.017067
3 12 922 0.0853162 0.349931 1.22226 1.05086 0.0431825 0.0140553
3 13 811 0.0810046 0.382023 1.3833 1.04392 0.0351257 0.0110459
3 14 742 0.0775441 0.385377 1.66601 1.00134 0.0283766 0.00867459
3 15 589 0.0736541 0.438137 1.94468 0.856714 0.0200078 0.00592065
3 16 465 0.0628891 0.536899 2.31153 1.13158 0.0136796 0.00368472
3 17 334 0.0565232 0.561044 2.67805 1.14547 0.00868566 0.00220655
3 18 208 0.0508369 0.683445 3.14306 1.01566 0.0046781 0.00112579
3 19 95 0.0362523 0.712269 3.5643 1.87754 0.0019091 0.000396611
3 20 22 0.0249798 0.60893 3.96317 2.74162 0.000403308 7.4244e-05
3 21 0 0 0 0 0 0 0
3 22 0 0 0 0 0 0 0
3 23 0 0 0 0 0 0 0
4 0 1311 0.110475 0.280214 0.043269 0.896374 0.0955516 0.0374042
4 1 1322 0.109276 0.271593 0.104191 0.941507 0.0961654 0.0373367
4 2 1300 0.10617 0.300289 0.163853 1.01282 0.0931834 0.0354088
4 3 1313 0.109226 0.315387 0.252236 0.901381 0.0922325 0.0357973
4 4 1252 0.106812 0.314923 0.315715 0.918278 0.0866259 0.0330648
4 5 1180 0.10506 0.332784 0.421122 0.882393 0.0787653 0.029698
4 6 1230 0.102948 0.33756 0.489319 0.972235 0.0800979 0.0297526
4 7 1221 0.0993755 0.359865 0.619793 1.03699 0.0751847 0.0272193
4 8 1090 0.098728 0.385163 0.690837 0.911655 0.0647657 0.0233371
4 9 1041 0.094348 0.413543 0.817315 0.970679 0.0581545 0.020288
4 10 1057 0.0911901 0.425586 0.922466 1.06254 0.0561736 0.0191354
4 11 952 0.0897521 0.463457 1.09848 0.929782 0.0463474 0.0156154
4 12 903 0.0828884 0.480202 1.23363 1.11535 0.041234 0.0131648
4 13 789 0.0812915 0.522567 1.41008 0.970742 0.033098 0.0104324
4 14 662 0.0737296 0.522193 1.68065 1.06636 0.0247764 0.00733643
4 15 593 0.0660451 0.625509 2.097 1.23515 0.018672 0.00517332
4 16 418 0.0592972 0.661256 2.32171 1.26562 0.012119 0.00315917
4 17 283 0.0584528 0.712096 2.56896 0.852991 0.00752996 0.00194764
4 18 167 0.0469183 0.853196 3.0053 1.21033 0.00385693 0.000893232
4 19 64 0.0335092 0.978202 3.69877 1.89697 0.00122608 0.000247461
4 20 26 0.0223797 0.936038 4.15966 3.69427 0.000449766 8.04613e-05
4 21 0 0 0 0 0 0 0
4 22 0 0 0 0 0 0 0
4 23 0 0 0 0 0 0 0
5 0 1318 0.109455 0.373499 0.0492263 0.90691 0.0934378 0.0363224
5 1 1326 0.1113 0.387848 0.0941707 0.846184 0.0932981 0.0367276
5 2 1324 0.110582 0.393104 0.166328 0.857777 0.0922506 0.0361384
5 3 1337 0.107448 0.37821 0.245219 0.960971 0.0923407 0.0354022
5 4 1236 0.10803 0.424349 0.345321 0.824721 0.082146 0.031621
5 5 1217 0.10131 0.399374 0.405725 1.03053 0.0801224 0.0294152
5 6 1196 0.0984184 0.460439 0.511154 1.06512 0.0746473 0.026837
5 7 1258 0.0976671 0.424613 0.599738 1.12155 0.0767978 0.0274587
5 8 1137 0.0981736 0.47991 0.714558 0.940177 0.0652828 0.0234284
5 9 1026 0.0920722 0.515199 0.835038 1.01423 0.055481 0.0190265
5 10 1029 0.086869 0.528938 0.970367 1.17387 0.0523033 0.0172328
5 11 966 0.0898426 0.509742 1.0947 0.933067 0.046676 0.015737
5 12 840 0.081139 0.574658 1.27298 1.09071 0.037046 0.0116624
5 13 711 0.0801697 0.621972 1.55271 0.844529 0.0276397 0.00863312
5 14 628 0.0743218 0.722966 1.71609 0.938285 0.0225085 0.00669829
5 15 558 0.0714976 0.79571 2.09031 0.828704 0.0172541 0.00501293
5 16 386 0.0580024 0.936422 2.59493 1.16752 0.00996548 0.00256685
5 17 265 0.0549564 0.995105 2.97731 0.918213 0.00609347 0.00152535
5 18 127 0.0444889 1.04984 3.357 1.09413 0.0026311 0.000594766
5 19 54 0.0503855 0.775364 3.03997 -0.267894 0.00124238 0.000297672
5 20 15 0.0195833 0.969809 4.02768 4.29463 0.000266641 4.62452e-05
5 21 0 0 0 0 0 0 0
5 22 0 0 0 0 0 0 0
5 23 0 0 0 0 0 0 0
6 0 1371 0.108157 0.466233 0.0540502 0.955569 0.0940224 0.0362244
6 1 1360 0.106321 0.476038 0.119148 1.0003 0.0924938 0.0351839
6 2 1418 0.104683 0.449805 0.187492 1.09909 0.0965681 0.0363139
6 3 1349 0.105558 0.45072 0.233871 1.01116 0.0911223 0.0344776
6 4 1295 0.103659 0.491304 0.337841 0.998129 0.0842643 0.0314587
6 5 1270 0.103862 0.511551 0.410665 0.944748 0.0804473 0.0300769
6 6 1244 0.0985015 0.515034 0.510157 1.08397 0.0763023 0.0274486
6 7 1190 0.0961005 0.572999 0.6177 1.07298 0.068943 0.0243673
6 8 1131 0.0942727 0.583026 0.730601 1.04721 0.0625949 0.0218248
6 9 1045 0.0934793 0.588561 0.851254 0.949357 0.0550109 0.0190667
6 10 1020 0.0846287 0.657931 1.01653 1.21233 0.0492052 0.0159289
6 11 889 0.0857745 0.706384 1.13132 0.963865 0.0404012 0.0131976
6 12 795 0.0815958 0.679579 1.33977 0.964546 0.0333732 0.010545
6 13 722 0.0758099 0.752839 1.49585 1.07904 0.028043 0.00845007
6 14 580 0.0727563 0.870599 1.89072 0.855855 0.0190273 0.0055878
6 15 449 0.0639626 1.03567 2.27379 0.980251 0.0126392 0.0034375
6 16 351 0.057614 1.08955 2.58039 1.08889 0.0089407 0.00229459
6 17 211 0.0541736 1.11376 2.7416 0.809226 0.00511745 0.00127156
6 18 107 0.0413703 1.18496 3.25487 1.31384 0.00224837 0.000492463
6 19 42 0.0259472 1.37475 3.79678 3.10541 0.000764863 0.0001423
6 20 11 0.0287609 1.70462 4.56567 0.874755 0.000167503 3.21312e-05
6 21 0 0 0 0 0 0 0
6 22 0 0 0 0 0 0 0
6 23 0 0 0 0 0 0 0
7 0 1291 0.106412 0.558941 0.022911 0.916928 0.0853552 0.032489
7 1 1385 0.105398 0.578796 0.15176 1.00461 0.0900368 0.0340286
7 2 1381 0.104788 0.570225 0.180131 1.02273 0.0897911 0.0337904
7 3 1292 0.102651 0.592522 0.267309 1.00694 0.0820648 0.0304187
7 4 1350 0.104623 0.604886 0.37911 0.952594 0.0832391 0.0312885
7 5 1265 0.102259 0.604959 0.44587 0.952004 0.0766109 0.0283177
7 6 1269 0.0975528 0.647181 0.5273 1.08603 0.0738008 0.026365
7 7 1096 0.0959416 0.663705 0.630424 0.960674 0.0612451 0.0216211
7 8 1048 0.0913492 0.736423 0.782109 1.01834 0.0540958 0.0184499
7 9 1053 0.0906934 0.733497 0.880623 1.01431 0.0524467 0.0177983
7 10 930 0.0882856 0.766036 1.00411 0.93379 0.0437358 0.0145697
7 11 869 0.0814369 0.855247 1.2118 1.06991 0.0368024 0.0116137
7 12 816 0.0760793 0.885265 1.38898 1.1995 0.0320816 0.00968873
7 13 660 0.0765612 0.960462 1.62084 0.860683 0.0234414 0.00710781
7 14 526 0.06952 1.04222 1.86563 0.921935 0.0168892 0.004824
7 15 425 0.06323 1.15249 2.20533 0.977953 0.012006 0.00324386
7 16 276 0.0545107 1.28085 2.58459 1.07222 0.00684874 0.0017072
7 17 177 0.044012 1.47981 3.11391 1.4995 0.00373538 0.000840355
7 18 79 0.0367555 1.44907 3.66726 1.53833 0.0014712 0.000307251
7 19 30 0.0303181 1.42376 4.0808 1.64728 0.000512311 9.99377e-05
7 20 0 0 0 0 0 0 0
7 21 0 0 0 0 0 0 0
7 22 0 0 0 0 0 0 0
7 23 0 0 0 0 0 0 0
8 0 1372 0.107512 0.679179 -0.00457543 0.887524 0.0859824 0.0329791
8 1 1341 0.10639 0.662016 0.120014 0.905115 0.0842891 0.0320782
8 2 1342 0.105079 0.699788 0.219929 0.921715 0.0819767 0.0309129
8 3 1225 0.100757 0.671079 0.277909 0.985466 0.0750862 0.0274568
8 4 1267 0.101191 0.716841 0.369521 0.964941 0.0747149 0.0274064
8 5 1186 0.0957249 0.744402 0.461974 1.06744 0.067581 0.0238195
8 6 1141 0.09835 0.789452 0.568204 0.88142 0.0619627 0.0222655
8 7 1140 0.0924308 0.760755 0.674943 1.08721 0.0605514 0.0208218
8 8 955 0.0912903 0.820511 0.80725 0.889651 0.0474491 0.0161757
8 9 1006 0.0869539 0.863175 0.903788 1.07625 0.0476149 0.0156985
8 10 901 0.0828315 0.933098 1.09088 1.06271 0.0390159 0.0124509
8 11 760 0.0806053 0.947981 1.2255 0.945325 0.0312225 0.00978674
8 12 670 0.0762147 1.00856 1.43619 0.948189 0.0251292 0.00759767
8 13 567 0.0719209 1.16025 1.7501 0.872803 0.0184693 0.00538545
8 14 470 0.0625869 1.24198 1.96495 1.18042 0.0140706 0.00377971
8 15 324 0.058296 1.42507 2.39075 0.962195 0.00829953 0.00214358
8 16 214 0.0485636 1.45313 2.75405 1.2927 0.00495703 0.00116677
8 17 109 0.0427173 1.6092 3.14658 1.14569 0.00224822 0.000499219
8 18 39 0.0272147 1.77447 3.61314 2.69802 0.000712331 0.000134371
8 19 14 0.0216772 1.68274 3.76778 3.36421 0.000249794 4.43415e-05
8 20 0 0 0 0 0 0 0
8 21 0 0 0 0 0 0 0
8 22 0 0 0 0 0 0 0
8 23 0 0 0 0 0 0 0
9 0 1330 0.105902 0.787606 0.0188748 0.858599 0.079146 0.0300184
9 1 1343 0.103377 0.799074 0.13135 0.944319 0.0790682 0.0294597
9 2 1293 0.102078 0.84287 0.20166 0.924038 0.0740235 0.0273261
9 3 1318 0.0994081 0.844193 0.289032 1.02667 0.0745013 0.0269783
9 4 1179 0.103201 0.845861 0.386862 0.760668 0.0654009 0.0243371
9 5 1232 0.0955946 0.868186 0.514699 1.04409 0.0656909 0.023131
9 6 1113 0.0959974 0.884614 0.591489 0.899627 0.0577413 0.0203926
9 7 1060 0.0922719 0.912713 0.719137 0.948677 0.0523817 0.0179908
9 8 973 0.0904464 0.989084 0.84631 0.869281 0.0449053 0.0152103
9 9 944 0.0883939 1.01334 0.955935 0.881587 0.0417037 0.0139044
9 10 778 0.0834439 1.06533 1.17438 0.818507 0.0314411 0.0100828
9 11 788 0.0817678 1.14479 1.3262 0.836181 0.0295931 0.00936357
9 12 660 0.0690387 1.24905 1.51712 1.24516 0.0226763 0.00644993
9 13 446 0.0692401 1.41002 1.96664 0.669404 0.0129042 0.00367684
9 14 341 0.0626575 1.41619 2.11386 0.777438 0.00944937 0.00253995
9 15 247 0.0530679 1.58084 2.50976 1.05971 0.005978 0.00146982
9 16 167 0.0438151 1.77828 2.87735 1.48186 0.00358681 0.000805332
9 17 74 0.0335897 1.94473 3.308 2.02493 0.00141372 0.000285577
9 18 37 0.0235422 2.03495 3.847 3.63041 0.000627713 0.000113744
9 19 0 0 0 0 0 0 0
9 20 0 0 0 0 0 0 0
9 21 0 0 0 0 0 0 0
9 22 0 0 0 0 0 0 0
9 23 0 0 0 0 0 0 0
10 0 1238 0.102471 0.944617 0.0267921 0.827702 0.0681662 0.0252346
10 1 1286 0.102833 0.95001 0.137448 0.845583 0.0702841 0.0260858
10 2 1220 0.100655 0.965749 0.233761 0.853507 0.065562 0.0239564
10 3 1218 0.0951098 0.948785 0.30879 1.05717 0.0653195 0.0229175
10 4 1179 0.0969406 0.970096 0.402956 0.928146 0.0615847 0.0219021
10 5 1152 0.0953032 1.01804 0.490754 0.927939 0.0578328 0.0203199
10 6 1010 0.0909834 1.02875 0.61781 0.934063 0.0489837 0.0166599
10 7 978 0.0908049 1.10135 0.752875 0.844025 0.0444384 0.0150934
10 8 1003 0.0869779 1.14405 0.879415 0.979772 0.0432808 0.0142722
10 9 852 0.0822239 1.15303 1.0001 0.993067 0.0353724 0.0112333
10 10 729 0.0781896 1.28813 1.23803 0.918013 0.0269739 0.00828979
10 11 638 0.0743891 1.34019 1.44031 0.907279 0.0219006 0.00652106
10 12 521 0.070686 1.51053 1.66743 0.801659 0.0160308 0.00462517
10 13 435 0.0603567 1.60868 1.98052 1.18029 0.012025 0.00316532
10 14 292 0.0564659 1.78396 2.32335 0.955035 0.00714685 0.00181465
10 15 192 0.0481281 1.8916 2.70586 1.17467 0.00421655 0.000988244
10 16 92 0.0450783 1.94151 2.84347 0.724812 0.00194394 0.000442032
10 17 42 0.0277125 2.04362 3.34239 2.67279 0.000786944 0.00014925
10 18 13 0.0282692 2.21389 4.23684 1.17602 0.000201654 3.84769e-05
10 19 0 0 0 0 0 0 0
10 20 0 0 0 0 0 0 0
10 21 0 0 0 0 0 0 0
10 22 0 0 0 0 0 0 0
10 23 0 0 0 0 0 0 0
11 0 1205 0.0963538 1.09182 0.0485792 0.951085 0.0616244 0.0218215
11 1 1160 0.0948154 1.10456 0.150633 0.96142 0.0586804 0.020543
11 2 1147 0.0927055 1.11833 0.239216 1.01921 0.0571983 0.0197096
11 3 1125 0.0946743 1.08273 0.319247 0.929317 0.0565148 0.0197641
11 4 1161 0.0935217 1.14852 0.402943 0.96254 0.0558348 0.0193584
11 5 1090 0.0902479 1.22247 0.552618 0.971898 0.0493501 0.0166904
11 6 997 0.087694 1.26732 0.643481 0.952896 0.0434616 0.014412
11 7 850 0.0830438 1.29178 0.769489 0.96291 0.0356601 0.0113994
11 8 795 0.0806052 1.37945 0.977588 0.92717 0.0306606 0.00961062
11 9 754 0.0795338 1.42151 1.11048 0.877611 0.0276953 0.0086058
11 10 619 0.074391 1.49668 1.27049 0.878636 0.0212843 0.00633766
11 11 497 0.0630293 1.64922 1.55837 1.22642 0.0151845 0.00409523
11 12 420 0.0641559 1.76792 1.79633 0.893148 0.0117344 0.00319695
11 13 326 0.0579326 1.84937 2.13156 0.983831 0.00824896 0.00212334
11 14 203 0.0509101 2.10108 2.46147 0.978925 0.00454021 0.00109338
11 15 124 0.0404535 2.12548 2.75753 1.57599 0.00259331 0.000562716
11 16 64 0.0382602 2.23111 3.04826 1.14277 0.00124077 0.000263214
11 17 19 0.0221394 2.34017 3.52565 3.47441 0.000331034 5.90636e-05
11 18 0 0 0 0 0 0 0
11 19 0 0 0 0 0 0 0
11 20 0 0 0 0 0 0 0
11 21 0 0 0 0 0 0 0
11 22 0 0 0 0 0 0 0
11 23 0 0 0 0 0 0 0
12 0 1074 0.0910975 1.27811 0.0844069 0.951301 0.0500692 0.0170439
12 1 1040 0.0889475 1.30809 0.134956 0.992206 0.0476906 0.0159687
12 2 1058 0.0914249 1.29937 0.247452 0.902685 0.0483366 0.0164952
12 3 1016 0.0889834 1.32159 0.351974 0.942126 0.04543 0.015216
12 4 988 0.0878213 1.31297 0.450165 0.954088 0.0437527 0.0145229
12 5 904 0.0864272 1.38329 0.557208 0.877473 0.0381416 0.0125235
12 6 865 0.0841178 1.43927 0.671423 0.892475 0.0349163 0.0112575
12 7 707 0.0810653 1.50231 0.865592 0.768972 0.0267596 0.00841917
12 8 690 0.0780725 1.57671 1.0034 0.834273 0.0246613 0.00757178
12 9 616 0.0740067 1.68496 1.19944 0.852699 0.0203134 0.00602901
12 10 510 0.0667395 1.74572 1.40175 1.02162 0.0157569 0.00439251
12 11 427 0.063381 1.89262 1.66744 0.960734 0.0119219 0.00322551
12 12 269 0.0616211 1.93526 1.86781 0.563661 0.00710191 0.00189112
12 13 221 0.0581775 2.0845 2.12547 0.528582 0.00533113 0.0013754
12 14 147 0.0425688 2.40182 2.67449 1.44717 0.00298468 0.000661755
12 15 66 0.0347373 2.65881 3.20813 1.63314 0.00116686 0.000238585
12 16 24 0.029066 2.36483 2.95903 1.82373 0.000464096 8.93191e-05
12 17 16 0.014833 2.57205 3.16745 7.12923 0.000288533 4.74585e-05
12 18 0 0 0 0 0 0 0
12 19 0 0 0 0 0 0 0
12 20 0 0 0 0 0 0 0
12 21 0 0 0 0 0 0 0
12 22 0 0 0 0 0 0 0
12 23 0 0 0 0 0 0 0
13 0 953 0.0882378 1.44673 0.0527502 0.87204 0.0410329 0.0136642
13 1 924 0.0827725 1.46298 0.16376 1.07357 0.0393338 0.0125465
13 2 902 0.0841418 1.51289 0.256274 0.95767 0.0373094 0.0120314
13 3 856 0.0841189 1.56112 0.386191 0.872968 0.0342436 0.0110407
13 4 830 0.0804279 1.60537 0.507057 0.98197 0.0321115 0.0100509
13 5 803 0.0839396 1.63968 0.607448 0.755498 0.0302002 0.00972318
13 6 742 0.0798435 1.61461 0.737313 0.858683 0.0275915 0.00859522
13 7 615 0.078228 1.68675 0.917501 0.690227 0.0215207 0.00661599
13 8 543 0.067544 1.8563 1.09188 1.06654 0.0173245 0.0048638
13 9 477 0.06648 1.94475 1.32737 0.928664 0.0141262 0.00392891
13 10 408 0.062696 2.00829 1.46661 0.973965 0.0115318 0.00310078
13 11 295 0.0560363 2.20972 1.77897 1.02828 0.00742988 0.00187892
13 12 192 0.0459118 2.35632 2.07162 1.45361 0.00441708 0.00101279
13 13 132 0.045889 2.624 2.51058 0.946992 0.00265481 0.00060858
13 14 63 0.0431099 2.72563 2.95108 0.430393 0.00115289 0.000257018
13 15 22 0.0356423 2.90415 3.52695 0.296853 0.000356361 7.35615e-05
13 16 0 0 0 0 0 0 0
13 17 0 0 0 0 0 0 0
13 18 0 0 0 0 0 0 0
13 19 0 0 0 0 0 0 0
13 20 0 0 0 0 0 0 0
13 21 0 0 0 0 0 0 0
13 22 0 0 0 0 0 0 0
13 23 0 0 0 0 0 0 0
14 0 816 0.0794822 1.70747 0.0666789 1.00005 0.0312233 0.00969798
14 1 771 0.079662 1.73312 0.173468 0.920172 0.0290819 0.00904612
14 2 730 0.0799514 1.74919 0.287459 0.838108 0.0271724 0.00847212
14 3 758 0.0768101 1.82197 0.387664 0.995121 0.0271612 0.00825275
14 4 653 0.0765844 1.8013 0.543615 0.849854 0.0232168 0.00704107
14 5 659 0.072725 1.84697 0.688019 1.02917 0.0225889 0.00663198
14 6 535 0.0744196 1.99061 0.838176 0.654017 0.0170285 0.00507169
14 7 500 0.0657178 2.13782 1.05653 1.01333 0.0146486 0.00404683
14 8 447 0.0612755 2.11479 1.13893 1.19376 0.0130154 0.00345488
14 9 354 0.0593994 2.32902 1.41073 0.98738 0.00924519 0.00241229
14 10 271 0.0602241 2.1694 1.5086 0.686197 0.00726666 0.00191047
14 11 179 0.0515607 2.20349 1.74391 0.920421 0.0045464 0.00110177
14 12 122 0.0423829 2.91527 2.35262 1.24515 0.00238371 0.000527515
14 13 79 0.039051 3.13161 2.63821 1.16486 0.00141986 0.000303679
14 14 24 0.0385901 2.93159 2.67386 0.0683913 0.000444335 9.45829e-05
14 15 13 0.0255702 3.22407 3.27085 1.91605 0.000209528 3.88217e-05
14 16 0 0 0 0 0 0 0
14 17 0 0 0 0 0 0 0
14 18 0 0 0 0 0 0 0
14 19 0 0 0 0 0 0 0
14 20 0 0 0 0 0 0 0
14 21 0 0 0 0 0 0 0
14 22 0 0 0 0 0 0 0
14 23 0 0 0 0 0 0 0
15 0 627 0.0732535 2.02948 0.089715 0.926007 0.0209782 0.00618679
15 1 614 0.0741966 1.96933 0.158201 0.875972 0.0210064 0.00624468
15 2 608 0.0682099 2.0613 0.287921 1.16684 0.0199476 0.00563296
15 3 606 0.0705197 2.10104 0.473803 0.998592 0.0193332 0.00556999
15 4 502 0.0728469 2.15815 0.586031 0.647372 0.0155245 0.00456263
15 5 453 0.069935 2.19278 0.734049 0.682513 0.0136219 0.00390477
15 6 422 0.064825 2.34081 0.945159 0.85255 0.011774 0.00322697
15 7 378 0.0645622 2.36998 1.11092 0.72821 0.0102201 0.00279453
15 8 318 0.056017 2.51761 1.27906 1.10897 0.00804177 0.00203329
15 9 250 0.0524877 2.68141 1.57845 1.07969 0.00579497 0.00141692
15 10 186 0.049148 2.74272 1.80974 1.04567 0.00410243 0.000971159
15 11 106 0.0430138 2.87995 2.05114 1.08151 0.00218547 0.000486744
15 12 74 0.0424153 3.06715 2.47176 0.694169 0.00137941 0.000305362
15 13 34 0.0238682 2.91925 2.32287 3.58562 0.00066689 0.000121277
15 14 10 0.0146527 3.04806 3.07224 6.73986 0.000170557 2.7997e-05
15 15 0 0 0 0 0 0 0
15 16 0 0 0 0 0 0 0
15 17 0 0 0 0 0 0 0
15 18 0 0 0 0 0 0 0
15 19 0 0 0 0 0 0 0
15 20 0 0 0 0 0 0 0
15 21 0 0 0 0 0 0 0
15 22 0 0 0 0 0 0 0
15 23 0 0 0 0 0 0 0
16 0 434 0.0633886 2.44982 0.0505607 1.00142 0.0124233 0.0033614
16 1 450 0.0658574 2.35531 0.201879 0.906465 0.0132817 0.00367375
16 2 419 0.0633715 2.41167 0.34103 0.972544 0.0120558 0.00326147
16 3 409 0.0650876 2.37676 0.499359 0.837435 0.0117971 0.00324088
16 4 378 0.0611181 2.44491 0.65048 0.992669 0.0105264 0.0027902
16 5 319 0.0576172 2.63446 0.803649 1.00792 0.00824736 0.00211671
16 6 278 0.0570946 2.64871 1.01613 0.884825 0.00700149 0.00178822
16 7 222 0.053818 2.76062 1.16847 0.878675 0.00532201 0.00131793
16 8 175 0.0479764 2.93013 1.44546 1.10688 0.00388004 0.000908018
16 9 134 0.0463768 2.69838 1.51832 1.05577 0.00311999 0.000718695
16 10 80 0.0399746 3.0806 1.85242 1.17226 0.00162432 0.00035073
16 11 54 0.0354936 3.7285 2.44662 1.2421 0.000895108 0.000184483
16 12 22 0.0288916 3.42463 2.35186 1.68981 0.000390038 7.49247e-05
16 13 0 0 0 0 0 0 0
16 14 0 0 0 0 0 0 0
16 15 0 0 0 0 0 0 0
16 16 0 0 0 0 0 0 0
16 17 0 0 0 0 0 0 0
16 18 0 0 0 0 0 0 0
16 19 0 0 0 0 0 0 0
16 20 0 0 0 0 0 0 0
16 21 0 0 0 0 0 0 0
16 22 0 0 0 0 0 0 0
16 23 0 0 0 0 0 0 0
17 0 294 0.0541428 2.91056 0.0847826 1.15803 0.00723441 0.00179705
17 1 293 0.0559118 2.5703 0.231466 1.11476 0.00802007 0.0020258
17 2 287 0.0546228 2.76385 0.328416 1.13369 0.00735165 0.00183451
17 3 281 0.0548768 2.89833 0.490458 1.04273 0.00685606 0.00171496
17 4 231 0.0518409 2.85607 0.722 1.10789 0.00562516 0.00136688
17 5 190 0.0480293 3.22452 1.00032 1.15369 0.0040879 0.000957162
17 6 161 0.0463452 3.05935 1.14784 1.1937 0.0035693 0.000821936
17 7 121 0.0435656 2.96632 1.32773 1.22562 0.00269585 0.000603771
17 8 72 0.0361595 3.61556 1.54495 1.54161 0.00134448 0.000279042
17 9 55 0.0374784 3.12943 1.70946 1.16009 0.00112507 0.000236741
17 10 28 0.0278474 3.64245 2.23957 2.15158 0.000483054 9.17495e-05
17 11 18 0.0186886 3.23862 1.92211 4.98842 0.000349959 6.00944e-05
17 12 0 0 0 0 0 0 0
17 13 0 0 0 0 0 0 0
17 14 0 0 0 0 0 0 0
17 15 0 0 0 0 0 0 0
17 16 0 0 0 0 0 0 0
17 17 0 0 0 0 0 0 0
17 18 0 0 0 0 0 0 0
17 19 0 0 0 0 0 0 0
17 20 0 0 0 0 0 0 0
17 21 0 0 0 0 0 0 0
17 22 0 0 0 0 0 0 0
17 23 0 0 0 0 0 0 0
18 0 166 0.0430845 3.22201 0.129095 1.60622 0.00372494 0.000830206
18 1 151 0.0487904 3.0193 0.189862 0.947545 0.00359023 0.000846939
18 2 150 0.0454159 3.17543 0.439435 1.24159 0.00338401 0.00077209
18 3 125 0.0450561 3.42311 0.617096 1.02443 0.00261653 0.000594841
18 4 119 0.0470836 2.98323 0.647434 0.875047 0.00280645 0.000651014
18 5 109 0.0491846 3.01005 0.929777 0.546116 0.00249829 0.000591627
18 6 66 0.0352354 3.47109 1.1911 1.6689 0.00131455 0.000270198
18 7 67 0.0412087 3.35161 1.25066 0.836621 0.00136647 0.000298807
18 8 36 0.0334117 3.44736 1.51499 1.35404 0.000700004 0.000141137
18 9 14 0.0317334 3.96474 1.79601 0.589342 0.000237487 4.70349e-05
18 10 17 0.0182436 3.39878 1.59418 5.15781 0.000331501 5.66434e-05
18 11 0 0 0 0 0 0 0
18 12 0 0 0 0 0 0 0
18 13 0 0 0 0 0 0 0
18 14 0 0 0 0 0 0 0
18 15 0 0 0 0 0 0 0
18 16 0 0 0 0 0 0 0
18 17 0 0 0 0 0 0 0
18 18 0 0 0 0 0 0 0
18 19 0 0 0 0 0 0 0
18 20 0 0 0 0 0 0 0
18 21 0 0 0 0 0 0 0
18 22 0 0 0 0 0 0 0
18 23 0 0 0 0 0 0 0
19 0 80 0.0391044 3.51286 0.118342 1.31273 0.00165847 0.000354909
19 1 82 0.0389603 3.63389 0.276157 1.32408 0.00164382 0.000351252
19 2 80 0.0375481 3.52572 0.519108 1.52491 0.00163739 0.000344795
19 3 51 0.0356611 3.53289 0.551558 1.36541 0.0010406 0.000214848
19 4 49 0.0378643 3.97292 0.834485 0.865957 0.000887862 0.000187577
19 5 30 0.0285281 3.62262 0.997195 2.17893 0.000584526 0.000111845
19 6 27 0.0276204 3.52993 1.08816 2.30879 0.000534506 0.000101272
19 7 12 0.0183735 4.45204 1.69656 4.5176 0.000186742 3.19547e-05
19 8 0 0 0 0 0 0 0
19 9 0 0 0 0 0 0 0
19 10 0 0 0 0 0 0 0
19 11 0 0 0 0 0 0 0
19 12 0 0 0 0 0 0 0
19 13 0 0 0 0 0 0 0
19 14 0 0 0 0 0 0 0
19 15 0 0 0 0 0 0 0
19 16 0 0 0 0 0 0 0
19 17 0 0 0 0 0 0 0
19 18 0 0 0 0 0 0 0
19 19 0 0 0 0 0 0 0
19 20 0 0 0 0 0 0 0
19 21 0 0 0 0 0 0 0
19 22 0 0 0 0 0 0 0
19 23 0 0 0 0 0 0 0
20 0 29 0.0309561 4.38175 0.30965 1.46492 0.000487666 9.57837e-05
20 1 15 0.0214399 4.0551 0.420766 3.53513 0.00027071 4.79282e-05
20 2 22 0.0370031 4.14103 0.468328 0.169712 0.000388888 8.14267e-05
20 3 10 0.0187906 3.92025 0.752847 4.29612 0.000184091 3.16477e-05
20 4 16 0.0241037 3.69829 0.694616 2.74926 0.000311314 5.67608e-05
20 5 0 0 0 0 0 0 0
20 6 0 0 0 0 0 0 0
20 7 0 0 0 0 0 0 0
20 8 0 0 0 0 0 0 0
20 9 0 0 0 0 0 0 0
20 10 0 0 0 0 0 0 0
20 11 0 0 0 0 0 0 0
20 12 0 0 0 0 0 0 0
20 13 0 0 0 0 0 0 0
20 14 0 0 0 0 0 0 0
20 15 0 0 0 0 0 0 0
20 16 0 0 0 0 0 0 0
20 17 0 0 0 0 0 0 0
20 18 0 0 0 0 0 0 0
20 19 0 0 0 0 0 0 0
20 20 0 0 0 0 0 0 0
20 21 0 0 0 0 0 0 0
20 22 0 0 0 0 0 0 0
20 23 0 0 0 0 0 0 0
21 0 0 0 0 0 0 0 0
21 1 0 0 0 0 0 0 0
21 2 0 0 0 0 0 0 0
21 3 0 0 0 0 0 0 0
21 4 0 0 0 0 0 0 0
21 5 0 0 0 0 0 0 0
21 6 0 0 0 0 0 0 0
21 7 0 0 0 0 0 0 0
21 8 0 0 0 0 0 0 0
21 9 0 0 0 0 0 0 0
21 10 0 0 0 0 0 0 0
21 11 0 0 0 0 0 0 0
21 12 0 0 0 0 0 0 0
21 13 0 0 0 0 0 0 0
21 14 0 0 0 0 0 0 0
21 15 0 0 0 0 0 0 0
21 16 0 0 0 0 0 0 0
21 17 0 0 0 0 0 0 0
21 18 0 0 0 0 0 0 0
21 19 0 0 0 0 0 0 0
21 20 0 0 0 0 0 0 0
21 21 0 0 0 0 0 0 0
21 22 0 0 0 0 0 0 0
21 23 0 0 0 0 0 0 0
22 0 0 0 0 0 0 0 0
22 1 0 0 0 0 0 0 0
22 2 0 0 0 0 0 0 0
22 3 0 0 0 0 0 0 0
22 4 0 0 0 0 0 0 0
22 5 0 0 0 0 0 0 0
22 6 0 0 0 0 0 0 0
22 7 0 0 0 0 0 0 0
22 8 0 0 0 0 0 0 0
22 9 0 0 0 0 0 0 0
22 10 0 0 0 0 0 0 0
22 11 0 0 0 0 0 0 0
22 12 0 0 0 0 0 0 0
22 13 0 0 0 0 0 0 0
22 14 0 0 0 0 0 0 0
22 15 0 0 0 0 0 0 0
22 16 0 0 0 0 0 0 0
22 17 0 0 0 0 0 0 0
22 18 0 0 0 0 0 0 0
22 19 0 0 0 0 0 0 0
22 20 0 0 0 0 0 0 0
22 21 0 0 0 0 0 0 0
22 22 0 0 0 0 0 0 0
22 23 0 0 0 0 0 0 0
23 0 0 0 0 0 0 0 0
23 1 0 0 0 0 0 0 0
23 2 0 0 0 0 0 0 0
23 3 0 0 0 0 0 0 0
23 4 0 0 0 0 0 0 0
23 5 0 0 0 0 0 0 0
23 6 0 0 0 0 0 0 0
23 7 0 0 0 0 0 0 0
23 8 0 0 0 0 0 0 0
23 9 0 0 0 0 0 0 0
23 10 0 0 0 0 0 0 0
23 11 0 0 0 0 0 0 0
23 12 0 0 0 0 0 0 0
23 13 0 0 0 0 0 0 0
23 14 0 0 0 0 0 0 0
23 15 0 0 0 0 0 0 0
23 16 0 0 0 0 0 0 0
23 17 0 0 0 0 0 0 0
23 18 0 0 0 0 0 0 0
23 19 0 0 0 0 0 0 0
23 20 0 0 0 0 0 0 0
23 21 0 0 0 0 0 0 0
23 22 0 0 0 0 0 0 0
23 23 0 0 0 0 0 0 0
