#  ix    iy     NB       E/N    TB    UxB       UyB       muB       rhoB     epsilonB
0 0 29 0.160276 0.101906 -0.0110258 -0.774673 0.00288488 0.00422715
0 1 23 0.181069 0.0505754 0.146248 -2.07674 0.00227295 0.00342199
0 2 16 0.0996871 -0.00254807 0.051555 3.94283 0.00159787 0.00216243
0 3 19 0.171772 0.0499192 0.454676 -1.9037 0.00172783 0.00257001
0 4 25 0.147625 0.0335708 0.452301 -0.234589 0.00227677 0.00328134
0 5 31 0.125412 -0.0373033 0.390418 1.7054 0.00288598 0.0040399
0 6 21 0.147135 0.144634 0.534838 -0.416784 0.0018369 0.00264569
0 7 14 0.0855595 0.0479412 0.747001 5.80809 0.00112079 0.00148891
0 8 18 0.102317 0.0112827 0.611878 3.5534 0.00153531 0.00208496
0 9 21 0.078204 0.13395 0.685626 7.69042 0.00172153 0.00226503
0 10 18 0.0832642 0.117215 0.901102 6.40823 0.00133216 0.00176439
0 11 14 0.0801022 0.0422337 0.947143 6.76387 0.00101597 0.00134005
0 12 10 0.0903742 0.0602675 1.1567 4.43889 0.000653498 0.000873644
0 13 0 0 0 0 0 0 0
0 14 0 0 0 0 0 0 0
0 15 0 0 0 0 0 0 0
0 16 0 0 0 0 0 0 0
0 17 0 0 0 0 0 0 0
0 18 0 0 0 0 0 0 0
0 19 0 0 0 0 0 0 0
0 20 0 0 0 0 0 0 0
0 21 0 0 0 0 0 0 0
0 22 0 0 0 0 0 0 0
0 23 0 0 0 0 0 0 0
1 0 27 0.129199 0.174912 0.118327 1.28904 0.00264174 0.00371643
1 1 17 0.182869 0.232442 0.0608966 -2.47719 0.00165295 0.00249439
1 2 20 0.140534 0.215119 0.117973 0.0968379 0.00194239 0.00277353
1 3 22 0.143101 0.141195 0.312719 -0.0167996 0.00208092 0.00298134
1 4 21 0.111753 0.154269 0.445824 2.63863 0.00189926 0.00261138
1 5 25 0.137898 0.0250282 0.458987 0.447289 0.00227151 0.00323228
1 6 26 0.128682 0.0738573 0.521664 1.19434 0.00230026 0.00323385
1 7 19 0.174832 0.151328 0.537334 -2.09621 0.00165901 0.0024775
1 8 17 0.119403 -0.00554806 0.779105 1.49844 0.00134102 0.00186246
1 9 16 0.098393 0.109356 0.810871 3.86631 0.00123831 0.00167299
1 10 18 0.726927 0.0803339 0.861224 -10.2196 0.00136139 0.00176555
1 11 11 0.0845386 0.165478 0.984498 5.63102 0.000778476 0.00103279
1 12 0 0 0 0 0 0 0
1 13 0 0 0 0 0 0 0
1 14 0 0 0 0 0 0 0
1 15 0 0 0 0 0 0 0
1 16 0 0 0 0 0 0 0
1 17 0 0 0 0 0 0 0
1 18 0 0 0 0 0 0 0
1 19 0 0 0 0 0 0 0
1 20 0 0 0 0 0 0 0
1 21 0 0 0 0 0 0 0
1 22 0 0 0 0 0 0 0
1 23 0 0 0 0 0 0 0
2 0 33 0.19627 0.194623 0.105386 -2.37799 0.00322203 0.00494743
2 1 29 0.154811 0.37906 0.180036 -0.528996 0.00267409 0.00389038
2 2 27 0.134794 0.194534 0.169078 0.825068 0.00261455 0.0037053
2 3 27 0.187002 0.220359 0.296398 -2.2333 0.00253277 0.00384265
2 4 25 0.163629 0.252399 0.332576 -1.18597 0.002307 0.00339523
2 5 23 0.129209 0.238287 0.583939 0.982193 0.00194541 0.00273686
2 6 22 0.155057 0.128762 0.45632 -0.840451 0.00198787 0.00289297
2 7 17 0.105089 0.236625 0.681403 3.0951 0.00137875 0.00187917
2 8 15 0.0930414 0.177917 0.731369 4.62054 0.00119845 0.00160779
2 9 14 0.108416 0.208205 0.845611 2.42925 0.00105577 0.00144527
2 10 14 0.129191 0.248882 0.88777 0.347138 0.00102928 0.00144799
2 11 0 0 0 0 0 0 0
2 12 16 0.0791731 0.221798 1.20351 6.95348 0.00101241 0.00133373
2 13 0 0 0 0 0 0 0
2 14 0 0 0 0 0 0 0
2 15 0 0 0 0 0 0 0
2 16 0 0 0 0 0 0 0
2 17 0 0 0 0 0 0 0
2 18 0 0 0 0 0 0 0
2 19 0 0 0 0 0 0 0
2 20 0 0 0 0 0 0 0
2 21 0 0 0 0 0 0 0
2 22 0 0 0 0 0 0 0
2 23 0 0 0 0 0 0 0
3 0 28 0.151648 0.33992 -0.0726285 -0.344401 0.00264478 0.00383185
3 1 21 0.126374 0.256724 0.0305997 1.27012 0.00203315 0.00284967
3 2 31 0.168824 0.328336 0.188138 -1.23512 0.00289935 0.00429601
3 3 19 0.154763 0.350397 0.245249 -0.951874 0.00174693 0.00254135
3 4 14 0.193009 0.421789 0.402793 -3.22601 0.00120935 0.00184913
3 5 19 0.170166 0.295158 0.361453 -1.82556 0.00172176 0.00255562
3 6 23 0.129863 0.366347 0.444591 0.951499 0.00199295 0.00280616
3 7 21 0.105072 0.319886 0.564134 3.34235 0.00176192 0.00240138
3 8 20 0.730263 0.279172 0.596534 -10.0326 0.00167027 0.00217608
3 9 15 0.10258 0.228047 0.66769 3.29408 0.00122564 0.00166499
3 10 17 0.72461 0.307176 0.892682 -10.3039 0.00123616 0.00159804
3 11 0 0 0 0 0 0 0
3 12 0 0 0 0 0 0 0
3 13 0 0 0 0 0 0 0
3 14 0 0 0 0 0 0 0
3 15 0 0 0 0 0 0 0
3 16 0 0 0 0 0 0 0
3 17 0 0 0 0 0 0 0
3 18 0 0 0 0 0 0 0
3 19 0 0 0 0 0 0 0
3 20 0 0 0 0 0 0 0
3 21 0 0 0 0 0 0 0
3 22 0 0 0 0 0 0 0
3 23 0 0 0 0 0 0 0
4 0 17 0.157303 0.484559 0.233746 -1.2582 0.00149709 0.00218515
4 1 33 0.165664 0.493705 0.0637837 -1.04935 0.0029542 0.00435927
4 2 19 0.163028 0.511702 0.33959 -1.50694 0.00161905 0.0023809
4 3 23 0.125561 0.254573 0.222884 1.41098 0.00217867 0.00305037
4 4 20 0.162538 0.310066 0.396683 -1.38143 0.00178636 0.00262525
4 5 31 0.121533 0.283554 0.371829 2.03339 0.00280815 0.00391098
4 6 19 0.126375 0.528782 0.604219 0.953529 0.00148153 0.00207653
4 7 18 0.151918 0.326676 0.671199 -0.967667 0.00144244 0.00209059
4 8 15 0.721391 0.502826 0.728052 -10.3826 0.00112338 0.0014458
4 9 10 0.138022 0.585353 0.879745 -0.757362 0.000687356 0.000978243
4 10 11 0.724028 0.479676 0.86455 -10.7585 0.000782223 0.0010104
4 11 14 0.722704 0.386141 0.948727 -10.5281 0.000977996 0.00126097
4 12 0 0 0 0 0 0 0
4 13 0 0 0 0 0 0 0
4 14 0 0 0 0 0 0 0
4 15 0 0 0 0 0 0 0
4 16 0 0 0 0 0 0 0
4 17 0 0 0 0 0 0 0
4 18 0 0 0 0 0 0 0
4 19 0 0 0 0 0 0 0
4 20 0 0 0 0 0 0 0
4 21 0 0 0 0 0 0 0
4 22 0 0 0 0 0 0 0
4 23 0 0 0 0 0 0 0
5 0 28 0.114823 0.492987 0.0820895 2.58566 0.00250462 0.00345763
5 1 17 0.145214 0.592727 0.195507 -0.529363 0.00144216 0.00207191
5 2 29 0.168522 0.432409 0.173257 -1.31737 0.00262878 0.00389356
5 3 36 0.145441 0.449396 0.274592 0.247585 0.00318527 0.00457757
5 4 29 0.130566 0.301084 0.310729 1.18236 0.00266155 0.00375104
5 5 22 0.111587 0.411064 0.385994 2.66589 0.00191633 0.00263427
5 6 17 0.10796 0.471921 0.503015 2.76434 0.00139941 0.00191455
5 7 21 0.0879144 0.446338 0.484905 5.83911 0.00175344 0.00233658
5 8 12 0.0739432 0.504667 0.64374 8.04008 0.000928841 0.00121528
5 9 16 0.109855 0.548922 0.777808 2.35685 0.00115884 0.00158937
5 10 13 0.0954737 0.638497 0.916419 3.92906 0.000867148 0.00116705
5 11 12 0.0859994 0.659175 1.19209 5.27231 0.000710122 0.000943909
5 12 0 0 0 0 0 0 0
5 13 0 0 0 0 0 0 0
5 14 0 0 0 0 0 0 0
5 15 0 0 0 0 0 0 0
5 16 0 0 0 0 0 0 0
5 17 0 0 0 0 0 0 0
5 18 0 0 0 0 0 0 0
5 19 0 0 0 0 0 0 0
5 20 0 0 0 0 0 0 0
5 21 0 0 0 0 0 0 0
5 22 0 0 0 0 0 0 0
5 23 0 0 0 0 0 0 0
6 0 26 0.112524 0.399862 -0.051672 2.79301 0.00241138 0.00331887
6 1 20 0.145854 0.651228 0.0468715 -0.423355 0.00167466 0.00240796
6 2 21 0.151667 0.554649 0.240071 -0.731972 0.00179726 0.00260399
6 3 28 0.170093 0.567026 0.319287 -1.51211 0.00234685 0.00348312
6 4 20 0.155485 0.565968 0.530617 -1.0958 0.00158021 0.00230099
6 5 22 0.082957 0.538402 0.454165 6.76734 0.00179861 0.00238123
6 6 13 0.126086 0.566568 0.492411 0.624736 0.00103968 0.00145667
6 7 20 0.115437 0.665942 0.640027 1.98835 0.00146919 0.00202986
6 8 22 0.0947037 0.526469 0.71775 4.68286 0.00164329 0.00220939
6 9 0 0 0 0 0 0 0
6 10 0 0 0 0 0 0 0
6 11 11 0.732955 0.574122 1.01289 -10.8927 0.000716713 0.000937196
6 12 0 0 0 0 0 0 0
6 13 0 0 0 0 0 0 0
6 14 0 0 0 0 0 0 0
6 15 0 0 0 0 0 0 0
6 16 0 0 0 0 0 0 0
6 17 0 0 0 0 0 0 0
6 18 0 0 0 0 0 0 0
6 19 0 0 0 0 0 0 0
6 20 0 0 0 0 0 0 0
6 21 0 0 0 0 0 0 0
6 22 0 0 0 0 0 0 0
6 23 0 0 0 0 0 0 0
7 0 27 0.154332 0.572662 -0.0381032 -0.632545 0.00234173 0.00340471
7 1 24 0.131728 0.654273 0.109886 0.801237 0.0019999 0.00282284
7 2 29 0.131699 0.517012 0.105766 1.05237 0.00256478 0.00362003
7 3 25 0.132586 0.661725 0.217771 0.757311 0.00205131 0.00289868
7 4 27 0.104937 0.680404 0.456534 3.5291 0.00208846 0.00284592
7 5 17 0.0971966 0.689067 0.333847 4.12139 0.00134977 0.00182071
7 6 15 0.138801 0.663143 0.397031 -0.269097 0.00118682 0.00169081
7 7 0 0 0 0 0 0 0
7 8 12 0.729903 0.541977 0.727894 -10.6618 0.000888628 0.00115716
7 9 0 0 0 0 0 0 0
7 10 10 0.728678 0.635636 0.827013 -10.9054 0.000692048 0.000899664
7 11 0 0 0 0 0 0 0
7 12 0 0 0 0 0 0 0
7 13 0 0 0 0 0 0 0
7 14 0 0 0 0 0 0 0
7 15 0 0 0 0 0 0 0
7 16 0 0 0 0 0 0 0
7 17 0 0 0 0 0 0 0
7 18 0 0 0 0 0 0 0
7 19 0 0 0 0 0 0 0
7 20 0 0 0 0 0 0 0
7 21 0 0 0 0 0 0 0
7 22 0 0 0 0 0 0 0
7 23 0 0 0 0 0 0 0
8 0 30 0.123295 0.664333 0.0317545 1.75239 0.00249797 0.00348704
8 1 21 0.11733 0.882185 0.103971 1.8613 0.00157003 0.00217457
8 2 14 0.0792054 0.725565 0.124709 7.0543 0.00112742 0.0014853
8 3 29 0.100502 0.714905 0.248587 4.20225 0.00231233 0.00313267
8 4 22 0.0819564 0.80491 0.417329 6.86352 0.00162983 0.00215496
8 5 18 0.114062 0.89966 0.469208 1.98159 0.00126349 0.00174251
8 6 15 0.0863399 0.748655 0.420936 5.68286 0.00113791 0.00151321
8 7 18 0.0740355 0.72613 0.662605 8.34156 0.00128365 0.00167972
8 8 0 0 0 0 0 0 0
8 9 0 0 0 0 0 0 0
8 10 0 0 0 0 0 0 0
8 11 0 0 0 0 0 0 0
8 12 0 0 0 0 0 0 0
8 13 0 0 0 0 0 0 0
8 14 0 0 0 0 0 0 0
8 15 0 0 0 0 0 0 0
8 16 0 0 0 0 0 0 0
8 17 0 0 0 0 0 0 0
8 18 0 0 0 0 0 0 0
8 19 0 0 0 0 0 0 0
8 20 0 0 0 0 0 0 0
8 21 0 0 0 0 0 0 0
8 22 0 0 0 0 0 0 0
8 23 0 0 0 0 0 0 0
9 0 24 0.110389 0.740007 0.0750774 2.8044 0.00192571 0.002643
9 1 22 0.113133 0.915997 0.108474 2.32765 0.00161711 0.00222747
9 2 23 0.145637 0.735158 0.191641 -0.319167 0.00183141 0.00263261
9 3 17 0.721848 0.950737 0.368972 -10.3272 0.00119023 0.00153279
9 4 14 0.140876 0.806196 0.380354 -0.547673 0.00104506 0.0014929
9 5 18 0.0799452 0.907379 0.518678 6.99901 0.00124438 0.00164098
9 6 0 0 0 0 0 0 0
9 7 0 0 0 0 0 0 0
9 8 0 0 0 0 0 0 0
9 9 0 0 0 0 0 0 0
9 10 0 0 0 0 0 0 0
9 11 0 0 0 0 0 0 0
9 12 0 0 0 0 0 0 0
9 13 0 0 0 0 0 0 0
9 14 0 0 0 0 0 0 0
9 15 0 0 0 0 0 0 0
9 16 0 0 0 0 0 0 0
9 17 0 0 0 0 0 0 0
9 18 0 0 0 0 0 0 0
9 19 0 0 0 0 0 0 0
9 20 0 0 0 0 0 0 0
9 21 0 0 0 0 0 0 0
9 22 0 0 0 0 0 0 0
9 23 0 0 0 0 0 0 0
10 0 17 0.0958512 0.941888 0.0572246 4.22829 0.00123643 0.00166487
10 1 18 0.104822 0.950447 0.154002 3.06675 0.00129665 0.00176666
10 2 14 0.730647 1.09547 0.389857 -10.6388 0.000912864 0.00118993
10 3 17 0.085186 0.905718 0.173789 5.98502 0.00124969 0.00165934
10 4 0 0 0 0 0 0 0
10 5 13 0.73123 0.988544 0.514021 -10.6918 0.000868321 0.00113277
10 6 16 0.105663 1.16525 0.662663 2.65915 0.000956706 0.00130493
10 7 0 0 0 0 0 0 0
10 8 0 0 0 0 0 0 0
10 9 0 0 0 0 0 0 0
10 10 0 0 0 0 0 0 0
10 11 0 0 0 0 0 0 0
10 12 0 0 0 0 0 0 0
10 13 0 0 0 0 0 0 0
10 14 0 0 0 0 0 0 0
10 15 0 0 0 0 0 0 0
10 16 0 0 0 0 0 0 0
10 17 0 0 0 0 0 0 0
10 18 0 0 0 0 0 0 0
10 19 0 0 0 0 0 0 0
10 20 0 0 0 0 0 0 0
10 21 0 0 0 0 0 0 0
10 22 0 0 0 0 0 0 0
10 23 0 0 0 0 0 0 0
11 0 14 0.710823 1.02108 0.0044028 -10.463 0.000979566 0.00124223
11 1 11 0.0763938 1.17124 0.170526 7.20279 0.000709916 0.000931831
11 2 10 0.119166 1.32123 0.325803 0.704129 0.000592163 0.000822159
11 3 15 0.0764677 0.824734 0.303019 7.6482 0.00112683 0.00147921
11 4 10 0.100114 1.37142 0.481854 2.84842 0.000566778 0.000767462
11 5 0 0 0 0 0 0 0
11 6 10 0.719161 1.11893 0.590885 -10.9651 0.000620037 0.000795522
11 7 0 0 0 0 0 0 0
11 8 0 0 0 0 0 0 0
11 9 0 0 0 0 0 0 0
11 10 0 0 0 0 0 0 0
11 11 0 0 0 0 0 0 0
11 12 0 0 0 0 0 0 0
11 13 0 0 0 0 0 0 0
11 14 0 0 0 0 0 0 0
11 15 0 0 0 0 0 0 0
11 16 0 0 0 0 0 0 0
11 17 0 0 0 0 0 0 0
11 18 0 0 0 0 0 0 0
11 19 0 0 0 0 0 0 0
11 20 0 0 0 0 0 0 0
11 21 0 0 0 0 0 0 0
11 22 0 0 0 0 0 0 0
11 23 0 0 0 0 0 0 0
12 0 0 0 0 0 0 0 0
12 1 0 0 0 0 0 0 0
12 2 10 0.716469 1.09614 0.21977 -10.8781 0.000666694 0.000852182
12 3 0 0 0 0 0 0 0
12 4 0 0 0 0 0 0 0
12 5 0 0 0 0 0 0 0
12 6 0 0 0 0 0 0 0
12 7 0 0 0 0 0 0 0
12 8 0 0 0 0 0 0 0
12 9 0 0 0 0 0 0 0
12 10 0 0 0 0 0 0 0
12 11 0 0 0 0 0 0 0
12 12 0 0 0 0 0 0 0
12 13 0 0 0 0 0 0 0
12 14 0 0 0 0 0 0 0
12 15 0 0 0 0 0 0 0
12 16 0 0 0 0 0 0 0
12 17 0 0 0 0 0 0 0
12 18 0 0 0 0 0 0 0
12 19 0 0 0 0 0 0 0
12 20 0 0 0 0 0 0 0
12 21 0 0 0 0 0 0 0
12 22 0 0 0 0 0 0 0
12 23 0 0 0 0 0 0 0
13 0 0 0 0 0 0 0 0
13 1 0 0 0 0 0 0 0
13 2 0 0 0 0 0 0 0
13 3 0 0 0 0 0 0 0
13 4 0 0 0 0 0 0 0
13 5 0 0 0 0 0 0 0
13 6 0 0 0 0 0 0 0
13 7 0 0 0 0 0 0 0
13 8 0 0 0 0 0 0 0
13 9 0 0 0 0 0 0 0
13 10 0 0 0 0 0 0 0
13 11 0 0 0 0 0 0 0
13 12 0 0 0 0 0 0 0
13 13 0 0 0 0 0 0 0
13 14 0 0 0 0 0 0 0
13 15 0 0 0 0 0 0 0
13 16 0 0 0 0 0 0 0
13 17 0 0 0 0 0 0 0
13 18 0 0 0 0 0 0 0
13 19 0 0 0 0 0 0 0
13 20 0 0 0 0 0 0 0
13 21 0 0 0 0 0 0 0
13 22 0 0 0 0 0 0 0
13 23 0 0 0 0 0 0 0
14 0 0 0 0 0 0 0 0
14 1 0 0 0 0 0 0 0
14 2 0 0 0 0 0 0 0
14 3 0 0 0 0 0 0 0
14 4 0 0 0 0 0 0 0
14 5 0 0 0 0 0 0 0
14 6 0 0 0 0 0 0 0
14 7 0 0 0 0 0 0 0
14 8 0 0 0 0 0 0 0
14 9 0 0 0 0 0 0 0
14 10 0 0 0 0 0 0 0
14 11 0 0 0 0 0 0 0
14 12 0 0 0 0 0 0 0
14 13 0 0 0 0 0 0 0
14 14 0 0 0 0 0 0 0
14 15 0 0 0 0 0 0 0
14 16 0 0 0 0 0 0 0
14 17 0 0 0 0 0 0 0
14 18 0 0 0 0 0 0 0
14 19 0 0 0 0 0 0 0
14 20 0 0 0 0 0 0 0
14 21 0 0 0 0 0 0 0
14 22 0 0 0 0 0 0 0
14 23 0 0 0 0 0 0 0
15 0 0 0 0 0 0 0 0
15 1 0 0 0 0 0 0 0
15 2 0 0 0 0 0 0 0
15 3 0 0 0 0 0 0 0
15 4 0 0 0 0 0 0 0
15 5 0 0 0 0 0 0 0
15 6 0 0 0 0 0 0 0
15 7 0 0 0 0 0 0 0
15 8 0 0 0 0 0 0 0
15 9 0 0 0 0 0 0 0
15 10 0 0 0 0 0 0 0
15 11 0 0 0 0 0 0 0
15 12 0 0 0 0 0 0 0
15 13 0 0 0 0 0 0 0
15 14 0 0 0 0 0 0 0
15 15 0 0 0 0 0 0 0
15 16 0 0 0 0 0 0 0
15 17 0 0 0 0 0 0 0
15 18 0 0 0 0 0 0 0
15 19 0 0 0 0 0 0 0
15 20 0 0 0 0 0 0 0
15 21 0 0 0 0 0 0 0
15 22 0 0 0 0 0 0 0
15 23 0 0 0 0 0 0 0
16 0 0 0 0 0 0 0 0
16 1 0 0 0 0 0 0 0
16 2 0 0 0 0 0 0 0
16 3 0 0 0 0 0 0 0
16 4 0 0 0 0 0 0 0
16 5 0 0 0 0 0 0 0
16 6 0 0 0 0 0 0 0
16 7 0 0 0 0 0 0 0
16 8 0 0 0 0 0 0 0
16 9 0 0 0 0 0 0 0
16 10 0 0 0 0 0 0 0
16 11 0 0 0 0 0 0 0
16 12 0 0 0 0 0 0 0
16 13 0 0 0 0 0 0 0
16 14 0 0 0 0 0 0 0
16 15 0 0 0 0 0 0 0
16 16 0 0 0 0 0 0 0
16 17 0 0 0 0 0 0 0
16 18 0 0 0 0 0 0 0
16 19 0 0 0 0 0 0 0
16 20 0 0 0 0 0 0 0
16 21 0 0 0 0 0 0 0
16 22 0 0 0 0 0 0 0
16 23 0 0 0 0 0 0 0
17 0 0 0 0 0 0 0 0
17 1 0 0 0 0 0 0 0
17 2 0 0 0 0 0 0 0
17 3 0 0 0 0 0 0 0
17 4 0 0 0 0 0 0 0
17 5 0 0 0 0 0 0 0
17 6 0 0 0 0 0 0 0
17 7 0 0 0 0 0 0 0
17 8 0 0 0 0 0 0 0
17 9 0 0 0 0 0 0 0
17 10 0 0 0 0 0 0 0
17 11 0 0 0 0 0 0 0
17 12 0 0 0 0 0 0 0
17 13 0 0 0 0 0 0 0
17 14 0 0 0 0 0 0 0
17 15 0 0 0 0 0 0 0
17 16 0 0 0 0 0 0 0
17 17 0 0 0 0 0 0 0
17 18 0 0 0 0 0 0 0
17 19 0 0 0 0 0 0 0
17 20 0 0 0 0 0 0 0
17 21 0 0 0 0 0 0 0
17 22 0 0 0 0 0 0 0
17 23 0 0 0 0 0 0 0
18 0 0 0 0 0 0 0 0
18 1 0 0 0 0 0 0 0
18 2 0 0 0 0 0 0 0
18 3 0 0 0 0 0 0 0
18 4 0 0 0 0 0 0 0
18 5 0 0 0 0 0 0 0
18 6 0 0 0 0 0 0 0
18 7 0 0 0 0 0 0 0
18 8 0 0 0 0 0 0 0
18 9 0 0 0 0 0 0 0
18 10 0 0 0 0 0 0 0
18 11 0 0 0 0 0 0 0
18 12 0 0 0 0 0 0 0
18 13 0 0 0 0 0 0 0
18 14 0 0 0 0 0 0 0
18 15 0 0 0 0 0 0 0
18 16 0 0 0 0 0 0 0
18 17 0 0 0 0 0 0 0
18 18 0 0 0 0 0 0 0
18 19 0 0 0 0 0 0 0
18 20 0 0 0 0 0 0 0
18 21 0 0 0 0 0 0 0
18 22 0 0 0 0 0 0 0
18 23 0 0 0 0 0 0 0
19 0 0 0 0 0 0 0 0
19 1 0 0 0 0 0 0 0
19 2 0 0 0 0 0 0 0
19 3 0 0 0 0 0 0 0
19 4 0 0 0 0 0 0 0
19 5 0 0 0 0 0 0 0
19 6 0 0 0 0 0 0 0
19 7 0 0 0 0 0 0 0
19 8 0 0 0 0 0 0 0
19 9 0 0 0 0 0 0 0
19 10 0 0 0 0 0 0 0
19 11 0 0 0 0 0 0 0
19 12 0 0 0 0 0 0 0
19 13 0 0 0 0 0 0 0
19 14 0 0 0 0 0 0 0
19 15 0 0 0 0 0 0 0
19 16 0 0 0 0 0 0 0
19 17 0 0 0 0 0 0 0
19 18 0 0 0 0 0 0 0
19 19 0 0 0 0 0 0 0
19 20 0 0 0 0 0 0 0
19 21 0 0 0 0 0 0 0
19 22 0 0 0 0 0 0 0
19 23 0 0 0 0 0 0 0
20 0 0 0 0 0 0 0 0
20 1 0 0 0 0 0 0 0
20 2 0 0 0 0 0 0 0
20 3 0 0 0 0 0 0 0
20 4 0 0 0 0 0 0 0
20 5 0 0 0 0 0 0 0
20 6 0 0 0 0 0 0 0
20 7 0 0 0 0 0 0 0
20 8 0 0 0 0 0 0 0
20 9 0 0 0 0 0 0 0
20 10 0 0 0 0 0 0 0
20 11 0 0 0 0 0 0 0
20 12 0 0 0 0 0 0 0
20 13 0 0 0 0 0 0 0
20 14 0 0 0 0 0 0 0
20 15 0 0 0 0 0 0 0
20 16 0 0 0 0 0 0 0
20 17 0 0 0 0 0 0 0
20 18 0 0 0 0 0 0 0
20 19 0 0 0 0 0 0 0
20 20 0 0 0 0 0 0 0
20 21 0 0 0 0 0 0 0
20 22 0 0 0 0 0 0 0
20 23 0 0 0 0 0 0 0
21 0 0 0 0 0 0 0 0
21 1 0 0 0 0 0 0 0
21 2 0 0 0 0 0 0 0
21 3 0 0 0 0 0 0 0
21 4 0 0 0 0 0 0 0
21 5 0 0 0 0 0 0 0
21 6 0 0 0 0 0 0 0
21 7 0 0 0 0 0 0 0
21 8 0 0 0 0 0 0 0
21 9 0 0 0 0 0 0 0
21 10 0 0 0 0 0 0 0
21 11 0 0 0 0 0 0 0
21 12 0 0 0 0 0 0 0
21 13 0 0 0 0 0 0 0
21 14 0 0 0 0 0 0 0
21 15 0 0 0 0 0 0 0
21 16 0 0 0 0 0 0 0
21 17 0 0 0 0 0 0 0
21 18 0 0 0 0 0 0 0
21 19 0 0 0 0 0 0 0
21 20 0 0 0 0 0 0 0
21 21 0 0 0 0 0 0 0
21 22 0 0 0 0 0 0 0
21 23 0 0 0 0 0 0 0
22 0 0 0 0 0 0 0 0
22 1 0 0 0 0 0 0 0
22 2 0 0 0 0 0 0 0
22 3 0 0 0 0 0 0 0
22 4 0 0 0 0 0 0 0
22 5 0 0 0 0 0 0 0
22 6 0 0 0 0 0 0 0
22 7 0 0 0 0 0 0 0
22 8 0 0 0 0 0 0 0
22 9 0 0 0 0 0 0 0
22 10 0 0 0 0 0 0 0
22 11 0 0 0 0 0 0 0
22 12 0 0 0 0 0 0 0
22 13 0 0 0 0 0 0 0
22 14 0 0 0 0 0 0 0
22 15 0 0 0 0 0 0 0
22 16 0 0 0 0 0 0 0
22 17 0 0 0 0 0 0 0
22 18 0 0 0 0 0 0 0
22 19 0 0 0 0 0 0 0
22 20 0 0 0 0 0 0 0
22 21 0 0 0 0 0 0 0
22 22 0 0 0 0 0 0 0
22 23 0 0 0 0 0 0 0
23 0 0 0 0 0 0 0 0
23 1 0 0 0 0 0 0 0
23 2 0 0 0 0 0 0 0
23 3 0 0 0 0 0 0 0
23 4 0 0 0 0 0 0 0
23 5 0 0 0 0 0 0 0
23 6 0 0 0 0 0 0 0
23 7 0 0 0 0 0 0 0
23 8 0 0 0 0 0 0 0
23 9 0 0 0 0 0 0 0
23 10 0 0 0 0 0 0 0
23 11 0 0 0 0 0 0 0
23 12 0 0 0 0 0 0 0
23 13 0 0 0 0 0 0 0
23 14 0 0 0 0 0 0 0
23 15 0 0 0 0 0 0 0
23 16 0 0 0 0 0 0 0
23 17 0 0 0 0 0 0 0
23 18 0 0 0 0 0 0 0
23 19 0 0 0 0 0 0 0
23 20 0 0 0 0 0 0 0
23 21 0 0 0 0 0 0 0
23 22 0 0 0 0 0 0 0
23 23 0 0 0 0 0 0 0
