#  ix    iy     NB       E/N    TB    UxB       UyB       muB       rhoB     epsilonB
0 0 39 0.005 0.00647072 0.107316 210.501 0.00276975 0.00291518
0 1 45 0.005 0.0342256 0.0892501 219.37 0.0031997 0.00350959
0 2 37 0.005 0.0429279 0.117201 226.715 0.00262251 0.0029728
0 3 31 0.005 0.0425946 0.226726 218.644 0.00215762 0.00235875
0 4 37 0.005 0.0108289 0.184833 213.47 0.00259869 0.00277371
0 5 41 0.005 0.0584459 0.302063 215.555 0.00279909 0.00301679
0 6 34 0.005 0.0617313 0.485243 220.493 0.00218156 0.0024051
0 7 36 0.005 0.0725946 0.573139 210.728 0.00222657 0.002346
0 8 40 0.005 0.0308768 0.51463 213.023 0.00253951 0.00270487
0 9 46 0.005 0.00546232 0.691612 208.636 0.00270234 0.00281903
0 10 44 0.005 0.0393819 0.643139 212.36 0.00264192 0.00280518
0 11 34 0.005 0.0313854 0.892016 215.759 0.00181182 0.00195459
0 12 47 0.005 0.0411102 0.837145 210.467 0.00257292 0.00270757
0 13 34 0.005 -0.0659509 0.941249 210.095 0.00176639 0.00185555
0 14 31 0.005 0.0158635 1.0338 210.689 0.00153941 0.00162168
0 15 31 0.005 0.0773258 1.24978 210.057 0.00138179 0.00145128
0 16 31 0.005 0.0314817 1.34958 200.387 0.00131803 0.00132058
0 17 12 0.005 -0.111346 1.72977 209.507 0.00042833 0.000448691
0 18 16 0.005 0.103595 1.85687 201.338 0.000541237 0.000544858
0 19 0 0 0 0 0 0 0
0 20 0 0 0 0 0 0 0
0 21 0 0 0 0 0 0 0
0 22 0 0 0 0 0 0 0
0 23 0 0 0 0 0 0 0
1 0 51 0.005 0.0761984 0.0524445 213.884 0.00362737 0.00387918
1 1 47 0.005 0.147065 0.0551825 220.532 0.00331648 0.00365695
1 2 43 0.005 0.129649 0.219611 212.623 0.00297617 0.00316402
1 3 26 0.005 0.0609204 0.25739 213.053 0.0017954 0.00191258
1 4 39 0.005 0.0799764 0.272464 221.957 0.00267977 0.00297397
1 5 42 0.005 0.084883 0.289785 212.299 0.00287192 0.00304853
1 6 39 0.005 0.19299 0.593994 215.336 0.00236275 0.00254393
1 7 41 0.005 0.117409 0.501151 222.657 0.00260388 0.00289886
1 8 41 0.005 0.105357 0.636047 214.243 0.00246137 0.00263666
1 9 45 0.005 0.139127 0.637483 221.957 0.00269193 0.00298747
1 10 46 0.005 0.143666 0.723871 215.85 0.00264373 0.00285325
1 11 36 0.005 0.160337 0.894275 209.527 0.00190323 0.00199389
1 12 36 0.005 0.151573 0.929586 213.916 0.00187187 0.00200212
1 13 47 0.005 0.143493 0.992016 210.14 0.00237108 0.0024913
1 14 47 0.005 0.173615 1.1511 209.442 0.00218755 0.00229082
1 15 37 0.005 0.0805434 1.28041 208.808 0.00162474 0.0016963
1 16 24 0.005 0.0953776 1.30385 200.534 0.00104152 0.0010443
1 17 22 0.005 0.145617 1.51115 205.16 0.000864416 0.000886718
1 18 14 0.005 0.161656 1.60331 197.935 0.000527285 0.000521841
1 19 0 0 0 0 0 0 0
1 20 0 0 0 0 0 0 0
1 21 0 0 0 0 0 0 0
1 22 0 0 0 0 0 0 0
1 23 0 0 0 0 0 0 0
2 0 26 0.005 0.110985 0.047021 223.454 0.0018438 0.00206002
2 1 37 0.005 0.17165 0.0925648 222.646 0.00259399 0.00288771
2 2 41 0.005 0.112134 0.0850773 213.4 0.00289998 0.00309428
2 3 46 0.005 0.177899 0.165759 222.347 0.00319269 0.00354942
2 4 60 0.005 0.219954 0.284647 217.653 0.00403272 0.00438867
2 5 56 0.005 0.191115 0.320577 218.772 0.0037475 0.00409925
2 6 42 0.005 0.213986 0.462302 214.567 0.00267313 0.00286782
2 7 61 0.005 0.178875 0.462196 217.034 0.00390399 0.00423648
2 8 46 0.005 0.178436 0.5833 212.813 0.00280505 0.00298475
2 9 48 0.005 0.209307 0.592676 209.285 0.00290278 0.00303754
2 10 47 0.005 0.115521 0.662003 209.384 0.00278642 0.00291716
2 11 43 0.005 0.160585 0.867532 212.11 0.00230317 0.00244262
2 12 42 0.005 0.226468 0.923512 209.139 0.00217405 0.00227339
2 13 46 0.005 0.189546 0.98803 210.034 0.00231634 0.00243255
2 14 34 0.005 0.245548 1.13383 202.974 0.00158562 0.0016092
2 15 28 0.005 0.189845 1.26193 209.816 0.0012336 0.00129415
2 16 25 0.005 0.203444 1.3852 204.079 0.00103789 0.00105906
2 17 28 0.005 0.170747 1.46068 203.351 0.0011246 0.00114345
2 18 0 0 0 0 0 0 0
2 19 10 0.005 0.137677 1.88677 199.595 0.000333805 0.000333129
2 20 0 0 0 0 0 0 0
2 21 0 0 0 0 0 0 0
2 22 0 0 0 0 0 0 0
2 23 0 0 0 0 0 0 0
3 0 48 0.005 0.178138 0.0312449 216.941 0.00337384 0.00365962
3 1 45 0.005 0.191195 0.0819631 215.345 0.00314692 0.00338837
3 2 40 0.005 0.206101 0.127819 218.191 0.00277665 0.0030292
3 3 42 0.005 0.203837 0.158886 217.368 0.00290456 0.0031568
3 4 37 0.005 0.234917 0.252024 214.417 0.00249871 0.00267883
3 5 42 0.005 0.26302 0.316347 213.327 0.00277438 0.00295926
3 6 57 0.005 0.195217 0.369323 218.141 0.0037568 0.00409756
3 7 50 0.005 0.119915 0.461702 218.017 0.00322346 0.00351386
3 8 45 0.005 0.242726 0.526913 216.389 0.0027803 0.00300813
3 9 37 0.005 0.224835 0.682896 208.846 0.00214583 0.00224074
3 10 41 0.005 0.29696 0.743966 206.884 0.00228567 0.00236434
3 11 38 0.005 0.268352 0.919621 213.751 0.00196003 0.00209479
3 12 33 0.005 0.293477 0.95514 209.072 0.00166741 0.00174304
3 13 37 0.005 0.327682 1.05195 208.508 0.00177618 0.00185174
3 14 39 0.005 0.377429 1.12067 207.411 0.00179879 0.00186544
3 15 27 0.005 0.319771 1.30923 209.343 0.00114919 0.00120288
3 16 26 0.005 0.300829 1.4307 209.199 0.00104848 0.0010967
3 17 18 0.005 0.390618 1.66437 200.655 0.00064916 0.000651285
3 18 0 0 0 0 0 0 0
3 19 0 0 0 0 0 0 0
3 20 0 0 0 0 0 0 0
3 21 0 0 0 0 0 0 0
3 22 0 0 0 0 0 0 0
3 23 0 0 0 0 0 0 0
4 0 37 0.005 0.204044 -0.00806563 217.021 0.00258942 0.00280979
4 1 46 0.005 0.316575 0.0558542 219.752 0.00312806 0.00343699
4 2 48 0.005 0.218496 0.131404 215.891 0.00332228 0.00358626
4 3 42 0.005 0.245865 0.229647 219.175 0.00284339 0.003116
4 4 27 0.005 0.238107 0.310167 216.232 0.00179614 0.00194192
4 5 39 0.005 0.259326 0.401913 219.425 0.00251304 0.00275711
4 6 44 0.005 0.322251 0.412008 216.971 0.00278489 0.00302121
4 7 44 0.005 0.283702 0.462542 214.98 0.00276239 0.00296929
4 8 53 0.005 0.29097 0.57266 211.87 0.00318521 0.00337424
4 9 44 0.005 0.367843 0.72811 216.003 0.00243533 0.00263019
4 10 35 0.005 0.321183 0.735373 209.414 0.00194984 0.00204161
4 11 42 0.005 0.358727 0.876469 210.333 0.00217822 0.00229075
4 12 44 0.005 0.390226 0.931535 213.503 0.00221129 0.00236058
4 13 41 0.005 0.389603 1.09603 208.25 0.00190914 0.0019879
4 14 37 0.005 0.340471 1.26434 206.341 0.00160409 0.00165495
4 15 29 0.005 0.372496 1.27477 200.569 0.001246 0.00124954
4 16 18 0.005 0.419883 1.34221 204.872 0.000745065 0.000763214
4 17 17 0.005 0.443325 1.55692 204.905 0.000638168 0.000653819
4 18 11 0.005 0.398066 1.97404 204.294 0.000349456 0.000356958
4 19 0 0 0 0 0 0 0
4 20 0 0 0 0 0 0 0
4 21 0 0 0 0 0 0 0
4 22 0 0 0 0 0 0 0
4 23 0 0 0 0 0 0 0
5 0 61 0.005 0.311587 0.0666968 219.376 0.00415148 0.00455368
5 1 46 0.005 0.293282 0.137719 215.552 0.00312574 0.00336879
5 2 48 0.005 0.351408 0.132973 226.594 0.00320951 0.00363627
5 3 43 0.005 0.337181 0.194135 219.135 0.00286241 0.00313626
5 4 34 0.005 0.451455 0.382806 224.89 0.00208991 0.00235
5 5 44 0.005 0.347553 0.335276 216.268 0.00283014 0.00306034
5 6 56 0.005 0.482636 0.417696 214.657 0.00337171 0.00361881
5 7 46 0.005 0.395471 0.496525 213.54 0.00277403 0.00296183
5 8 42 0.005 0.335491 0.621388 217.115 0.00245057 0.00266027
5 9 43 0.005 0.397186 0.604254 212.806 0.0024889 0.00264826
5 10 53 0.005 0.422864 0.90339 214.14 0.00268031 0.0028698
5 11 50 0.005 0.43554 0.919045 209.521 0.00250398 0.00262317
5 12 42 0.005 0.494837 1.01171 209.294 0.00199186 0.00208442
5 13 39 0.005 0.392815 1.06004 202.981 0.0018457 0.00187321
5 14 32 0.005 0.491191 1.20733 208.017 0.00139132 0.00144709
5 15 31 0.005 0.454412 1.24832 206.815 0.00133169 0.00137707
5 16 19 0.005 0.459499 1.46741 203.505 0.000739894 0.000752862
5 17 13 0.005 0.657135 1.58134 210.998 0.000468257 0.000494007
5 18 0 0 0 0 0 0 0
5 19 0 0 0 0 0 0 0
5 20 0 0 0 0 0 0 0
5 21 0 0 0 0 0 0 0
5 22 0 0 0 0 0 0 0
5 23 0 0 0 0 0 0 0
6 0 52 0.005 0.403861 0.044151 219.786 0.00344114 0.00378158
6 1 45 0.005 0.458648 0.101122 223.536 0.00290938 0.00325176
6 2 50 0.005 0.369606 0.15459 218.707 0.00331526 0.00362536
6 3 46 0.005 0.48965 0.277703 216.463 0.00286324 0.00309892
6 4 52 0.005 0.454202 0.283118 214.499 0.00327475 0.00351215
6 5 51 0.005 0.47984 0.351724 209.573 0.00313069 0.00328054
6 6 45 0.005 0.493246 0.424345 217.185 0.00269418 0.00292569
6 7 46 0.005 0.383938 0.512344 211.136 0.00276716 0.00292124
6 8 53 0.005 0.465975 0.649941 211.082 0.00295655 0.00312037
6 9 43 0.005 0.457799 0.658876 213.164 0.00239568 0.00255337
6 10 45 0.005 0.49451 0.791093 212.027 0.00235029 0.00249162
6 11 34 0.005 0.591995 0.919449 207.829 0.00163889 0.00170305
6 12 39 0.005 0.458179 0.910803 205.269 0.00195063 0.00200203
6 13 34 0.005 0.518079 1.04571 212.436 0.00158022 0.00167848
6 14 26 0.005 0.478681 1.16268 207.884 0.00115599 0.00120156
6 15 22 0.005 0.55322 1.4663 201.567 0.000845283 0.000851904
6 16 31 0.005 0.609394 1.41801 200.66 0.00120403 0.00120801
6 17 18 0.005 0.677472 1.76525 200.373 0.000601098 0.00060222
6 18 0 0 0 0 0 0 0
6 19 0 0 0 0 0 0 0
6 20 0 0 0 0 0 0 0
6 21 0 0 0 0 0 0 0
6 22 0 0 0 0 0 0 0
6 23 0 0 0 0 0 0 0
7 0 63 0.005 0.556104 0.0327554 214.018 0.00393118 0.00420671
7 1 43 0.005 0.4776 0.0995351 216.946 0.00276044 0.00299433
7 2 43 0.005 0.557203 0.207075 220.291 0.00264019 0.00290804
7 3 52 0.005 0.484468 0.259733 218.792 0.00325493 0.00356077
7 4 49 0.005 0.548228 0.391067 220.382 0.0029031 0.00319896
7 5 41 0.005 0.599665 0.426999 218.888 0.00235844 0.00258117
7 6 63 0.005 0.523782 0.404067 215.672 0.00375311 0.0040472
7 7 41 0.005 0.570065 0.597006 211.368 0.00225851 0.00238688
7 8 46 0.005 0.461111 0.646105 210.495 0.00257351 0.00270855
7 9 47 0.005 0.542568 0.710806 206.922 0.00250253 0.00258914
7 10 41 0.005 0.557136 0.749446 210.416 0.0021404 0.00225188
7 11 42 0.005 0.563044 0.87477 208.292 0.00207901 0.0021652
7 12 34 0.005 0.63746 0.992925 207.751 0.00157017 0.00163102
7 13 38 0.005 0.636626 1.08278 209.179 0.00169059 0.00176818
7 14 29 0.005 0.651458 1.09119 204.097 0.00128093 0.00130717
7 15 28 0.005 0.664256 1.22644 201.403 0.00116535 0.00117353
7 16 18 0.005 0.729214 1.38672 201.389 0.000691731 0.000696533
7 17 12 0.005 0.826659 1.84374 196.789 0.000380194 0.00037409
7 18 0 0 0 0 0 0 0
7 19 0 0 0 0 0 0 0
7 20 0 0 0 0 0 0 0
7 21 0 0 0 0 0 0 0
7 22 0 0 0 0 0 0 0
7 23 0 0 0 0 0 0 0
8 0 52 0.005 0.642244 0.00923143 213.787 0.00312515 0.00334059
8 1 57 0.005 0.614575 0.127161 216.708 0.00344854 0.00373664
8 2 53 0.005 0.5605 0.161327 219.175 0.00327013 0.00358366
8 3 63 0.005 0.551298 0.20243 216.365 0.00388031 0.00419782
8 4 58 0.005 0.55915 0.319521 217.621 0.00348306 0.00378993
8 5 66 0.005 0.60799 0.362286 212.224 0.00384804 0.00408323
8 6 50 0.005 0.686344 0.536871 213.188 0.0026926 0.00287015
8 7 54 0.005 0.58225 0.583064 213.183 0.00297676 0.00317296
8 8 43 0.005 0.678138 0.605617 213.265 0.00227255 0.00242327
8 9 41 0.005 0.622706 0.749476 213.351 0.00209747 0.00223749
8 10 50 0.005 0.648056 0.708245 212.356 0.00257639 0.00273556
8 11 41 0.005 0.681109 0.884946 206.615 0.00195367 0.00201829
8 12 29 0.005 0.794651 0.948777 204.214 0.00130187 0.0013293
8 13 25 0.005 0.790858 1.14592 205.019 0.0010417 0.00106784
8 14 32 0.005 0.862149 1.29535 203.997 0.00123575 0.00126045
8 15 15 0.005 0.80597 1.32699 199.582 0.000580169 0.000578958
8 16 10 0.005 0.908427 1.70645 197.216 0.000328178 0.00032361
8 17 0 0 0 0 0 0 0
8 18 0 0 0 0 0 0 0
8 19 0 0 0 0 0 0 0
8 20 0 0 0 0 0 0 0
8 21 0 0 0 0 0 0 0
8 22 0 0 0 0 0 0 0
8 23 0 0 0 0 0 0 0
9 0 71 0.005 0.701452 0.0562317 221.081 0.00414745 0.0045846
9 1 65 0.005 0.757275 0.0997913 219.466 0.00368966 0.00404878
9 2 35 0.005 0.69992 0.14401 219.17 0.00203405 0.00222902
9 3 58 0.005 0.757373 0.278917 220.215 0.00322383 0.00354969
9 4 53 0.005 0.667635 0.386394 222.371 0.00299752 0.0033328
9 5 57 0.005 0.763572 0.405415 213.742 0.00308 0.00329162
9 6 34 0.005 0.70379 0.442731 213.647 0.0018674 0.00199482
9 7 44 0.005 0.836195 0.679275 217.032 0.00213813 0.00232021
9 8 43 0.005 0.698741 0.660752 217.526 0.00221383 0.00240782
9 9 47 0.005 0.757133 0.689837 205.939 0.00234523 0.00241488
9 10 42 0.005 0.745486 0.742321 208.184 0.00206686 0.00215144
9 11 31 0.005 0.854575 0.840342 208.398 0.00141858 0.00147814
9 12 37 0.005 0.861725 1.05373 204.583 0.00156469 0.00160055
9 13 27 0.005 0.790809 1.18381 204.975 0.00110852 0.0011361
9 14 25 0.005 0.930424 1.25247 209.298 0.000963581 0.00100838
9 15 18 0.005 0.770838 1.26384 197.514 0.000719694 0.000710748
9 16 0 0 0 0 0 0 0
9 17 0 0 0 0 0 0 0
9 18 0 0 0 0 0 0 0
9 19 0 0 0 0 0 0 0
9 20 0 0 0 0 0 0 0
9 21 0 0 0 0 0 0 0
9 22 0 0 0 0 0 0 0
9 23 0 0 0 0 0 0 0
10 0 53 0.005 0.802493 0.0240592 212.524 0.00295203 0.00313688
10 1 52 0.005 0.850042 0.138074 216.751 0.00281447 0.00305019
10 2 61 0.005 0.844805 0.137756 215.85 0.00331012 0.00357245
10 3 56 0.005 0.795408 0.269251 216.083 0.00306321 0.00330953
10 4 52 0.005 0.687706 0.193101 208.565 0.00302242 0.00315185
10 5 56 0.005 0.803079 0.410116 217.536 0.00297061 0.00323108
10 6 39 0.005 0.71575 0.531419 213.753 0.00207941 0.0022224
10 7 51 0.005 0.788372 0.644294 209.619 0.00255261 0.00267537
10 8 42 0.005 0.874769 0.600137 205.975 0.0020578 0.00211928
10 9 32 0.005 0.825416 0.761485 210.873 0.00152004 0.00160267
10 10 46 0.005 0.876701 0.808528 207.839 0.00211112 0.00219386
10 11 30 0.005 0.982625 0.91495 207.886 0.00127999 0.00133046
10 12 24 0.005 0.980521 1.12599 206.396 0.000953961 0.000984468
10 13 19 0.005 0.969637 1.17611 207.365 0.000744444 0.000771857
10 14 23 0.005 1.06328 1.31868 202.993 0.000835168 0.000847664
10 15 0 0 0 0 0 0 0
10 16 0 0 0 0 0 0 0
10 17 0 0 0 0 0 0 0
10 18 0 0 0 0 0 0 0
10 19 0 0 0 0 0 0 0
10 20 0 0 0 0 0 0 0
10 21 0 0 0 0 0 0 0
10 22 0 0 0 0 0 0 0
10 23 0 0 0 0 0 0 0
11 0 49 0.005 0.922517 0.0513869 214.729 0.0025707 0.00276002
11 1 49 0.005 0.899616 0.111421 218.614 0.00259315 0.00283449
11 2 59 0.005 0.9457 0.203576 213.039 0.00302897 0.00322645
11 3 52 0.005 0.953619 0.308891 210.728 0.00262325 0.00276396
11 4 54 0.005 0.900689 0.272704 215.308 0.00280892 0.00302392
11 5 44 0.005 0.813469 0.413634 210.032 0.00232148 0.00243792
11 6 40 0.005 0.901694 0.5546 206.905 0.001962 0.00202974
11 7 39 0.005 0.911071 0.512503 208.471 0.00192567 0.00200723
11 8 38 0.005 0.891562 0.706366 208.793 0.00179215 0.00187095
11 9 46 0.005 1.06369 0.795013 210.505 0.00197652 0.00208034
11 10 30 0.005 1.11504 0.964362 205.735 0.00120292 0.00123741
11 11 24 0.005 0.981018 0.923547 202.693 0.00102169 0.00103545
11 12 16 0.005 1.0869 1.06565 198.077 0.000627511 0.000621477
11 13 17 0.005 1.11948 1.24486 201.203 0.000622676 0.00062642
11 14 13 0.005 1.01167 1.14034 201.547 0.000509325 0.000513264
11 15 10 0.005 1.12457 1.46034 193.513 0.000340629 0.000329581
11 16 0 0 0 0 0 0 0
11 17 0 0 0 0 0 0 0
11 18 0 0 0 0 0 0 0
11 19 0 0 0 0 0 0 0
11 20 0 0 0 0 0 0 0
11 21 0 0 0 0 0 0 0
11 22 0 0 0 0 0 0 0
11 23 0 0 0 0 0 0 0
12 0 54 0.005 1.02088 0.0205189 212.355 0.0026988 0.00286553
12 1 47 0.005 0.922087 0.0877396 207.933 0.00246294 0.00256063
12 2 52 0.005 0.995658 0.186792 215.652 0.00260934 0.00281355
12 3 32 0.005 1.02507 0.240283 216.897 0.00157411 0.0017071
12 4 42 0.005 1.01654 0.340029 210.842 0.00204647 0.00215741
12 5 40 0.005 0.937323 0.365619 213.165 0.00201415 0.00214672
12 6 46 0.005 1.0675 0.51996 214.581 0.00211655 0.00227086
12 7 41 0.005 1.06712 0.579401 205.313 0.00186173 0.00191119
12 8 37 0.005 1.16923 0.745282 211.551 0.00154594 0.00163523
12 9 28 0.005 1.0706 0.759101 206.055 0.00121214 0.00124884
12 10 31 0.005 1.02134 0.80779 204.988 0.00134866 0.00138229
12 11 23 0.005 1.08295 0.930318 199.415 0.000942511 0.000939754
12 12 17 0.005 1.40747 1.2035 202.35 0.000576964 0.000583742
12 13 13 0.005 1.41457 1.4988 203.799 0.000405362 0.000413062
12 14 0 0 0 0 0 0 0
12 15 0 0 0 0 0 0 0
12 16 0 0 0 0 0 0 0
12 17 0 0 0 0 0 0 0
12 18 0 0 0 0 0 0 0
12 19 0 0 0 0 0 0 0
12 20 0 0 0 0 0 0 0
12 21 0 0 0 0 0 0 0
12 22 0 0 0 0 0 0 0
12 23 0 0 0 0 0 0 0
13 0 51 0.005 1.1372 0.0134386 216.862 0.00240548 0.00260829
13 1 57 0.005 1.13274 0.116861 212.274 0.00268652 0.00285139
13 2 51 0.005 1.12647 0.205014 208.932 0.00239632 0.00250334
13 3 47 0.005 1.06748 0.273914 206.273 0.00225594 0.0023267
13 4 38 0.005 1.1532 0.331353 207.458 0.00173776 0.00180256
13 5 30 0.005 1.0766 0.491411 209.176 0.00138305 0.0014465
13 6 41 0.005 1.14579 0.535347 210.028 0.00181642 0.0019075
13 7 37 0.005 1.20085 0.69516 209.095 0.00154521 0.00161548
13 8 21 0.005 1.22955 0.683124 199.678 0.000869151 0.000867751
13 9 26 0.005 1.13729 0.873628 199.696 0.00106224 0.00106062
13 10 23 0.005 1.28596 0.909069 201.103 0.000880651 0.000885508
13 11 0 0 0 0 0 0 0
13 12 0 0 0 0 0 0 0
13 13 0 0 0 0 0 0 0
13 14 0 0 0 0 0 0 0
13 15 0 0 0 0 0 0 0
13 16 0 0 0 0 0 0 0
13 17 0 0 0 0 0 0 0
13 18 0 0 0 0 0 0 0
13 19 0 0 0 0 0 0 0
13 20 0 0 0 0 0 0 0
13 21 0 0 0 0 0 0 0
13 22 0 0 0 0 0 0 0
13 23 0 0 0 0 0 0 0
14 0 48 0.005 1.24672 0.0438188 206.353 0.00214443 0.00221255
14 1 37 0.005 1.25772 0.231845 210.711 0.00162792 0.00171511
14 2 51 0.005 1.19029 0.214183 209.071 0.00232135 0.00242663
14 3 37 0.005 1.12643 0.22818 205.172 0.00173478 0.00177964
14 4 49 0.005 1.19017 0.338067 209.469 0.00220009 0.00230425
14 5 37 0.005 1.26391 0.435567 207.775 0.00158304 0.00164458
14 6 29 0.005 1.2458 0.463878 204.098 0.00124523 0.00127074
14 7 30 0.005 1.19744 0.518716 201.67 0.0013034 0.00131428
14 8 24 0.005 1.27481 0.682563 198.831 0.000975059 0.00096936
14 9 20 0.005 1.2698 0.924065 199.512 0.000767307 0.000765433
14 10 17 0.005 1.33315 0.956459 200.95 0.000631951 0.000634952
14 11 12 0.005 1.16759 0.953968 199.374 0.00047376 0.000472277
14 12 0 0 0 0 0 0 0
14 13 0 0 0 0 0 0 0
14 14 0 0 0 0 0 0 0
14 15 0 0 0 0 0 0 0
14 16 0 0 0 0 0 0 0
14 17 0 0 0 0 0 0 0
14 18 0 0 0 0 0 0 0
14 19 0 0 0 0 0 0 0
14 20 0 0 0 0 0 0 0
14 21 0 0 0 0 0 0 0
14 22 0 0 0 0 0 0 0
14 23 0 0 0 0 0 0 0
15 0 30 0.005 1.2 0.00865147 208.19 0.00137181 0.00142798
15 1 30 0.005 1.41166 0.163808 208.327 0.00123316 0.0012845
15 2 35 0.005 1.39556 0.214499 207.041 0.00144492 0.00149579
15 3 41 0.005 1.32271 0.254282 204.294 0.00174573 0.00178321
15 4 31 0.005 1.28211 0.297987 204.975 0.00133951 0.00137283
15 5 25 0.005 1.49752 0.502477 214.094 0.000955181 0.00102249
15 6 18 0.005 1.44198 0.552902 205.423 0.000698819 0.000717768
15 7 23 0.005 1.4307 0.611626 201.307 0.000888228 0.000894031
15 8 17 0.005 1.5245 0.683066 202.815 0.000623682 0.000632459
15 9 11 0.005 1.58618 0.891899 199.949 0.000378401 0.000378304
15 10 11 0.005 1.76599 0.927966 199.867 0.000352093 0.000351859
15 11 0 0 0 0 0 0 0
15 12 0 0 0 0 0 0 0
15 13 0 0 0 0 0 0 0
15 14 0 0 0 0 0 0 0
15 15 0 0 0 0 0 0 0
15 16 0 0 0 0 0 0 0
15 17 0 0 0 0 0 0 0
15 18 0 0 0 0 0 0 0
15 19 0 0 0 0 0 0 0
15 20 0 0 0 0 0 0 0
15 21 0 0 0 0 0 0 0
15 22 0 0 0 0 0 0 0
15 23 0 0 0 0 0 0 0
16 0 33 0.005 1.51239 0.0346798 204.27 0.00129983 0.00132758
16 1 33 0.005 1.48564 0.13403 200.219 0.00131255 0.00131399
16 2 23 0.005 1.44588 0.278587 200.647 0.000922985 0.000925971
16 3 20 0.005 1.60764 0.323347 209.981 0.000743779 0.000780897
16 4 16 0.005 1.71879 0.42797 213.214 0.000561861 0.000598982
16 5 15 0.005 1.7972 0.552275 211.032 0.000503128 0.000530879
16 6 18 0.005 1.69943 0.699831 200.566 0.000614491 0.000616229
16 7 12 0.005 1.827 0.586154 206.814 0.00039615 0.000409648
16 8 0 0 0 0 0 0 0
16 9 0 0 0 0 0 0 0
16 10 0 0 0 0 0 0 0
16 11 0 0 0 0 0 0 0
16 12 0 0 0 0 0 0 0
16 13 0 0 0 0 0 0 0
16 14 0 0 0 0 0 0 0
16 15 0 0 0 0 0 0 0
16 16 0 0 0 0 0 0 0
16 17 0 0 0 0 0 0 0
16 18 0 0 0 0 0 0 0
16 19 0 0 0 0 0 0 0
16 20 0 0 0 0 0 0 0
16 21 0 0 0 0 0 0 0
16 22 0 0 0 0 0 0 0
16 23 0 0 0 0 0 0 0
17 0 0 0 0 0 0 0 0
17 1 17 0.005 1.83271 0.150079 200.633 0.000580118 0.000581954
17 2 16 0.005 1.6391 0.231611 208.544 0.000590934 0.00061618
17 3 15 0.005 1.76819 0.28304 200.197 0.000522392 0.000522908
17 4 12 0.005 1.78387 0.400173 194.797 0.000411331 0.000400631
17 5 0 0 0 0 0 0 0
17 6 0 0 0 0 0 0 0
17 7 10 0.005 1.67012 0.71096 195.258 0.000344669 0.000336497
17 8 0 0 0 0 0 0 0
17 9 0 0 0 0 0 0 0
17 10 0 0 0 0 0 0 0
17 11 0 0 0 0 0 0 0
17 12 0 0 0 0 0 0 0
17 13 0 0 0 0 0 0 0
17 14 0 0 0 0 0 0 0
17 15 0 0 0 0 0 0 0
17 16 0 0 0 0 0 0 0
17 17 0 0 0 0 0 0 0
17 18 0 0 0 0 0 0 0
17 19 0 0 0 0 0 0 0
17 20 0 0 0 0 0 0 0
17 21 0 0 0 0 0 0 0
17 22 0 0 0 0 0 0 0
17 23 0 0 0 0 0 0 0
18 0 0 0 0 0 0 0 0
18 1 0 0 0 0 0 0 0
18 2 10 0.005 1.8664 0.217602 205.96 0.00033557 0.00034557
18 3 0 0 0 0 0 0 0
18 4 10 0.005 1.74191 0.427923 201.937 0.000347818 0.000351187
18 5 0 0 0 0 0 0 0
18 6 0 0 0 0 0 0 0
18 7 0 0 0 0 0 0 0
18 8 0 0 0 0 0 0 0
18 9 0 0 0 0 0 0 0
18 10 0 0 0 0 0 0 0
18 11 0 0 0 0 0 0 0
18 12 0 0 0 0 0 0 0
18 13 0 0 0 0 0 0 0
18 14 0 0 0 0 0 0 0
18 15 0 0 0 0 0 0 0
18 16 0 0 0 0 0 0 0
18 17 0 0 0 0 0 0 0
18 18 0 0 0 0 0 0 0
18 19 0 0 0 0 0 0 0
18 20 0 0 0 0 0 0 0
18 21 0 0 0 0 0 0 0
18 22 0 0 0 0 0 0 0
18 23 0 0 0 0 0 0 0
19 0 0 0 0 0 0 0 0
19 1 0 0 0 0 0 0 0
19 2 0 0 0 0 0 0 0
19 3 0 0 0 0 0 0 0
19 4 0 0 0 0 0 0 0
19 5 0 0 0 0 0 0 0
19 6 0 0 0 0 0 0 0
19 7 0 0 0 0 0 0 0
19 8 0 0 0 0 0 0 0
19 9 0 0 0 0 0 0 0
19 10 0 0 0 0 0 0 0
19 11 0 0 0 0 0 0 0
19 12 0 0 0 0 0 0 0
19 13 0 0 0 0 0 0 0
19 14 0 0 0 0 0 0 0
19 15 0 0 0 0 0 0 0
19 16 0 0 0 0 0 0 0
19 17 0 0 0 0 0 0 0
19 18 0 0 0 0 0 0 0
19 19 0 0 0 0 0 0 0
19 20 0 0 0 0 0 0 0
19 21 0 0 0 0 0 0 0
19 22 0 0 0 0 0 0 0
19 23 0 0 0 0 0 0 0
20 0 0 0 0 0 0 0 0
20 1 0 0 0 0 0 0 0
20 2 0 0 0 0 0 0 0
20 3 0 0 0 0 0 0 0
20 4 0 0 0 0 0 0 0
20 5 0 0 0 0 0 0 0
20 6 0 0 0 0 0 0 0
20 7 0 0 0 0 0 0 0
20 8 0 0 0 0 0 0 0
20 9 0 0 0 0 0 0 0
20 10 0 0 0 0 0 0 0
20 11 0 0 0 0 0 0 0
20 12 0 0 0 0 0 0 0
20 13 0 0 0 0 0 0 0
20 14 0 0 0 0 0 0 0
20 15 0 0 0 0 0 0 0
20 16 0 0 0 0 0 0 0
20 17 0 0 0 0 0 0 0
20 18 0 0 0 0 0 0 0
20 19 0 0 0 0 0 0 0
20 20 0 0 0 0 0 0 0
20 21 0 0 0 0 0 0 0
20 22 0 0 0 0 0 0 0
20 23 0 0 0 0 0 0 0
21 0 0 0 0 0 0 0 0
21 1 0 0 0 0 0 0 0
21 2 0 0 0 0 0 0 0
21 3 0 0 0 0 0 0 0
21 4 0 0 0 0 0 0 0
21 5 0 0 0 0 0 0 0
21 6 0 0 0 0 0 0 0
21 7 0 0 0 0 0 0 0
21 8 0 0 0 0 0 0 0
21 9 0 0 0 0 0 0 0
21 10 0 0 0 0 0 0 0
21 11 0 0 0 0 0 0 0
21 12 0 0 0 0 0 0 0
21 13 0 0 0 0 0 0 0
21 14 0 0 0 0 0 0 0
21 15 0 0 0 0 0 0 0
21 16 0 0 0 0 0 0 0
21 17 0 0 0 0 0 0 0
21 18 0 0 0 0 0 0 0
21 19 0 0 0 0 0 0 0
21 20 0 0 0 0 0 0 0
21 21 0 0 0 0 0 0 0
21 22 0 0 0 0 0 0 0
21 23 0 0 0 0 0 0 0
22 0 0 0 0 0 0 0 0
22 1 0 0 0 0 0 0 0
22 2 0 0 0 0 0 0 0
22 3 0 0 0 0 0 0 0
22 4 0 0 0 0 0 0 0
22 5 0 0 0 0 0 0 0
22 6 0 0 0 0 0 0 0
22 7 0 0 0 0 0 0 0
22 8 0 0 0 0 0 0 0
22 9 0 0 0 0 0 0 0
22 10 0 0 0 0 0 0 0
22 11 0 0 0 0 0 0 0
22 12 0 0 0 0 0 0 0
22 13 0 0 0 0 0 0 0
22 14 0 0 0 0 0 0 0
22 15 0 0 0 0 0 0 0
22 16 0 0 0 0 0 0 0
22 17 0 0 0 0 0 0 0
22 18 0 0 0 0 0 0 0
22 19 0 0 0 0 0 0 0
22 20 0 0 0 0 0 0 0
22 21 0 0 0 0 0 0 0
22 22 0 0 0 0 0 0 0
22 23 0 0 0 0 0 0 0
23 0 0 0 0 0 0 0 0
23 1 0 0 0 0 0 0 0
23 2 0 0 0 0 0 0 0
23 3 0 0 0 0 0 0 0
23 4 0 0 0 0 0 0 0
23 5 0 0 0 0 0 0 0
23 6 0 0 0 0 0 0 0
23 7 0 0 0 0 0 0 0
23 8 0 0 0 0 0 0 0
23 9 0 0 0 0 0 0 0
23 10 0 0 0 0 0 0 0
23 11 0 0 0 0 0 0 0
23 12 0 0 0 0 0 0 0
23 13 0 0 0 0 0 0 0
23 14 0 0 0 0 0 0 0
23 15 0 0 0 0 0 0 0
23 16 0 0 0 0 0 0 0
23 17 0 0 0 0 0 0 0
23 18 0 0 0 0 0 0 0
23 19 0 0 0 0 0 0 0
23 20 0 0 0 0 0 0 0
23 21 0 0 0 0 0 0 0
23 22 0 0 0 0 0 0 0
23 23 0 0 0 0 0 0 0
