#  ix    iy     NB       E/N    TB    UxB       UyB       muB       rhoB     epsilonB
0 0 32 0.005 0.0288336 0.00166221 210.536 0.00195041 0.00205315
0 1 27 0.005 0.0774084 0.10607 213.113 0.00163233 0.00173936
0 2 27 0.005 -0.0102416 0.179621 210.089 0.00162033 0.00170206
0 3 25 0.005 -0.108312 0.201491 204.45 0.001486 0.00151907
0 4 31 0.005 -0.0709488 0.288374 217.235 0.00181203 0.00196818
0 5 33 0.005 -0.0548046 0.331272 208.528 0.00190753 0.00198887
0 6 29 0.005 0.0390276 0.366051 207.581 0.00165942 0.00172232
0 7 27 0.005 0.0200556 0.45011 208.908 0.00150102 0.00156788
0 8 29 0.005 -0.00654295 0.472787 212.501 0.0015986 0.00169852
0 9 33 0.005 0.0482901 0.705726 208.028 0.00164274 0.00170868
0 10 30 0.005 0.0575297 0.670416 208.537 0.00151768 0.00158246
0 11 36 0.005 0.0915769 0.743861 205.129 0.00175654 0.00180158
0 12 33 0.005 0.0660433 0.768242 203.532 0.00159349 0.00162164
0 13 31 0.005 0.0334273 0.932757 205.874 0.00138186 0.00142244
0 14 39 0.005 0.00771727 0.936024 210.816 0.00173613 0.00183002
0 15 27 0.005 0.033005 0.933916 204.223 0.00120287 0.00122826
0 16 36 0.005 0.0604186 1.32242 204.281 0.00132312 0.00135145
0 17 18 0.005 -0.0046218 1.13011 198.52 0.00072733 0.000721949
0 18 29 0.005 0.0246216 1.44778 203.502 0.00100486 0.00102246
0 19 23 0.005 0.105399 1.57493 204.321 0.000750547 0.000766761
0 20 0 0 0 0 0 0 0
0 21 15 0.005 0.0925665 1.77686 197.622 0.000448124 0.000442797
0 22 0 0 0 0 0 0 0
0 23 0 0 0 0 0 0 0
1 0 40 0.005 0.0326299 -0.0471855 213.749 0.00243502 0.00260241
1 1 30 0.005 0.102842 0.00168298 209.315 0.00181967 0.00190442
1 2 40 0.005 0.119128 0.0857141 206.683 0.00241317 0.00249381
1 3 39 0.005 0.155129 0.168829 210.936 0.00231791 0.00244465
1 4 35 0.005 0.0704686 0.319996 207.273 0.00202805 0.00210181
1 5 27 0.005 0.067303 0.344186 211.311 0.00155357 0.00164143
1 6 26 0.005 0.0750621 0.299986 208.979 0.0015146 0.0015826
1 7 26 0.005 0.159513 0.463895 208.823 0.00142333 0.00148612
1 8 32 0.005 0.0591046 0.577247 217.652 0.00168767 0.00183663
1 9 42 0.005 0.0769532 0.628612 207.804 0.00216359 0.00224801
1 10 39 0.005 0.0439496 0.672781 206.141 0.00197176 0.0020323
1 11 38 0.005 0.107095 0.688953 203.762 0.00190069 0.00193644
1 12 42 0.005 0.0986091 0.854219 208.934 0.0019418 0.00202854
1 13 32 0.005 0.0375227 0.908093 210.074 0.00144395 0.00151668
1 14 35 0.005 0.154197 0.965198 201.343 0.00152619 0.00153643
1 15 26 0.005 0.125799 1.06328 203.193 0.00108212 0.0010994
1 16 29 0.005 0.122342 1.14501 206.149 0.00115944 0.00119508
1 17 21 0.005 0.189691 1.36128 208.129 0.000753351 0.000783971
1 18 35 0.005 0.0349206 1.42821 200.427 0.00122381 0.00122643
1 19 17 0.005 0.0156019 1.44689 198.924 0.000589336 0.000586165
1 20 11 0.005 0.215771 1.65014 200.602 0.000345466 0.000346505
1 21 0 0 0 0 0 0 0
1 22 0 0 0 0 0 0 0
1 23 0 0 0 0 0 0 0
2 0 21 0.005 0.0737239 0.0436111 214.234 0.00127582 0.00136662
2 1 34 0.005 0.103264 0.0817359 211.119 0.00205542 0.0021697
2 2 32 0.005 0.058854 0.194468 209.372 0.00191215 0.00200175
2 3 39 0.005 0.241595 0.193741 206.944 0.00227161 0.00235049
2 4 28 0.005 0.190538 0.312096 213.606 0.00160348 0.00171256
2 5 17 0.005 0.097385 0.254249 213.317 0.00100018 0.00106678
2 6 40 0.005 0.0868781 0.381281 212.212 0.00227152 0.00241021
2 7 31 0.005 0.0275783 0.477266 213.154 0.00170539 0.00181755
2 8 50 0.005 0.162942 0.53683 210.161 0.00265893 0.00279401
2 9 42 0.005 0.125597 0.579431 210.997 0.0022029 0.00232402
2 10 21 0.005 0.247176 0.776631 209.024 0.000992581 0.00103737
2 11 45 0.005 0.169724 0.73569 213.397 0.00218984 0.00233652
2 12 27 0.005 0.191042 0.83427 204.291 0.00125079 0.00127762
2 13 34 0.005 0.122162 0.868061 210.633 0.00155897 0.00164185
2 14 39 0.005 0.252481 0.990456 205.931 0.00166303 0.00171235
2 15 41 0.005 0.190407 1.13198 207.427 0.00164217 0.00170315
2 16 35 0.005 0.281248 1.33745 208.68 0.00126021 0.0013149
2 17 23 0.005 0.106668 1.27788 202.101 0.000862431 0.00087149
2 18 29 0.005 0.187821 1.41444 202.411 0.00101487 0.0010271
2 19 22 0.005 0.179439 1.49177 201.126 0.000743244 0.000747428
2 20 16 0.005 0.17523 1.71485 199.142 0.000489558 0.000487459
2 21 10 0.005 0.195363 1.90376 196.913 0.000282389 0.00027803
2 22 0 0 0 0 0 0 0
2 23 0 0 0 0 0 0 0
3 0 27 0.005 0.210149 0.0836797 208.023 0.00160577 0.00167019
3 1 28 0.005 0.211694 0.123443 209.635 0.00165825 0.00173814
3 2 50 0.005 0.233142 0.112044 216.757 0.00295163 0.00319894
3 3 34 0.005 0.145587 0.154879 217.173 0.00202786 0.00220199
3 4 34 0.005 0.132911 0.191017 208.54 0.00201922 0.00210544
3 5 23 0.005 0.192818 0.351597 209.806 0.00130168 0.0013655
3 6 42 0.005 0.200185 0.387096 208.92 0.00234772 0.00245244
3 7 37 0.005 0.186227 0.539463 211.127 0.00195945 0.00206847
3 8 39 0.005 0.2284 0.494865 202.321 0.00208805 0.00211229
3 9 49 0.005 0.223088 0.574389 209.182 0.00254367 0.00266046
3 10 50 0.005 0.259137 0.558022 210.557 0.00259667 0.00273374
3 11 36 0.005 0.263814 0.698702 209.531 0.00175875 0.00184256
3 12 34 0.005 0.210226 0.823065 208.118 0.00158003 0.00164417
3 13 33 0.005 0.211358 0.894117 206.54 0.00148175 0.0015302
3 14 42 0.005 0.302732 1.03595 203.293 0.00174058 0.00176923
3 15 29 0.005 0.270068 0.98783 201.544 0.00123541 0.00124495
3 16 31 0.005 0.348407 1.16715 203.501 0.00119943 0.00122043
3 17 28 0.005 0.228239 1.3869 200.539 0.000989754 0.000992421
3 18 22 0.005 0.249082 1.42512 203.517 0.000762759 0.000776171
3 19 18 0.005 0.303548 1.60798 200.491 0.000572319 0.000573724
3 20 0 0 0 0 0 0 0
3 21 0 0 0 0 0 0 0
3 22 0 0 0 0 0 0 0
3 23 0 0 0 0 0 0 0
4 0 32 0.005 0.200331 0.038833 211.422 0.00191182 0.002021
4 1 42 0.005 0.264801 0.0338551 213.13 0.00247433 0.00263677
4 2 32 0.005 0.344557 0.214616 212.179 0.00180794 0.00191803
4 3 41 0.005 0.248297 0.178708 206.547 0.00239063 0.00246889
4 4 34 0.005 0.307648 0.218007 209.255 0.00193985 0.00202962
4 5 44 0.005 0.33111 0.246996 210.165 0.00247969 0.00260571
4 6 32 0.005 0.230247 0.376906 211.117 0.00178488 0.00188409
4 7 32 0.005 0.416984 0.452474 212.218 0.00166183 0.00176335
4 8 39 0.005 0.259758 0.526968 212.157 0.00205037 0.002175
4 9 43 0.005 0.287825 0.612662 211.112 0.00217128 0.00229192
4 10 37 0.005 0.280894 0.741228 210.071 0.00176802 0.00185705
4 11 29 0.005 0.357417 0.714266 203.882 0.00138168 0.0014085
4 12 29 0.005 0.305294 0.892461 206.576 0.00128635 0.00132864
4 13 33 0.005 0.266939 0.932016 205.261 0.00144471 0.00148271
4 14 30 0.005 0.286446 0.949101 206.869 0.00129907 0.00134369
4 15 30 0.005 0.377942 1.08891 203.284 0.00119876 0.00121845
4 16 30 0.005 0.372838 1.21608 201.579 0.00113059 0.00113951
4 17 37 0.005 0.361285 1.35911 202.78 0.00130743 0.0013256
4 18 23 0.005 0.3968 1.41662 205.593 0.000788401 0.000810449
4 19 12 0.005 0.440885 1.67336 197.502 0.000366105 0.000361533
4 20 18 0.005 0.463989 2.00365 203.397 0.000479934 0.000488085
4 21 0 0 0 0 0 0 0
4 22 0 0 0 0 0 0 0
4 23 0 0 0 0 0 0 0
5 0 31 0.005 0.270068 0.0868758 208.97 0.00181848 0.00190004
5 1 31 0.005 0.304455 0.0860361 212.128 0.0018022 0.00191149
5 2 31 0.005 0.31316 0.155999 211.609 0.0017842 0.00188776
5 3 35 0.005 0.306253 0.216653 207.742 0.00199817 0.00207552
5 4 32 0.005 0.350817 0.283159 208.802 0.0017788 0.00185709
5 5 26 0.005 0.438283 0.418364 211.694 0.0013559 0.00143518
5 6 32 0.005 0.298222 0.436782 218.584 0.00172484 0.00188512
5 7 38 0.005 0.31017 0.499725 210.202 0.00199723 0.00209911
5 8 31 0.005 0.347215 0.49361 212.056 0.00161837 0.00171592
5 9 38 0.005 0.379578 0.545252 205.39 0.00192997 0.00198199
5 10 33 0.005 0.386276 0.693758 207.102 0.00157583 0.00163179
5 11 33 0.005 0.327305 0.820602 209.29 0.00150798 0.00157803
5 12 40 0.005 0.44139 0.859511 202.432 0.00175402 0.00177535
5 13 53 0.005 0.373486 0.869755 204.718 0.00234702 0.00240239
5 14 31 0.005 0.410855 1.04493 204.442 0.00125718 0.00128511
5 15 40 0.005 0.457253 1.17999 206.412 0.00151219 0.00156067
5 16 34 0.005 0.42847 1.20969 203.079 0.00127428 0.00129389
5 17 30 0.005 0.480535 1.43864 203.648 0.00100689 0.00102525
5 18 19 0.005 0.450704 1.31789 203.467 0.000675675 0.000687387
5 19 10 0.005 0.394047 1.54172 205.31 0.00032444 0.000333054
5 20 13 0.005 0.496292 1.60577 197.01 0.000405317 0.000399258
5 21 0 0 0 0 0 0 0
5 22 0 0 0 0 0 0 0
5 23 0 0 0 0 0 0 0
6 0 36 0.005 0.403595 0.0458354 214.782 0.00203375 0.00218406
6 1 37 0.005 0.328934 0.0842549 206.892 0.0021363 0.00220992
6 2 41 0.005 0.323567 0.247913 208.657 0.00231506 0.00241527
6 3 36 0.005 0.431031 0.195471 211.685 0.00198412 0.00210005
6 4 32 0.005 0.337326 0.363137 207.651 0.00174826 0.00181514
6 5 34 0.005 0.36916 0.335687 207.768 0.00185507 0.00192712
6 6 25 0.005 0.466785 0.426127 212.091 0.00128859 0.00136649
6 7 34 0.005 0.405728 0.443734 209.103 0.00177674 0.00185761
6 8 36 0.005 0.419031 0.574073 211.946 0.00178924 0.00189611
6 9 41 0.005 0.399033 0.529634 206.832 0.00208352 0.00215469
6 10 34 0.005 0.502059 0.73257 208.157 0.00155011 0.00161333
6 11 27 0.005 0.461204 0.704395 202.806 0.0012594 0.00127707
6 12 41 0.005 0.42494 0.891644 205.878 0.00177865 0.00183092
6 13 34 0.005 0.504051 0.948538 204.91 0.00141265 0.00144732
6 14 41 0.005 0.442315 1.10387 209.675 0.001609 0.00168683
6 15 33 0.005 0.456662 1.1243 204.912 0.00127966 0.00131109
6 16 32 0.005 0.542456 1.19756 201.386 0.00118127 0.00118946
6 17 27 0.005 0.410528 1.26296 206.84 0.000990333 0.0010242
6 18 21 0.005 0.494335 1.42864 198.673 0.000706453 0.000701767
6 19 0 0 0 0 0 0 0
6 20 11 0.005 0.596738 1.65493 193.235 0.000331458 0.000320246
6 21 0 0 0 0 0 0 0
6 22 0 0 0 0 0 0 0
6 23 0 0 0 0 0 0 0
7 0 44 0.005 0.469689 0.0705875 213.317 0.00242346 0.00258483
7 1 46 0.005 0.51147 0.123928 209.907 0.00248214 0.00260509
7 2 37 0.005 0.37843 0.108078 208.398 0.00209936 0.00218751
7 3 32 0.005 0.461363 0.302183 215.633 0.00170859 0.00184215
7 4 27 0.005 0.467346 0.300904 207.788 0.00143899 0.00149502
7 5 54 0.005 0.444925 0.33987 210.859 0.00287303 0.00302901
7 6 41 0.005 0.404886 0.329407 208.404 0.00221626 0.00230938
7 7 34 0.005 0.487646 0.507776 206.968 0.0016952 0.00175427
7 8 40 0.005 0.507575 0.527555 208.514 0.00196801 0.00205179
7 9 45 0.005 0.449144 0.574685 204.785 0.00221687 0.00226991
7 10 50 0.005 0.505624 0.660652 214.582 0.00234375 0.00251463
7 11 34 0.005 0.417815 0.694177 207.409 0.00161082 0.00167049
7 12 41 0.005 0.582788 0.897593 207.82 0.00170685 0.00177358
7 13 35 0.005 0.581395 0.996215 205.863 0.00139799 0.00143897
7 14 33 0.005 0.560677 1.04078 205.257 0.00129952 0.00133368
7 15 30 0.005 0.481639 1.0789 208.993 0.00118177 0.00123491
7 16 24 0.005 0.594434 1.38727 202.409 0.000808298 0.000818035
7 17 24 0.005 0.603866 1.40623 198.308 0.00080049 0.000793718
7 18 22 0.005 0.647743 1.48603 200.189 0.000704294 0.000704959
7 19 17 0.005 0.709981 1.65733 204.266 0.000502769 0.000513494
7 20 13 0.005 0.676406 1.81123 198.245 0.000364165 0.00036097
7 21 0 0 0 0 0 0 0
7 22 0 0 0 0 0 0 0
7 23 0 0 0 0 0 0 0
8 0 39 0.005 0.488588 -0.0313658 206.619 0.00213581 0.00220649
8 1 29 0.005 0.501661 0.0770748 217.31 0.00157682 0.00171329
8 2 56 0.005 0.570271 0.157714 210.36 0.00293876 0.00309099
8 3 37 0.005 0.487636 0.214138 208.43 0.00199129 0.00207523
8 4 41 0.005 0.474636 0.197505 211.908 0.0022234 0.00235577
8 5 36 0.005 0.523485 0.422119 210.337 0.00182155 0.00191571
8 6 38 0.005 0.521207 0.393013 208.469 0.00194027 0.00202243
8 7 38 0.005 0.513811 0.499684 206.695 0.00188331 0.00194636
8 8 25 0.005 0.590697 0.57326 209.189 0.00117695 0.00123103
8 9 38 0.005 0.515335 0.611967 208.738 0.00180929 0.00188834
8 10 46 0.005 0.541272 0.695637 207.816 0.00210419 0.00218642
8 11 39 0.005 0.570605 0.793804 209.433 0.00170047 0.00178067
8 12 32 0.005 0.520339 0.802867 206.648 0.00140988 0.00145674
8 13 36 0.005 0.599235 1.02219 200.628 0.00141578 0.00142022
8 14 28 0.005 0.635247 1.03042 200.336 0.00108737 0.0010892
8 15 24 0.005 0.768233 1.1995 206.349 0.000840851 0.000867542
8 16 28 0.005 0.636053 1.21523 201.126 0.00100581 0.00101147
8 17 19 0.005 0.621019 1.23321 202.813 0.000679558 0.000689117
8 18 17 0.005 0.662919 1.40169 194.946 0.000561821 0.000547623
8 19 0 0 0 0 0 0 0
8 20 0 0 0 0 0 0 0
8 21 0 0 0 0 0 0 0
8 22 0 0 0 0 0 0 0
8 23 0 0 0 0 0 0 0
9 0 52 0.005 0.599107 -0.0264729 210.082 0.00271925 0.00285632
9 1 34 0.005 0.61647 0.11805 207.212 0.00175593 0.00181925
9 2 41 0.005 0.65625 0.123001 212.391 0.00207915 0.00220797
9 3 40 0.005 0.611957 0.178198 215.68 0.00205677 0.00221802
9 4 31 0.005 0.56132 0.273189 210.21 0.00160345 0.0016853
9 5 47 0.005 0.625701 0.353641 213.398 0.00232715 0.00248304
9 6 43 0.005 0.561822 0.383415 209.747 0.00216798 0.00227363
9 7 35 0.005 0.526254 0.525264 214.006 0.00171262 0.00183255
9 8 38 0.005 0.59721 0.543939 205.957 0.00180246 0.00185615
9 9 38 0.005 0.576857 0.58593 203.766 0.00178975 0.00182345
9 10 32 0.005 0.653891 0.687103 206.04 0.00141568 0.00145844
9 11 45 0.005 0.700979 0.838447 205.304 0.00185231 0.00190143
9 12 36 0.005 0.65934 0.897728 204.606 0.00146647 0.00150024
9 13 26 0.005 0.734862 0.953916 201.783 0.00101286 0.00102189
9 14 33 0.005 0.783785 1.06849 203.278 0.00121208 0.00123195
9 15 26 0.005 0.775219 1.19758 203.536 0.000909994 0.000926083
9 16 19 0.005 0.82198 1.25885 198.951 0.00064162 0.000638256
9 17 21 0.005 0.799863 1.33049 197.988 0.000693424 0.000686447
9 18 10 0.005 0.854774 1.71468 194.34 0.000282139 0.000274154
9 19 0 0 0 0 0 0 0
9 20 0 0 0 0 0 0 0
9 21 0 0 0 0 0 0 0
9 22 0 0 0 0 0 0 0
9 23 0 0 0 0 0 0 0
10 0 54 0.005 0.702422 0.00590747 212.435 0.00269437 0.00286189
10 1 43 0.005 0.612637 0.0863948 210.064 0.0022297 0.0023419
10 2 44 0.005 0.747792 0.106844 214.107 0.00214079 0.0022918
10 3 43 0.005 0.717863 0.21546 212.424 0.00209806 0.00222839
10 4 43 0.005 0.740043 0.41083 212.427 0.00200129 0.00212564
10 5 44 0.005 0.661396 0.335844 212.643 0.00215481 0.00229103
10 6 54 0.005 0.716369 0.475071 207.623 0.00249698 0.00259215
10 7 40 0.005 0.782472 0.505945 208.324 0.00178443 0.0018587
10 8 31 0.005 0.804675 0.56172 208.493 0.00134913 0.00140642
10 9 41 0.005 0.692142 0.670459 205.391 0.0018002 0.00184873
10 10 41 0.005 0.718456 0.7564 205.93 0.00172998 0.00178128
10 11 35 0.005 0.719687 0.756635 207.065 0.00147606 0.00152821
10 12 25 0.005 0.894659 0.940234 206.245 0.000930396 0.000959449
10 13 32 0.005 0.814333 0.906704 208.335 0.00123772 0.0012893
10 14 27 0.005 0.73822 1.02637 200.267 0.00102133 0.0010227
10 15 23 0.005 0.817172 1.23487 200.271 0.000784887 0.000785951
10 16 23 0.005 0.977841 1.32652 201.326 0.000727538 0.000732364
10 17 18 0.005 0.79136 1.22173 199.915 0.000621485 0.000621221
10 18 11 0.005 1.01895 1.7324 195.855 0.000298784 0.000292592
10 19 0 0 0 0 0 0 0
10 20 0 0 0 0 0 0 0
10 21 0 0 0 0 0 0 0
10 22 0 0 0 0 0 0 0
10 23 0 0 0 0 0 0 0
11 0 49 0.005 0.781474 0.0290835 213.863 0.00235359 0.00251673
11 1 39 0.005 0.813043 0.151219 213.318 0.00183258 0.00195461
11 2 49 0.005 0.778888 0.171665 205.586 0.00233584 0.00240108
11 3 49 0.005 0.735641 0.263247 209.888 0.00235438 0.00247078
11 4 43 0.005 0.720014 0.273198 204.63 0.00207735 0.00212544
11 5 52 0.005 0.745211 0.352365 218.813 0.00244664 0.00267678
11 6 41 0.005 0.716966 0.453627 205.788 0.00190633 0.0019615
11 7 41 0.005 0.778464 0.524192 207.657 0.00182293 0.00189272
11 8 39 0.005 0.838011 0.565287 207.037 0.00167244 0.00173128
11 9 39 0.005 0.863454 0.682707 208.422 0.00159906 0.00166639
11 10 51 0.005 0.934388 0.805127 207.09 0.00195845 0.00202788
11 11 35 0.005 0.838037 0.82973 206.438 0.00138025 0.00142468
11 12 38 0.005 0.923004 0.92753 203.932 0.00140694 0.0014346
11 13 21 0.005 1.01662 1.03952 204.556 0.000725617 0.000742147
11 14 22 0.005 0.931225 1.07097 201.676 0.000772672 0.000779146
11 15 25 0.005 0.967205 1.21053 201.482 0.00082661 0.000832733
11 16 18 0.005 1.05267 1.41436 204.417 0.000541485 0.000553443
11 17 0 0 0 0 0 0 0
11 18 0 0 0 0 0 0 0
11 19 0 0 0 0 0 0 0
11 20 0 0 0 0 0 0 0
11 21 0 0 0 0 0 0 0
11 22 0 0 0 0 0 0 0
11 23 0 0 0 0 0 0 0
12 0 54 0.005 0.899534 0.0506722 214.03 0.00244626 0.00261787
12 1 36 0.005 0.90283 0.163962 214.408 0.00161739 0.00173391
12 2 46 0.005 0.994879 0.167243 208.667 0.0019746 0.00206018
12 3 40 0.005 0.95661 0.291877 209.234 0.00172452 0.00180414
12 4 39 0.005 0.782836 0.288896 206.85 0.00182587 0.00188841
12 5 41 0.005 0.938859 0.381352 207.596 0.001756 0.0018227
12 6 40 0.005 0.929203 0.475223 211.136 0.00168741 0.00178136
12 7 37 0.005 0.929531 0.582217 208.401 0.00152002 0.00158387
12 8 37 0.005 0.851682 0.58505 207.3 0.00156899 0.00162625
12 9 40 0.005 0.856545 0.611071 203.028 0.00168026 0.0017057
12 10 27 0.005 0.982393 0.777386 210.59 0.00102707 0.00108146
12 11 30 0.005 1.02748 0.797194 201.654 0.00111507 0.00112429
12 12 30 0.005 0.974976 0.97871 203.978 0.00107262 0.00109395
12 13 24 0.005 1.00535 1.07431 203.811 0.000822601 0.000838274
12 14 23 0.005 1.02379 1.15876 204.186 0.000761602 0.000777543
12 15 14 0.005 1.32638 1.49029 201.547 0.000382525 0.000385483
12 16 17 0.005 1.10701 1.33392 197.656 0.000517981 0.00051191
12 17 10 0.005 1.24218 1.58147 200.407 0.000271498 0.00027205
12 18 0 0 0 0 0 0 0
12 19 0 0 0 0 0 0 0
12 20 0 0 0 0 0 0 0
12 21 0 0 0 0 0 0 0
12 22 0 0 0 0 0 0 0
12 23 0 0 0 0 0 0 0
13 0 46 0.005 0.966858 0.017828 208.606 0.00201632 0.00210308
13 1 42 0.005 0.987936 0.105039 210.572 0.00181677 0.0019128
13 2 43 0.005 0.967111 0.134804 208.54 0.00187595 0.00195605
13 3 56 0.005 0.952321 0.251592 209.406 0.00243269 0.00254711
13 4 38 0.005 1.00215 0.241056 212.124 0.00161343 0.00171124
13 5 45 0.005 0.942666 0.449645 212.245 0.00189763 0.00201382
13 6 33 0.005 0.986557 0.44554 206.891 0.0013654 0.00141245
13 7 32 0.005 0.944307 0.509581 206.389 0.00133029 0.00137279
13 8 36 0.005 0.997909 0.62488 203.13 0.00142101 0.00144324
13 9 27 0.005 1.07086 0.795906 208.761 0.000987373 0.00103062
13 10 40 0.005 1.06736 0.755144 207.381 0.00148174 0.00153642
13 11 30 0.005 1.26017 1.01039 203.729 0.000962917 0.000980869
13 12 28 0.005 1.04566 0.964875 202.722 0.000981737 0.000995099
13 13 24 0.005 1.11652 1.01327 199.89 0.000808858 0.000808414
13 14 14 0.005 1.20561 1.1187 199.764 0.000443496 0.000442972
13 15 10 0.005 1.13886 1.20235 194.908 0.000315185 0.00030716
13 16 0 0 0 0 0 0 0
13 17 10 0.005 1.23237 1.51766 198.219 0.000277678 0.000275206
13 18 0 0 0 0 0 0 0
13 19 0 0 0 0 0 0 0
13 20 0 0 0 0 0 0 0
13 21 0 0 0 0 0 0 0
13 22 0 0 0 0 0 0 0
13 23 0 0 0 0 0 0 0
14 0 46 0.005 1.01479 0.027768 205.083 0.00196837 0.00201839
14 1 52 0.005 1.09323 0.067978 209.32 0.00213781 0.00223744
14 2 33 0.005 0.958822 0.144748 208.535 0.00144456 0.00150621
14 3 39 0.005 1.05342 0.259579 211.847 0.0016117 0.00170717
14 4 47 0.005 1.04279 0.303577 206.963 0.00194119 0.00200877
14 5 37 0.005 1.09461 0.398601 204.701 0.00146951 0.00150405
14 6 24 0.005 1.10187 0.505638 206.541 0.000931187 0.000961641
14 7 40 0.005 1.02374 0.485011 207.527 0.00161413 0.00167487
14 8 33 0.005 1.16483 0.740879 203.756 0.00118044 0.0012026
14 9 35 0.005 1.14701 0.687699 202.752 0.00127801 0.00129559
14 10 27 0.005 1.18179 0.785287 207.113 0.000948415 0.000982147
14 11 30 0.005 1.19777 0.918738 199.201 0.00101024 0.0010062
14 12 16 0.005 1.21481 0.947416 197.695 0.000531184 0.000525062
14 13 14 0.005 1.0751 0.937319 194.33 0.000490058 0.000476166
14 14 11 0.005 1.60679 1.44936 200.862 0.000281373 0.000282585
14 15 11 0.005 1.41526 1.53732 204.339 0.000289542 0.000295823
14 16 0 0 0 0 0 0 0
14 17 0 0 0 0 0 0 0
14 18 0 0 0 0 0 0 0
14 19 0 0 0 0 0 0 0
14 20 0 0 0 0 0 0 0
14 21 0 0 0 0 0 0 0
14 22 0 0 0 0 0 0 0
14 23 0 0 0 0 0 0 0
15 0 52 0.005 1.04764 0.0422964 207.688 0.00218836 0.00227249
15 1 46 0.005 1.17153 0.119629 206.376 0.00181554 0.00187342
15 2 39 0.005 1.16177 0.161394 205.094 0.00154284 0.00158213
15 3 41 0.005 1.0672 0.298909 204.612 0.00167477 0.00171339
15 4 39 0.005 1.12143 0.25866 205.113 0.00155975 0.00159963
15 5 26 0.005 1.28094 0.4516 203.356 0.000939956 0.000955728
15 6 27 0.005 1.24338 0.479357 205.342 0.000988159 0.00101455
15 7 31 0.005 1.2991 0.531526 204.429 0.0010968 0.00112109
15 8 28 0.005 1.23646 0.610066 203.538 0.00100239 0.00102013
15 9 33 0.005 1.25252 0.837815 202.766 0.00111262 0.00112801
15 10 18 0.005 1.18153 0.811004 197.232 0.000628077 0.000619386
15 11 21 0.005 1.26533 0.889008 200.293 0.000695323 0.000696341
15 12 18 0.005 1.37542 1.02025 198.874 0.000553457 0.00055034
15 13 0 0 0 0 0 0 0
15 14 0 0 0 0 0 0 0
15 15 0 0 0 0 0 0 0
15 16 0 0 0 0 0 0 0
15 17 0 0 0 0 0 0 0
15 18 0 0 0 0 0 0 0
15 19 0 0 0 0 0 0 0
15 20 0 0 0 0 0 0 0
15 21 0 0 0 0 0 0 0
15 22 0 0 0 0 0 0 0
15 23 0 0 0 0 0 0 0
16 0 36 0.005 1.34029 0.00605799 205.79 0.00131268 0.00135068
16 1 44 0.005 1.36149 0.105434 207.849 0.00158513 0.00164734
16 2 43 0.005 1.29604 0.228753 203.574 0.00158628 0.00161463
16 3 43 0.005 1.27487 0.279029 206.18 0.00159474 0.00164401
16 4 37 0.005 1.18339 0.297433 203.127 0.00143006 0.00145242
16 5 31 0.005 1.13249 0.358914 203.636 0.00121727 0.0012394
16 6 38 0.005 1.33882 0.525379 202.885 0.00132276 0.00134184
16 7 29 0.005 1.27231 0.555634 203.771 0.00103349 0.00105298
16 8 26 0.005 1.3157 0.580866 201.682 0.000905041 0.000912654
16 9 18 0.005 1.46543 0.763218 202.743 0.000568296 0.000576089
16 10 15 0.005 1.46012 0.964266 200.749 0.000453827 0.000455527
16 11 21 0.005 1.27641 0.962462 198.855 0.000679081 0.000675193
16 12 16 0.005 1.36736 1.01371 203.172 0.000494191 0.00050203
16 13 0 0 0 0 0 0 0
16 14 0 0 0 0 0 0 0
16 15 0 0 0 0 0 0 0
16 16 0 0 0 0 0 0 0
16 17 0 0 0 0 0 0 0
16 18 0 0 0 0 0 0 0
16 19 0 0 0 0 0 0 0
16 20 0 0 0 0 0 0 0
16 21 0 0 0 0 0 0 0
16 22 0 0 0 0 0 0 0
16 23 0 0 0 0 0 0 0
17 0 41 0.005 1.26035 0.0336458 203.205 0.00155354 0.00157844
17 1 33 0.005 1.49621 0.144064 210.837 0.00111456 0.00117495
17 2 27 0.005 1.36581 0.179801 204.289 0.000967139 0.000987878
17 3 31 0.005 1.39655 0.156187 202.639 0.00109596 0.00111042
17 4 33 0.005 1.30596 0.303996 202.931 0.00120296 0.00122059
17 5 28 0.005 1.4171 0.40484 206.563 0.000958613 0.00099007
17 6 20 0.005 1.45237 0.607982 207.668 0.00065382 0.000678887
17 7 30 0.005 1.47709 0.538074 208.139 0.000981815 0.00102177
17 8 24 0.005 1.41015 0.6043 197.932 0.000799106 0.000790842
17 9 11 0.005 1.41734 0.718839 195.648 0.000357219 0.000349445
17 10 15 0.005 1.69189 0.954309 197.742 0.000418642 0.000413916
17 11 0 0 0 0 0 0 0
17 12 0 0 0 0 0 0 0
17 13 0 0 0 0 0 0 0
17 14 0 0 0 0 0 0 0
17 15 0 0 0 0 0 0 0
17 16 0 0 0 0 0 0 0
17 17 0 0 0 0 0 0 0
17 18 0 0 0 0 0 0 0
17 19 0 0 0 0 0 0 0
17 20 0 0 0 0 0 0 0
17 21 0 0 0 0 0 0 0
17 22 0 0 0 0 0 0 0
17 23 0 0 0 0 0 0 0
18 0 17 0.005 1.348 -0.014513 200.16 0.000617572 0.000618065
18 1 22 0.005 1.54291 0.201069 204.325 0.000725275 0.000740959
18 2 32 0.005 1.46008 0.200058 203.291 0.00109559 0.00111362
18 3 29 0.005 1.61333 0.24068 200.497 0.000924204 0.0009265
18 4 19 0.005 1.61876 0.315261 204.34 0.000600692 0.000613728
18 5 12 0.005 1.72067 0.42431 206.296 0.000359582 0.000370902
18 6 14 0.005 1.72138 0.453755 202.344 0.000418086 0.000422985
18 7 18 0.005 1.58393 0.626935 204.202 0.000555637 0.000567311
18 8 12 0.005 1.66462 0.657484 197.423 0.000356899 0.0003523
18 9 12 0.005 1.72696 0.790669 196.376 0.000340881 0.000334705
18 10 0 0 0 0 0 0 0
18 11 0 0 0 0 0 0 0
18 12 0 0 0 0 0 0 0
18 13 0 0 0 0 0 0 0
18 14 0 0 0 0 0 0 0
18 15 0 0 0 0 0 0 0
18 16 0 0 0 0 0 0 0
18 17 0 0 0 0 0 0 0
18 18 0 0 0 0 0 0 0
18 19 0 0 0 0 0 0 0
18 20 0 0 0 0 0 0 0
18 21 0 0 0 0 0 0 0
18 22 0 0 0 0 0 0 0
18 23 0 0 0 0 0 0 0
19 0 20 0.005 1.71484 0.0457261 200.045 0.000614165 0.000614302
19 1 18 0.005 1.66104 0.0812531 201.028 0.000565598 0.000568505
19 2 19 0.005 1.53035 0.266448 196.923 0.000627111 0.000617463
19 3 18 0.005 1.68353 0.353195 201.416 0.000551613 0.00055552
19 4 14 0.005 1.65957 0.268434 204.154 0.000436415 0.00044548
19 5 16 0.005 1.82489 0.541735 208.03 0.000453713 0.000471929
19 6 0 0 0 0 0 0 0
19 7 0 0 0 0 0 0 0
19 8 11 0.005 1.7863 0.767603 196.306 0.000306783 0.000301116
19 9 0 0 0 0 0 0 0
19 10 0 0 0 0 0 0 0
19 11 0 0 0 0 0 0 0
19 12 0 0 0 0 0 0 0
19 13 0 0 0 0 0 0 0
19 14 0 0 0 0 0 0 0
19 15 0 0 0 0 0 0 0
19 16 0 0 0 0 0 0 0
19 17 0 0 0 0 0 0 0
19 18 0 0 0 0 0 0 0
19 19 0 0 0 0 0 0 0
19 20 0 0 0 0 0 0 0
19 21 0 0 0 0 0 0 0
19 22 0 0 0 0 0 0 0
19 23 0 0 0 0 0 0 0
20 0 0 0 0 0 0 0 0
20 1 10 0.005 1.88726 0.0933815 195.066 0.000285218 0.000278181
20 2 12 0.005 2.09457 0.212104 202.507 0.000313942 0.000317876
20 3 10 0.005 1.83611 0.22351 198.194 0.00028999 0.00028737
20 4 11 0.005 1.7898 0.363298 198.076 0.000322133 0.000319034
20 5 0 0 0 0 0 0 0
20 6 0 0 0 0 0 0 0
20 7 0 0 0 0 0 0 0
20 8 0 0 0 0 0 0 0
20 9 0 0 0 0 0 0 0
20 10 0 0 0 0 0 0 0
20 11 0 0 0 0 0 0 0
20 12 0 0 0 0 0 0 0
20 13 0 0 0 0 0 0 0
20 14 0 0 0 0 0 0 0
20 15 0 0 0 0 0 0 0
20 16 0 0 0 0 0 0 0
20 17 0 0 0 0 0 0 0
20 18 0 0 0 0 0 0 0
20 19 0 0 0 0 0 0 0
20 20 0 0 0 0 0 0 0
20 21 0 0 0 0 0 0 0
20 22 0 0 0 0 0 0 0
20 23 0 0 0 0 0 0 0
21 0 0 0 0 0 0 0 0
21 1 0 0 0 0 0 0 0
21 2 0 0 0 0 0 0 0
21 3 0 0 0 0 0 0 0
21 4 0 0 0 0 0 0 0
21 5 0 0 0 0 0 0 0
21 6 0 0 0 0 0 0 0
21 7 0 0 0 0 0 0 0
21 8 0 0 0 0 0 0 0
21 9 0 0 0 0 0 0 0
21 10 0 0 0 0 0 0 0
21 11 0 0 0 0 0 0 0
21 12 0 0 0 0 0 0 0
21 13 0 0 0 0 0 0 0
21 14 0 0 0 0 0 0 0
21 15 0 0 0 0 0 0 0
21 16 0 0 0 0 0 0 0
21 17 0 0 0 0 0 0 0
21 18 0 0 0 0 0 0 0
21 19 0 0 0 0 0 0 0
21 20 0 0 0 0 0 0 0
21 21 0 0 0 0 0 0 0
21 22 0 0 0 0 0 0 0
21 23 0 0 0 0 0 0 0
22 0 0 0 0 0 0 0 0
22 1 0 0 0 0 0 0 0
22 2 0 0 0 0 0 0 0
22 3 0 0 0 0 0 0 0
22 4 0 0 0 0 0 0 0
22 5 0 0 0 0 0 0 0
22 6 0 0 0 0 0 0 0
22 7 0 0 0 0 0 0 0
22 8 0 0 0 0 0 0 0
22 9 0 0 0 0 0 0 0
22 10 0 0 0 0 0 0 0
22 11 0 0 0 0 0 0 0
22 12 0 0 0 0 0 0 0
22 13 0 0 0 0 0 0 0
22 14 0 0 0 0 0 0 0
22 15 0 0 0 0 0 0 0
22 16 0 0 0 0 0 0 0
22 17 0 0 0 0 0 0 0
22 18 0 0 0 0 0 0 0
22 19 0 0 0 0 0 0 0
22 20 0 0 0 0 0 0 0
22 21 0 0 0 0 0 0 0
22 22 0 0 0 0 0 0 0
22 23 0 0 0 0 0 0 0
23 0 0 0 0 0 0 0 0
23 1 0 0 0 0 0 0 0
23 2 0 0 0 0 0 0 0
23 3 0 0 0 0 0 0 0
23 4 0 0 0 0 0 0 0
23 5 0 0 0 0 0 0 0
23 6 0 0 0 0 0 0 0
23 7 0 0 0 0 0 0 0
23 8 0 0 0 0 0 0 0
23 9 0 0 0 0 0 0 0
23 10 0 0 0 0 0 0 0
23 11 0 0 0 0 0 0 0
23 12 0 0 0 0 0 0 0
23 13 0 0 0 0 0 0 0
23 14 0 0 0 0 0 0 0
23 15 0 0 0 0 0 0 0
23 16 0 0 0 0 0 0 0
23 17 0 0 0 0 0 0 0
23 18 0 0 0 0 0 0 0
23 19 0 0 0 0 0 0 0
23 20 0 0 0 0 0 0 0
23 21 0 0 0 0 0 0 0
23 22 0 0 0 0 0 0 0
23 23 0 0 0 0 0 0 0
