#  ix    iy     NK     E/N         TK    Uxpi    UyK      muK      rho      epsilon
0 0 375 0.109511 0.0107113 0.0370746 1.51301 0.0302194 0.0209955
0 1 358 0.111363 0.0448013 0.102108 1.35536 0.0286931 0.0200471
0 2 332 0.115428 0.0194515 0.163133 1.05055 0.02642 0.0186867
0 3 387 0.107306 0.0248243 0.230945 1.64889 0.0304004 0.0209804
0 4 356 0.102178 -0.00306973 0.325658 1.8615 0.0272985 0.0185476
0 5 375 0.104874 0.0507081 0.350772 1.73312 0.0285046 0.019527
0 6 362 0.106327 0.0273618 0.449481 1.57523 0.0266191 0.0183162
0 7 336 0.104245 0.0300361 0.555051 1.5872 0.0236838 0.0161934
0 8 338 0.0894944 0.0208644 0.621827 2.61992 0.0231441 0.0151233
0 9 327 0.0979177 0.0381147 0.763447 1.88428 0.0209511 0.0140504
0 10 323 0.0883829 0.0580101 0.817545 2.57287 0.0201463 0.0131192
0 11 320 0.0799574 0.0388326 0.970196 3.25439 0.0185146 0.0117448
0 12 261 0.0827988 0.095726 1.07689 2.7221 0.0142924 0.00914707
0 13 228 0.0788967 0.0653028 1.19496 2.90957 0.01179 0.00745431
0 14 182 0.0701095 0.0694458 1.45969 3.54741 0.00828888 0.0050984
0 15 155 0.0596965 0.0347707 1.66812 4.79708 0.00642604 0.00382504
0 16 113 0.0524358 0.0332097 1.8185 5.78045 0.00439054 0.00255413
0 17 52 0.0592274 0.114208 2.15485 3.58278 0.00176324 0.001048
0 18 18 0.0324553 0.0752981 2.30023 10.3391 0.000578486 0.000315916
0 19 0 0 0 0 0 0 0
0 20 0 0 0 0 0 0 0
0 21 0 0 0 0 0 0 0
0 22 0 0 0 0 0 0 0
0 23 0 0 0 0 0 0 0
1 0 352 0.110897 0.126124 0.0311579 1.36266 0.0281505 0.0196403
1 1 352 0.115727 0.123565 0.107142 1.09332 0.0280149 0.0198325
1 2 408 0.114516 0.102992 0.140481 1.30381 0.0324151 0.0228641
1 3 372 0.108085 0.116067 0.170055 1.56848 0.0293837 0.0203267
1 4 361 0.113461 0.0909674 0.287236 1.21009 0.0278751 0.0195994
1 5 380 0.112395 0.11895 0.395502 1.28474 0.0283246 0.0198514
1 6 361 0.100675 0.11486 0.450759 1.92694 0.0263968 0.0178527
1 7 333 0.0986896 0.139394 0.537763 1.94442 0.0234756 0.0157807
1 8 356 0.0944189 0.126275 0.612883 2.28653 0.0243375 0.0161468
1 9 304 0.0922851 0.109189 0.706518 2.24935 0.0199437 0.0131449
1 10 296 0.0923738 0.127461 0.855699 2.14287 0.0180527 0.0119018
1 11 307 0.082844 0.110351 0.966597 2.93429 0.0177456 0.0113587
1 12 257 0.0838253 0.118556 1.13854 2.58026 0.0136356 0.00875468
1 13 229 0.0724923 0.14142 1.22805 3.59534 0.0116149 0.00719788
1 14 201 0.0730241 0.145854 1.36211 3.33805 0.00955725 0.0059326
1 15 157 0.061501 0.19615 1.6232 4.53134 0.00660621 0.00395475
1 16 112 0.0549733 0.193928 1.9302 5.20722 0.00413851 0.00242692
1 17 57 0.0512785 0.114756 1.90643 5.30811 0.00213225 0.00123587
1 18 27 0.0370266 0.231627 2.33307 8.63708 0.00085426 0.000473304
1 19 0 0 0 0 0 0 0
1 20 0 0 0 0 0 0 0
1 21 0 0 0 0 0 0 0
1 22 0 0 0 0 0 0 0
1 23 0 0 0 0 0 0 0
2 0 369 0.112276 0.175405 0.0374848 1.3249 0.0292906 0.0205211
2 1 359 0.110607 0.157056 0.0839206 1.39159 0.0285032 0.0198689
2 2 377 0.117606 0.172095 0.197441 1.04395 0.0294112 0.0209388
2 3 405 0.114493 0.154458 0.221694 1.27737 0.0315306 0.0222386
2 4 376 0.111389 0.197509 0.276907 1.35441 0.0287075 0.0200587
2 5 360 0.108454 0.186329 0.360928 1.45829 0.026898 0.0186281
2 6 374 0.112052 0.180733 0.441441 1.26414 0.0272228 0.0190595
2 7 347 0.102867 0.202373 0.565886 1.68757 0.0239856 0.016331
2 8 344 0.0920826 0.177573 0.630517 2.41657 0.0232064 0.0152858
2 9 311 0.0890997 0.198602 0.731679 2.50554 0.019986 0.0130437
2 10 294 0.0768728 0.211877 0.824406 3.54603 0.0180547 0.0113432
2 11 292 0.0815015 0.202041 0.971499 3.0015 0.0167156 0.0106548
2 12 242 0.0820858 0.254174 1.15131 2.66501 0.0126236 0.00806115
2 13 245 0.0719941 0.223104 1.25174 3.70478 0.0122145 0.00755758
2 14 181 0.0673274 0.249915 1.34168 3.94836 0.0086274 0.00526041
2 15 151 0.0635185 0.289718 1.6476 4.16546 0.00624809 0.00376424
2 16 110 0.0601889 0.338113 1.89829 4.26219 0.00408414 0.00243483
2 17 56 0.0475409 0.329677 2.10774 6.08485 0.00191677 0.00109792
2 18 23 0.0484091 0.308595 2.48414 4.84402 0.000688103 0.000395226
2 19 0 0 0 0 0 0 0
2 20 0 0 0 0 0 0 0
2 21 0 0 0 0 0 0 0
2 22 0 0 0 0 0 0 0
2 23 0 0 0 0 0 0 0
3 0 384 0.112163 0.261403 0.00761051 1.35379 0.0299602 0.0209831
3 1 350 0.118968 0.228085 0.137343 0.899116 0.0272756 0.0194979
3 2 389 0.112205 0.225886 0.209648 1.35208 0.0299796 0.0209993
3 3 401 0.11473 0.218355 0.225295 1.24301 0.0308557 0.0217781
3 4 374 0.11181 0.266107 0.290581 1.30802 0.0280616 0.0196324
3 5 398 0.109032 0.291156 0.381971 1.49737 0.0289328 0.0200724
3 6 366 0.101318 0.25523 0.468792 1.87066 0.0260389 0.0176453
3 7 352 0.0996551 0.2841 0.518201 1.91853 0.0244386 0.0164768
3 8 360 0.0918196 0.256457 0.620717 2.47488 0.0241012 0.0158623
3 9 336 0.0913355 0.334111 0.763704 2.3662 0.0208137 0.0136781
3 10 311 0.0840961 0.27537 0.842116 2.87529 0.0187725 0.0120629
3 11 275 0.0825233 0.331499 1.04849 2.79092 0.0149207 0.00954105
3 12 258 0.0768301 0.318901 1.12473 3.26168 0.0135246 0.00849599
3 13 222 0.0717874 0.327842 1.25392 3.61901 0.0109366 0.0067625
3 14 187 0.0645199 0.346209 1.35766 4.35602 0.00876088 0.00529478
3 15 146 0.0543069 0.390996 1.64295 5.70923 0.005999 0.00351055
3 16 87 0.0518817 0.446549 1.94022 5.5665 0.00314911 0.00182874
3 17 37 0.0495538 0.493876 2.13917 5.15583 0.00123686 0.000712993
3 18 13 0.72908 0.364499 2.05252 -10.6141 0.000453439 0.000244809
3 19 0 0 0 0 0 0 0
3 20 0 0 0 0 0 0 0
3 21 0 0 0 0 0 0 0
3 22 0 0 0 0 0 0 0
3 23 0 0 0 0 0 0 0
4 0 435 0.1117 0.313432 0.0431048 1.48972 0.0334466 0.0233921
4 1 418 0.105562 0.303508 0.0815686 1.81109 0.0321589 0.0220766
4 2 399 0.111872 0.306681 0.149508 1.38639 0.0304537 0.0213099
4 3 380 0.11199 0.324154 0.199709 1.31835 0.0286396 0.0200477
4 4 394 0.111757 0.325952 0.295668 1.34671 0.0290826 0.0203435
4 5 393 0.100817 0.344908 0.372717 1.98563 0.0282586 0.0191202
4 6 394 0.102108 0.339412 0.472389 1.87217 0.0274656 0.0186571
4 7 360 0.0962786 0.380972 0.583238 2.12899 0.0238217 0.0158953
4 8 402 0.0891497 0.378132 0.69352 2.74273 0.02544 0.0166058
4 9 345 0.0886634 0.403901 0.770594 2.59058 0.0209902 0.0136806
4 10 295 0.0856305 0.428576 0.941468 2.61114 0.0165353 0.0106761
4 11 264 0.0769488 0.399672 1.02021 3.30845 0.0143521 0.00901914
4 12 253 0.0756792 0.459841 1.15039 3.33191 0.0128151 0.00802134
4 13 197 0.0727531 0.493855 1.32986 3.32654 0.0091535 0.00567714
4 14 142 0.0634666 0.478081 1.50316 4.1544 0.00613161 0.00369346
4 15 112 0.0587656 0.501105 1.69594 4.58641 0.00444592 0.00263863
4 16 85 0.0469652 0.54469 1.76995 6.76257 0.00325705 0.00186222
4 17 40 0.0310049 0.536698 2.03026 11.9987 0.00138688 0.000753929
4 18 16 0.0465094 0.552923 2.26636 5.02445 0.000508375 0.000290245
4 19 0 0 0 0 0 0 0
4 20 0 0 0 0 0 0 0
4 21 0 0 0 0 0 0 0
4 22 0 0 0 0 0 0 0
4 23 0 0 0 0 0 0 0
5 0 418 0.122462 0.391978 0.0410962 0.866379 0.0313618 0.0226542
5 1 437 0.116031 0.312671 0.0981878 1.25578 0.0334893 0.0237297
5 2 437 0.108968 0.391833 0.162426 1.61566 0.032444 0.0225039
5 3 398 0.112713 0.398638 0.262493 1.28958 0.0289664 0.0203207
5 4 377 0.111001 0.421808 0.341824 1.30457 0.0267192 0.0186476
5 5 365 0.104573 0.393305 0.386295 1.65136 0.0257779 0.0176429
5 6 377 0.103878 0.46941 0.481549 1.67356 0.0252291 0.0172307
5 7 348 0.095126 0.439549 0.591076 2.16 0.0225961 0.0150241
5 8 376 0.0964818 0.463149 0.654574 2.10743 0.0236565 0.0157949
5 9 300 0.0821031 0.484362 0.790725 3.00364 0.0177403 0.0113292
5 10 319 0.0824334 0.469031 0.888481 2.9952 0.0181483 0.0116017
5 11 279 0.0666252 0.537049 1.05647 4.5636 0.0145099 0.00882765
5 12 232 0.0776844 0.550412 1.16912 3.00517 0.0114506 0.00721235
5 13 200 0.0698964 0.566534 1.33596 3.67324 0.0091522 0.00562566
5 14 177 0.0643761 0.640964 1.5336 4.20253 0.00735865 0.00444531
5 15 110 0.057478 0.606511 1.69261 4.78157 0.0043118 0.00254864
5 16 58 0.0398267 0.54623 1.76918 8.53674 0.00222271 0.00124245
5 17 24 0.0354112 0.842171 2.70154 9.03677 0.000644889 0.000355482
5 18 12 0.720944 0.879961 2.76088 -10.9403 0.000315697 0.000168541
5 19 0 0 0 0 0 0 0
5 20 0 0 0 0 0 0 0
5 21 0 0 0 0 0 0 0
5 22 0 0 0 0 0 0 0
5 23 0 0 0 0 0 0 0
6 0 422 0.11334 0.511861 0.0531533 1.29881 0.0302604 0.0212687
6 1 411 0.109901 0.467227 0.152291 1.47474 0.0297473 0.0206919
6 2 400 0.11045 0.468001 0.160663 1.41478 0.0289123 0.0201445
6 3 407 0.111508 0.459843 0.237174 1.36305 0.0291517 0.0203764
6 4 402 0.0994256 0.476607 0.331195 2.07158 0.0280391 0.018891
6 5 396 0.107764 0.504018 0.420398 1.4917 0.0266986 0.0184513
6 6 378 0.108628 0.563212 0.518457 1.3426 0.0242057 0.0167724
6 7 366 0.0988197 0.539836 0.585103 1.91898 0.0230921 0.0155292
6 8 317 0.0893883 0.587486 0.718375 2.41744 0.0187388 0.0122406
6 9 275 0.0876305 0.543151 0.749626 2.42264 0.0162746 0.0105732
6 10 301 0.0828136 0.623028 0.895568 2.85841 0.0164022 0.0104979
6 11 233 0.0792739 0.642272 1.04237 2.87955 0.0118863 0.00752406
6 12 202 0.0725033 0.705855 1.23482 3.3792 0.00936935 0.00580646
6 13 196 0.0573564 0.700787 1.39918 5.48342 0.00851137 0.00502901
6 14 138 0.0642135 0.762207 1.55337 3.94758 0.00556876 0.00336232
6 15 91 0.0532792 0.757529 1.79265 5.33531 0.00335404 0.00195638
6 16 45 0.0584863 0.870864 2.10893 3.51884 0.00145675 0.000863811
6 17 19 0.729419 0.674641 1.97658 -10.2376 0.000661711 0.00035742
6 18 0 0 0 0 0 0 0
6 19 0 0 0 0 0 0 0
6 20 0 0 0 0 0 0 0
6 21 0 0 0 0 0 0 0
6 22 0 0 0 0 0 0 0
6 23 0 0 0 0 0 0 0
7 0 412 0.105789 0.532728 0.0394638 1.70429 0.0293065 0.0201323
7 1 451 0.107181 0.569632 0.100954 1.69138 0.0314824 0.0217188
7 2 426 0.102584 0.605504 0.161275 1.89951 0.0291117 0.0198041
7 3 428 0.10048 0.551443 0.258407 2.05047 0.0294798 0.0199259
7 4 364 0.0961115 0.569302 0.355432 2.16396 0.0243742 0.0162556
7 5 373 0.103089 0.594864 0.436592 1.68239 0.0242045 0.0164912
7 6 357 0.0919362 0.612796 0.501438 2.40022 0.0225714 0.0148608
7 7 331 0.100389 0.667164 0.63046 1.65166 0.0196649 0.0132882
7 8 321 0.0925314 0.690112 0.721224 2.14549 0.0183214 0.0120848
7 9 280 0.0863987 0.69864 0.847203 2.46007 0.0152037 0.00983981
7 10 301 0.0777738 0.708183 0.959567 3.30487 0.0155967 0.00982656
7 11 223 0.0735201 0.717888 1.01905 3.44403 0.0112535 0.00699639
7 12 193 0.0721269 0.858578 1.23202 3.34123 0.00862698 0.00534009
7 13 169 0.0540112 0.793651 1.35569 5.96705 0.00731879 0.00427887
7 14 93 0.0609331 0.877675 1.55712 4.03193 0.00366184 0.0021882
7 15 59 0.0465046 0.9173 1.8188 6.44263 0.00209676 0.00119708
7 16 33 0.0445394 0.896321 1.93565 6.36412 0.00112964 0.000640934
7 17 12 0.0442063 1.05046 2.0249 5.39279 0.000388539 0.000220216
7 18 0 0 0 0 0 0 0
7 19 0 0 0 0 0 0 0
7 20 0 0 0 0 0 0 0
7 21 0 0 0 0 0 0 0
7 22 0 0 0 0 0 0 0
7 23 0 0 0 0 0 0 0
8 0 431 0.107537 0.668165 0.0328133 1.58411 0.0288897 0.0199518
8 1 413 0.10818 0.668469 0.123095 1.49827 0.0275457 0.0190608
8 2 434 0.0980427 0.651809 0.17491 2.20105 0.0290115 0.0194634
8 3 412 0.102111 0.691356 0.288826 1.83959 0.0265901 0.0180626
8 4 387 0.106539 0.67959 0.374479 1.4858 0.0246574 0.0169773
8 5 375 0.092881 0.693741 0.428856 2.36484 0.0234357 0.0154749
8 6 353 0.0949783 0.765408 0.514462 2.09413 0.020927 0.013908
8 7 325 0.0867661 0.693181 0.599615 2.66803 0.0193218 0.0125194
8 8 338 0.0834889 0.813552 0.752584 2.90316 0.0182605 0.0117118
8 9 275 0.0778837 0.776296 0.832811 3.22983 0.0146354 0.00922411
8 10 246 0.0700541 0.843518 0.994319 3.9304 0.012073 0.0074247
8 11 209 0.069425 0.90404 1.12683 3.77994 0.00959299 0.00588788
8 12 166 0.0612637 0.909759 1.23993 4.66857 0.00729773 0.00436545
8 13 161 0.0565098 0.906553 1.38874 5.3989 0.00670444 0.00395079
8 14 84 0.0464231 0.992822 1.63509 6.86749 0.00313835 0.00179128
8 15 47 0.043204 1.21738 1.98991 7.03616 0.00149339 0.000843743
8 16 23 0.0424339 1.17585 2.17936 6.50763 0.000694534 0.000391446
8 17 0 0 0 0 0 0 0
8 18 0 0 0 0 0 0 0
8 19 0 0 0 0 0 0 0
8 20 0 0 0 0 0 0 0
8 21 0 0 0 0 0 0 0
8 22 0 0 0 0 0 0 0
8 23 0 0 0 0 0 0 0
9 0 365 0.10356 0.8011 0.0281912 1.59981 0.0229674 0.0156709
9 1 431 0.100743 0.790258 0.110535 1.95126 0.0271686 0.0183785
9 2 405 0.10269 0.824691 0.202911 1.73613 0.0248947 0.0169408
9 3 370 0.10351 0.840393 0.265695 1.57734 0.0223848 0.015271
9 4 377 0.0917127 0.879455 0.379667 2.38999 0.0219554 0.0144453
9 5 322 0.0969517 0.814726 0.443544 1.85666 0.0190379 0.0127295
9 6 312 0.0834535 0.846047 0.56707 2.87116 0.0176278 0.0113048
9 7 320 0.080321 0.895972 0.65465 3.14922 0.0172761 0.0109716
9 8 267 0.0882958 0.96987 0.75661 2.18591 0.0135826 0.00884255
9 9 253 0.0779358 0.939312 0.909546 3.05826 0.012395 0.00781336
9 10 201 0.0727697 1.03127 1.06041 3.31637 0.00907856 0.00563095
9 11 166 0.060329 0.994081 1.13283 4.83374 0.00740138 0.00441441
9 12 141 0.0631719 1.03526 1.36739 4.13047 0.00572751 0.00344684
9 13 88 0.054619 1.13215 1.5866 5.03146 0.00323954 0.00189761
9 14 63 0.0432321 1.20732 1.74491 7.39948 0.00216593 0.00122383
9 15 30 0.0402563 1.15954 1.9198 7.57323 0.000985222 0.000551468
9 16 0 0 0 0 0 0 0
9 17 0 0 0 0 0 0 0
9 18 0 0 0 0 0 0 0
9 19 0 0 0 0 0 0 0
9 20 0 0 0 0 0 0 0
9 21 0 0 0 0 0 0 0
9 22 0 0 0 0 0 0 0
9 23 0 0 0 0 0 0 0
10 0 359 0.104625 0.870512 0.0442208 1.4816 0.0218247 0.0149396
10 1 383 0.0872149 0.925619 0.127466 2.78491 0.0225687 0.0146435
10 2 361 0.0936741 0.936063 0.236598 2.19217 0.020944 0.0138635
10 3 343 0.0919873 0.921977 0.287051 2.27019 0.0198985 0.013103
10 4 358 0.084268 0.974267 0.395192 2.9179 0.0198974 0.0127926
10 5 283 0.0868329 0.976659 0.473132 2.43966 0.0154655 0.0100228
10 6 309 0.092126 0.997815 0.53221 2.07258 0.0165073 0.0108746
10 7 287 0.0802863 0.999687 0.673764 2.99638 0.0147769 0.00938338
10 8 256 0.0769182 1.04574 0.818352 3.16708 0.0124196 0.00780396
10 9 219 0.0702288 1.08629 0.880863 3.74706 0.0102725 0.00632086
10 10 194 0.0618176 1.15918 1.04081 4.72776 0.00845132 0.00506437
10 11 119 0.0581779 1.19711 1.22763 4.77218 0.00483469 0.00286404
10 12 104 0.0531881 1.23031 1.38123 5.52735 0.00398868 0.00232589
10 13 70 0.0491177 1.27511 1.54783 5.97038 0.00251914 0.00145017
10 14 34 0.0507134 1.53944 1.87395 4.72102 0.00104523 0.000604746
10 15 21 0.717492 1.66592 2.15286 -10.3099 0.000583979 0.000310276
10 16 0 0 0 0 0 0 0
10 17 0 0 0 0 0 0 0
10 18 0 0 0 0 0 0 0
10 19 0 0 0 0 0 0 0
10 20 0 0 0 0 0 0 0
10 21 0 0 0 0 0 0 0
10 22 0 0 0 0 0 0 0
10 23 0 0 0 0 0 0 0
11 0 322 0.0866678 1.01967 0.0435681 2.61525 0.0181739 0.0117719
11 1 343 0.0900239 1.07242 0.160516 2.36652 0.0187524 0.0122737
11 2 334 0.093905 1.06998 0.242461 2.03132 0.0181449 0.0120192
11 3 329 0.0878401 1.08514 0.303266 2.48392 0.017612 0.0114496
11 4 299 0.0796786 1.1134 0.39634 3.10927 0.0155753 0.00987169
11 5 287 0.0787351 1.11289 0.493523 3.146 0.014691 0.00928382
11 6 273 0.0775846 1.1241 0.598213 3.18747 0.0135978 0.00856216
11 7 246 0.0763873 1.1562 0.708393 3.17051 0.011775 0.00738663
11 8 195 0.0674217 1.22023 0.813092 3.96235 0.00886039 0.00540408
11 9 180 0.0580045 1.24339 0.973579 5.27654 0.007766 0.00459801
11 10 143 0.0559721 1.28191 1.10259 5.36617 0.00587052 0.0034535
11 11 133 0.0589666 1.22961 1.19075 4.74835 0.00541057 0.00321318
11 12 75 0.0554933 1.33472 1.36996 4.7173 0.00280238 0.00164609
11 13 31 0.0512248 1.50822 1.6487 4.58377 0.00102122 0.00059181
11 14 29 0.0383769 1.61484 1.88616 8.13198 0.000873692 0.000486141
11 15 0 0 0 0 0 0 0
11 16 0 0 0 0 0 0 0
11 17 0 0 0 0 0 0 0
11 18 0 0 0 0 0 0 0
11 19 0 0 0 0 0 0 0
11 20 0 0 0 0 0 0 0
11 21 0 0 0 0 0 0 0
11 22 0 0 0 0 0 0 0
11 23 0 0 0 0 0 0 0
12 0 305 0.0822776 1.16312 0.0867241 2.8845 0.0160098 0.0102296
12 1 279 0.0820267 1.22247 0.145222 2.78732 0.0141863 0.00905739
12 2 291 0.0792669 1.2078 0.207638 3.10197 0.0148367 0.00939144
12 3 266 0.0821092 1.21706 0.309218 2.71974 0.0133633 0.00853414
12 4 271 0.0791199 1.21206 0.403635 3.02025 0.0134711 0.00852316
12 5 220 0.0689313 1.2452 0.474331 3.94769 0.0106495 0.00652621
12 6 220 0.0710627 1.3536 0.581509 3.61365 0.00996424 0.00614728
12 7 197 0.0744532 1.33234 0.761874 3.07741 0.00867283 0.00540777
12 8 187 0.0628228 1.45632 0.908033 4.46524 0.00759232 0.00456406
12 9 114 0.0632343 1.35416 1.01481 3.9185 0.00467723 0.00281533
12 10 125 0.0561669 1.46631 1.14561 5.12252 0.00477199 0.00280899
12 11 64 0.051765 1.45573 1.29569 5.30171 0.0023563 0.00136784
12 12 32 0.0557071 1.61673 1.56505 3.69311 0.00104804 0.000616022
12 13 11 0.0374625 1.25106 1.33362 7.76621 0.000425639 0.000236151
12 14 0 0 0 0 0 0 0
12 15 0 0 0 0 0 0 0
12 16 0 0 0 0 0 0 0
12 17 0 0 0 0 0 0 0
12 18 0 0 0 0 0 0 0
12 19 0 0 0 0 0 0 0
12 20 0 0 0 0 0 0 0
12 21 0 0 0 0 0 0 0
12 22 0 0 0 0 0 0 0
12 23 0 0 0 0 0 0 0
13 0 269 0.0821723 1.38179 0.0192853 2.66424 0.0127176 0.00812336
13 1 257 0.0774957 1.37826 0.125461 3.08325 0.0121386 0.00764116
13 2 251 0.0721788 1.32003 0.246297 3.67254 0.0120901 0.00748495
13 3 249 0.0741662 1.41731 0.321491 3.38171 0.0113828 0.00709115
13 4 228 0.07662 1.43845 0.454448 2.99798 0.0101593 0.00637775
13 5 182 0.0665463 1.49494 0.585653 3.94852 0.00775959 0.00471966
13 6 173 0.063297 1.41348 0.671047 4.38302 0.00751321 0.00452327
13 7 149 0.068314 1.39786 0.740817 3.5219 0.00642031 0.00392684
13 8 147 0.0575033 1.68155 0.941564 5.01313 0.00546001 0.00322758
13 9 90 0.0644054 1.56883 1.11973 3.40913 0.00334256 0.0020194
13 10 51 0.0485016 1.5562 1.15476 5.8297 0.00188609 0.00108363
13 11 47 0.0458721 1.70892 1.45317 6.30525 0.00154327 0.000879317
13 12 35 0.0316305 1.66077 1.43713 11.4813 0.00116965 0.000637093
13 13 11 0.722139 1.73965 1.53593 -10.8395 0.000351055 0.000187728
13 14 0 0 0 0 0 0 0
13 15 0 0 0 0 0 0 0
13 16 0 0 0 0 0 0 0
13 17 0 0 0 0 0 0 0
13 18 0 0 0 0 0 0 0
13 19 0 0 0 0 0 0 0
13 20 0 0 0 0 0 0 0
13 21 0 0 0 0 0 0 0
13 22 0 0 0 0 0 0 0
13 23 0 0 0 0 0 0 0
14 0 195 0.0672768 1.56834 0.0518341 3.93457 0.00845134 0.00515224
14 1 175 0.0653644 1.54656 0.0912576 4.09972 0.00765359 0.0046379
14 2 172 0.0666862 1.53477 0.246572 3.89593 0.0075046 0.00456658
14 3 172 0.0655434 1.51783 0.36643 4.05157 0.0074808 0.00453575
14 4 170 0.0613904 1.57589 0.494687 4.62101 0.00710038 0.00424909
14 5 129 0.0569237 1.59314 0.603474 5.08159 0.00526634 0.00310741
14 6 108 0.0539082 1.66666 0.690435 5.43773 0.00422259 0.0024679
14 7 93 0.0565961 1.62726 0.831314 4.7613 0.00360051 0.00212228
14 8 69 0.0546989 1.74039 0.945874 4.75975 0.00250775 0.00146933
14 9 57 0.0439173 1.82937 1.139 7.08256 0.00193492 0.00109567
14 10 35 0.0470946 1.63944 1.11895 5.78728 0.00126996 0.000726401
14 11 15 0.0436408 2.06504 1.59538 5.66681 0.000432867 0.000244902
14 12 0 0 0 0 0 0 0
14 13 0 0 0 0 0 0 0
14 14 0 0 0 0 0 0 0
14 15 0 0 0 0 0 0 0
14 16 0 0 0 0 0 0 0
14 17 0 0 0 0 0 0 0
14 18 0 0 0 0 0 0 0
14 19 0 0 0 0 0 0 0
14 20 0 0 0 0 0 0 0
14 21 0 0 0 0 0 0 0
14 22 0 0 0 0 0 0 0
14 23 0 0 0 0 0 0 0
15 0 132 0.0561912 1.6769 0.0130365 5.25123 0.00545214 0.0032096
15 1 142 0.0584972 1.7255 0.140575 4.88609 0.00572788 0.00339658
15 2 123 0.063165 1.62092 0.245639 4.02821 0.0051654 0.00310849
15 3 123 0.0617948 1.7049 0.360456 4.1938 0.00493713 0.00295831
15 4 109 0.0582648 1.81792 0.498174 4.59692 0.0041196 0.00244109
15 5 86 0.0558369 1.8709 0.626867 4.76439 0.0031353 0.00184364
15 6 65 0.0475855 1.83656 0.660546 6.29432 0.0023903 0.00136934
15 7 58 0.0503281 1.88618 0.846583 5.47536 0.00203667 0.00117693
15 8 34 0.0466274 1.94998 1.02672 5.79478 0.00113302 0.000647111
15 9 28 0.0467037 2.07411 1.26168 5.49908 0.000860019 0.00049131
15 10 14 0.0405042 1.84851 1.36242 6.7062 0.000450778 0.000252516
15 11 0 0 0 0 0 0 0
15 12 0 0 0 0 0 0 0
15 13 0 0 0 0 0 0 0
15 14 0 0 0 0 0 0 0
15 15 0 0 0 0 0 0 0
15 16 0 0 0 0 0 0 0
15 17 0 0 0 0 0 0 0
15 18 0 0 0 0 0 0 0
15 19 0 0 0 0 0 0 0
15 20 0 0 0 0 0 0 0
15 21 0 0 0 0 0 0 0
15 22 0 0 0 0 0 0 0
15 23 0 0 0 0 0 0 0
16 0 78 0.0528484 1.9613 0.0702173 5.26369 0.00285581 0.0016635
16 1 72 0.0488671 1.8804 0.0977315 6.10845 0.00272347 0.00156655
16 2 55 0.0561304 1.8319 0.329679 4.30813 0.00209919 0.00123553
16 3 48 0.050235 1.95755 0.413674 5.3338 0.00173061 0.00099977
16 4 49 0.0476451 1.96006 0.529641 5.96516 0.00174598 0.00100042
16 5 48 0.0475068 2.19975 0.636528 5.88054 0.00154912 0.000887231
16 6 28 0.0501115 1.9487 0.800755 4.78141 0.000968257 0.000559143
16 7 25 0.0460366 2.21672 0.864518 5.57998 0.000781161 0.000445319
16 8 0 0 0 0 0 0 0
16 9 0 0 0 0 0 0 0
16 10 0 0 0 0 0 0 0
16 11 0 0 0 0 0 0 0
16 12 0 0 0 0 0 0 0
16 13 0 0 0 0 0 0 0
16 14 0 0 0 0 0 0 0
16 15 0 0 0 0 0 0 0
16 16 0 0 0 0 0 0 0
16 17 0 0 0 0 0 0 0
16 18 0 0 0 0 0 0 0
16 19 0 0 0 0 0 0 0
16 20 0 0 0 0 0 0 0
16 21 0 0 0 0 0 0 0
16 22 0 0 0 0 0 0 0
16 23 0 0 0 0 0 0 0
17 0 46 0.043005 2.43699 0.109725 7.03711 0.00140707 0.00079447
17 1 28 0.0434899 2.02155 0.150051 6.54811 0.000998989 0.000564924
17 2 40 0.0340563 2.19581 0.263241 10.3779 0.00132907 0.000729494
17 3 27 0.0338689 2.13451 0.40802 10.0885 0.000910217 0.0004993
17 4 19 0.0409276 2.04297 0.467337 6.94407 0.000659859 0.000370134
17 5 16 0.0418436 2.56393 0.755216 6.2656 0.000452145 0.000254358
17 6 0 0 0 0 0 0 0
17 7 0 0 0 0 0 0 0
17 8 0 0 0 0 0 0 0
17 9 0 0 0 0 0 0 0
17 10 0 0 0 0 0 0 0
17 11 0 0 0 0 0 0 0
17 12 0 0 0 0 0 0 0
17 13 0 0 0 0 0 0 0
17 14 0 0 0 0 0 0 0
17 15 0 0 0 0 0 0 0
17 16 0 0 0 0 0 0 0
17 17 0 0 0 0 0 0 0
17 18 0 0 0 0 0 0 0
17 19 0 0 0 0 0 0 0
17 20 0 0 0 0 0 0 0
17 21 0 0 0 0 0 0 0
17 22 0 0 0 0 0 0 0
17 23 0 0 0 0 0 0 0
18 0 15 0.0421246 2.05726 0.16174 6.33005 0.00052752 0.000297024
18 1 19 0.0383102 2.34456 0.169638 7.7811 0.000599814 0.000333679
18 2 0 0 0 0 0 0 0
18 3 0 0 0 0 0 0 0
18 4 0 0 0 0 0 0 0
18 5 0 0 0 0 0 0 0
18 6 0 0 0 0 0 0 0
18 7 0 0 0 0 0 0 0
18 8 0 0 0 0 0 0 0
18 9 0 0 0 0 0 0 0
18 10 0 0 0 0 0 0 0
18 11 0 0 0 0 0 0 0
18 12 0 0 0 0 0 0 0
18 13 0 0 0 0 0 0 0
18 14 0 0 0 0 0 0 0
18 15 0 0 0 0 0 0 0
18 16 0 0 0 0 0 0 0
18 17 0 0 0 0 0 0 0
18 18 0 0 0 0 0 0 0
18 19 0 0 0 0 0 0 0
18 20 0 0 0 0 0 0 0
18 21 0 0 0 0 0 0 0
18 22 0 0 0 0 0 0 0
18 23 0 0 0 0 0 0 0
19 0 0 0 0 0 0 0 0
19 1 0 0 0 0 0 0 0
19 2 0 0 0 0 0 0 0
19 3 0 0 0 0 0 0 0
19 4 0 0 0 0 0 0 0
19 5 0 0 0 0 0 0 0
19 6 0 0 0 0 0 0 0
19 7 0 0 0 0 0 0 0
19 8 0 0 0 0 0 0 0
19 9 0 0 0 0 0 0 0
19 10 0 0 0 0 0 0 0
19 11 0 0 0 0 0 0 0
19 12 0 0 0 0 0 0 0
19 13 0 0 0 0 0 0 0
19 14 0 0 0 0 0 0 0
19 15 0 0 0 0 0 0 0
19 16 0 0 0 0 0 0 0
19 17 0 0 0 0 0 0 0
19 18 0 0 0 0 0 0 0
19 19 0 0 0 0 0 0 0
19 20 0 0 0 0 0 0 0
19 21 0 0 0 0 0 0 0
19 22 0 0 0 0 0 0 0
19 23 0 0 0 0 0 0 0
20 0 0 0 0 0 0 0 0
20 1 0 0 0 0 0 0 0
20 2 0 0 0 0 0 0 0
20 3 0 0 0 0 0 0 0
20 4 0 0 0 0 0 0 0
20 5 0 0 0 0 0 0 0
20 6 0 0 0 0 0 0 0
20 7 0 0 0 0 0 0 0
20 8 0 0 0 0 0 0 0
20 9 0 0 0 0 0 0 0
20 10 0 0 0 0 0 0 0
20 11 0 0 0 0 0 0 0
20 12 0 0 0 0 0 0 0
20 13 0 0 0 0 0 0 0
20 14 0 0 0 0 0 0 0
20 15 0 0 0 0 0 0 0
20 16 0 0 0 0 0 0 0
20 17 0 0 0 0 0 0 0
20 18 0 0 0 0 0 0 0
20 19 0 0 0 0 0 0 0
20 20 0 0 0 0 0 0 0
20 21 0 0 0 0 0 0 0
20 22 0 0 0 0 0 0 0
20 23 0 0 0 0 0 0 0
21 0 0 0 0 0 0 0 0
21 1 0 0 0 0 0 0 0
21 2 0 0 0 0 0 0 0
21 3 0 0 0 0 0 0 0
21 4 0 0 0 0 0 0 0
21 5 0 0 0 0 0 0 0
21 6 0 0 0 0 0 0 0
21 7 0 0 0 0 0 0 0
21 8 0 0 0 0 0 0 0
21 9 0 0 0 0 0 0 0
21 10 0 0 0 0 0 0 0
21 11 0 0 0 0 0 0 0
21 12 0 0 0 0 0 0 0
21 13 0 0 0 0 0 0 0
21 14 0 0 0 0 0 0 0
21 15 0 0 0 0 0 0 0
21 16 0 0 0 0 0 0 0
21 17 0 0 0 0 0 0 0
21 18 0 0 0 0 0 0 0
21 19 0 0 0 0 0 0 0
21 20 0 0 0 0 0 0 0
21 21 0 0 0 0 0 0 0
21 22 0 0 0 0 0 0 0
21 23 0 0 0 0 0 0 0
22 0 0 0 0 0 0 0 0
22 1 0 0 0 0 0 0 0
22 2 0 0 0 0 0 0 0
22 3 0 0 0 0 0 0 0
22 4 0 0 0 0 0 0 0
22 5 0 0 0 0 0 0 0
22 6 0 0 0 0 0 0 0
22 7 0 0 0 0 0 0 0
22 8 0 0 0 0 0 0 0
22 9 0 0 0 0 0 0 0
22 10 0 0 0 0 0 0 0
22 11 0 0 0 0 0 0 0
22 12 0 0 0 0 0 0 0
22 13 0 0 0 0 0 0 0
22 14 0 0 0 0 0 0 0
22 15 0 0 0 0 0 0 0
22 16 0 0 0 0 0 0 0
22 17 0 0 0 0 0 0 0
22 18 0 0 0 0 0 0 0
22 19 0 0 0 0 0 0 0
22 20 0 0 0 0 0 0 0
22 21 0 0 0 0 0 0 0
22 22 0 0 0 0 0 0 0
22 23 0 0 0 0 0 0 0
23 0 0 0 0 0 0 0 0
23 1 0 0 0 0 0 0 0
23 2 0 0 0 0 0 0 0
23 3 0 0 0 0 0 0 0
23 4 0 0 0 0 0 0 0
23 5 0 0 0 0 0 0 0
23 6 0 0 0 0 0 0 0
23 7 0 0 0 0 0 0 0
23 8 0 0 0 0 0 0 0
23 9 0 0 0 0 0 0 0
23 10 0 0 0 0 0 0 0
23 11 0 0 0 0 0 0 0
23 12 0 0 0 0 0 0 0
23 13 0 0 0 0 0 0 0
23 14 0 0 0 0 0 0 0
23 15 0 0 0 0 0 0 0
23 16 0 0 0 0 0 0 0
23 17 0 0 0 0 0 0 0
23 18 0 0 0 0 0 0 0
23 19 0 0 0 0 0 0 0
23 20 0 0 0 0 0 0 0
23 21 0 0 0 0 0 0 0
23 22 0 0 0 0 0 0 0
23 23 0 0 0 0 0 0 0
