#  ix    iy     NB       E/N    TB    UxB       UyB       muB       rhoB     epsilonB
0 0 0 0 0 0 0 0 0
0 1 0 0 0 0 0 0 0
0 2 0 0 0 0 0 0 0
0 3 0 0 0 0 0 0 0
0 4 0 0 0 0 0 0 0
0 5 0 0 0 0 0 0 0
0 6 0 0 0 0 0 0 0
0 7 0 0 0 0 0 0 0
0 8 72 0.005 0.0739129 0.695489 242.099 0.00776331 0.00939746
0 9 53 0.005 0.0084197 0.813185 229.762 0.00541044 0.00621558
0 10 24 0.005 0.0299129 0.990579 212.532 0.002243 0.00238355
0 11 34 0.005 0.03999 1.24785 214.84 0.00279674 0.00300427
0 12 0 0 0 0 0 0 0
0 13 0 0 0 0 0 0 0
0 14 0 0 0 0 0 0 0
0 15 0 0 0 0 0 0 0
0 16 0 0 0 0 0 0 0
0 17 0 0 0 0 0 0 0
0 18 0 0 0 0 0 0 0
0 19 0 0 0 0 0 0 0
0 20 0 0 0 0 0 0 0
0 21 0 0 0 0 0 0 0
0 22 0 0 0 0 0 0 0
0 23 0 0 0 0 0 0 0
1 0 0 0 0 0 0 0 0
1 1 0 0 0 0 0 0 0
1 2 0 0 0 0 0 0 0
1 3 0 0 0 0 0 0 0
1 4 0 0 0 0 0 0 0
1 5 0 0 0 0 0 0 0
1 6 0 0 0 0 0 0 0
1 7 12 0.005 0.0322634 0.588043 244.497 0.00136054 0.00166323
1 8 57 0.005 0.185152 0.699178 240.708 0.00607705 0.00731397
1 9 48 0.005 0.130331 0.962971 234.233 0.00452946 0.00530473
1 10 39 0.005 0.180264 1.1743 219.731 0.00330453 0.00363054
1 11 19 0.005 0.0952866 1.29344 211.049 0.00152653 0.00161086
1 12 11 0.005 0.205431 1.46648 200.909 0.000810018 0.0008137
1 13 0 0 0 0 0 0 0
1 14 0 0 0 0 0 0 0
1 15 0 0 0 0 0 0 0
1 16 0 0 0 0 0 0 0
1 17 0 0 0 0 0 0 0
1 18 0 0 0 0 0 0 0
1 19 0 0 0 0 0 0 0
1 20 0 0 0 0 0 0 0
1 21 0 0 0 0 0 0 0
1 22 0 0 0 0 0 0 0
1 23 0 0 0 0 0 0 0
2 0 0 0 0 0 0 0 0
2 1 0 0 0 0 0 0 0
2 2 0 0 0 0 0 0 0
2 3 0 0 0 0 0 0 0
2 4 0 0 0 0 0 0 0
2 5 0 0 0 0 0 0 0
2 6 0 0 0 0 0 0 0
2 7 27 0.005 0.130324 0.513425 244.128 0.00313939 0.00383207
2 8 54 0.005 0.129408 0.741447 234.587 0.00567697 0.00665873
2 9 61 0.005 0.248389 0.811638 222.527 0.0061192 0.00680844
2 10 48 0.005 0.19182 1.12489 222.041 0.00416255 0.00462128
2 11 28 0.005 0.233493 1.25778 213.102 0.00226897 0.00241761
2 12 0 0 0 0 0 0 0
2 13 0 0 0 0 0 0 0
2 14 0 0 0 0 0 0 0
2 15 0 0 0 0 0 0 0
2 16 0 0 0 0 0 0 0
2 17 0 0 0 0 0 0 0
2 18 0 0 0 0 0 0 0
2 19 0 0 0 0 0 0 0
2 20 0 0 0 0 0 0 0
2 21 0 0 0 0 0 0 0
2 22 0 0 0 0 0 0 0
2 23 0 0 0 0 0 0 0
3 0 0 0 0 0 0 0 0
3 1 0 0 0 0 0 0 0
3 2 0 0 0 0 0 0 0
3 3 0 0 0 0 0 0 0
3 4 0 0 0 0 0 0 0
3 5 0 0 0 0 0 0 0
3 6 0 0 0 0 0 0 0
3 7 39 0.005 0.356905 0.631381 237.094 0.00415404 0.0049245
3 8 66 0.005 0.323801 0.701621 228.916 0.00687166 0.00786516
3 9 52 0.005 0.398531 0.954829 221.57 0.00475499 0.00526781
3 10 28 0.005 0.363796 1.19426 222.028 0.00230326 0.00255694
3 11 24 0.005 0.422305 1.49748 208.638 0.0017074 0.00178114
3 12 0 0 0 0 0 0 0
3 13 0 0 0 0 0 0 0
3 14 0 0 0 0 0 0 0
3 15 0 0 0 0 0 0 0
3 16 0 0 0 0 0 0 0
3 17 0 0 0 0 0 0 0
3 18 0 0 0 0 0 0 0
3 19 0 0 0 0 0 0 0
3 20 0 0 0 0 0 0 0
3 21 0 0 0 0 0 0 0
3 22 0 0 0 0 0 0 0
3 23 0 0 0 0 0 0 0
4 0 0 0 0 0 0 0 0
4 1 0 0 0 0 0 0 0
4 2 0 0 0 0 0 0 0
4 3 0 0 0 0 0 0 0
4 4 0 0 0 0 0 0 0
4 5 0 0 0 0 0 0 0
4 6 26 0.005 0.313564 0.395119 233.681 0.00305446 0.00356885
4 7 52 0.005 0.405663 0.577354 241.143 0.00559047 0.00674052
4 8 51 0.005 0.501307 0.833741 223.336 0.00480991 0.00537114
4 9 43 0.005 0.482654 0.983944 224.36 0.0038136 0.00427809
4 10 25 0.005 0.580267 1.22073 209.24 0.00195646 0.00204685
4 11 17 0.005 0.727855 1.43811 207.112 0.00117926 0.00122119
4 12 0 0 0 0 0 0 0
4 13 0 0 0 0 0 0 0
4 14 0 0 0 0 0 0 0
4 15 0 0 0 0 0 0 0
4 16 0 0 0 0 0 0 0
4 17 0 0 0 0 0 0 0
4 18 0 0 0 0 0 0 0
4 19 0 0 0 0 0 0 0
4 20 0 0 0 0 0 0 0
4 21 0 0 0 0 0 0 0
4 22 0 0 0 0 0 0 0
4 23 0 0 0 0 0 0 0
5 0 0 0 0 0 0 0 0
5 1 0 0 0 0 0 0 0
5 2 0 0 0 0 0 0 0
5 3 0 0 0 0 0 0 0
5 4 0 0 0 0 0 0 0
5 5 12 0.005 0.404509 0.535968 229.114 0.00131084 0.00150166
5 6 49 0.005 0.436037 0.516656 234.941 0.00534126 0.0062744
5 7 63 0.005 0.544369 0.713699 237.254 0.00616884 0.00731791
5 8 36 0.005 0.601885 0.770032 228.097 0.0033876 0.0038635
5 9 39 0.005 0.571079 1.00548 213.81 0.00335669 0.00358847
5 10 19 0.005 0.619896 1.13915 221.493 0.00152657 0.00169062
5 11 0 0 0 0 0 0 0
5 12 0 0 0 0 0 0 0
5 13 0 0 0 0 0 0 0
5 14 0 0 0 0 0 0 0
5 15 0 0 0 0 0 0 0
5 16 0 0 0 0 0 0 0
5 17 0 0 0 0 0 0 0
5 18 0 0 0 0 0 0 0
5 19 0 0 0 0 0 0 0
5 20 0 0 0 0 0 0 0
5 21 0 0 0 0 0 0 0
5 22 0 0 0 0 0 0 0
5 23 0 0 0 0 0 0 0
6 0 0 0 0 0 0 0 0
6 1 0 0 0 0 0 0 0
6 2 0 0 0 0 0 0 0
6 3 0 0 0 0 0 0 0
6 4 17 0.005 0.637469 0.335453 233.532 0.00181498 0.00211928
6 5 66 0.005 0.543265 0.435387 246.233 0.00712707 0.00877462
6 6 61 0.005 0.599446 0.590832 218.912 0.00614072 0.00672139
6 7 53 0.005 0.706207 0.726615 230.295 0.00489855 0.00564056
6 8 37 0.005 0.800113 0.941707 217.638 0.00306257 0.00333267
6 9 33 0.005 0.662204 0.971456 215.709 0.00281324 0.00303421
6 10 16 0.005 0.886462 1.24992 206.446 0.00115055 0.00118764
6 11 0 0 0 0 0 0 0
6 12 0 0 0 0 0 0 0
6 13 0 0 0 0 0 0 0
6 14 0 0 0 0 0 0 0
6 15 0 0 0 0 0 0 0
6 16 0 0 0 0 0 0 0
6 17 0 0 0 0 0 0 0
6 18 0 0 0 0 0 0 0
6 19 0 0 0 0 0 0 0
6 20 0 0 0 0 0 0 0
6 21 0 0 0 0 0 0 0
6 22 0 0 0 0 0 0 0
6 23 0 0 0 0 0 0 0
7 0 0 0 0 0 0 0 0
7 1 0 0 0 0 0 0 0
7 2 18 0.005 0.485416 0.0952759 231.477 0.00212288 0.00245699
7 3 44 0.005 0.770855 0.185116 251.073 0.00453677 0.00569532
7 4 56 0.005 0.680523 0.323187 240.044 0.00588521 0.00706355
7 5 63 0.005 0.727539 0.407352 227.914 0.00636664 0.00725524
7 6 44 0.005 0.794435 0.581506 225.652 0.00412559 0.00465473
7 7 27 0.005 0.842386 0.630648 216.929 0.00244728 0.00265443
7 8 21 0.005 0.863226 0.893713 216.44 0.00173244 0.00187484
7 9 12 0.005 1.04731 1.15334 211.428 0.000852919 0.000901654
7 10 10 0.005 1.02515 1.5113 216.383 0.000631968 0.000683735
7 11 0 0 0 0 0 0 0
7 12 0 0 0 0 0 0 0
7 13 0 0 0 0 0 0 0
7 14 0 0 0 0 0 0 0
7 15 0 0 0 0 0 0 0
7 16 0 0 0 0 0 0 0
7 17 0 0 0 0 0 0 0
7 18 0 0 0 0 0 0 0
7 19 0 0 0 0 0 0 0
7 20 0 0 0 0 0 0 0
7 21 0 0 0 0 0 0 0
7 22 0 0 0 0 0 0 0
7 23 0 0 0 0 0 0 0
8 0 59 0.005 0.724777 0.0547114 234.821 0.00627964 0.00737297
8 1 58 0.005 0.744428 0.158937 242.863 0.00607245 0.00737386
8 2 59 0.005 0.798166 0.246175 228.757 0.00595815 0.00681484
8 3 56 0.005 0.771028 0.410729 230.354 0.00554914 0.00639132
8 4 64 0.005 0.817275 0.426891 229.025 0.00619099 0.00708946
8 5 45 0.005 0.921324 0.526658 220.08 0.00406066 0.00446835
8 6 36 0.005 1.01649 0.526252 218.884 0.00311649 0.00341075
8 7 25 0.005 0.964422 0.779659 221.213 0.00206482 0.00228383
8 8 0 0 0 0 0 0 0
8 9 0 0 0 0 0 0 0
8 10 0 0 0 0 0 0 0
8 11 0 0 0 0 0 0 0
8 12 0 0 0 0 0 0 0
8 13 0 0 0 0 0 0 0
8 14 0 0 0 0 0 0 0
8 15 0 0 0 0 0 0 0
8 16 0 0 0 0 0 0 0
8 17 0 0 0 0 0 0 0
8 18 0 0 0 0 0 0 0
8 19 0 0 0 0 0 0 0
8 20 0 0 0 0 0 0 0
8 21 0 0 0 0 0 0 0
8 22 0 0 0 0 0 0 0
8 23 0 0 0 0 0 0 0
9 0 69 0.005 1.01767 0.126781 224.364 0.00633835 0.00711048
9 1 44 0.005 0.833714 0.102575 217.116 0.00443303 0.0048124
9 2 54 0.005 1.04436 0.248192 231.478 0.00484317 0.00560544
9 3 38 0.005 0.914107 0.265899 225.976 0.00362139 0.00409173
9 4 34 0.005 1.08033 0.479696 214.367 0.00288942 0.00309699
9 5 28 0.005 1.16058 0.677836 214.075 0.00219922 0.00235399
9 6 17 0.005 1.1187 0.598232 212.116 0.00138474 0.00146863
9 7 16 0.005 1.2177 0.894699 209.044 0.00116186 0.00121439
9 8 0 0 0 0 0 0 0
9 9 0 0 0 0 0 0 0
9 10 0 0 0 0 0 0 0
9 11 0 0 0 0 0 0 0
9 12 0 0 0 0 0 0 0
9 13 0 0 0 0 0 0 0
9 14 0 0 0 0 0 0 0
9 15 0 0 0 0 0 0 0
9 16 0 0 0 0 0 0 0
9 17 0 0 0 0 0 0 0
9 18 0 0 0 0 0 0 0
9 19 0 0 0 0 0 0 0
9 20 0 0 0 0 0 0 0
9 21 0 0 0 0 0 0 0
9 22 0 0 0 0 0 0 0
9 23 0 0 0 0 0 0 0
10 0 36 0.005 1.19087 0.0661222 219.46 0.00304336 0.00333948
10 1 32 0.005 1.16285 0.170772 217.835 0.00272849 0.0029718
10 2 36 0.005 0.998385 0.241048 212.236 0.00330443 0.00350659
10 3 17 0.005 1.12002 0.371535 218.608 0.00144614 0.00158069
10 4 23 0.005 1.28417 0.471268 213.205 0.00178601 0.00190393
10 5 14 0.005 1.17076 0.557352 214.141 0.00112497 0.00120451
10 6 13 0.005 1.43527 0.80564 206.798 0.000888174 0.000918365
10 7 0 0 0 0 0 0 0
10 8 0 0 0 0 0 0 0
10 9 0 0 0 0 0 0 0
10 10 0 0 0 0 0 0 0
10 11 0 0 0 0 0 0 0
10 12 0 0 0 0 0 0 0
10 13 0 0 0 0 0 0 0
10 14 0 0 0 0 0 0 0
10 15 0 0 0 0 0 0 0
10 16 0 0 0 0 0 0 0
10 17 0 0 0 0 0 0 0
10 18 0 0 0 0 0 0 0
10 19 0 0 0 0 0 0 0
10 20 0 0 0 0 0 0 0
10 21 0 0 0 0 0 0 0
10 22 0 0 0 0 0 0 0
10 23 0 0 0 0 0 0 0
11 0 15 0.005 1.34007 0.054933 216.301 0.00117975 0.00127591
11 1 11 0.005 1.37616 0.126037 210.536 0.000848506 0.000893207
11 2 12 0.005 1.13034 0.213937 208.058 0.00103586 0.00107759
11 3 15 0.005 1.40657 0.384747 221.391 0.00111622 0.00123561
11 4 0 0 0 0 0 0 0
11 5 0 0 0 0 0 0 0
11 6 0 0 0 0 0 0 0
11 7 0 0 0 0 0 0 0
11 8 0 0 0 0 0 0 0
11 9 0 0 0 0 0 0 0
11 10 0 0 0 0 0 0 0
11 11 0 0 0 0 0 0 0
11 12 0 0 0 0 0 0 0
11 13 0 0 0 0 0 0 0
11 14 0 0 0 0 0 0 0
11 15 0 0 0 0 0 0 0
11 16 0 0 0 0 0 0 0
11 17 0 0 0 0 0 0 0
11 18 0 0 0 0 0 0 0
11 19 0 0 0 0 0 0 0
11 20 0 0 0 0 0 0 0
11 21 0 0 0 0 0 0 0
11 22 0 0 0 0 0 0 0
11 23 0 0 0 0 0 0 0
12 0 0 0 0 0 0 0 0
12 1 0 0 0 0 0 0 0
12 2 0 0 0 0 0 0 0
12 3 0 0 0 0 0 0 0
12 4 0 0 0 0 0 0 0
12 5 0 0 0 0 0 0 0
12 6 0 0 0 0 0 0 0
12 7 0 0 0 0 0 0 0
12 8 0 0 0 0 0 0 0
12 9 0 0 0 0 0 0 0
12 10 0 0 0 0 0 0 0
12 11 0 0 0 0 0 0 0
12 12 0 0 0 0 0 0 0
12 13 0 0 0 0 0 0 0
12 14 0 0 0 0 0 0 0
12 15 0 0 0 0 0 0 0
12 16 0 0 0 0 0 0 0
12 17 0 0 0 0 0 0 0
12 18 0 0 0 0 0 0 0
12 19 0 0 0 0 0 0 0
12 20 0 0 0 0 0 0 0
12 21 0 0 0 0 0 0 0
12 22 0 0 0 0 0 0 0
12 23 0 0 0 0 0 0 0
13 0 0 0 0 0 0 0 0
13 1 0 0 0 0 0 0 0
13 2 0 0 0 0 0 0 0
13 3 0 0 0 0 0 0 0
13 4 0 0 0 0 0 0 0
13 5 0 0 0 0 0 0 0
13 6 0 0 0 0 0 0 0
13 7 0 0 0 0 0 0 0
13 8 0 0 0 0 0 0 0
13 9 0 0 0 0 0 0 0
13 10 0 0 0 0 0 0 0
13 11 0 0 0 0 0 0 0
13 12 0 0 0 0 0 0 0
13 13 0 0 0 0 0 0 0
13 14 0 0 0 0 0 0 0
13 15 0 0 0 0 0 0 0
13 16 0 0 0 0 0 0 0
13 17 0 0 0 0 0 0 0
13 18 0 0 0 0 0 0 0
13 19 0 0 0 0 0 0 0
13 20 0 0 0 0 0 0 0
13 21 0 0 0 0 0 0 0
13 22 0 0 0 0 0 0 0
13 23 0 0 0 0 0 0 0
14 0 0 0 0 0 0 0 0
14 1 0 0 0 0 0 0 0
14 2 0 0 0 0 0 0 0
14 3 0 0 0 0 0 0 0
14 4 0 0 0 0 0 0 0
14 5 0 0 0 0 0 0 0
14 6 0 0 0 0 0 0 0
14 7 0 0 0 0 0 0 0
14 8 0 0 0 0 0 0 0
14 9 0 0 0 0 0 0 0
14 10 0 0 0 0 0 0 0
14 11 0 0 0 0 0 0 0
14 12 0 0 0 0 0 0 0
14 13 0 0 0 0 0 0 0
14 14 0 0 0 0 0 0 0
14 15 0 0 0 0 0 0 0
14 16 0 0 0 0 0 0 0
14 17 0 0 0 0 0 0 0
14 18 0 0 0 0 0 0 0
14 19 0 0 0 0 0 0 0
14 20 0 0 0 0 0 0 0
14 21 0 0 0 0 0 0 0
14 22 0 0 0 0 0 0 0
14 23 0 0 0 0 0 0 0
15 0 0 0 0 0 0 0 0
15 1 0 0 0 0 0 0 0
15 2 0 0 0 0 0 0 0
15 3 0 0 0 0 0 0 0
15 4 0 0 0 0 0 0 0
15 5 0 0 0 0 0 0 0
15 6 0 0 0 0 0 0 0
15 7 0 0 0 0 0 0 0
15 8 0 0 0 0 0 0 0
15 9 0 0 0 0 0 0 0
15 10 0 0 0 0 0 0 0
15 11 0 0 0 0 0 0 0
15 12 0 0 0 0 0 0 0
15 13 0 0 0 0 0 0 0
15 14 0 0 0 0 0 0 0
15 15 0 0 0 0 0 0 0
15 16 0 0 0 0 0 0 0
15 17 0 0 0 0 0 0 0
15 18 0 0 0 0 0 0 0
15 19 0 0 0 0 0 0 0
15 20 0 0 0 0 0 0 0
15 21 0 0 0 0 0 0 0
15 22 0 0 0 0 0 0 0
15 23 0 0 0 0 0 0 0
16 0 0 0 0 0 0 0 0
16 1 0 0 0 0 0 0 0
16 2 0 0 0 0 0 0 0
16 3 0 0 0 0 0 0 0
16 4 0 0 0 0 0 0 0
16 5 0 0 0 0 0 0 0
16 6 0 0 0 0 0 0 0
16 7 0 0 0 0 0 0 0
16 8 0 0 0 0 0 0 0
16 9 0 0 0 0 0 0 0
16 10 0 0 0 0 0 0 0
16 11 0 0 0 0 0 0 0
16 12 0 0 0 0 0 0 0
16 13 0 0 0 0 0 0 0
16 14 0 0 0 0 0 0 0
16 15 0 0 0 0 0 0 0
16 16 0 0 0 0 0 0 0
16 17 0 0 0 0 0 0 0
16 18 0 0 0 0 0 0 0
16 19 0 0 0 0 0 0 0
16 20 0 0 0 0 0 0 0
16 21 0 0 0 0 0 0 0
16 22 0 0 0 0 0 0 0
16 23 0 0 0 0 0 0 0
17 0 0 0 0 0 0 0 0
17 1 0 0 0 0 0 0 0
17 2 0 0 0 0 0 0 0
17 3 0 0 0 0 0 0 0
17 4 0 0 0 0 0 0 0
17 5 0 0 0 0 0 0 0
17 6 0 0 0 0 0 0 0
17 7 0 0 0 0 0 0 0
17 8 0 0 0 0 0 0 0
17 9 0 0 0 0 0 0 0
17 10 0 0 0 0 0 0 0
17 11 0 0 0 0 0 0 0
17 12 0 0 0 0 0 0 0
17 13 0 0 0 0 0 0 0
17 14 0 0 0 0 0 0 0
17 15 0 0 0 0 0 0 0
17 16 0 0 0 0 0 0 0
17 17 0 0 0 0 0 0 0
17 18 0 0 0 0 0 0 0
17 19 0 0 0 0 0 0 0
17 20 0 0 0 0 0 0 0
17 21 0 0 0 0 0 0 0
17 22 0 0 0 0 0 0 0
17 23 0 0 0 0 0 0 0
18 0 0 0 0 0 0 0 0
18 1 0 0 0 0 0 0 0
18 2 0 0 0 0 0 0 0
18 3 0 0 0 0 0 0 0
18 4 0 0 0 0 0 0 0
18 5 0 0 0 0 0 0 0
18 6 0 0 0 0 0 0 0
18 7 0 0 0 0 0 0 0
18 8 0 0 0 0 0 0 0
18 9 0 0 0 0 0 0 0
18 10 0 0 0 0 0 0 0
18 11 0 0 0 0 0 0 0
18 12 0 0 0 0 0 0 0
18 13 0 0 0 0 0 0 0
18 14 0 0 0 0 0 0 0
18 15 0 0 0 0 0 0 0
18 16 0 0 0 0 0 0 0
18 17 0 0 0 0 0 0 0
18 18 0 0 0 0 0 0 0
18 19 0 0 0 0 0 0 0
18 20 0 0 0 0 0 0 0
18 21 0 0 0 0 0 0 0
18 22 0 0 0 0 0 0 0
18 23 0 0 0 0 0 0 0
19 0 0 0 0 0 0 0 0
19 1 0 0 0 0 0 0 0
19 2 0 0 0 0 0 0 0
19 3 0 0 0 0 0 0 0
19 4 0 0 0 0 0 0 0
19 5 0 0 0 0 0 0 0
19 6 0 0 0 0 0 0 0
19 7 0 0 0 0 0 0 0
19 8 0 0 0 0 0 0 0
19 9 0 0 0 0 0 0 0
19 10 0 0 0 0 0 0 0
19 11 0 0 0 0 0 0 0
19 12 0 0 0 0 0 0 0
19 13 0 0 0 0 0 0 0
19 14 0 0 0 0 0 0 0
19 15 0 0 0 0 0 0 0
19 16 0 0 0 0 0 0 0
19 17 0 0 0 0 0 0 0
19 18 0 0 0 0 0 0 0
19 19 0 0 0 0 0 0 0
19 20 0 0 0 0 0 0 0
19 21 0 0 0 0 0 0 0
19 22 0 0 0 0 0 0 0
19 23 0 0 0 0 0 0 0
20 0 0 0 0 0 0 0 0
20 1 0 0 0 0 0 0 0
20 2 0 0 0 0 0 0 0
20 3 0 0 0 0 0 0 0
20 4 0 0 0 0 0 0 0
20 5 0 0 0 0 0 0 0
20 6 0 0 0 0 0 0 0
20 7 0 0 0 0 0 0 0
20 8 0 0 0 0 0 0 0
20 9 0 0 0 0 0 0 0
20 10 0 0 0 0 0 0 0
20 11 0 0 0 0 0 0 0
20 12 0 0 0 0 0 0 0
20 13 0 0 0 0 0 0 0
20 14 0 0 0 0 0 0 0
20 15 0 0 0 0 0 0 0
20 16 0 0 0 0 0 0 0
20 17 0 0 0 0 0 0 0
20 18 0 0 0 0 0 0 0
20 19 0 0 0 0 0 0 0
20 20 0 0 0 0 0 0 0
20 21 0 0 0 0 0 0 0
20 22 0 0 0 0 0 0 0
20 23 0 0 0 0 0 0 0
21 0 0 0 0 0 0 0 0
21 1 0 0 0 0 0 0 0
21 2 0 0 0 0 0 0 0
21 3 0 0 0 0 0 0 0
21 4 0 0 0 0 0 0 0
21 5 0 0 0 0 0 0 0
21 6 0 0 0 0 0 0 0
21 7 0 0 0 0 0 0 0
21 8 0 0 0 0 0 0 0
21 9 0 0 0 0 0 0 0
21 10 0 0 0 0 0 0 0
21 11 0 0 0 0 0 0 0
21 12 0 0 0 0 0 0 0
21 13 0 0 0 0 0 0 0
21 14 0 0 0 0 0 0 0
21 15 0 0 0 0 0 0 0
21 16 0 0 0 0 0 0 0
21 17 0 0 0 0 0 0 0
21 18 0 0 0 0 0 0 0
21 19 0 0 0 0 0 0 0
21 20 0 0 0 0 0 0 0
21 21 0 0 0 0 0 0 0
21 22 0 0 0 0 0 0 0
21 23 0 0 0 0 0 0 0
22 0 0 0 0 0 0 0 0
22 1 0 0 0 0 0 0 0
22 2 0 0 0 0 0 0 0
22 3 0 0 0 0 0 0 0
22 4 0 0 0 0 0 0 0
22 5 0 0 0 0 0 0 0
22 6 0 0 0 0 0 0 0
22 7 0 0 0 0 0 0 0
22 8 0 0 0 0 0 0 0
22 9 0 0 0 0 0 0 0
22 10 0 0 0 0 0 0 0
22 11 0 0 0 0 0 0 0
22 12 0 0 0 0 0 0 0
22 13 0 0 0 0 0 0 0
22 14 0 0 0 0 0 0 0
22 15 0 0 0 0 0 0 0
22 16 0 0 0 0 0 0 0
22 17 0 0 0 0 0 0 0
22 18 0 0 0 0 0 0 0
22 19 0 0 0 0 0 0 0
22 20 0 0 0 0 0 0 0
22 21 0 0 0 0 0 0 0
22 22 0 0 0 0 0 0 0
22 23 0 0 0 0 0 0 0
23 0 0 0 0 0 0 0 0
23 1 0 0 0 0 0 0 0
23 2 0 0 0 0 0 0 0
23 3 0 0 0 0 0 0 0
23 4 0 0 0 0 0 0 0
23 5 0 0 0 0 0 0 0
23 6 0 0 0 0 0 0 0
23 7 0 0 0 0 0 0 0
23 8 0 0 0 0 0 0 0
23 9 0 0 0 0 0 0 0
23 10 0 0 0 0 0 0 0
23 11 0 0 0 0 0 0 0
23 12 0 0 0 0 0 0 0
23 13 0 0 0 0 0 0 0
23 14 0 0 0 0 0 0 0
23 15 0 0 0 0 0 0 0
23 16 0 0 0 0 0 0 0
23 17 0 0 0 0 0 0 0
23 18 0 0 0 0 0 0 0
23 19 0 0 0 0 0 0 0
23 20 0 0 0 0 0 0 0
23 21 0 0 0 0 0 0 0
23 22 0 0 0 0 0 0 0
23 23 0 0 0 0 0 0 0
