#  ix    iy     NB       E/N    TB    UxB       UyB       muB       rhoB     epsilonB
0 0 0 0 0 0 0 0 0
0 1 11 0.005 0.0304002 0.0299911 198.289 0.000356818 0.000353766
0 2 0 0 0 0 0 0 0
0 3 18 0.005 0.0025383 0.120765 194.318 0.000580198 0.000563714
0 4 0 0 0 0 0 0 0
0 5 10 0.005 0.00743526 0.196803 193.096 0.000318556 0.000307559
0 6 0 0 0 0 0 0 0
0 7 0 0 0 0 0 0 0
0 8 11 0.005 0.0841408 0.292994 196.155 0.000341623 0.000335054
0 9 13 0.005 0.0158853 0.333156 195.934 0.000400394 0.000392254
0 10 10 0.005 -0.0203804 0.361724 195.355 0.000305259 0.000298169
0 11 12 0.005 0.0322653 0.362176 195.807 0.000366156 0.000358479
0 12 0 0 0 0 0 0 0
0 13 0 0 0 0 0 0 0
0 14 10 0.005 0.0185418 0.520647 192.271 0.000287942 0.000276815
0 15 13 0.005 0.0198729 0.478947 194.415 0.000380608 0.00036998
0 16 14 0.005 0.0760267 0.569162 195.282 0.000394182 0.000384883
0 17 14 0.005 0.0276935 0.630505 194.315 0.000384394 0.000373468
0 18 12 0.005 -0.0190775 0.754389 194.857 0.000310996 0.000302999
0 19 15 0.005 0.0337259 0.711738 194.174 0.000396627 0.000385073
0 20 14 0.005 0.0186208 0.816119 197.994 0.000352118 0.000348586
0 21 16 0.005 0.00503708 0.786971 195.95 0.000408225 0.000399959
0 22 12 0.005 -0.0206256 0.900481 195.468 0.000289492 0.000282933
0 23 0 0 0 0 0 0 0
1 0 0 0 0 0 0 0 0
1 1 14 0.005 -0.0194082 0.00581196 195.038 0.000454452 0.000443177
1 2 12 0.005 0.125314 0.0139561 192.893 0.00038655 0.000372813
1 3 0 0 0 0 0 0 0
1 4 0 0 0 0 0 0 0
1 5 0 0 0 0 0 0 0
1 6 12 0.005 0.0810259 0.125755 199.585 0.000385323 0.000384522
1 7 10 0.005 0.0586809 0.249232 197.398 0.000314529 0.000310436
1 8 12 0.005 -0.0412132 0.250007 191.174 0.000377675 0.000361008
1 9 0 0 0 0 0 0 0
1 10 12 0.005 0.0428545 0.390041 196.793 0.000362688 0.000356873
1 11 0 0 0 0 0 0 0
1 12 0 0 0 0 0 0 0
1 13 13 0.005 0.0519377 0.392664 192.423 0.000392417 0.00037755
1 14 0 0 0 0 0 0 0
1 15 12 0.005 0.11793 0.510421 194.04 0.000345121 0.000334836
1 16 12 0.005 0.126417 0.69743 192.033 0.000317862 0.0003052
1 17 16 0.005 0.0974001 0.61783 193.433 0.000440427 0.000425967
1 18 12 0.005 0.0471414 0.700727 195.203 0.000318835 0.000311188
1 19 14 0.005 0.0616786 0.727161 193.135 0.00036717 0.000354567
1 20 0 0 0 0 0 0 0
1 21 18 0.005 0.0752445 0.871581 195.265 0.000439856 0.000429442
1 22 0 0 0 0 0 0 0
1 23 15 0.005 0.132269 0.871054 191.846 0.000365419 0.00035052
2 0 12 0.005 0.0687298 0.00422913 196.852 0.00038869 0.000382572
2 1 12 0.005 0.0420318 0.103489 195.335 0.000387202 0.000378171
2 2 0 0 0 0 0 0 0
2 3 0 0 0 0 0 0 0
2 4 13 0.005 0.0220194 0.119431 194.647 0.000418999 0.000407784
2 5 12 0.005 0.0866674 0.227652 198.526 0.000378542 0.000375751
2 6 11 0.005 0.065509 0.128167 191.941 0.0003535 0.000339255
2 7 11 0.005 0.0640597 0.266233 196.212 0.000344462 0.000337937
2 8 16 0.005 0.0731881 0.297361 193.288 0.000496712 0.000480042
2 9 11 0.005 0.000170848 0.4143 196.1 0.000329947 0.000323513
2 10 10 0.005 0.13073 0.280004 195.247 0.000310202 0.000302829
2 11 0 0 0 0 0 0 0
2 12 13 0.005 0.0339091 0.434309 201.712 0.000386955 0.000390268
2 13 0 0 0 0 0 0 0
2 14 0 0 0 0 0 0 0
2 15 0 0 0 0 0 0 0
2 16 0 0 0 0 0 0 0
2 17 20 0.005 0.126841 0.575521 194.821 0.000559429 0.000544944
2 18 12 0.005 0.107285 0.606402 194.526 0.00033175 0.000322671
2 19 18 0.005 0.0899017 0.762804 194.406 0.000463479 0.000450514
2 20 0 0 0 0 0 0 0
2 21 0 0 0 0 0 0 0
2 22 14 0.005 0.0946154 0.902522 192.227 0.000336608 0.000323526
2 23 11 0.005 0.114832 0.937997 192.507 0.000259576 0.000249851
3 0 14 0.005 0.199345 -0.0490777 191.729 0.000445259 0.000426845
3 1 11 0.005 0.111719 0.0294364 198.061 0.000354783 0.000351343
3 2 0 0 0 0 0 0 0
3 3 0 0 0 0 0 0 0
3 4 11 0.005 0.0782277 0.0804891 193.022 0.000354914 0.000342532
3 5 11 0.005 0.112839 0.166241 192.54 0.000350145 0.000337085
3 6 0 0 0 0 0 0 0
3 7 15 0.005 0.0886662 0.327921 193.699 0.000461133 0.000446605
3 8 0 0 0 0 0 0 0
3 9 10 0.005 0.144793 0.302492 196.549 0.000307826 0.000302515
3 10 10 0.005 0.0927165 0.354303 193.467 0.000304873 0.000294914
3 11 13 0.005 0.102071 0.418127 194.413 0.000387693 0.000376863
3 12 16 0.005 0.148154 0.494122 194.375 0.000461673 0.000448689
3 13 0 0 0 0 0 0 0
3 14 0 0 0 0 0 0 0
3 15 0 0 0 0 0 0 0
3 16 0 0 0 0 0 0 0
3 17 13 0.005 0.203491 0.677955 194.313 0.000344507 0.000334711
3 18 12 0.005 0.145375 0.6565 198.816 0.000323317 0.000321403
3 19 10 0.005 0.104164 0.793852 194.548 0.000253448 0.000246539
3 20 11 0.005 0.0438698 0.781162 193.447 0.000281281 0.000272065
3 21 21 0.005 0.126726 0.887036 195.767 0.000507789 0.000497043
3 22 11 0.005 0.151502 0.8562 191.8 0.000269511 0.000258461
3 23 13 0.005 0.179624 0.897781 194.591 0.000311306 0.000302886
4 0 0 0 0 0 0 0 0
4 1 11 0.005 0.240622 -0.00240476 195.323 0.000347231 0.000339111
4 2 13 0.005 0.135749 0.0110756 196.404 0.000418217 0.000410697
4 3 15 0.005 0.10966 0.0693746 194.447 0.000482964 0.000469555
4 4 0 0 0 0 0 0 0
4 5 0 0 0 0 0 0 0
4 6 17 0.005 0.187296 0.230558 194.196 0.000529099 0.000513743
4 7 12 0.005 0.158102 0.259241 196.45 0.000372803 0.000366185
4 8 16 0.005 0.146078 0.362509 192.758 0.00048384 0.000466319
4 9 0 0 0 0 0 0 0
4 10 0 0 0 0 0 0 0
4 11 0 0 0 0 0 0 0
4 12 0 0 0 0 0 0 0
4 13 10 0.005 0.146877 0.3642 192.501 0.000302208 0.000290876
4 14 0 0 0 0 0 0 0
4 15 16 0.005 0.187617 0.525838 196.056 0.000453577 0.000444633
4 16 0 0 0 0 0 0 0
4 17 16 0.005 0.188621 0.549007 195.448 0.000449268 0.000439043
4 18 13 0.005 0.121343 0.617877 194.504 0.000357168 0.000347352
4 19 10 0.005 0.159549 0.743333 194.082 0.000258461 0.000250813
4 20 10 0.005 0.0820191 0.706148 193.065 0.000264623 0.000255447
4 21 11 0.005 0.0375377 1.03597 197.677 0.000247954 0.000245074
4 22 21 0.005 0.185362 0.938654 197.574 0.000492647 0.00048667
4 23 17 0.005 0.238511 0.807874 193.452 0.000422141 0.00040832
5 0 10 0.005 0.167442 0.0986785 193.429 0.000318712 0.00030824
5 1 12 0.005 0.16692 0.0976119 195.08 0.000382525 0.000373115
5 2 0 0 0 0 0 0 0
5 3 15 0.005 0.190773 0.0767353 197.644 0.000477032 0.000471414
5 4 10 0.005 0.20631 0.153927 194.283 0.000314426 0.000305438
5 5 0 0 0 0 0 0 0
5 6 0 0 0 0 0 0 0
5 7 0 0 0 0 0 0 0
5 8 0 0 0 0 0 0 0
5 9 13 0.005 0.221319 0.323091 193.822 0.000393014 0.000380873
5 10 0 0 0 0 0 0 0
5 11 13 0.005 0.206027 0.38903 193.885 0.000386303 0.000374492
5 12 12 0.005 0.177857 0.459647 196.344 0.000349471 0.000343082
5 13 0 0 0 0 0 0 0
5 14 0 0 0 0 0 0 0
5 15 11 0.005 0.182977 0.494812 194.07 0.00031588 0.000306514
5 16 0 0 0 0 0 0 0
5 17 0 0 0 0 0 0 0
5 18 13 0.005 0.168939 0.741373 195.554 0.000335981 0.000328512
5 19 10 0.005 0.259168 0.765411 198.316 0.000252528 0.000250402
5 20 14 0.005 0.224511 0.737166 196.082 0.000360046 0.000352993
5 21 15 0.005 0.218732 0.738543 193.843 0.000385827 0.000373951
5 22 12 0.005 0.23818 0.929257 193.599 0.000281159 0.000272161
5 23 16 0.005 0.258681 0.923337 195.794 0.000374955 0.000367069
6 0 0 0 0 0 0 0 0
6 1 13 0.005 0.159294 0.0704205 193.363 0.000415818 0.000402019
6 2 0 0 0 0 0 0 0
6 3 12 0.005 0.216978 0.127903 194.266 0.000377811 0.00036698
6 4 0 0 0 0 0 0 0
6 5 10 0.005 0.29936 0.252067 195.942 0.000302347 0.000296213
6 6 13 0.005 0.143424 0.20912 194.468 0.000409129 0.000397813
6 7 0 0 0 0 0 0 0
6 8 17 0.005 0.225407 0.305199 195.584 0.000516052 0.000504658
6 9 0 0 0 0 0 0 0
6 10 12 0.005 0.228099 0.36402 194.821 0.000357977 0.000348707
6 11 16 0.005 0.224545 0.408381 194.336 0.000470857 0.000457522
6 12 13 0.005 0.236913 0.404014 198.459 0.000382232 0.000379286
6 13 0 0 0 0 0 0 0
6 14 0 0 0 0 0 0 0
6 15 14 0.005 0.224554 0.588237 194.355 0.000384649 0.000373793
6 16 17 0.005 0.243884 0.666829 198.105 0.000450043 0.000445778
6 17 13 0.005 0.216925 0.551793 193.607 0.000363061 0.000351456
6 18 0 0 0 0 0 0 0
6 19 10 0.005 0.221268 0.724645 192.141 0.000258784 0.000248615
6 20 12 0.005 0.232915 0.731072 193.375 0.000309106 0.000298867
6 21 0 0 0 0 0 0 0
6 22 16 0.005 0.282197 0.888543 196.925 0.000379969 0.000374126
6 23 14 0.005 0.23596 0.939739 193.638 0.000326447 0.000316062
7 0 13 0.005 0.318269 0.0531833 195.843 0.000401683 0.000393335
7 1 15 0.005 0.265848 0.144482 195.616 0.000466142 0.000455924
7 2 11 0.005 0.273289 0.0941713 194.663 0.000343097 0.000333941
7 3 10 0.005 0.259083 0.148215 192.439 0.000311112 0.000299351
7 4 0 0 0 0 0 0 0
7 5 17 0.005 0.240489 0.163672 192.618 0.000529979 0.000510418
7 6 11 0.005 0.265672 0.231854 196.717 0.000336817 0.000331288
7 7 0 0 0 0 0 0 0
7 8 13 0.005 0.212671 0.298819 195.111 0.000396265 0.000386578
7 9 0 0 0 0 0 0 0
7 10 10 0.005 0.363461 0.34078 194.067 0.000290604 0.000281982
7 11 10 0.005 0.189581 0.405632 194.759 0.000296328 0.000288563
7 12 12 0.005 0.21482 0.535146 194.762 0.000337514 0.000328675
7 13 0 0 0 0 0 0 0
7 14 0 0 0 0 0 0 0
7 15 13 0.005 0.342813 0.589842 198.77 0.000348666 0.000346521
7 16 11 0.005 0.276375 0.6332 198.869 0.000293835 0.000292173
7 17 11 0.005 0.250233 0.592723 194.186 0.000300349 0.000291619
7 18 15 0.005 0.258702 0.660073 196.675 0.000397297 0.000390691
7 19 12 0.005 0.24719 0.73924 193.417 0.000307287 0.000297172
7 20 18 0.005 0.331511 0.765446 195.2 0.00044878 0.00043801
7 21 16 0.005 0.286086 0.892328 193.742 0.000379062 0.0003672
7 22 14 0.005 0.278081 0.894313 195.165 0.000331765 0.000323745
7 23 14 0.005 0.286302 0.907081 194.842 0.000329349 0.000320855
8 0 0 0 0 0 0 0 0
8 1 0 0 0 0 0 0 0
8 2 0 0 0 0 0 0 0
8 3 0 0 0 0 0 0 0
8 4 15 0.005 0.205753 0.221968 197.497 0.000466131 0.000460297
8 5 0 0 0 0 0 0 0
8 6 16 0.005 0.29936 0.269494 192.837 0.00048186 0.000464602
8 7 0 0 0 0 0 0 0
8 8 0 0 0 0 0 0 0
8 9 0 0 0 0 0 0 0
8 10 13 0.005 0.335453 0.388309 194.38 0.000375524 0.000364971
8 11 10 0.005 0.361683 0.413318 196.776 0.000284579 0.000279991
8 12 13 0.005 0.290742 0.480699 194.147 0.000367985 0.000357216
8 13 15 0.005 0.288258 0.480528 196.088 0.000424857 0.000416546
8 14 13 0.005 0.298451 0.546295 194.418 0.000358323 0.000348323
8 15 18 0.005 0.304482 0.599514 196.06 0.000484975 0.000475422
8 16 16 0.005 0.280707 0.589045 195.374 0.000435055 0.000424993
8 17 16 0.005 0.276562 0.623795 191.005 0.000429102 0.000409804
8 18 12 0.005 0.360966 0.80321 195.992 0.0002924 0.00028654
8 19 15 0.005 0.371298 0.69232 195.399 0.000382968 0.000374157
8 20 16 0.005 0.355256 0.890808 194.8 0.000374927 0.000365179
8 21 16 0.005 0.361539 0.890736 196.212 0.000374501 0.000367409
8 22 13 0.005 0.303216 0.912817 193.51 0.000304199 0.000294328
8 23 10 0.005 0.338709 0.856757 192.122 0.000238786 0.00022938
9 0 13 0.005 0.306579 0.030992 195.59 0.000403362 0.000394468
9 1 0 0 0 0 0 0 0
9 2 13 0.005 0.238716 0.0930473 195.011 0.000408871 0.000398672
9 3 14 0.005 0.237883 0.249583 193.586 0.00042972 0.000415938
9 4 10 0.005 0.304234 0.159032 195.003 0.000307084 0.000299411
9 5 0 0 0 0 0 0 0
9 6 0 0 0 0 0 0 0
9 7 0 0 0 0 0 0 0
9 8 18 0.005 0.301477 0.287099 192.623 0.000539529 0.000519629
9 9 0 0 0 0 0 0 0
9 10 17 0.005 0.33051 0.381717 196.061 0.000492704 0.000483
9 11 0 0 0 0 0 0 0
9 12 14 0.005 0.245336 0.456056 194.622 0.000403634 0.00039278
9 13 0 0 0 0 0 0 0
9 14 10 0.005 0.358369 0.422633 191.626 0.00028399 0.000272099
9 15 13 0.005 0.354613 0.516627 196.029 0.000357661 0.000350558
9 16 13 0.005 0.337862 0.586874 193.178 0.000349485 0.000337565
9 17 15 0.005 0.336891 0.687834 194.624 0.000386639 0.000376246
9 18 17 0.005 0.427295 0.730036 193.926 0.000421404 0.000408606
9 19 10 0.005 0.306455 0.707021 197.103 0.000257178 0.000253452
9 20 11 0.005 0.344309 0.730465 193.852 0.000277856 0.000269315
9 21 21 0.005 0.290721 0.768331 193.344 0.000526842 0.000509309
9 22 15 0.005 0.341385 0.885492 196.64 0.000353257 0.000347322
9 23 14 0.005 0.434458 0.968775 196.129 0.000311649 0.000305616
10 0 15 0.005 0.364567 0.054527 198.147 0.000456955 0.000452721
10 1 0 0 0 0 0 0 0
10 2 13 0.005 0.393995 0.0843983 195.791 0.000391492 0.000383253
10 3 0 0 0 0 0 0 0
10 4 11 0.005 0.305115 0.21569 194.721 0.000334551 0.00032572
10 5 12 0.005 0.320089 0.200056 192.631 0.000364507 0.000351078
10 6 0 0 0 0 0 0 0
10 7 15 0.005 0.352916 0.282695 194.583 0.000443755 0.000431736
10 8 0 0 0 0 0 0 0
10 9 10 0.005 0.362966 0.299234 196.838 0.000293793 0.000289148
10 10 11 0.005 0.478423 0.415582 196.76 0.000301669 0.000296781
10 11 13 0.005 0.353601 0.387675 193.696 0.000373751 0.000361969
10 12 11 0.005 0.359428 0.447742 193.596 0.000309722 0.000299804
10 13 13 0.005 0.375502 0.390435 193.025 0.000371124 0.000358181
10 14 11 0.005 0.332784 0.535939 194.455 0.000302059 0.000293684
10 15 18 0.005 0.342217 0.567673 194.354 0.00048712 0.000473369
10 16 19 0.005 0.378768 0.572869 196.776 0.000508512 0.000500315
10 17 15 0.005 0.420223 0.627511 198.103 0.000388635 0.000384949
10 18 23 0.005 0.39327 0.713474 194.665 0.000578947 0.000563504
10 19 16 0.005 0.417075 0.811648 196.4 0.000383726 0.000376819
10 20 17 0.005 0.38245 0.789771 196.934 0.000414869 0.00040851
10 21 18 0.005 0.381106 0.773646 194.858 0.000442565 0.000431186
10 22 16 0.005 0.486987 0.937132 195.428 0.000357171 0.000349007
10 23 13 0.005 0.418069 1.04557 196.377 0.000280267 0.00027519
11 0 10 0.005 0.51703 0.0195003 193.692 0.000288364 0.000279269
11 1 0 0 0 0 0 0 0
11 2 17 0.005 0.405247 0.0717371 196.366 0.000510413 0.000501138
11 3 10 0.005 0.355345 0.0604818 195.325 0.000305439 0.000298299
11 4 13 0.005 0.41968 0.225715 191.565 0.000381028 0.000364959
11 5 18 0.005 0.398414 0.217606 194.219 0.000532148 0.000516766
11 6 16 0.005 0.375901 0.191642 196.854 0.000478621 0.000471093
11 7 0 0 0 0 0 0 0
11 8 0 0 0 0 0 0 0
11 9 15 0.005 0.411485 0.279859 194.65 0.000436009 0.000424345
11 10 13 0.005 0.391388 0.306902 192.762 0.000377915 0.000364238
11 11 13 0.005 0.3953 0.462121 193.397 0.00036063 0.000348722
11 12 15 0.005 0.418608 0.420163 196.317 0.00041888 0.000411166
11 13 13 0.005 0.435756 0.476785 200.449 0.000354549 0.000355344
11 14 0 0 0 0 0 0 0
11 15 12 0.005 0.343803 0.547775 194.833 0.000327155 0.000318703
11 16 15 0.005 0.366637 0.624304 193.599 0.000394478 0.000381852
11 17 12 0.005 0.443774 0.733417 195.596 0.000295802 0.000289288
11 18 16 0.005 0.47383 0.636873 198.871 0.000406873 0.000404576
11 19 11 0.005 0.447161 0.68661 193.995 0.000276251 0.000267956
11 20 16 0.005 0.430952 0.779065 193.735 0.00038799 0.000375836
11 21 13 0.005 0.469221 0.908316 193.353 0.000295137 0.000285329
11 22 13 0.005 0.468919 0.824265 196.247 0.000306264 0.000300517
11 23 16 0.005 0.456409 0.888598 194.736 0.00036752 0.000357847
12 0 11 0.005 0.498368 -0.035622 196.416 0.000319484 0.000313759
12 1 0 0 0 0 0 0 0
12 2 0 0 0 0 0 0 0
12 3 14 0.005 0.42382 0.166407 196.167 0.000413682 0.000405755
12 4 16 0.005 0.460311 0.152858 193.971 0.000467403 0.000453314
12 5 11 0.005 0.400693 0.192034 195.873 0.000326375 0.00031964
12 6 11 0.005 0.389573 0.175519 193.152 0.000328419 0.000317174
12 7 16 0.005 0.463277 0.292527 195.802 0.00045558 0.000446017
12 8 15 0.005 0.3999 0.246815 194.491 0.00044077 0.000428628
12 9 16 0.005 0.520728 0.388406 197.19 0.000435629 0.000429508
12 10 14 0.005 0.42048 0.375238 193.276 0.00039599 0.000382677
12 11 22 0.005 0.427454 0.4178 195.703 0.00061311 0.000599938
12 12 19 0.005 0.344503 0.402694 193.353 0.000545073 0.000526957
12 13 0 0 0 0 0 0 0
12 14 12 0.005 0.435876 0.470501 192.326 0.000327953 0.000315369
12 15 14 0.005 0.483768 0.609249 192.742 0.000358765 0.000345746
12 16 16 0.005 0.447906 0.59988 195.916 0.000415854 0.000407363
12 17 13 0.005 0.449715 0.771567 195.647 0.000314812 0.00030796
12 18 17 0.005 0.492063 0.748953 194.472 0.000411049 0.000399687
12 19 19 0.005 0.446985 0.750061 195.986 0.000464678 0.000455352
12 20 21 0.005 0.546085 0.841149 196.639 0.000481428 0.000473337
12 21 11 0.005 0.435722 0.827671 194.972 0.000260828 0.00025427
12 22 0 0 0 0 0 0 0
12 23 15 0.005 0.495737 0.893871 193.869 0.00034058 0.000330139
13 0 13 0.005 0.574769 0.0605932 195.509 0.000365435 0.000357229
13 1 12 0.005 0.459118 0.142765 193.964 0.000351133 0.000340535
13 2 14 0.005 0.432716 0.132846 193.383 0.000414098 0.000400398
13 3 0 0 0 0 0 0 0
13 4 19 0.005 0.485418 0.136581 194.441 0.000550814 0.000535504
13 5 11 0.005 0.452046 0.136146 196.537 0.000322961 0.000317369
13 6 14 0.005 0.466668 0.230323 197.844 0.000403213 0.000398865
13 7 12 0.005 0.529513 0.39169 197.133 0.000325376 0.000320712
13 8 0 0 0 0 0 0 0
13 9 15 0.005 0.412686 0.299883 192.134 0.000433824 0.000416762
13 10 0 0 0 0 0 0 0
13 11 18 0.005 0.532158 0.3766 193.469 0.000489566 0.000473579
13 12 14 0.005 0.487391 0.423153 193.955 0.000381902 0.000370359
13 13 10 0.005 0.624849 0.587365 195.787 0.000246459 0.000241268
13 14 19 0.005 0.485658 0.556032 192.524 0.000496288 0.000477737
13 15 14 0.005 0.500511 0.616068 197.657 0.000356022 0.000351852
13 16 17 0.005 0.529345 0.669262 194.482 0.000419867 0.000408282
13 17 14 0.005 0.507212 0.692287 196.836 0.000344935 0.000339478
13 18 21 0.005 0.511912 0.665857 193.998 0.000522099 0.00050643
13 19 14 0.005 0.526309 0.859822 195.935 0.000320111 0.000313604
13 20 17 0.005 0.50302 0.741426 196.045 0.000411085 0.000402956
13 21 0 0 0 0 0 0 0
13 22 17 0.005 0.465696 0.900898 195.245 0.000387536 0.000378322
13 23 11 0.005 0.51426 0.968531 197.893 0.000240648 0.000238113
14 0 11 0.005 0.516743 0.027322 195.096 0.000317192 0.000309414
14 1 12 0.005 0.450366 -0.0250148 194.985 0.000355153 0.000346248
14 2 13 0.005 0.467994 0.148161 194.194 0.000378889 0.00036789
14 3 15 0.005 0.465029 0.127214 195.348 0.000438691 0.000428486
14 4 19 0.005 0.551558 0.193403 196.239 0.000532584 0.000522569
14 5 13 0.005 0.462077 0.187657 195.704 0.00037771 0.000369597
14 6 0 0 0 0 0 0 0
14 7 11 0.005 0.5273 0.243648 197.571 0.000308823 0.000305072
14 8 17 0.005 0.485765 0.287225 195.197 0.000480689 0.000469145
14 9 12 0.005 0.578704 0.368978 193.42 0.000321231 0.000310662
14 10 13 0.005 0.46115 0.326423 196.487 0.000367481 0.000361027
14 11 12 0.005 0.549672 0.447371 195.481 0.000317874 0.000310692
14 12 0 0 0 0 0 0 0
14 13 18 0.005 0.53499 0.520839 195.864 0.000468284 0.000458599
14 14 14 0.005 0.49949 0.461853 195.882 0.000375824 0.000368087
14 15 11 0.005 0.59186 0.634959 193.49 0.000269707 0.000260929
14 16 16 0.005 0.472848 0.676755 195.197 0.000400599 0.00039098
14 17 16 0.005 0.569202 0.641892 195.587 0.000394269 0.000385569
14 18 11 0.005 0.583465 0.724086 196.167 0.000261537 0.000256524
14 19 20 0.005 0.589531 0.762087 193.922 0.000467616 0.000453405
14 20 16 0.005 0.655348 0.885505 198.177 0.000349156 0.000345974
14 21 13 0.005 0.531707 0.876292 193.771 0.000294749 0.000285569
14 22 22 0.005 0.6049 0.925816 192.98 0.000479069 0.000462253
14 23 16 0.005 0.594738 1.01331 195.622 0.000336693 0.000329323
15 0 14 0.005 0.547144 0.0160792 194.893 0.00039872 0.000388539
15 1 16 0.005 0.549583 0.0658024 195.569 0.000454502 0.000444432
15 2 10 0.005 0.51992 0.166318 196.601 0.000284981 0.000280138
15 3 17 0.005 0.566488 0.118426 195.591 0.000477714 0.000467184
15 4 12 0.005 0.485451 0.187999 195.282 0.000345586 0.000337434
15 5 11 0.005 0.540551 0.244695 196.79 0.000307144 0.000302215
15 6 14 0.005 0.608454 0.212611 198.142 0.000382063 0.000378514
15 7 14 0.005 0.525266 0.25833 193.047 0.000392281 0.000378644
15 8 18 0.005 0.625501 0.345988 195.79 0.00047544 0.000465431
15 9 0 0 0 0 0 0 0
15 10 10 0.005 0.556921 0.300067 195.586 0.000274381 0.000268325
15 11 11 0.005 0.603976 0.457571 191.644 0.000284654 0.000272761
15 12 10 0.005 0.637248 0.515505 194.927 0.000251104 0.000244734
15 13 11 0.005 0.47617 0.396878 194.19 0.000303553 0.000294734
15 14 15 0.005 0.558056 0.571665 194.268 0.000380499 0.000369594
15 15 12 0.005 0.637958 0.647349 195.859 0.00028832 0.00028235
15 16 16 0.005 0.585765 0.660825 193.745 0.000389388 0.00037721
15 17 14 0.005 0.614773 0.707283 191.841 0.000331671 0.00031814
15 18 0 0 0 0 0 0 0
15 19 12 0.005 0.591403 0.796387 194.837 0.000276606 0.000269465
15 20 18 0.005 0.675905 0.856963 193.662 0.0003948 0.000382288
15 21 14 0.005 0.712248 0.935186 194.407 0.000294522 0.000286286
15 22 18 0.005 0.724997 0.975523 197.491 0.000371309 0.000366651
15 23 17 0.005 0.706292 1.07729 193.761 0.00033846 0.000327901
16 0 12 0.005 0.50395 0.0337023 194.444 0.000347769 0.000338109
16 1 14 0.005 0.474937 0.0789938 194.719 0.000409549 0.000398735
16 2 10 0.005 0.622657 0.192222 193.152 0.000272016 0.000262702
16 3 11 0.005 0.571879 0.160803 193.308 0.00030705 0.000296775
16 4 21 0.005 0.620263 0.167012 195.234 0.000573662 0.000559991
16 5 19 0.005 0.522728 0.149494 196.641 0.000541962 0.00053286
16 6 0 0 0 0 0 0 0
16 7 12 0.005 0.721688 0.345954 195.252 0.000304187 0.000296965
16 8 17 0.005 0.618114 0.378875 194.263 0.000446865 0.000434046
16 9 15 0.005 0.592679 0.393339 197.483 0.000396854 0.000391859
16 10 13 0.005 0.571881 0.394226 198.562 0.000346658 0.000344164
16 11 10 0.005 0.662778 0.470987 192.629 0.000251913 0.000242629
16 12 19 0.005 0.566534 0.478372 193.917 0.000495524 0.000480454
16 13 14 0.005 0.619858 0.401275 192.492 0.000365661 0.000351934
16 14 0 0 0 0 0 0 0
16 15 16 0.005 0.63777 0.589149 195.494 0.000392259 0.000383422
16 16 16 0.005 0.663585 0.6504 197.981 0.000380557 0.000376716
16 17 0 0 0 0 0 0 0
16 18 0 0 0 0 0 0 0
16 19 15 0.005 0.697987 0.803181 192.772 0.000333517 0.000321463
16 20 16 0.005 0.681111 0.818885 195.605 0.000355568 0.000347755
16 21 14 0.005 0.757069 0.953765 198.482 0.000288473 0.000286283
16 22 16 0.005 0.681866 0.86162 196.047 0.000349652 0.000342741
16 23 15 0.005 0.715283 0.97988 196.56 0.000309766 0.000304438
17 0 19 0.005 0.592157 0.0582398 194.756 0.000530135 0.000516235
17 1 14 0.005 0.647202 0.00851562 191.894 0.000381588 0.000366121
17 2 13 0.005 0.68028 0.116505 192.516 0.000347374 0.000334376
17 3 18 0.005 0.661172 0.116347 196.067 0.000485216 0.000475674
17 4 11 0.005 0.844668 0.193278 195.744 0.000269911 0.000264167
17 5 14 0.005 0.659888 0.179518 195.523 0.000375199 0.0003668
17 6 15 0.005 0.608485 0.235527 193.75 0.000407871 0.000395125
17 7 0 0 0 0 0 0 0
17 8 18 0.005 0.68029 0.316641 194.173 0.000467449 0.000453829
17 9 12 0.005 0.550823 0.328405 194.614 0.000327965 0.000319133
17 10 13 0.005 0.681054 0.363894 193.049 0.000334073 0.000322463
17 11 13 0.005 0.637698 0.422724 195.303 0.00033522 0.000327346
17 12 18 0.005 0.679235 0.499628 195.45 0.000446785 0.000436621
17 13 13 0.005 0.683173 0.498798 193.893 0.000322251 0.00031241
17 14 12 0.005 0.678322 0.451561 194.646 0.00030203 0.000293945
17 15 13 0.005 0.682702 0.560644 193.326 0.000316325 0.00030577
17 16 14 0.005 0.639179 0.588071 195.055 0.000343175 0.000334691
17 17 11 0.005 0.737439 0.698219 193.876 0.000250583 0.00024291
17 18 15 0.005 0.733452 0.824789 195.205 0.000326992 0.000319152
17 19 0 0 0 0 0 0 0
17 20 16 0.005 0.617399 0.846469 193.551 0.000358673 0.000347107
17 21 0 0 0 0 0 0 0
17 22 17 0.005 0.710236 0.973883 194.02 0.000352419 0.000341882
17 23 15 0.005 0.73014 1.03367 193.147 0.000301941 0.000291595
18 0 0 0 0 0 0 0 0
18 1 0 0 0 0 0 0 0
18 2 17 0.005 0.596674 0.0809182 194.918 0.000472845 0.000460831
18 3 14 0.005 0.638441 0.219229 193.907 0.000376744 0.000365265
18 4 17 0.005 0.677381 0.220313 193.679 0.000449559 0.00043535
18 5 14 0.005 0.689091 0.195668 191.953 0.000369521 0.000354653
18 6 11 0.005 0.703302 0.260699 194.105 0.000285705 0.000277284
18 7 0 0 0 0 0 0 0
18 8 0 0 0 0 0 0 0
18 9 18 0.005 0.740216 0.35113 196.855 0.00045207 0.000444962
18 10 13 0.005 0.613514 0.463177 191.709 0.000334631 0.00032076
18 11 13 0.005 0.703713 0.413006 197.076 0.000327027 0.000322245
18 12 16 0.005 0.71706 0.473293 196.891 0.000394023 0.000387897
18 13 0 0 0 0 0 0 0
18 14 21 0.005 0.736386 0.652512 195.544 0.000486018 0.000475189
18 15 14 0.005 0.735811 0.639989 196.127 0.000325423 0.000319121
18 16 21 0.005 0.755547 0.665927 197.965 0.000480403 0.000475515
18 17 0 0 0 0 0 0 0
18 18 15 0.005 0.827788 0.748776 198.096 0.000324972 0.000321878
18 19 19 0.005 0.725583 0.766181 193.452 0.000424328 0.000410435
18 20 16 0.005 0.849606 0.855446 194.112 0.000331639 0.000321875
18 21 16 0.005 0.844723 0.886583 194.355 0.000328576 0.000319301
18 22 15 0.005 0.846817 1.04241 195.311 0.000290853 0.000284034
18 23 16 0.005 0.835798 1.04831 192.302 0.000310588 0.000298633
19 0 14 0.005 0.734709 0.0357608 195.656 0.000366155 0.000358201
19 1 12 0.005 0.756496 0.028116 196.551 0.000310639 0.000305281
19 2 16 0.005 0.690521 0.0597113 195.747 0.000426955 0.000417876
19 3 0 0 0 0 0 0 0
19 4 14 0.005 0.679107 0.166187 194.805 0.000372528 0.000362852
19 5 15 0.005 0.753018 0.235657 193.842 0.00038233 0.000370559
19 6 14 0.005 0.756627 0.281671 195.522 0.000353668 0.000345749
19 7 11 0.005 0.672199 0.301467 194.669 0.000287539 0.000279874
19 8 15 0.005 0.641153 0.402602 195.63 0.000388288 0.000379804
19 9 12 0.005 0.711215 0.414965 193.633 0.000300768 0.000291193
19 10 14 0.005 0.804047 0.372351 194.863 0.000340206 0.000331467
19 11 17 0.005 0.671531 0.423521 195.773 0.000432276 0.00042314
19 12 22 0.005 0.689968 0.479432 193.76 0.000546882 0.000529819
19 13 24 0.005 0.759749 0.526538 196.083 0.000572205 0.000560999
19 14 17 0.005 0.799673 0.6379 195.552 0.000385837 0.000377256
19 15 14 0.005 0.71937 0.524123 193.48 0.000339535 0.000328466
19 16 14 0.005 0.851755 0.681055 192.873 0.000307201 0.000296254
19 17 10 0.005 0.841651 0.701092 193.995 0.000218901 0.000212329
19 18 17 0.005 0.873038 0.782657 197.094 0.00035817 0.000352966
19 19 17 0.005 0.851374 0.917023 194.506 0.00034458 0.000335114
19 20 20 0.005 0.851508 0.875004 196.462 0.000411452 0.000404173
19 21 19 0.005 0.875696 0.950063 195.428 0.000377564 0.000368933
19 22 14 0.005 0.973034 1.06982 196.259 0.000258527 0.000253691
19 23 16 0.005 0.904778 1.04052 196.679 0.000304981 0.000299916
20 0 11 0.005 0.85842 0.0637044 196.547 0.000270676 0.000266003
20 1 17 0.005 0.744266 0.00611857 194.598 0.000442769 0.00043081
20 2 15 0.005 0.779483 0.0800649 195.639 0.000383344 0.000374986
20 3 12 0.005 0.739826 0.131758 194.854 0.000311469 0.000303455
20 4 10 0.005 0.755216 0.138238 195.845 0.000257528 0.000252177
20 5 23 0.005 0.746174 0.228522 193.544 0.000588707 0.000569704
20 6 13 0.005 0.800043 0.284819 192.94 0.00032172 0.000310363
20 7 14 0.005 0.83139 0.228655 195.156 0.000344245 0.000335908
20 8 17 0.005 0.780609 0.238279 196.456 0.000427606 0.000420029
20 9 26 0.005 0.794114 0.331915 194.465 0.000639809 0.0006221
20 10 19 0.005 0.727188 0.412557 193.969 0.000473266 0.000458994
20 11 11 0.005 0.806485 0.462788 196.873 0.000261547 0.000257458
20 12 18 0.005 0.869262 0.463628 194.714 0.000416319 0.000405315
20 13 11 0.005 0.983685 0.568201 197.859 0.000235982 0.000233455
20 14 14 0.005 0.822434 0.649797 193.83 0.000313768 0.000304088
20 15 13 0.005 0.846235 0.661724 196.847 0.000287588 0.000283054
20 16 15 0.005 0.842756 0.755367 194.933 0.000322474 0.000314304
20 17 22 0.005 0.895195 0.759506 196.616 0.000463176 0.000455339
20 18 19 0.005 0.849732 0.773278 197.319 0.000405003 0.000399575
20 19 15 0.005 0.740441 0.822923 195.339 0.000326461 0.000318853
20 20 0 0 0 0 0 0 0
20 21 12 0.005 0.948306 1.00154 195.157 0.000228694 0.000223156
20 22 14 0.005 0.896928 1.07781 195.775 0.000263925 0.00025835
20 23 13 0.005 0.974361 1.11399 198.102 0.000236305 0.000234062
21 0 16 0.005 0.905811 0.0571172 195.871 0.000384668 0.000376726
21 1 15 0.005 0.871331 0.0173727 194.682 0.00036715 0.000357387
21 2 12 0.005 0.85402 0.0436742 193.459 0.000296108 0.000286423
21 3 16 0.005 0.782144 0.155794 194.073 0.000406139 0.000394103
21 4 17 0.005 0.820905 0.134426 196.051 0.00042433 0.000415952
21 5 17 0.005 0.802961 0.240535 198.472 0.000423001 0.000419769
21 6 11 0.005 0.787247 0.201265 193.904 0.000277174 0.000268726
21 7 11 0.005 0.845933 0.330647 197.728 0.000264374 0.00026137
21 8 15 0.005 0.87829 0.337925 192.062 0.000354664 0.000340588
21 9 11 0.005 0.868525 0.4345 193.966 0.000256207 0.000248478
21 10 11 0.005 0.935996 0.391942 193.819 0.000250683 0.000242936
21 11 19 0.005 0.952178 0.527957 194.562 0.000417291 0.000405946
21 12 0 0 0 0 0 0 0
21 13 13 0.005 0.890004 0.555504 194.255 0.000291214 0.000282849
21 14 22 0.005 0.955712 0.639325 197.238 0.000468737 0.000462264
21 15 14 0.005 0.790103 0.586216 194.464 0.000324022 0.000315053
21 16 25 0.005 0.891407 0.694088 193.451 0.000537983 0.000520368
21 17 16 0.005 0.901473 0.785472 195.411 0.000333273 0.000325625
21 18 19 0.005 0.909957 0.787457 192.658 0.000394264 0.000379791
21 19 12 0.005 0.955339 0.842327 193.276 0.000240602 0.000232512
21 20 11 0.005 0.998505 0.925795 191.83 0.000211401 0.000202765
21 21 19 0.005 0.977775 0.984156 196.865 0.000360719 0.000355064
21 22 14 0.005 1.00257 1.08849 196.039 0.000254499 0.000249458
21 23 13 0.005 1.02128 1.0503 195.077 0.000237959 0.000232101
22 0 0 0 0 0 0 0 0
22 1 13 0.005 0.847313 0.0837431 195.546 0.000321369 0.000314212
22 2 17 0.005 0.888518 0.1555 195.948 0.000409847 0.000401544
22 3 23 0.005 0.895367 0.171347 195.149 0.000551859 0.000538473
22 4 16 0.005 0.830041 0.150679 195.524 0.000397062 0.000388176
22 5 15 0.005 0.882757 0.19807 192.5 0.000361148 0.000347604
22 6 13 0.005 0.955594 0.255723 194.328 0.000300067 0.000291558
22 7 21 0.005 0.930352 0.36317 194.872 0.000482426 0.000470057
22 8 15 0.005 0.967026 0.426451 193.608 0.000334719 0.000324022
22 9 19 0.005 0.883903 0.396433 195.347 0.000443074 0.000432766
22 10 18 0.005 0.944856 0.443509 194.675 0.000404302 0.000393538
22 11 21 0.005 0.957166 0.517545 194.213 0.00046136 0.00044801
22 12 14 0.005 0.869222 0.499325 198.017 0.000321021 0.000317839
22 13 13 0.005 0.864348 0.483988 193.155 0.000299856 0.000289594
22 14 13 0.005 0.937256 0.621561 194.635 0.000280465 0.000272942
22 15 15 0.005 0.90161 0.663118 193.414 0.000324486 0.000313801
22 16 19 0.005 1.03953 0.722097 199.506 0.000382424 0.000381479
22 17 17 0.005 0.951168 0.767631 195.799 0.000349504 0.000342162
22 18 12 0.005 0.978983 0.883103 192.585 0.000235446 0.000226717
22 19 14 0.005 1.06908 0.798418 194.323 0.000272598 0.000264861
22 20 13 0.005 0.933897 0.760582 190.961 0.00026962 0.000257435
22 21 0 0 0 0 0 0 0
22 22 13 0.005 1.17903 1.18109 193.27 0.000216948 0.000209647
22 23 13 0.005 1.12113 1.21245 197.44 0.000218633 0.000215835
23 0 21 0.005 0.959602 0.0670906 196.162 0.000491377 0.000481947
23 1 20 0.005 0.942436 0.114755 194.635 0.000470921 0.000458288
23 2 21 0.005 0.951211 0.057008 194.089 0.000493598 0.00047901
23 3 18 0.005 0.816508 0.143593 197.754 0.00044991 0.000444856
23 4 0 0 0 0 0 0 0
23 5 20 0.005 0.936342 0.229992 196.402 0.000467457 0.000459048
23 6 20 0.005 0.884576 0.251449 196.764 0.000477968 0.000470235
23 7 21 0.005 0.953247 0.276282 193.677 0.000483935 0.000468636
23 8 22 0.005 0.949825 0.312147 194.495 0.000505126 0.000491223
23 9 15 0.005 0.988798 0.505843 195.672 0.000325865 0.000318814
23 10 13 0.005 0.96831 0.447452 196.056 0.000288672 0.000282979
23 11 14 0.005 1.01713 0.56176 195.233 0.000296505 0.000289437
23 12 23 0.005 1.00498 0.553777 196.284 0.000490621 0.000481506
23 13 15 0.005 1.00478 0.550282 195.555 0.000320265 0.000313147
23 14 18 0.005 1.06204 0.635729 194.205 0.000367268 0.000356626
23 15 11 0.005 1.02409 0.683373 196.41 0.000225168 0.000221127
23 16 10 0.005 1.01647 0.744376 193.847 0.000201848 0.000195638
23 17 11 0.005 1.02955 0.751261 199.315 0.00022046 0.000219705
23 18 16 0.005 1.03869 0.787747 194.86 0.000316179 0.000308054
23 19 18 0.005 1.04452 0.851517 195.237 0.000348255 0.000339962
23 20 17 0.005 1.07613 0.917439 193.715 0.000318681 0.000308667
23 21 13 0.005 1.20282 1.06196 194.071 0.000223245 0.000216627
23 22 13 0.005 1.12048 0.999599 194.476 0.000233959 0.000227497
23 23 17 0.005 1.1707 1.19307 197.73 0.000283369 0.000280152
