#  ix    iy     NB       E/N    TB    UxB       UyB       muB       rhoB     epsilonB
0 0 34 0.005 -0.0221298 0.0370347 208.273 0.00217746 0.00226753
0 1 28 0.005 0.0332837 -0.0544658 220.581 0.00179123 0.00197556
0 2 33 0.005 0.127012 0.214004 211.535 0.00205278 0.00217117
0 3 29 0.005 0.0251242 0.227097 216.516 0.00181227 0.00196193
0 4 38 0.005 -0.0076764 0.273714 212.789 0.00234941 0.00249965
0 5 29 0.005 -0.0314317 0.311441 208.819 0.00177409 0.00185232
0 6 27 0.005 0.0515739 0.289752 206.854 0.00166036 0.00171726
0 7 26 0.005 0.061184 0.570846 211.52 0.0014454 0.00152865
0 8 40 0.005 -0.0214184 0.525233 214.651 0.00226962 0.00243588
0 9 29 0.005 -0.0254251 0.666122 204.51 0.0015468 0.00158169
0 10 44 0.005 0.060165 0.701509 210.445 0.00230622 0.00242666
0 11 46 0.005 0.0865672 0.73675 205.071 0.00236824 0.00242829
0 12 33 0.005 0.0603396 0.855005 208.066 0.00160613 0.0016709
0 13 35 0.005 0.0402595 0.923805 212.429 0.00164728 0.00174965
0 14 31 0.005 0.00635455 0.828231 204.368 0.00153041 0.00156383
0 15 38 0.005 0.0656773 1.19844 206.67 0.00155924 0.00161125
0 16 26 0.005 0.045745 1.12613 207.815 0.00110614 0.00114936
0 17 24 0.005 0.0209196 1.46379 204.073 0.000867773 0.000885445
0 18 23 0.005 0.0622953 1.46719 200.549 0.000829847 0.000832125
0 19 11 0.005 0.105406 1.82732 208.57 0.000338075 0.000352562
0 20 14 0.005 0.0762904 1.91826 198.597 0.000414595 0.000411686
0 21 0 0 0 0 0 0 0
0 22 0 0 0 0 0 0 0
0 23 0 0 0 0 0 0 0
1 0 37 0.005 0.0509181 0.0280087 213.678 0.0023678 0.00252973
1 1 37 0.005 0.101751 0.0593394 208.595 0.00235551 0.00245674
1 2 36 0.005 0.0705898 0.17288 211.362 0.00226848 0.00239735
1 3 37 0.005 0.128924 0.188711 212.298 0.00231218 0.00245436
1 4 32 0.005 -0.0256261 0.284791 215.98 0.00197224 0.00212982
1 5 27 0.005 0.0572572 0.346846 213.161 0.00163282 0.00174026
1 6 32 0.005 0.120497 0.4066 209.487 0.00188848 0.00197806
1 7 36 0.005 0.119405 0.429257 210.222 0.00210793 0.00221566
1 8 41 0.005 0.0420478 0.542317 213.234 0.00230875 0.00246153
1 9 37 0.005 0.105728 0.621068 209.251 0.00200675 0.00209957
1 10 40 0.005 0.17361 0.652758 208.88 0.00212481 0.00221915
1 11 35 0.005 0.0434474 0.768627 206.014 0.00177779 0.00183125
1 12 47 0.005 0.0732655 0.888046 209.291 0.00224938 0.00235388
1 13 34 0.005 0.0918477 0.887871 206.282 0.00162596 0.00167703
1 14 43 0.005 0.133209 0.993746 202.638 0.00194651 0.00197218
1 15 36 0.005 0.116733 1.12757 209.14 0.00152662 0.00159638
1 16 26 0.005 0.192101 1.28863 206.072 0.00101478 0.00104558
1 17 35 0.005 0.0392139 1.42932 205.008 0.00128584 0.00131803
1 18 18 0.005 0.0677929 1.44995 204.005 0.000654606 0.000667714
1 19 10 0.005 0.122765 1.57787 202.649 0.00034241 0.000346945
1 20 0 0 0 0 0 0 0
1 21 0 0 0 0 0 0 0
1 22 0 0 0 0 0 0 0
1 23 0 0 0 0 0 0 0
2 0 28 0.005 0.237566 0.043277 214.971 0.00174472 0.00187532
2 1 37 0.005 0.149161 0.12015 217.686 0.00232945 0.00253544
2 2 46 0.005 0.17007 0.165698 214.661 0.00286895 0.00307926
2 3 34 0.005 0.180337 0.162559 212.519 0.00211796 0.00225053
2 4 22 0.005 0.141662 0.29497 213.646 0.00134032 0.00143178
2 5 34 0.005 0.152832 0.324163 212.969 0.00205171 0.00218475
2 6 37 0.005 0.115983 0.451187 212.43 0.00214995 0.00228357
2 7 61 0.005 0.109302 0.510149 214.138 0.00346679 0.00371185
2 8 44 0.005 0.182036 0.545151 214.044 0.00244539 0.00261711
2 9 45 0.005 0.158853 0.598053 209.562 0.00245297 0.00257025
2 10 44 0.005 0.177625 0.654374 213.924 0.00233447 0.00249699
2 11 45 0.005 0.19671 0.674596 212.063 0.00236018 0.00250254
2 12 26 0.005 0.21754 0.940801 211.237 0.00119894 0.0012663
2 13 41 0.005 0.146864 0.938204 208.865 0.0019058 0.00199027
2 14 37 0.005 0.23176 1.02234 208.109 0.00163712 0.0017035
2 15 33 0.005 0.229219 1.22335 207.558 0.00132493 0.001375
2 16 29 0.005 0.209308 1.1652 204.947 0.00119959 0.00122926
2 17 26 0.005 0.155638 1.50936 202.921 0.000917137 0.000930531
2 18 24 0.005 0.160961 1.34237 199.614 0.000914866 0.000913101
2 19 17 0.005 0.211212 1.78102 198.594 0.000530691 0.000526959
2 20 12 0.005 0.135137 1.67663 197.119 0.000393091 0.000387428
2 21 0 0 0 0 0 0 0
2 22 0 0 0 0 0 0 0
2 23 0 0 0 0 0 0 0
3 0 35 0.005 0.14732 -0.00742081 214.055 0.00221957 0.00237555
3 1 26 0.005 0.236838 0.107318 212.281 0.00161303 0.00171208
3 2 52 0.005 0.224027 0.107155 218.044 0.00323507 0.00352695
3 3 26 0.005 0.105969 0.109518 215.876 0.00164764 0.00177843
3 4 35 0.005 0.28314 0.184246 209.058 0.00212558 0.00222185
3 5 35 0.005 0.238317 0.392148 212.735 0.00203914 0.00216898
3 6 45 0.005 0.20742 0.349946 210.513 0.00267199 0.00281244
3 7 41 0.005 0.21956 0.418637 214.835 0.00237609 0.00255234
3 8 47 0.005 0.292563 0.616867 209.281 0.00248822 0.00260368
3 9 37 0.005 0.220286 0.613062 204.429 0.00198731 0.00203132
3 10 42 0.005 0.289575 0.642205 210.812 0.00220099 0.00231998
3 11 41 0.005 0.250208 0.723383 210.812 0.002087 0.00219982
3 12 31 0.005 0.161074 0.84729 206.928 0.00150481 0.00155694
3 13 39 0.005 0.209049 0.885605 203.423 0.00184907 0.00188071
3 14 31 0.005 0.331417 1.06005 205.169 0.00132966 0.00136402
3 15 33 0.005 0.322476 1.05713 203.1 0.00141927 0.00144127
3 16 37 0.005 0.277764 1.28083 202.49 0.00143873 0.00145664
3 17 24 0.005 0.257728 1.48585 205.682 0.000850227 0.000874384
3 18 16 0.005 0.287292 1.43103 200.667 0.00057969 0.000581625
3 19 11 0.005 0.277025 1.75331 195.192 0.000346099 0.000337779
3 20 0 0 0 0 0 0 0
3 21 0 0 0 0 0 0 0
3 22 0 0 0 0 0 0 0
3 23 0 0 0 0 0 0 0
4 0 32 0.005 0.212036 0.0174252 215.956 0.00200638 0.00216645
4 1 42 0.005 0.278678 0.0736923 213.667 0.00258697 0.00276376
4 2 39 0.005 0.249507 0.243105 212.66 0.00236085 0.00251029
4 3 36 0.005 0.248971 0.224695 211.538 0.00218793 0.00231415
4 4 33 0.005 0.261333 0.182221 212.511 0.00201557 0.00214165
4 5 42 0.005 0.304684 0.285549 210.851 0.0024844 0.0026192
4 6 31 0.005 0.335122 0.282981 207.782 0.00181982 0.00189064
4 7 40 0.005 0.32491 0.539621 213.282 0.00216958 0.00231365
4 8 39 0.005 0.321232 0.506984 214.308 0.00214356 0.00229691
4 9 37 0.005 0.259164 0.653439 215.823 0.00194035 0.00209386
4 10 35 0.005 0.322588 0.731226 209.875 0.00175261 0.00183915
4 11 31 0.005 0.369955 0.736142 200.777 0.0015337 0.00153966
4 12 41 0.005 0.356035 0.922486 210.662 0.00186885 0.00196848
4 13 31 0.005 0.377267 0.969497 209.572 0.00137711 0.00144302
4 14 40 0.005 0.348198 1.05443 204.437 0.00171587 0.00175394
4 15 42 0.005 0.408089 1.17099 204.345 0.00169005 0.00172677
4 16 39 0.005 0.383939 1.2941 206.265 0.00148818 0.00153479
4 17 30 0.005 0.394496 1.27701 202.087 0.00115206 0.00116409
4 18 13 0.005 0.452699 1.57905 198.993 0.000433327 0.000431146
4 19 19 0.005 0.467797 1.7489 201.588 0.000588891 0.000593567
4 20 0 0 0 0 0 0 0
4 21 0 0 0 0 0 0 0
4 22 0 0 0 0 0 0 0
4 23 0 0 0 0 0 0 0
5 0 43 0.005 0.289907 0.0754356 209.867 0.00264048 0.00277075
5 1 40 0.005 0.345819 0.100555 215.172 0.00241242 0.00259543
5 2 33 0.005 0.376001 0.242731 216.079 0.00193084 0.00208607
5 3 42 0.005 0.33552 0.193821 209.706 0.00251044 0.00263227
5 4 29 0.005 0.321949 0.335866 206.902 0.00168549 0.00174365
5 5 23 0.005 0.282793 0.387729 217.751 0.00132922 0.00144719
5 6 37 0.005 0.337725 0.406585 218.886 0.00209691 0.00229492
5 7 43 0.005 0.300374 0.494056 210.468 0.00238624 0.00251114
5 8 44 0.005 0.380202 0.499146 208.481 0.00238915 0.00249046
5 9 44 0.005 0.308155 0.594712 205.765 0.00234341 0.00241096
5 10 45 0.005 0.369021 0.697648 213.899 0.00226435 0.00242171
5 11 38 0.005 0.389007 0.79275 200.074 0.0018259 0.00182658
5 12 30 0.005 0.353776 0.898887 202.937 0.00138313 0.00140344
5 13 49 0.005 0.41895 0.960222 206.79 0.00216878 0.00224241
5 14 32 0.005 0.483897 1.19375 211.601 0.00125791 0.00133088
5 15 38 0.005 0.390552 1.21364 200.698 0.00150334 0.00150859
5 16 26 0.005 0.466543 1.38483 206.474 0.000941241 0.000971711
5 17 19 0.005 0.445614 1.33859 203.253 0.000704312 0.000715768
5 18 14 0.005 0.423791 1.47743 204.077 0.000489416 0.000499394
5 19 12 0.005 0.474641 1.53118 197.151 0.000407131 0.000401332
5 20 0 0 0 0 0 0 0
5 21 0 0 0 0 0 0 0
5 22 0 0 0 0 0 0 0
5 23 0 0 0 0 0 0 0
6 0 42 0.005 0.406414 0.0279881 219.092 0.00249335 0.00273137
6 1 45 0.005 0.410428 0.111111 214.515 0.00265461 0.00284727
6 2 48 0.005 0.320772 0.156832 213.297 0.00289774 0.0030904
6 3 33 0.005 0.411469 0.262007 210.758 0.00190124 0.00200351
6 4 30 0.005 0.420511 0.317274 220.136 0.00170144 0.00187275
6 5 39 0.005 0.427931 0.283668 211.294 0.00222401 0.0023496
6 6 35 0.005 0.389847 0.36384 206.291 0.0019797 0.00204197
6 7 45 0.005 0.456735 0.56266 210.036 0.00233575 0.00245296
6 8 41 0.005 0.418542 0.511227 211.807 0.00219281 0.00232226
6 9 40 0.005 0.470263 0.628632 211.948 0.00201684 0.00213732
6 10 29 0.005 0.465999 0.743743 209.011 0.00139717 0.00146012
6 11 40 0.005 0.493929 0.76045 209.69 0.00189947 0.00199149
6 12 43 0.005 0.542756 1.00912 207.479 0.00181245 0.00188022
6 13 41 0.005 0.413681 0.94254 211.559 0.00183137 0.00193722
6 14 35 0.005 0.514355 1.16222 206.025 0.00138733 0.00142913
6 15 31 0.005 0.49308 1.22252 203.859 0.00120101 0.00122418
6 16 21 0.005 0.458818 1.22042 204.833 0.000819254 0.00083905
6 17 25 0.005 0.5513 1.55255 203.002 0.000831523 0.000844005
6 18 16 0.005 0.625118 1.61787 201.916 0.00051229 0.000517199
6 19 13 0.005 0.68095 1.68454 198.248 0.000401805 0.000398286
6 20 0 0 0 0 0 0 0
6 21 0 0 0 0 0 0 0
6 22 0 0 0 0 0 0 0
6 23 0 0 0 0 0 0 0
7 0 45 0.005 0.520655 0.0789597 214.717 0.00255234 0.00274016
7 1 32 0.005 0.420266 0.0997003 214.602 0.00188313 0.00202061
7 2 43 0.005 0.518172 0.10887 216.118 0.00243601 0.00263233
7 3 37 0.005 0.497917 0.175298 213.455 0.0020975 0.0022386
7 4 47 0.005 0.47 0.321804 212.933 0.00261791 0.00278719
7 5 43 0.005 0.494895 0.328274 209.29 0.00236998 0.00248007
7 6 43 0.005 0.467772 0.373081 207.419 0.00236534 0.00245308
7 7 36 0.005 0.458644 0.482709 206.316 0.00192084 0.0019815
7 8 29 0.005 0.475249 0.573408 211.558 0.00149093 0.00157708
7 9 53 0.005 0.469469 0.614579 207.329 0.0026875 0.00278598
7 10 49 0.005 0.496295 0.678476 210.444 0.00240437 0.00252992
7 11 32 0.005 0.605051 0.820232 209.153 0.00143658 0.00150233
7 12 37 0.005 0.5146 0.94289 207.428 0.0016161 0.00167613
7 13 35 0.005 0.566219 0.996285 205.198 0.00147516 0.0015135
7 14 35 0.005 0.52196 0.928539 207.64 0.00153562 0.00159428
7 15 20 0.005 0.515199 1.2958 204.747 0.000747133 0.000764865
7 16 34 0.005 0.570757 1.26474 200.483 0.00127429 0.00127737
7 17 21 0.005 0.679445 1.39014 199.268 0.000730684 0.00072801
7 18 17 0.005 0.704797 1.56358 200.805 0.000548898 0.000551107
7 19 11 0.005 0.685802 1.87706 197.618 0.000315542 0.000311784
7 20 0 0 0 0 0 0 0
7 21 0 0 0 0 0 0 0
7 22 0 0 0 0 0 0 0
7 23 0 0 0 0 0 0 0
8 0 49 0.005 0.505444 0.018401 206.197 0.00280291 0.00288975
8 1 35 0.005 0.61038 0.0723187 216.94 0.0019114 0.0020733
8 2 58 0.005 0.575083 0.140785 211.322 0.00319926 0.00338037
8 3 33 0.005 0.576801 0.130715 215.433 0.00182078 0.00196128
8 4 36 0.005 0.462459 0.300903 219.285 0.00202055 0.00221539
8 5 32 0.005 0.641351 0.425464 209.304 0.00162557 0.00170119
8 6 50 0.005 0.530729 0.416896 213.816 0.0026567 0.00284023
8 7 41 0.005 0.552225 0.512344 209.095 0.00209924 0.0021947
8 8 29 0.005 0.594221 0.678027 211.189 0.00138069 0.00145793
8 9 28 0.005 0.528186 0.662848 206.123 0.00136923 0.00141116
8 10 51 0.005 0.533561 0.69443 209.274 0.00245944 0.00257349
8 11 41 0.005 0.564437 0.738259 207.102 0.00192522 0.00199359
8 12 43 0.005 0.590632 0.920378 205.542 0.00186009 0.00191163
8 13 35 0.005 0.688616 0.976758 202.231 0.00143978 0.00145584
8 14 29 0.005 0.7545 1.07074 199.448 0.00112805 0.00112494
8 15 28 0.005 0.743082 1.22221 204.074 0.00102842 0.00104937
8 16 18 0.005 0.674336 1.26601 200.26 0.000659877 0.000660734
8 17 18 0.005 0.821839 1.45185 198.958 0.000593216 0.000590125
8 18 18 0.005 0.809648 1.55722 200.117 0.000571207 0.000571542
8 19 0 0 0 0 0 0 0
8 20 0 0 0 0 0 0 0
8 21 0 0 0 0 0 0 0
8 22 0 0 0 0 0 0 0
8 23 0 0 0 0 0 0 0
9 0 49 0.005 0.694223 -0.0190749 214.693 0.0025799 0.00276942
9 1 39 0.005 0.599924 0.0255856 208.639 0.00214329 0.00223587
9 2 42 0.005 0.703671 0.119282 213.179 0.00219142 0.00233582
9 3 50 0.005 0.661865 0.228971 216.757 0.00262531 0.00284527
9 4 44 0.005 0.603478 0.301197 210.421 0.00233836 0.0024602
9 5 49 0.005 0.637754 0.357953 209.813 0.00253534 0.00265975
9 6 60 0.005 0.642317 0.439223 210.376 0.00303545 0.00319294
9 7 39 0.005 0.668223 0.5044 212.161 0.00191688 0.00203344
9 8 45 0.005 0.650791 0.593638 205.852 0.00216458 0.00222792
9 9 48 0.005 0.647062 0.693 207.882 0.00223286 0.00232085
9 10 41 0.005 0.775749 0.756228 205.703 0.00178264 0.00183347
9 11 32 0.005 0.750231 0.906274 205.367 0.00132848 0.00136413
9 12 36 0.005 0.793001 0.854839 203.859 0.00150231 0.0015313
9 13 25 0.005 0.715142 1.05699 199.633 0.000988437 0.000986622
9 14 29 0.005 0.762362 1.16149 204.671 0.00108598 0.00111134
9 15 26 0.005 0.888593 1.26118 201.919 0.000906525 0.000915223
9 16 23 0.005 0.878668 1.36159 200.269 0.000774266 0.000775308
9 17 12 0.005 0.835848 1.57869 196.708 0.000375753 0.000369568
9 18 0 0 0 0 0 0 0
9 19 0 0 0 0 0 0 0
9 20 0 0 0 0 0 0 0
9 21 0 0 0 0 0 0 0
9 22 0 0 0 0 0 0 0
9 23 0 0 0 0 0 0 0
10 0 55 0.005 0.740971 0.0736434 211.147 0.0028278 0.00298541
10 1 40 0.005 0.676373 0.0733065 216.944 0.00212 0.0022996
10 2 42 0.005 0.768013 0.250593 210.805 0.00209428 0.00220743
10 3 49 0.005 0.767461 0.204202 209.844 0.00245972 0.00258079
10 4 40 0.005 0.758625 0.3823 211.843 0.00195416 0.00206988
10 5 52 0.005 0.720338 0.373768 220.044 0.00258827 0.00284767
10 6 47 0.005 0.786364 0.551757 207.496 0.00217273 0.00225416
10 7 32 0.005 0.771272 0.472752 206.571 0.0015212 0.00157118
10 8 45 0.005 0.745527 0.602915 212 0.00208216 0.00220709
10 9 43 0.005 0.750599 0.714032 210.204 0.00191434 0.00201201
10 10 42 0.005 0.834214 0.724661 206.106 0.00180653 0.00186168
10 11 36 0.005 0.752994 0.857482 206.757 0.00152089 0.00157228
10 12 32 0.005 0.952517 0.887683 206.908 0.00124947 0.00129262
10 13 30 0.005 0.954848 1.10871 205.587 0.00108509 0.0011154
10 14 24 0.005 0.876532 1.16619 199.133 0.000869826 0.000866057
10 15 27 0.005 0.944645 1.25366 206.966 0.000929928 0.000962317
10 16 16 0.005 0.835181 1.22324 200.296 0.000573902 0.000574752
10 17 0 0 0 0 0 0 0
10 18 0 0 0 0 0 0 0
10 19 0 0 0 0 0 0 0
10 20 0 0 0 0 0 0 0
10 21 0 0 0 0 0 0 0
10 22 0 0 0 0 0 0 0
10 23 0 0 0 0 0 0 0
11 0 50 0.005 0.835633 0.0664942 213.306 0.00245627 0.00261968
11 1 51 0.005 0.927576 0.180388 209.648 0.00237617 0.00249079
11 2 54 0.005 0.843804 0.130019 211.5 0.00263259 0.00278396
11 3 43 0.005 0.798069 0.230604 212.421 0.00212026 0.00225194
11 4 48 0.005 0.719372 0.317197 212.871 0.00241887 0.00257454
11 5 49 0.005 0.790295 0.317548 211.661 0.00239126 0.00253067
11 6 46 0.005 0.767351 0.483093 212.233 0.00218441 0.00231803
11 7 39 0.005 0.873901 0.561901 211.698 0.00173367 0.00183508
11 8 33 0.005 0.861843 0.663828 206.176 0.00143159 0.0014758
11 9 38 0.005 0.876679 0.690854 205.71 0.00162543 0.00167184
11 10 36 0.005 0.865804 0.775675 208.854 0.00150496 0.00157158
11 11 31 0.005 0.927453 0.850985 206.24 0.00123612 0.00127469
11 12 28 0.005 0.967383 1.05677 205.553 0.0010273 0.00105582
11 13 24 0.005 1.00267 1.04784 203.997 0.000873323 0.000890778
11 14 16 0.005 1.0338 1.23429 205.237 0.000541147 0.000555316
11 15 21 0.005 1.03787 1.26261 202.779 0.000702558 0.000712319
11 16 0 0 0 0 0 0 0
11 17 0 0 0 0 0 0 0
11 18 0 0 0 0 0 0 0
11 19 0 0 0 0 0 0 0
11 20 0 0 0 0 0 0 0
11 21 0 0 0 0 0 0 0
11 22 0 0 0 0 0 0 0
11 23 0 0 0 0 0 0 0
12 0 54 0.005 0.907713 0.0103564 214.134 0.00256301 0.00274415
12 1 37 0.005 0.931438 0.123261 219.57 0.00172854 0.00189768
12 2 54 0.005 1.00156 0.126348 206.208 0.00243608 0.0025117
12 3 54 0.005 0.925183 0.246202 211.104 0.00250038 0.0026392
12 4 53 0.005 0.86455 0.283663 214.639 0.00251289 0.00269682
12 5 43 0.005 0.977748 0.433849 207.483 0.00188239 0.00195282
12 6 32 0.005 0.94177 0.474297 210.1 0.00141153 0.00148281
12 7 34 0.005 0.977135 0.538886 206.619 0.00145455 0.00150269
12 8 37 0.005 0.924058 0.630996 204.818 0.00158048 0.00161856
12 9 36 0.005 0.975928 0.66531 204.513 0.00149114 0.00152478
12 10 37 0.005 1.00626 0.84789 208.096 0.00143509 0.00149318
12 11 30 0.005 1.13289 0.96277 202.232 0.0010733 0.00108527
12 12 32 0.005 1.06774 0.990369 202.056 0.00116114 0.00117308
12 13 19 0.005 1.04915 1.04099 202.197 0.000682521 0.00069002
12 14 18 0.005 1.19694 1.24707 198.923 0.000577801 0.000574691
12 15 18 0.005 1.09202 1.276 199.768 0.000590306 0.000589621
12 16 0 0 0 0 0 0 0
12 17 0 0 0 0 0 0 0
12 18 0 0 0 0 0 0 0
12 19 0 0 0 0 0 0 0
12 20 0 0 0 0 0 0 0
12 21 0 0 0 0 0 0 0
12 22 0 0 0 0 0 0 0
12 23 0 0 0 0 0 0 0
13 0 46 0.005 1.01594 0.0813399 208.491 0.00206514 0.00215282
13 1 43 0.005 1.02342 0.113972 209.908 0.00192031 0.00201545
13 2 42 0.005 0.949791 0.170193 210.956 0.00193743 0.00204356
13 3 42 0.005 1.0323 0.258378 210.125 0.0018437 0.00193703
13 4 47 0.005 1.00729 0.330977 208.452 0.00206718 0.00215454
13 5 34 0.005 0.99761 0.38474 213.461 0.00148874 0.00158894
13 6 36 0.005 1.02521 0.503445 204.317 0.00152016 0.00155297
13 7 45 0.005 1.05253 0.529263 209.32 0.00186671 0.00195369
13 8 32 0.005 0.984234 0.704272 204.128 0.0013066 0.00133356
13 9 33 0.005 1.09557 0.730003 207.815 0.00127954 0.00132954
13 10 34 0.005 1.18546 0.803015 208.404 0.00124794 0.00130038
13 11 29 0.005 1.05159 0.863326 201.862 0.00110093 0.00111119
13 12 19 0.005 1.09021 0.961752 201.368 0.000690245 0.000694966
13 13 17 0.005 1.30036 1.1696 203.125 0.000540904 0.000549357
13 14 0 0 0 0 0 0 0
13 15 0 0 0 0 0 0 0
13 16 0 0 0 0 0 0 0
13 17 0 0 0 0 0 0 0
13 18 0 0 0 0 0 0 0
13 19 0 0 0 0 0 0 0
13 20 0 0 0 0 0 0 0
13 21 0 0 0 0 0 0 0
13 22 0 0 0 0 0 0 0
13 23 0 0 0 0 0 0 0
14 0 48 0.005 1.04087 0.0251572 208.066 0.0021314 0.00221735
14 1 47 0.005 1.12142 0.0710262 207.343 0.00200294 0.00207648
14 2 47 0.005 1.10068 0.170622 208.634 0.00201276 0.00209965
14 3 38 0.005 1.06168 0.284977 204.294 0.00163917 0.00167436
14 4 43 0.005 1.07409 0.274345 207.984 0.00184627 0.00191998
14 5 27 0.005 1.23764 0.423754 205.927 0.00105111 0.00108226
14 6 35 0.005 1.13768 0.480267 206.073 0.00141194 0.00145481
14 7 28 0.005 1.1484 0.509121 211.937 0.00111786 0.00118458
14 8 32 0.005 1.2252 0.656718 200.568 0.00119788 0.00120129
14 9 29 0.005 1.14049 0.787871 202.962 0.00108761 0.00110372
14 10 21 0.005 1.18722 0.83443 200.791 0.000763853 0.000766873
14 11 26 0.005 1.33695 0.968287 203.494 0.000863543 0.00087863
14 12 11 0.005 1.18706 0.951944 192.9 0.000387263 0.000373515
14 13 0 0 0 0 0 0 0
14 14 0 0 0 0 0 0 0
14 15 0 0 0 0 0 0 0
14 16 0 0 0 0 0 0 0
14 17 0 0 0 0 0 0 0
14 18 0 0 0 0 0 0 0
14 19 0 0 0 0 0 0 0
14 20 0 0 0 0 0 0 0
14 21 0 0 0 0 0 0 0
14 22 0 0 0 0 0 0 0
14 23 0 0 0 0 0 0 0
15 0 44 0.005 1.16355 0.0164193 210.984 0.00183829 0.00193925
15 1 46 0.005 1.30543 0.0599993 211.072 0.00179196 0.00189116
15 2 45 0.005 1.22062 0.215235 206.678 0.00181131 0.00187179
15 3 47 0.005 1.23058 0.311536 205.03 0.0018644 0.00191129
15 4 35 0.005 1.09121 0.270852 204.916 0.00149106 0.00152772
15 5 26 0.005 1.13872 0.46318 203.565 0.00105173 0.00107048
15 6 37 0.005 1.37194 0.542737 200.897 0.00133071 0.00133667
15 7 35 0.005 1.26296 0.561569 206.904 0.00131512 0.00136052
15 8 34 0.005 1.31452 0.689976 204.439 0.0012176 0.00124463
15 9 19 0.005 1.34114 0.721013 200.254 0.000668587 0.000669437
15 10 19 0.005 1.30463 0.916986 202.126 0.000647065 0.000653942
15 11 22 0.005 1.32766 1.00887 199.746 0.00072531 0.000724387
15 12 14 0.005 1.23884 1.04233 200.448 0.000471604 0.00047266
15 13 0 0 0 0 0 0 0
15 14 0 0 0 0 0 0 0
15 15 0 0 0 0 0 0 0
15 16 0 0 0 0 0 0 0
15 17 0 0 0 0 0 0 0
15 18 0 0 0 0 0 0 0
15 19 0 0 0 0 0 0 0
15 20 0 0 0 0 0 0 0
15 21 0 0 0 0 0 0 0
15 22 0 0 0 0 0 0 0
15 23 0 0 0 0 0 0 0
16 0 40 0.005 1.26673 0.0207926 203.287 0.00158865 0.00161476
16 1 35 0.005 1.43316 0.201842 209.781 0.00127537 0.00133774
16 2 33 0.005 1.44665 0.186271 205.172 0.00119617 0.0012271
16 3 29 0.005 1.22835 0.186275 201.277 0.00116561 0.00117306
16 4 37 0.005 1.16825 0.299753 202.671 0.00151384 0.00153406
16 5 36 0.005 1.42806 0.464191 208.859 0.00127913 0.00133579
16 6 25 0.005 1.32104 0.589649 206.906 0.000911248 0.000942712
16 7 33 0.005 1.42299 0.549481 205.726 0.00115977 0.00119298
16 8 13 0.005 1.46729 0.598875 201.474 0.000444699 0.000447977
16 9 13 0.005 1.58531 0.840984 196.771 0.000405638 0.00039909
16 10 12 0.005 1.53786 0.990676 201.974 0.000368968 0.00037261
16 11 0 0 0 0 0 0 0
16 12 0 0 0 0 0 0 0
16 13 0 0 0 0 0 0 0
16 14 0 0 0 0 0 0 0
16 15 0 0 0 0 0 0 0
16 16 0 0 0 0 0 0 0
16 17 0 0 0 0 0 0 0
16 18 0 0 0 0 0 0 0
16 19 0 0 0 0 0 0 0
16 20 0 0 0 0 0 0 0
16 21 0 0 0 0 0 0 0
16 22 0 0 0 0 0 0 0
16 23 0 0 0 0 0 0 0
17 0 22 0.005 1.27592 0.0329169 201.977 0.000869756 0.000878354
17 1 28 0.005 1.42857 0.168038 207.262 0.00102455 0.00106175
17 2 27 0.005 1.44213 0.166577 205.474 0.000981824 0.0010087
17 3 36 0.005 1.50994 0.24397 200.476 0.00126282 0.00126582
17 4 19 0.005 1.49451 0.267159 203.089 0.000669959 0.000680305
17 5 16 0.005 1.63216 0.392602 202.667 0.000524896 0.000531895
17 6 13 0.005 1.53601 0.575496 205.335 0.000433785 0.000445356
17 7 15 0.005 1.46879 0.493544 203.808 0.000521396 0.000531323
17 8 12 0.005 1.63515 0.705923 195.4 0.000376602 0.000367941
17 9 12 0.005 1.55021 0.76319 201.97 0.00038531 0.000389104
17 10 0 0 0 0 0 0 0
17 11 0 0 0 0 0 0 0
17 12 0 0 0 0 0 0 0
17 13 0 0 0 0 0 0 0
17 14 0 0 0 0 0 0 0
17 15 0 0 0 0 0 0 0
17 16 0 0 0 0 0 0 0
17 17 0 0 0 0 0 0 0
17 18 0 0 0 0 0 0 0
17 19 0 0 0 0 0 0 0
17 20 0 0 0 0 0 0 0
17 21 0 0 0 0 0 0 0
17 22 0 0 0 0 0 0 0
17 23 0 0 0 0 0 0 0
18 0 26 0.005 1.61829 0.0330593 202.643 0.000875985 0.000887562
18 1 19 0.005 1.68045 0.110775 199.213 0.000621842 0.000619395
18 2 25 0.005 1.52811 0.302083 199.735 0.000865759 0.000864611
18 3 16 0.005 1.65314 0.312607 204.452 0.000524037 0.000535701
18 4 15 0.005 1.74054 0.373562 204.939 0.000470922 0.000482553
18 5 15 0.005 1.7947 0.410544 213.48 0.000458944 0.000489877
18 6 14 0.005 1.89833 0.626377 199.483 0.000401505 0.000400468
18 7 12 0.005 1.93387 0.737231 203.87 0.000334658 0.000341133
18 8 10 0.005 1.74291 0.713623 196.507 0.000300617 0.000295366
18 9 0 0 0 0 0 0 0
18 10 0 0 0 0 0 0 0
18 11 0 0 0 0 0 0 0
18 12 0 0 0 0 0 0 0
18 13 0 0 0 0 0 0 0
18 14 0 0 0 0 0 0 0
18 15 0 0 0 0 0 0 0
18 16 0 0 0 0 0 0 0
18 17 0 0 0 0 0 0 0
18 18 0 0 0 0 0 0 0
18 19 0 0 0 0 0 0 0
18 20 0 0 0 0 0 0 0
18 21 0 0 0 0 0 0 0
18 22 0 0 0 0 0 0 0
18 23 0 0 0 0 0 0 0
19 0 0 0 0 0 0 0 0
19 1 13 0.005 1.84539 0.18297 196.508 0.000395529 0.000388623
19 2 13 0.005 1.86108 0.203076 206.602 0.000392625 0.000405585
19 3 15 0.005 1.80521 0.26614 196.205 0.000462107 0.000453339
19 4 0 0 0 0 0 0 0
19 5 0 0 0 0 0 0 0
19 6 0 0 0 0 0 0 0
19 7 0 0 0 0 0 0 0
19 8 0 0 0 0 0 0 0
19 9 0 0 0 0 0 0 0
19 10 0 0 0 0 0 0 0
19 11 0 0 0 0 0 0 0
19 12 0 0 0 0 0 0 0
19 13 0 0 0 0 0 0 0
19 14 0 0 0 0 0 0 0
19 15 0 0 0 0 0 0 0
19 16 0 0 0 0 0 0 0
19 17 0 0 0 0 0 0 0
19 18 0 0 0 0 0 0 0
19 19 0 0 0 0 0 0 0
19 20 0 0 0 0 0 0 0
19 21 0 0 0 0 0 0 0
19 22 0 0 0 0 0 0 0
19 23 0 0 0 0 0 0 0
20 0 0 0 0 0 0 0 0
20 1 0 0 0 0 0 0 0
20 2 0 0 0 0 0 0 0
20 3 0 0 0 0 0 0 0
20 4 0 0 0 0 0 0 0
20 5 0 0 0 0 0 0 0
20 6 0 0 0 0 0 0 0
20 7 0 0 0 0 0 0 0
20 8 0 0 0 0 0 0 0
20 9 0 0 0 0 0 0 0
20 10 0 0 0 0 0 0 0
20 11 0 0 0 0 0 0 0
20 12 0 0 0 0 0 0 0
20 13 0 0 0 0 0 0 0
20 14 0 0 0 0 0 0 0
20 15 0 0 0 0 0 0 0
20 16 0 0 0 0 0 0 0
20 17 0 0 0 0 0 0 0
20 18 0 0 0 0 0 0 0
20 19 0 0 0 0 0 0 0
20 20 0 0 0 0 0 0 0
20 21 0 0 0 0 0 0 0
20 22 0 0 0 0 0 0 0
20 23 0 0 0 0 0 0 0
21 0 0 0 0 0 0 0 0
21 1 0 0 0 0 0 0 0
21 2 0 0 0 0 0 0 0
21 3 0 0 0 0 0 0 0
21 4 0 0 0 0 0 0 0
21 5 0 0 0 0 0 0 0
21 6 0 0 0 0 0 0 0
21 7 0 0 0 0 0 0 0
21 8 0 0 0 0 0 0 0
21 9 0 0 0 0 0 0 0
21 10 0 0 0 0 0 0 0
21 11 0 0 0 0 0 0 0
21 12 0 0 0 0 0 0 0
21 13 0 0 0 0 0 0 0
21 14 0 0 0 0 0 0 0
21 15 0 0 0 0 0 0 0
21 16 0 0 0 0 0 0 0
21 17 0 0 0 0 0 0 0
21 18 0 0 0 0 0 0 0
21 19 0 0 0 0 0 0 0
21 20 0 0 0 0 0 0 0
21 21 0 0 0 0 0 0 0
21 22 0 0 0 0 0 0 0
21 23 0 0 0 0 0 0 0
22 0 0 0 0 0 0 0 0
22 1 0 0 0 0 0 0 0
22 2 0 0 0 0 0 0 0
22 3 0 0 0 0 0 0 0
22 4 0 0 0 0 0 0 0
22 5 0 0 0 0 0 0 0
22 6 0 0 0 0 0 0 0
22 7 0 0 0 0 0 0 0
22 8 0 0 0 0 0 0 0
22 9 0 0 0 0 0 0 0
22 10 0 0 0 0 0 0 0
22 11 0 0 0 0 0 0 0
22 12 0 0 0 0 0 0 0
22 13 0 0 0 0 0 0 0
22 14 0 0 0 0 0 0 0
22 15 0 0 0 0 0 0 0
22 16 0 0 0 0 0 0 0
22 17 0 0 0 0 0 0 0
22 18 0 0 0 0 0 0 0
22 19 0 0 0 0 0 0 0
22 20 0 0 0 0 0 0 0
22 21 0 0 0 0 0 0 0
22 22 0 0 0 0 0 0 0
22 23 0 0 0 0 0 0 0
23 0 0 0 0 0 0 0 0
23 1 0 0 0 0 0 0 0
23 2 0 0 0 0 0 0 0
23 3 0 0 0 0 0 0 0
23 4 0 0 0 0 0 0 0
23 5 0 0 0 0 0 0 0
23 6 0 0 0 0 0 0 0
23 7 0 0 0 0 0 0 0
23 8 0 0 0 0 0 0 0
23 9 0 0 0 0 0 0 0
23 10 0 0 0 0 0 0 0
23 11 0 0 0 0 0 0 0
23 12 0 0 0 0 0 0 0
23 13 0 0 0 0 0 0 0
23 14 0 0 0 0 0 0 0
23 15 0 0 0 0 0 0 0
23 16 0 0 0 0 0 0 0
23 17 0 0 0 0 0 0 0
23 18 0 0 0 0 0 0 0
23 19 0 0 0 0 0 0 0
23 20 0 0 0 0 0 0 0
23 21 0 0 0 0 0 0 0
23 22 0 0 0 0 0 0 0
23 23 0 0 0 0 0 0 0
