#  ix    iy     NB       E/N    TB    UxB       UyB       muB       rhoB     epsilonB
0 0 10 0.005 -0.070376 0.0731009 201.051 0.000350314 0.000352154
0 1 11 0.005 -0.00409107 0.116296 197.139 0.000384728 0.000379224
0 2 14 0.005 0.0338889 0.0612958 196.536 0.000491753 0.000483235
0 3 0 0 0 0 0 0 0
0 4 0 0 0 0 0 0 0
0 5 16 0.005 -0.00229631 0.223167 197.572 0.000549853 0.000543177
0 6 12 0.005 -0.00809491 0.187882 199.717 0.000415256 0.000414668
0 7 14 0.005 -0.0152785 0.268464 197.847 0.000476047 0.000470922
0 8 0 0 0 0 0 0 0
0 9 13 0.005 0.0729326 0.376883 199.382 0.000427342 0.000426021
0 10 0 0 0 0 0 0 0
0 11 10 0.005 -0.0410275 0.388287 199.789 0.000327998 0.000327651
0 12 13 0.005 0.02047 0.45105 196.939 0.000417192 0.000410808
0 13 16 0.005 0.0172111 0.541539 194.107 0.000495345 0.000480749
0 14 18 0.005 0.00908178 0.527785 197.601 0.000560506 0.000553784
0 15 14 0.005 0.00289018 0.591619 196.751 0.000424267 0.000417374
0 16 21 0.005 0.0408325 0.627102 195.132 0.000626074 0.000610835
0 17 18 0.005 0.00620981 0.768102 196.149 0.000502635 0.000492956
0 18 16 0.005 0.0118527 0.725514 197.539 0.000455986 0.000450375
0 19 17 0.005 0.0239864 0.812164 197.178 0.000464571 0.000458016
0 20 11 0.005 0.0071012 0.908857 193.918 0.000286626 0.000277909
0 21 14 0.005 0.0640443 0.948612 193.809 0.000357256 0.000346197
0 22 22 0.005 0.0592362 0.93593 198.674 0.000565049 0.000561302
0 23 14 0.005 0.0450057 0.972794 194.161 0.000353164 0.000342853
1 0 12 0.005 0.0699395 0.104101 194.456 0.000419251 0.00040763
1 1 18 0.005 0.0811503 0.0401049 194.258 0.000631222 0.000613101
1 2 14 0.005 0.0203211 0.103797 195.711 0.000490223 0.00047971
1 3 10 0.005 -0.033404 0.103665 195.438 0.000350043 0.000342059
1 4 13 0.005 0.0788082 0.210009 194.781 0.000446648 0.000434994
1 5 10 0.005 0.0236163 0.262436 196.582 0.000340491 0.000334672
1 6 11 0.005 0.0805414 0.213023 193.592 0.000377654 0.000365554
1 7 16 0.005 0.0543464 0.171673 194.481 0.000554463 0.000539161
1 8 11 0.005 0.0618083 0.31879 195.38 0.000368388 0.000359878
1 9 0 0 0 0 0 0 0
1 10 13 0.005 0.0872413 0.352856 198.488 0.000430209 0.000426956
1 11 13 0.005 0.060995 0.5397 192.702 0.000402245 0.000387568
1 12 0 0 0 0 0 0 0
1 13 0 0 0 0 0 0 0
1 14 11 0.005 0.104669 0.60199 195.82 0.00033051 0.000323601
1 15 14 0.005 0.166162 0.684935 193.218 0.000402936 0.000389273
1 16 12 0.005 0.0628898 0.605079 193.255 0.000360986 0.000348813
1 17 20 0.005 0.127395 0.680128 196.676 0.000579104 0.000569479
1 18 14 0.005 0.0460656 0.754565 192.773 0.000393237 0.000379026
1 19 16 0.005 0.0567619 0.773343 194.399 0.000445213 0.000432744
1 20 0 0 0 0 0 0 0
1 21 20 0.005 0.0822701 0.981106 199.454 0.000501824 0.000500454
1 22 19 0.005 0.152483 1.03396 197.303 0.00046251 0.000456272
1 23 14 0.005 0.0773696 0.974326 197.135 0.000352536 0.000347485
2 0 12 0.005 0.0873208 -0.00901336 196.857 0.000420916 0.000414302
2 1 13 0.005 0.0541853 -0.0420973 196.956 0.000456673 0.000449722
2 2 0 0 0 0 0 0 0
2 3 11 0.005 0.0296122 0.153594 195.361 0.000382671 0.000373794
2 4 12 0.005 0.0237404 0.0941916 198.853 0.000420556 0.000418143
2 5 0 0 0 0 0 0 0
2 6 15 0.005 0.0600638 0.259887 196.093 0.000510326 0.000500356
2 7 17 0.005 0.0880429 0.280784 198.518 0.000574245 0.000569991
2 8 15 0.005 0.0383454 0.392128 197.731 0.000491403 0.000485827
2 9 0 0 0 0 0 0 0
2 10 13 0.005 0.0457053 0.399817 195.32 0.000424651 0.000414714
2 11 15 0.005 0.150662 0.359227 201.024 0.000492147 0.000494668
2 12 16 0.005 0.103086 0.48071 199.034 0.000505582 0.000503139
2 13 0 0 0 0 0 0 0
2 14 0 0 0 0 0 0 0
2 15 17 0.005 0.121109 0.6698 194.65 0.000494839 0.000481602
2 16 13 0.005 0.126158 0.55002 198.141 0.000398653 0.000394947
2 17 18 0.005 0.0733377 0.695668 194.06 0.000519348 0.000503924
2 18 10 0.005 0.0868555 0.729412 194.576 0.000283779 0.000276083
2 19 11 0.005 0.112175 0.968493 198.239 0.000277328 0.000274886
2 20 14 0.005 0.140366 0.964312 193.335 0.000353051 0.000341285
2 21 15 0.005 0.145581 0.952134 194.625 0.000380406 0.000370183
2 22 12 0.005 0.125489 0.97747 193.681 0.000300953 0.000291444
2 23 17 0.005 0.129248 1.21907 197.679 0.000378368 0.000373978
3 0 0 0 0 0 0 0 0
3 1 17 0.005 0.152202 -0.0023424 197.055 0.000591775 0.000583062
3 2 12 0.005 0.162397 -0.015249 197.404 0.000417024 0.00041161
3 3 15 0.005 0.162632 0.0416736 194.857 0.000520879 0.000507484
3 4 22 0.005 0.0900315 0.17841 195.671 0.000759628 0.000743185
3 5 16 0.005 0.172468 0.268907 201.079 0.000536661 0.000539557
3 6 17 0.005 0.126375 0.22099 194.054 0.00058009 0.000562842
3 7 18 0.005 0.143706 0.330907 198.294 0.000596192 0.000591107
3 8 0 0 0 0 0 0 0
3 9 15 0.005 0.130027 0.346895 195.19 0.000495275 0.000483363
3 10 14 0.005 0.0724215 0.402299 195.109 0.000456308 0.000445148
3 11 0 0 0 0 0 0 0
3 12 10 0.005 0.0967851 0.38781 197.146 0.000326962 0.000322295
3 13 10 0.005 0.205452 0.513621 194.326 0.000308111 0.00029937
3 14 13 0.005 0.100733 0.531166 200.154 0.000402667 0.000402977
3 15 12 0.005 0.141454 0.670827 194.766 0.000348499 0.000339379
3 16 14 0.005 0.144141 0.601197 197.354 0.000419297 0.000413749
3 17 14 0.005 0.107853 0.669994 197.765 0.000407901 0.000403343
3 18 10 0.005 0.0823985 0.800574 194.743 0.00027431 0.0002671
3 19 17 0.005 0.125993 0.908498 195.144 0.000441139 0.000430429
3 20 21 0.005 0.160934 0.848531 197.586 0.000559617 0.000552864
3 21 15 0.005 0.189269 0.880886 194.421 0.000392392 0.000381446
3 22 21 0.005 0.210048 0.959859 196.999 0.000527436 0.000519522
3 23 16 0.005 0.11029 1.06369 196.681 0.000384795 0.000378409
4 0 12 0.005 0.135517 0.0872478 196.514 0.000417152 0.000409881
4 1 0 0 0 0 0 0 0
4 2 0 0 0 0 0 0 0
4 3 10 0.005 0.158024 0.0790836 194.956 0.000346741 0.000337995
4 4 13 0.005 0.263666 0.23953 195.007 0.000431205 0.000420441
4 5 10 0.005 0.0706795 0.263629 192.045 0.000339687 0.000326177
4 6 11 0.005 0.139561 0.302237 192.8 0.000367495 0.000354265
4 7 11 0.005 0.141727 0.279183 198.113 0.00036963 0.000366142
4 8 0 0 0 0 0 0 0
4 9 0 0 0 0 0 0 0
4 10 18 0.005 0.174605 0.3682 196.591 0.00058694 0.000576937
4 11 0 0 0 0 0 0 0
4 12 11 0.005 0.108553 0.501465 195.596 0.000344611 0.000337022
4 13 10 0.005 0.227733 0.469686 195.332 0.000312146 0.000304861
4 14 17 0.005 0.126543 0.51844 195.437 0.000528097 0.000516049
4 15 12 0.005 0.161671 0.65424 197.265 0.000350393 0.000345602
4 16 14 0.005 0.10461 0.622458 194.792 0.000416864 0.000406009
4 17 18 0.005 0.171835 0.710174 196.389 0.000511752 0.000502511
4 18 18 0.005 0.112457 0.80061 196.393 0.000492874 0.000483985
4 19 14 0.005 0.129147 0.766162 198.965 0.00038927 0.000387254
4 20 18 0.005 0.234641 0.935717 194.203 0.000456148 0.000442927
4 21 18 0.005 0.193757 0.923665 197.938 0.000460938 0.000456187
4 22 16 0.005 0.148336 0.961731 195.12 0.000403763 0.000393911
4 23 11 0.005 0.195931 1.0237 195.766 0.000268152 0.000262476
5 0 16 0.005 0.188982 0.063805 197.064 0.000552497 0.000544387
5 1 0 0 0 0 0 0 0
5 2 16 0.005 0.198312 0.0867545 195.612 0.000550628 0.000538547
5 3 18 0.005 0.143675 0.127012 196.491 0.000622461 0.00061154
5 4 10 0.005 0.274366 0.188944 200.031 0.000334064 0.000334115
5 5 0 0 0 0 0 0 0
5 6 0 0 0 0 0 0 0
5 7 13 0.005 0.232028 0.309208 199.125 0.000426954 0.000425085
5 8 11 0.005 0.250159 0.2306 197.059 0.000366682 0.00036129
5 9 16 0.005 0.227585 0.353917 193.175 0.000519283 0.000501563
5 10 14 0.005 0.144973 0.444098 196.542 0.000446625 0.000438903
5 11 14 0.005 0.274204 0.399934 199.282 0.00044356 0.000441967
5 12 0 0 0 0 0 0 0
5 13 11 0.005 0.27393 0.564874 196.738 0.000328038 0.000322687
5 14 12 0.005 0.239585 0.64986 197.365 0.000347355 0.000342778
5 15 12 0.005 0.271236 0.497404 195.922 0.000367633 0.000360137
5 16 18 0.005 0.157224 0.652834 195.073 0.000526179 0.000513216
5 17 0 0 0 0 0 0 0
5 18 16 0.005 0.246684 0.734349 194.174 0.000445374 0.0004324
5 19 11 0.005 0.149984 0.777869 198.354 0.000303601 0.000301102
5 20 17 0.005 0.228658 0.887532 196.123 0.000441288 0.000432734
5 21 16 0.005 0.278529 0.898423 200.253 0.00041037 0.000410889
5 22 16 0.005 0.211754 0.960058 197.441 0.000401744 0.000396603
5 23 18 0.005 0.234036 0.978256 198.055 0.000446855 0.000442509
6 0 19 0.005 0.222814 0.0333737 194.905 0.000652655 0.00063603
6 1 17 0.005 0.239001 0.0669535 196.59 0.000580964 0.00057106
6 2 10 0.005 0.26037 0.137174 194.372 0.000337789 0.000328284
6 3 10 0.005 0.248128 0.107013 200.015 0.000339921 0.000339946
6 4 12 0.005 0.248715 0.116576 193.893 0.000407444 0.000395003
6 5 13 0.005 0.28158 0.254318 194.423 0.000427975 0.000416041
6 6 14 0.005 0.14227 0.203366 196.636 0.000478442 0.000470395
6 7 14 0.005 0.19533 0.301529 194.28 0.000463926 0.000450658
6 8 0 0 0 0 0 0 0
6 9 15 0.005 0.319277 0.344976 194.714 0.000477996 0.000465363
6 10 16 0.005 0.220399 0.428327 197.992 0.000507562 0.000502468
6 11 12 0.005 0.230166 0.430903 193.943 0.000379654 0.000368157
6 12 0 0 0 0 0 0 0
6 13 16 0.005 0.236811 0.45297 198.805 0.000501648 0.00049865
6 14 13 0.005 0.277353 0.632458 199.04 0.000376656 0.000374849
6 15 0 0 0 0 0 0 0
6 16 13 0.005 0.207991 0.659361 197.806 0.000376518 0.000372388
6 17 15 0.005 0.286146 0.776762 198.542 0.000406857 0.000403891
6 18 16 0.005 0.320017 0.737528 193.367 0.000439076 0.000424514
6 19 18 0.005 0.291828 0.845798 196.225 0.000472338 0.000463422
6 20 12 0.005 0.323168 0.865596 198.175 0.000310344 0.000307513
6 21 16 0.005 0.233159 0.984566 195.427 0.000396027 0.000386973
6 22 20 0.005 0.257012 0.949115 198.863 0.000502138 0.000499283
6 23 10 0.005 0.27587 0.960135 196.985 0.000249108 0.000245353
7 0 0 0 0 0 0 0 0
7 1 11 0.005 0.19571 0.0698148 200.012 0.000379224 0.000379247
7 2 14 0.005 0.238539 0.129081 193.92 0.000475769 0.000461306
7 3 0 0 0 0 0 0 0
7 4 0 0 0 0 0 0 0
7 5 16 0.005 0.3042 0.261576 196.208 0.000522869 0.000512955
7 6 11 0.005 0.235204 0.244743 195.731 0.00036677 0.000358942
7 7 14 0.005 0.22263 0.277946 194.319 0.00046439 0.000451198
7 8 0 0 0 0 0 0 0
7 9 14 0.005 0.333794 0.293807 196.68 0.000450431 0.000442954
7 10 15 0.005 0.280694 0.429477 197.328 0.000469927 0.000463648
7 11 11 0.005 0.30026 0.503837 195.409 0.000334098 0.000326428
7 12 10 0.005 0.29022 0.511219 193.809 0.000303549 0.000294152
7 13 14 0.005 0.263566 0.589841 200.612 0.000414063 0.000415329
7 14 16 0.005 0.282807 0.523237 195.536 0.000484207 0.000473401
7 15 18 0.005 0.263148 0.609737 195.03 0.000527981 0.00051486
7 16 23 0.005 0.275965 0.645324 194.142 0.000662884 0.000643468
7 17 12 0.005 0.3264 0.700954 194.417 0.000334266 0.000324934
7 18 19 0.005 0.333784 0.793384 197.085 0.000507052 0.000499663
7 19 17 0.005 0.342444 0.880009 193.803 0.000435217 0.000421731
7 20 18 0.005 0.262761 0.897099 192.701 0.000463009 0.000446111
7 21 15 0.005 0.335862 0.88761 194.937 0.000383108 0.000373409
7 22 16 0.005 0.362595 1.08954 196.316 0.000369992 0.000363176
7 23 15 0.005 0.341891 0.973845 194.606 0.000367523 0.000357612
8 0 11 0.005 0.376623 0.0104128 196.953 0.000362452 0.00035693
8 1 0 0 0 0 0 0 0
8 2 14 0.005 0.26648 0.133947 193.68 0.000472395 0.000457467
8 3 13 0.005 0.195359 0.215996 195.087 0.000439487 0.000428692
8 4 10 0.005 0.27426 0.170916 199.988 0.000335052 0.000335032
8 5 15 0.005 0.265723 0.189672 196.487 0.000502089 0.000493269
8 6 0 0 0 0 0 0 0
8 7 17 0.005 0.34164 0.292843 195.034 0.000545874 0.000532321
8 8 10 0.005 0.398537 0.346087 197.884 0.000311396 0.000308101
8 9 13 0.005 0.343216 0.40025 196.368 0.000404912 0.000397559
8 10 0 0 0 0 0 0 0
8 11 15 0.005 0.281969 0.394508 195.753 0.000475241 0.000465149
8 12 14 0.005 0.203122 0.478748 194.012 0.00043735 0.000424256
8 13 19 0.005 0.360459 0.564909 195.373 0.000555767 0.000542909
8 14 22 0.005 0.374078 0.558396 196.457 0.000642924 0.000631536
8 15 12 0.005 0.316736 0.535082 195.191 0.000358824 0.000350197
8 16 24 0.005 0.409141 0.692099 196.54 0.000658606 0.000647212
8 17 12 0.005 0.389729 0.842039 197.238 0.000309741 0.000305463
8 18 11 0.005 0.317793 0.756718 197.587 0.000299396 0.000295785
8 19 23 0.005 0.286964 0.777958 195.704 0.000623418 0.000610027
8 20 20 0.005 0.383763 0.828565 198.126 0.00052004 0.000515168
8 21 14 0.005 0.315761 0.900158 197.499 0.000356693 0.000352233
8 22 22 0.005 0.402841 1.10867 197.66 0.000500928 0.000495066
8 23 20 0.005 0.326599 1.02984 195.897 0.000478364 0.000468552
9 0 23 0.005 0.336762 0.0154144 199.504 0.000767425 0.000765523
9 1 15 0.005 0.318066 0.0836493 198.93 0.000501731 0.000499046
9 2 18 0.005 0.320763 0.181306 198.877 0.000594718 0.000591378
9 3 15 0.005 0.362736 0.18432 197.387 0.000489223 0.000482832
9 4 14 0.005 0.284714 0.0920457 195.632 0.000472269 0.000461954
9 5 11 0.005 0.351525 0.235657 195.024 0.000356696 0.000347821
9 6 12 0.005 0.265687 0.249786 195.91 0.000396964 0.000388846
9 7 17 0.005 0.35421 0.281529 197.201 0.000545365 0.000537733
9 8 14 0.005 0.382748 0.402485 196.303 0.000430948 0.000422981
9 9 18 0.005 0.307825 0.384529 196.757 0.000568572 0.000559352
9 10 12 0.005 0.281528 0.368291 192.721 0.000383348 0.000369397
9 11 13 0.005 0.428365 0.411131 195.076 0.000393598 0.000383908
9 12 18 0.005 0.379291 0.398825 196.614 0.000555258 0.000545858
9 13 10 0.005 0.344189 0.541961 194.612 0.000296303 0.00028832
9 14 17 0.005 0.287865 0.534075 195.149 0.000511766 0.000499352
9 15 21 0.005 0.403321 0.57313 194.827 0.000605537 0.000589876
9 16 23 0.005 0.372924 0.612614 197.759 0.000658103 0.00065073
9 17 17 0.005 0.457653 0.713192 201.58 0.000456676 0.000460283
9 18 16 0.005 0.432697 0.791621 195.375 0.000418308 0.000408635
9 19 19 0.005 0.433185 0.832719 196.768 0.00048779 0.000479906
9 20 22 0.005 0.384223 0.875124 197.41 0.000560007 0.000552756
9 21 13 0.005 0.560898 1.04653 194.666 0.00029487 0.000287006
9 22 11 0.005 0.418945 0.993974 193.084 0.000263327 0.000254221
9 23 17 0.005 0.439129 1.02138 194.422 0.000400304 0.00038914
10 0 0 0 0 0 0 0 0
10 1 10 0.005 0.330271 -0.0407897 194.505 0.000334099 0.00032492
10 2 16 0.005 0.422142 0.0487401 197.157 0.000518506 0.000511136
10 3 18 0.005 0.438105 0.119459 192.444 0.00057709 0.000555288
10 4 21 0.005 0.372357 0.253409 196.332 0.000674206 0.00066184
10 5 13 0.005 0.4252 0.135778 194.406 0.000417997 0.000406306
10 6 17 0.005 0.493955 0.207646 197.001 0.000527622 0.00051971
10 7 16 0.005 0.399029 0.22985 194.099 0.000511729 0.00049663
10 8 12 0.005 0.418773 0.256212 194.425 0.000379293 0.00036872
10 9 19 0.005 0.385082 0.361721 195.94 0.000591532 0.000579523
10 10 18 0.005 0.413022 0.425636 196.428 0.000545137 0.000535401
10 11 14 0.005 0.359923 0.421913 198.034 0.000431102 0.000426863
10 12 0 0 0 0 0 0 0
10 13 15 0.005 0.387869 0.537685 196.767 0.00044021 0.000433095
10 14 12 0.005 0.418306 0.602824 195.179 0.000340668 0.000332456
10 15 14 0.005 0.432862 0.71549 201.718 0.00037816 0.000381409
10 16 12 0.005 0.308385 0.641557 196.12 0.000344231 0.000337554
10 17 21 0.005 0.360814 0.680393 195.472 0.000585837 0.000572572
10 18 13 0.005 0.483916 0.786343 193.652 0.000336314 0.000325639
10 19 21 0.005 0.42372 0.798472 195.154 0.000548545 0.000535255
10 20 14 0.005 0.459189 0.93414 197.139 0.00034152 0.000336634
10 21 13 0.005 0.514703 0.955254 194.589 0.000310208 0.000301815
10 22 21 0.005 0.379411 0.862824 193.065 0.000538086 0.000519428
10 23 19 0.005 0.419781 1.03822 199.66 0.000445603 0.000444845
11 0 17 0.005 0.542211 0.021329 196.691 0.000526124 0.000517418
11 1 13 0.005 0.436179 0.0514361 198.051 0.000419106 0.000415021
11 2 11 0.005 0.398128 0.0875475 199.583 0.000358669 0.00035792
11 3 13 0.005 0.454008 0.122973 197.079 0.000414213 0.000408164
11 4 15 0.005 0.47719 0.17723 195.719 0.000470695 0.00046062
11 5 14 0.005 0.384255 0.27497 199.126 0.000445708 0.000443759
11 6 10 0.005 0.509686 0.244355 199.488 0.000306534 0.00030575
11 7 14 0.005 0.404685 0.280755 195.935 0.000442227 0.000433238
11 8 19 0.005 0.477707 0.358872 199.033 0.00057431 0.000571534
11 9 18 0.005 0.44386 0.400702 195.879 0.000543967 0.000532759
11 10 22 0.005 0.471058 0.368569 193.659 0.000664808 0.000643729
11 11 22 0.005 0.399841 0.457089 195.107 0.000662116 0.000645917
11 12 0 0 0 0 0 0 0
11 13 22 0.005 0.441385 0.49103 196.138 0.000646454 0.000633971
11 14 15 0.005 0.48085 0.619129 195.498 0.00041567 0.000406313
11 15 22 0.005 0.45244 0.646452 196.89 0.000608133 0.000598677
11 16 13 0.005 0.518998 0.728232 194.635 0.000341214 0.000332062
11 17 24 0.005 0.489412 0.735939 197.263 0.000633206 0.000624541
11 18 21 0.005 0.507941 0.760358 199.027 0.000545691 0.000543038
11 19 17 0.005 0.479562 0.773629 195.93 0.000442675 0.000433668
11 20 0 0 0 0 0 0 0
11 21 15 0.005 0.482229 0.933059 196.272 0.000364199 0.000357411
11 22 16 0.005 0.52668 1.05834 195.799 0.000363851 0.000356209
11 23 10 0.005 0.642023 1.25685 195.464 0.000203569 0.000198952
12 0 10 0.005 0.484467 0.0396742 195.805 0.000316682 0.000310039
12 1 13 0.005 0.45281 0.0579459 196.305 0.00041641 0.000408717
12 2 11 0.005 0.354528 0.173216 192.325 0.000360291 0.000346465
12 3 17 0.005 0.472183 0.115157 201.289 0.000538373 0.000541842
12 4 23 0.005 0.47227 0.12913 193.704 0.000727359 0.000704463
12 5 13 0.005 0.40996 0.178719 196.125 0.000417862 0.000409767
12 6 20 0.005 0.522558 0.208423 198.733 0.000613762 0.000609874
12 7 12 0.005 0.535351 0.345875 196.669 0.000356315 0.000350381
12 8 13 0.005 0.450696 0.302981 193.478 0.000402256 0.00038914
12 9 12 0.005 0.493834 0.388259 197.561 0.000357796 0.000353432
12 10 17 0.005 0.518141 0.322332 193.734 0.00051097 0.000494962
12 11 18 0.005 0.418467 0.461122 195.669 0.000538021 0.000526368
12 12 13 0.005 0.594246 0.503707 195.007 0.000361108 0.000352092
12 13 23 0.005 0.485744 0.589156 195.937 0.000643668 0.000630592
12 14 18 0.005 0.537503 0.660044 195.758 0.00048263 0.000472393
12 15 15 0.005 0.472318 0.652709 197.377 0.00041129 0.000405896
12 16 21 0.005 0.461103 0.681687 195.757 0.000570944 0.000558831
12 17 21 0.005 0.530511 0.74044 198.735 0.000546653 0.000543195
12 18 19 0.005 0.573941 0.819407 196.448 0.000472966 0.000464567
12 19 15 0.005 0.530072 0.818114 197.601 0.000378202 0.000373666
12 20 12 0.005 0.566598 0.943944 193.572 0.000284095 0.000274964
12 21 22 0.005 0.502834 0.925177 194.71 0.000533442 0.000519332
12 22 19 0.005 0.577105 1.05693 195.507 0.000427404 0.000417802
12 23 15 0.005 0.535623 1.00781 192.926 0.00034807 0.000335759
13 0 14 0.005 0.544924 0.0318223 196.518 0.000432693 0.00042516
13 1 19 0.005 0.505985 0.112173 193.97 0.000593981 0.000576071
13 2 17 0.005 0.51893 0.077538 198.579 0.000530059 0.000526293
13 3 15 0.005 0.473541 0.136879 197.379 0.000473741 0.000467532
13 4 13 0.005 0.501159 0.174364 195.941 0.000404348 0.000396142
13 5 14 0.005 0.531403 0.272039 198.838 0.000423269 0.00042081
13 6 11 0.005 0.567523 0.376239 196.986 0.000320153 0.000315329
13 7 13 0.005 0.477369 0.242203 194.465 0.000403564 0.000392396
13 8 14 0.005 0.467302 0.263377 196.287 0.000434406 0.000426341
13 9 12 0.005 0.538693 0.370648 197.403 0.000353642 0.00034905
13 10 17 0.005 0.538962 0.395291 196.987 0.000497664 0.000490166
13 11 15 0.005 0.496346 0.492854 197.326 0.0004328 0.000427012
13 12 16 0.005 0.493843 0.473988 196.213 0.000464898 0.000456095
13 13 13 0.005 0.495387 0.503062 194.613 0.000373938 0.000363867
13 14 16 0.005 0.599725 0.675511 198.693 0.000418067 0.000415335
13 15 19 0.005 0.608261 0.627702 192.433 0.000503718 0.000484659
13 16 13 0.005 0.565081 0.685453 197.035 0.000342216 0.000337143
13 17 20 0.005 0.583175 0.782418 198.184 0.000504013 0.000499435
13 18 12 0.005 0.509513 0.752131 197.981 0.000312749 0.000309591
13 19 20 0.005 0.638991 0.839416 195.906 0.000484473 0.000474554
13 20 26 0.005 0.597224 0.904308 196.356 0.000620841 0.000609529
13 21 11 0.005 0.684604 1.04288 196.552 0.000242253 0.000238076
13 22 13 0.005 0.681804 1.00979 195.846 0.000290404 0.000284373
13 23 17 0.005 0.695824 1.06825 193.83 0.000369435 0.000358037
14 0 14 0.005 0.533844 0.0647664 198.541 0.000434162 0.000430996
14 1 0 0 0 0 0 0 0
14 2 13 0.005 0.513501 0.12129 194.879 0.000404848 0.000394482
14 3 16 0.005 0.506599 0.140377 194.042 0.000498674 0.000483818
14 4 20 0.005 0.618074 0.14097 198.836 0.000594778 0.000591316
14 5 11 0.005 0.638066 0.211249 197.248 0.000321461 0.000317038
14 6 22 0.005 0.586363 0.26764 196.459 0.000651113 0.000639587
14 7 16 0.005 0.649168 0.350172 193.909 0.000453391 0.000439584
14 8 15 0.005 0.617505 0.330874 200.247 0.000432578 0.000433111
14 9 14 0.005 0.532079 0.36954 193.638 0.000413729 0.000400568
14 10 16 0.005 0.644842 0.48394 196.694 0.000438588 0.000431338
14 11 14 0.005 0.542172 0.454944 194.117 0.000402374 0.000390538
14 12 17 0.005 0.540319 0.475823 195.214 0.000485785 0.00047416
14 13 11 0.005 0.612045 0.566647 197.669 0.000297441 0.000293974
14 14 20 0.005 0.653868 0.732971 197.589 0.000502405 0.000496348
14 15 14 0.005 0.551072 0.653198 197.167 0.000374751 0.000369442
14 16 15 0.005 0.648348 0.753015 195.826 0.000374655 0.000366837
14 17 12 0.005 0.634107 0.790225 195.147 0.000296814 0.000289611
14 18 20 0.005 0.642908 0.811383 195.323 0.000489273 0.00047783
14 19 18 0.005 0.710513 0.876269 199.483 0.000420422 0.000419336
14 20 12 0.005 0.705681 0.9629 196.86 0.000271327 0.000267067
14 21 19 0.005 0.658013 1.01867 194.409 0.000425626 0.000413728
14 22 18 0.005 0.705827 1.03074 196.211 0.000396079 0.000388576
14 23 22 0.005 0.671227 1.06625 194.334 0.000481582 0.000467939
15 0 20 0.005 0.543557 0.0793198 195.491 0.000617232 0.000603318
15 1 20 0.005 0.568516 0.0778035 196.277 0.00061081 0.000599441
15 2 0 0 0 0 0 0 0
15 3 20 0.005 0.649324 0.170005 194.914 0.000584722 0.000569853
15 4 27 0.005 0.665713 0.163418 198.724 0.00078416 0.000779156
15 5 0 0 0 0 0 0 0
15 6 13 0.005 0.626663 0.316283 197.287 0.000374656 0.000369574
15 7 18 0.005 0.576723 0.383049 195.249 0.000521099 0.00050872
15 8 16 0.005 0.632462 0.280944 194.238 0.000463262 0.000449917
15 9 11 0.005 0.570363 0.342899 197.49 0.000322446 0.000318399
15 10 13 0.005 0.746862 0.478469 196.769 0.000342448 0.000336916
15 11 14 0.005 0.536323 0.467852 194.171 0.000401625 0.000389921
15 12 18 0.005 0.596895 0.4822 193.24 0.000502828 0.000485831
15 13 14 0.005 0.609413 0.505501 194.64 0.00038648 0.000376122
15 14 13 0.005 0.590303 0.485716 195.04 0.00036366 0.000354641
15 15 17 0.005 0.635053 0.543342 194.898 0.0004593 0.000447583
15 16 13 0.005 0.686586 0.708047 196.508 0.000325905 0.000320215
15 17 15 0.005 0.645349 0.739392 194.722 0.000376958 0.00036701
15 18 16 0.005 0.662608 0.860497 193.243 0.000381613 0.000368719
15 19 13 0.005 0.710854 0.872048 194.442 0.0003041 0.00029565
15 20 19 0.005 0.696634 0.923924 195.519 0.000437448 0.000427646
15 21 17 0.005 0.690719 0.931013 196.271 0.000390988 0.000383699
15 22 13 0.005 0.767113 1.12796 196.707 0.000270635 0.00026618
15 23 25 0.005 0.820021 1.22986 197.451 0.000493251 0.000486965
16 0 21 0.005 0.574575 0.0137092 196.638 0.000641095 0.000630319
16 1 11 0.005 0.599252 0.0971157 192.069 0.00033109 0.00031796
16 2 15 0.005 0.640798 0.131143 194.807 0.000442014 0.000430537
16 3 18 0.005 0.673159 0.204069 195.351 0.000518399 0.00050635
16 4 15 0.005 0.643007 0.180905 193.826 0.000439199 0.000425641
16 5 21 0.005 0.598487 0.18729 193.087 0.000626447 0.000604795
16 6 0 0 0 0 0 0 0
16 7 0 0 0 0 0 0 0
16 8 15 0.005 0.646524 0.394458 198.156 0.000421044 0.000417162
16 9 18 0.005 0.692709 0.439155 196.408 0.000490055 0.000481252
16 10 16 0.005 0.656926 0.373702 197.842 0.000449454 0.000444604
16 11 19 0.005 0.693598 0.434364 197.71 0.000517737 0.00051181
16 12 17 0.005 0.716014 0.471638 197.702 0.000454429 0.000449208
16 13 22 0.005 0.721873 0.546142 196.028 0.000574306 0.000562901
16 14 19 0.005 0.691375 0.64373 195.774 0.000486329 0.000476053
16 15 18 0.005 0.728713 0.641016 196.779 0.000454818 0.000447494
16 16 10 0.005 0.731928 0.805304 195.598 0.00023825 0.000233006
16 17 17 0.005 0.727303 0.707075 199.406 0.00042024 0.000418992
16 18 20 0.005 0.764003 0.853065 195.37 0.000463204 0.000452481
16 19 16 0.005 0.743639 0.824674 198.237 0.000377007 0.000373683
16 20 21 0.005 0.727016 0.923348 197.391 0.000479193 0.000472942
16 21 14 0.005 0.747917 1.06605 193.099 0.000300235 0.000289876
16 22 17 0.005 0.810676 1.11631 199.5 0.000351303 0.000350425
16 23 16 0.005 0.751259 1.10305 194.137 0.000337826 0.000327923
17 0 0 0 0 0 0 0 0
17 1 16 0.005 0.733054 0.084433 197.35 0.000453323 0.000447316
17 2 18 0.005 0.646292 0.0577939 197.524 0.000531682 0.0005251
17 3 11 0.005 0.673143 0.189315 192.872 0.000317419 0.000306106
17 4 19 0.005 0.720598 0.180642 195.743 0.000537037 0.000525607
17 5 16 0.005 0.749018 0.229598 195.693 0.000443491 0.00043394
17 6 10 0.005 0.771885 0.240781 196.452 0.000273806 0.000268949
17 7 0 0 0 0 0 0 0
17 8 16 0.005 0.653677 0.411047 194.801 0.000445914 0.000434321
17 9 20 0.005 0.714918 0.355511 194.833 0.000550328 0.000536111
17 10 13 0.005 0.683127 0.441253 195.269 0.000355134 0.000346733
17 11 20 0.005 0.746838 0.456117 196.32 0.000529956 0.000520206
17 12 23 0.005 0.687249 0.54593 195.814 0.000608667 0.000595929
17 13 17 0.005 0.787184 0.610047 198.824 0.000424137 0.000421642
17 14 14 0.005 0.78 0.674107 194.12 0.000343225 0.000333134
17 15 14 0.005 0.756692 0.660793 198.105 0.000347772 0.000344478
17 16 16 0.005 0.808631 0.749542 196.91 0.000378483 0.000372636
17 17 22 0.005 0.803943 0.811924 198.927 0.000510173 0.000507435
17 18 18 0.005 0.863191 0.906038 197.487 0.000395663 0.000390692
17 19 19 0.005 0.792399 0.870106 195.55 0.000433204 0.000423566
17 20 16 0.005 0.895547 1.04372 195.963 0.000331323 0.000324635
17 21 24 0.005 0.87992 1.023 198.024 0.000503162 0.00049819
17 22 0 0 0 0 0 0 0
17 23 12 0.005 0.870635 1.16984 193.582 0.000238963 0.000231295
18 0 16 0.005 0.7694 -0.0250605 197.695 0.000446424 0.000441279
18 1 16 0.005 0.769609 0.0225901 195.771 0.000446396 0.000436956
18 2 18 0.005 0.700917 0.151012 197.102 0.000515084 0.000507621
18 3 18 0.005 0.729375 0.0918038 199.486 0.000510664 0.000509352
18 4 17 0.005 0.734282 0.242675 196.155 0.000473515 0.000464412
18 5 19 0.005 0.732672 0.239217 193.644 0.000529891 0.00051305
18 6 10 0.005 0.719867 0.364745 195.386 0.000274016 0.000267694
18 7 24 0.005 0.754303 0.266395 197.292 0.000659901 0.000650967
18 8 19 0.005 0.784299 0.306076 193.588 0.000511786 0.000495378
18 9 19 0.005 0.743049 0.42083 194.657 0.000508757 0.000495164
18 10 20 0.005 0.672131 0.447828 196.163 0.000547855 0.000537346
18 11 19 0.005 0.810192 0.452892 194.426 0.000490344 0.000476679
18 12 18 0.005 0.847366 0.518719 200.587 0.000449619 0.000450939
18 13 17 0.005 0.894324 0.69764 194.479 0.000395862 0.000384934
18 14 16 0.005 0.819559 0.627729 196.882 0.000391982 0.000385871
18 15 16 0.005 0.890469 0.767321 196.388 0.000365054 0.000358461
18 16 22 0.005 0.854905 0.763063 196.501 0.000509336 0.000500426
18 17 17 0.005 0.859412 0.811752 196.824 0.000386588 0.000380449
18 18 13 0.005 0.805052 0.77389 191.89 0.000305367 0.000292984
18 19 19 0.005 0.857986 0.923242 194.864 0.000415824 0.000405145
18 20 16 0.005 0.958796 1.0995 195.122 0.000318534 0.000310764
18 21 13 0.005 0.965434 1.14079 198.235 0.00025456 0.000252314
18 22 17 0.005 0.891786 1.10376 193.497 0.000344818 0.000333606
18 23 0 0 0 0 0 0 0
19 0 16 0.005 0.900383 -0.0417593 196.441 0.000418476 0.00041103
19 1 15 0.005 0.800585 0.0812378 194.574 0.000411486 0.000400324
19 2 20 0.005 0.790418 0.0682538 197.138 0.00055169 0.000543795
19 3 17 0.005 0.888869 0.135255 196.616 0.000445129 0.000437597
19 4 19 0.005 0.783992 0.144628 197.52 0.000523121 0.000516634
19 5 19 0.005 0.768279 0.185572 196.842 0.000524868 0.000516581
19 6 14 0.005 0.868001 0.321109 194.961 0.000361791 0.000352676
19 7 17 0.005 0.875511 0.326658 195.963 0.000437356 0.000428528
19 8 21 0.005 0.824857 0.463326 195.617 0.000537143 0.00052537
19 9 19 0.005 0.750589 0.334031 196.046 0.000516931 0.000506712
19 10 21 0.005 0.938661 0.490375 196.257 0.000507661 0.000498161
19 11 0 0 0 0 0 0 0
19 12 12 0.005 0.848588 0.655674 195.753 0.000288166 0.000282047
19 13 24 0.005 0.915991 0.607671 197.557 0.000568674 0.000561728
19 14 13 0.005 0.928807 0.630257 194.981 0.000304495 0.000296853
19 15 23 0.005 0.805337 0.687675 192.682 0.000556022 0.000535678
19 16 27 0.005 0.858111 0.712154 195.338 0.000634718 0.000619923
19 17 14 0.005 0.879507 0.838996 198.631 0.00031319 0.000311046
19 18 16 0.005 1.00417 0.856417 194.095 0.000340238 0.000330192
19 19 14 0.005 0.95895 0.970868 197.879 0.000291382 0.000288292
19 20 15 0.005 0.95088 0.987381 193.882 0.000311276 0.000301753
19 21 13 0.005 0.987639 0.995441 194.829 0.000265776 0.000258903
19 22 0 0 0 0 0 0 0
19 23 18 0.005 1.0423 1.23375 197.454 0.000333648 0.000329402
20 0 16 0.005 0.883838 0.0372275 196.014 0.000421969 0.00041356
20 1 17 0.005 0.816574 0.105236 195.9 0.000462117 0.000452643
20 2 17 0.005 0.860875 0.159904 194.865 0.000450352 0.000438789
20 3 21 0.005 0.82469 0.155481 197.032 0.000566408 0.000558001
20 4 16 0.005 0.851501 0.204285 200.54 0.000423848 0.000424991
20 5 24 0.005 0.802737 0.216841 194.52 0.000649784 0.00063198
20 6 18 0.005 0.996339 0.338263 195.968 0.000436627 0.000427823
20 7 21 0.005 0.884283 0.329356 195.288 0.0005378 0.00052513
20 8 19 0.005 1.01797 0.459276 196.457 0.000446288 0.000438381
20 9 18 0.005 0.988581 0.456569 196.356 0.000428701 0.000420889
20 10 23 0.005 0.934252 0.487024 196.116 0.000557528 0.000546702
20 11 19 0.005 0.921496 0.492206 198.514 0.000462609 0.000459172
20 12 14 0.005 0.888555 0.599728 193.82 0.000336257 0.000325867
20 13 14 0.005 0.794472 0.505349 195.229 0.000358901 0.00035034
20 14 33 0.005 0.932264 0.697175 197.127 0.000757155 0.000746277
20 15 15 0.005 1.01144 0.819865 198.996 0.000321721 0.000320106
20 16 18 0.005 0.927791 0.716278 193.84 0.000411365 0.000398695
20 17 13 0.005 0.933641 0.802178 194.061 0.00028863 0.000280059
20 18 16 0.005 0.955269 0.76827 193.77 0.000356115 0.000345021
20 19 12 0.005 0.911189 0.918565 195.288 0.000258393 0.000252305
20 20 20 0.005 1.10748 1.14368 197.613 0.000374583 0.000370112
20 21 14 0.005 1.05016 1.09949 196.802 0.000270884 0.000266553
20 22 16 0.005 1.18932 1.26636 199.513 0.000281054 0.00028037
20 23 11 0.005 1.07556 1.18575 191.46 0.000205199 0.000196437
21 0 23 0.005 0.973672 0.0118724 198.935 0.000580223 0.000577133
21 1 19 0.005 0.966227 0.123223 192.893 0.000479241 0.000462212
21 2 21 0.005 0.895784 0.114249 196.401 0.000548789 0.000538912
21 3 18 0.005 0.856853 0.149348 198.702 0.000478222 0.000475118
21 4 14 0.005 1.00172 0.166342 196.879 0.000345894 0.000340497
21 5 16 0.005 0.917676 0.209865 194.976 0.000410215 0.00039991
21 6 31 0.005 0.944578 0.291966 198.637 0.000776226 0.000770936
21 7 22 0.005 0.898943 0.34195 194.924 0.000558323 0.000544153
21 8 18 0.005 0.965551 0.396212 198.253 0.000438487 0.000434657
21 9 14 0.005 0.894061 0.453445 192.74 0.000348143 0.000335504
21 10 14 0.005 1.042 0.511761 197.061 0.000321731 0.000317003
21 11 24 0.005 1.00533 0.558701 196.962 0.000554477 0.000546055
21 12 21 0.005 1.01225 0.582328 196.295 0.000480951 0.000472041
21 13 20 0.005 0.995628 0.63144 194.311 0.000455526 0.00044257
21 14 15 0.005 1.01893 0.653722 196.32 0.000336368 0.000330179
21 15 13 0.005 0.88184 0.689702 197.518 0.000304939 0.000301154
21 16 12 0.005 1.02192 0.764869 200.02 0.000260579 0.000260605
21 17 17 0.005 1.07251 0.862892 194.377 0.000351817 0.000341925
21 18 13 0.005 1.02447 0.844268 195.765 0.000275415 0.000269583
21 19 22 0.005 1.09058 0.885989 193.678 0.000449168 0.000434971
21 20 15 0.005 1.14275 1.04977 198.732 0.000286108 0.000284294
21 21 17 0.005 1.11488 1.13123 196.122 0.000318931 0.000312747
21 22 15 0.005 1.13642 1.17234 193.374 0.000275859 0.000266719
21 23 0 0 0 0 0 0 0
22 0 16 0.005 1.03136 -0.038819 196.309 0.000392029 0.000384795
22 1 17 0.005 1.01118 -0.00621601 195.55 0.000420904 0.00041154
22 2 19 0.005 0.931689 0.157828 194.618 0.000486256 0.000473172
22 3 17 0.005 1.03856 0.16252 198.799 0.000412574 0.000410097
22 4 23 0.005 0.921856 0.171046 197.789 0.000590796 0.000584266
22 5 14 0.005 1.00899 0.269035 199.653 0.000340951 0.000340359
22 6 18 0.005 1.09694 0.38029 196.976 0.000413633 0.00040738
22 7 29 0.005 1.00738 0.391881 196.946 0.000693445 0.000682858
22 8 17 0.005 0.936105 0.378472 195.615 0.000421216 0.00041198
22 9 24 0.005 1.05016 0.48972 196.02 0.000552127 0.000541141
22 10 21 0.005 1.04385 0.446065 197.866 0.000488783 0.000483568
22 11 22 0.005 1.04637 0.529471 195.671 0.000502633 0.000491754
22 12 18 0.005 1.14338 0.590963 195.382 0.000388862 0.000379883
22 13 17 0.005 0.984105 0.589261 195.446 0.00039336 0.000384402
22 14 18 0.005 1.3034 0.837302 199.079 0.000343731 0.000342148
22 15 24 0.005 1.11917 0.743505 194.742 0.000504546 0.00049128
22 16 22 0.005 1.06903 0.812839 197.148 0.000462648 0.000456051
22 17 21 0.005 1.18208 0.865521 199.399 0.000416861 0.000415609
22 18 12 0.005 1.21759 0.999913 193.608 0.000226426 0.00021919
22 19 15 0.005 1.28158 0.990521 194.63 0.000277462 0.000270013
22 20 14 0.005 1.28489 1.03589 195.771 0.00025545 0.000250049
22 21 14 0.005 1.14568 1.13576 194.222 0.00025972 0.000252217
22 22 10 0.005 1.32082 1.29309 197.161 0.000167547 0.000165168
22 23 0 0 0 0 0 0 0
23 0 27 0.005 1.06557 0.0148581 194.309 0.000650549 0.000632037
23 1 22 0.005 1.07833 0.0859369 195.863 0.000525843 0.000514968
23 2 21 0.005 0.987555 0.0961221 200.675 0.000524898 0.00052667
23 3 23 0.005 1.01755 0.211575 193.77 0.000561513 0.000544023
23 4 29 0.005 1.06099 0.235097 198.738 0.000691441 0.00068708
23 5 22 0.005 1.18456 0.266428 196.264 0.000492482 0.000483282
23 6 24 0.005 0.984079 0.238961 195.804 0.000593779 0.000581322
23 7 22 0.005 1.06363 0.447713 198.547 0.000507297 0.000503612
23 8 15 0.005 1.22878 0.464588 193.656 0.000319912 0.000309764
23 9 12 0.005 1.0622 0.543567 193.912 0.000271407 0.000263145
23 10 15 0.005 1.07182 0.468913 196.809 0.000343178 0.000337703
23 11 20 0.005 1.08891 0.476138 198.035 0.000453403 0.000448948
23 12 14 0.005 1.12088 0.583708 194.049 0.00030589 0.000296789
23 13 12 0.005 1.172 0.669012 198.866 0.000251565 0.000250138
23 14 14 0.005 1.21405 0.672535 194.185 0.000288174 0.000279796
23 15 12 0.005 1.14911 0.794015 194.964 0.000245971 0.000239778
23 16 21 0.005 1.10684 0.798032 194.153 0.000437089 0.000424311
23 17 25 0.005 1.22365 0.925926 193.667 0.000480616 0.000465397
23 18 19 0.005 1.22324 0.963743 197.254 0.000361491 0.000356527
23 19 11 0.005 1.14228 0.917021 194.556 0.00021838 0.000212435
23 20 18 0.005 1.23911 1.07705 198.068 0.000329703 0.000326518
23 21 12 0.005 1.19872 1.09079 194.771 0.000221873 0.000216072
23 22 13 0.005 1.53386 1.32067 193.497 0.000202755 0.000196163
23 23 0 0 0 0 0 0 0
