#  ix    iy     NK     E/N         TK    Uxpi    UyK      muK      rho      epsilon
0 0 0 0 0 0 0 0 0
0 1 0 0 0 0 0 0 0
0 2 0 0 0 0 0 0 0
0 3 0 0 0 0 0 0 0
0 4 0 0 0 0 0 0 0
0 5 0 0 0 0 0 0 0
0 6 0 0 0 0 0 0 0
0 7 12 0.0338701 0.258194 -0.312 10.674 0.00163567 0.000897248
0 8 357 0.145146 0.0365252 0.610146 0.271284 0.0447948 0.0345858
0 9 331 0.12282 0.0323271 0.947637 0.968129 0.0353223 0.0255423
0 10 187 0.104472 0.0307553 1.28704 1.23367 0.0168695 0.0115423
0 11 87 0.0626946 0.0626461 1.47737 4.42718 0.00716722 0.00430677
0 12 28 0.0536627 0.0384848 1.70079 4.78241 0.00208661 0.00121858
0 13 0 0 0 0 0 0 0
0 14 0 0 0 0 0 0 0
0 15 0 0 0 0 0 0 0
0 16 0 0 0 0 0 0 0
0 17 0 0 0 0 0 0 0
0 18 0 0 0 0 0 0 0
0 19 0 0 0 0 0 0 0
0 20 0 0 0 0 0 0 0
0 21 0 0 0 0 0 0 0
0 22 0 0 0 0 0 0 0
0 23 0 0 0 0 0 0 0
1 0 0 0 0 0 0 0 0
1 1 0 0 0 0 0 0 0
1 2 0 0 0 0 0 0 0
1 3 0 0 0 0 0 0 0
1 4 0 0 0 0 0 0 0
1 5 0 0 0 0 0 0 0
1 6 0 0 0 0 0 0 0
1 7 21 0.0630944 0.0879276 -0.101466 3.51556 0.00306077 0.00184153
1 8 422 0.14208 0.14686 0.591472 0.55364 0.0529932 0.0405542
1 9 352 0.123072 0.196008 0.976949 0.993453 0.0366688 0.0265359
1 10 189 0.0936285 0.248662 1.28867 1.9778 0.0168449 0.0111486
1 11 88 0.0717338 0.294957 1.41378 3.23035 0.00736703 0.00455456
1 12 21 0.0493326 0.178872 1.72099 5.43062 0.00154531 0.00089018
1 13 0 0 0 0 0 0 0
1 14 0 0 0 0 0 0 0
1 15 0 0 0 0 0 0 0
1 16 0 0 0 0 0 0 0
1 17 0 0 0 0 0 0 0
1 18 0 0 0 0 0 0 0
1 19 0 0 0 0 0 0 0
1 20 0 0 0 0 0 0 0
1 21 0 0 0 0 0 0 0
1 22 0 0 0 0 0 0 0
1 23 0 0 0 0 0 0 0
2 0 0 0 0 0 0 0 0
2 1 0 0 0 0 0 0 0
2 2 0 0 0 0 0 0 0
2 3 0 0 0 0 0 0 0
2 4 0 0 0 0 0 0 0
2 5 0 0 0 0 0 0 0
2 6 0 0 0 0 0 0 0
2 7 56 0.130958 0.0752661 0.231407 -0.886953 0.00800179 0.00592754
2 8 429 0.134643 0.231003 0.666297 0.820423 0.0515575 0.0386087
2 9 270 0.109788 0.309723 1.03789 1.38192 0.0269346 0.018729
2 10 152 0.0863094 0.261494 1.25909 2.36526 0.0137217 0.00887825
2 11 68 0.0704253 0.288737 1.52814 3.08111 0.0054085 0.00333002
2 12 13 0.0614664 0.395857 1.82166 2.54757 0.000903712 0.00054094
2 13 0 0 0 0 0 0 0
2 14 0 0 0 0 0 0 0
2 15 0 0 0 0 0 0 0
2 16 0 0 0 0 0 0 0
2 17 0 0 0 0 0 0 0
2 18 0 0 0 0 0 0 0
2 19 0 0 0 0 0 0 0
2 20 0 0 0 0 0 0 0
2 21 0 0 0 0 0 0 0
2 22 0 0 0 0 0 0 0
2 23 0 0 0 0 0 0 0
3 0 0 0 0 0 0 0 0
3 1 0 0 0 0 0 0 0
3 2 0 0 0 0 0 0 0
3 3 0 0 0 0 0 0 0
3 4 10 0.0966439 -0.142758 -0.11792 -0.699004 0.00144601 0.000965949
3 5 11 0.0612992 -0.0877412 -0.140053 3.14286 0.001596 0.000954821
3 6 13 0.0489117 -0.168205 -0.00270657 5.72988 0.00188527 0.00108457
3 7 233 0.15432 0.19938 0.503217 -0.445506 0.0301336 0.0238865
3 8 383 0.126354 0.368969 0.820138 0.97287 0.0418792 0.0306037
3 9 269 0.110714 0.419594 1.04318 1.3046 0.0262893 0.0183316
3 10 133 0.0910902 0.490462 1.32194 1.77606 0.0113148 0.00743013
3 11 53 0.0596101 0.482602 1.56082 4.35456 0.00406901 0.00242138
3 12 11 0.0373866 0.828596 2.10872 8.22455 0.000653188 0.000362311
3 13 0 0 0 0 0 0 0
3 14 0 0 0 0 0 0 0
3 15 0 0 0 0 0 0 0
3 16 0 0 0 0 0 0 0
3 17 0 0 0 0 0 0 0
3 18 0 0 0 0 0 0 0
3 19 0 0 0 0 0 0 0
3 20 0 0 0 0 0 0 0
3 21 0 0 0 0 0 0 0
3 22 0 0 0 0 0 0 0
3 23 0 0 0 0 0 0 0
4 0 0 0 0 0 0 0 0
4 1 0 0 0 0 0 0 0
4 2 0 0 0 0 0 0 0
4 3 0 0 0 0 0 0 0
4 4 14 0.039916 -0.181508 -0.200231 8.39347 0.00198752 0.0011113
4 5 13 0.035843 -0.23 0.0206498 9.90986 0.00186274 0.0010282
4 6 67 0.102733 0.187722 0.0502882 0.787963 0.00967199 0.00658265
4 7 460 0.138461 0.375363 0.549427 0.754533 0.0563185 0.0426475
4 8 318 0.118235 0.490276 0.885914 1.12264 0.0328612 0.0234392
4 9 190 0.105661 0.626336 1.09665 1.18767 0.0173453 0.0119108
4 10 102 0.0790154 0.638126 1.40009 2.53125 0.0081741 0.00517005
4 11 26 0.0695749 0.571319 1.65244 2.14081 0.00189829 0.00116566
4 12 0 0 0 0 0 0 0
4 13 0 0 0 0 0 0 0
4 14 0 0 0 0 0 0 0
4 15 0 0 0 0 0 0 0
4 16 0 0 0 0 0 0 0
4 17 0 0 0 0 0 0 0
4 18 0 0 0 0 0 0 0
4 19 0 0 0 0 0 0 0
4 20 0 0 0 0 0 0 0
4 21 0 0 0 0 0 0 0
4 22 0 0 0 0 0 0 0
4 23 0 0 0 0 0 0 0
5 0 0 0 0 0 0 0 0
5 1 0 0 0 0 0 0 0
5 2 11 0.0437025 -0.236317 -0.0407068 6.93886 0.00157305 0.000890154
5 3 0 0 0 0 0 0 0
5 4 23 0.0665839 -0.0488918 -0.00358472 3.11181 0.0033783 0.00205504
5 5 29 0.0832212 0.0377204 0.00150607 1.47278 0.00426167 0.00273105
5 6 367 0.139411 0.46953 0.443983 0.500153 0.0453298 0.0344214
5 7 358 0.121195 0.588231 0.705375 1.14013 0.0387743 0.0279029
5 8 226 0.101851 0.659582 0.969281 1.64725 0.0215679 0.0146394
5 9 112 0.0860005 0.772131 1.18644 2.02483 0.00950325 0.0061429
5 10 67 0.077554 0.851322 1.52179 2.17035 0.00490167 0.00308614
5 11 21 0.0588893 0.935306 1.71695 3.41414 0.00140625 0.00083493
5 12 0 0 0 0 0 0 0
5 13 0 0 0 0 0 0 0
5 14 0 0 0 0 0 0 0
5 15 0 0 0 0 0 0 0
5 16 0 0 0 0 0 0 0
5 17 0 0 0 0 0 0 0
5 18 0 0 0 0 0 0 0
5 19 0 0 0 0 0 0 0
5 20 0 0 0 0 0 0 0
5 21 0 0 0 0 0 0 0
5 22 0 0 0 0 0 0 0
5 23 0 0 0 0 0 0 0
6 0 0 0 0 0 0 0 0
6 1 12 0.050203 -0.12439 0.0320588 5.35247 0.00175032 0.00101106
6 2 13 0.0539499 -0.159847 0.0042305 4.62432 0.00188778 0.00110346
6 3 25 0.0729596 -0.121774 -0.012747 2.38277 0.00364922 0.00226477
6 4 103 0.13821 0.281764 0.181306 -0.601929 0.0143623 0.010868
6 5 390 0.141619 0.484822 0.372611 0.491395 0.0489305 0.037395
6 6 365 0.122371 0.705107 0.641009 1.08514 0.0388586 0.0280619
6 7 251 0.109088 0.769116 0.79288 1.33884 0.0247725 0.017189
6 8 161 0.0897751 0.795855 1.00063 2.13545 0.0145866 0.00953978
6 9 74 0.0701682 0.878643 1.30208 3.19059 0.00584412 0.00359532
6 10 29 0.0488428 1.0282 1.58022 5.80473 0.00199838 0.00114939
6 11 13 0.0631758 1.17353 1.79868 2.17013 0.000806974 0.000485646
6 12 0 0 0 0 0 0 0
6 13 0 0 0 0 0 0 0
6 14 0 0 0 0 0 0 0
6 15 0 0 0 0 0 0 0
6 16 0 0 0 0 0 0 0
6 17 0 0 0 0 0 0 0
6 18 0 0 0 0 0 0 0
6 19 0 0 0 0 0 0 0
6 20 0 0 0 0 0 0 0
6 21 0 0 0 0 0 0 0
6 22 0 0 0 0 0 0 0
6 23 0 0 0 0 0 0 0
7 0 38 0.0630167 -0.0344017 -0.143378 4.11855 0.00552846 0.00332542
7 1 35 0.0655346 -0.12831 -0.0363665 3.67007 0.00510189 0.00309328
7 2 117 0.136262 0.4084 0.0626253 -0.422067 0.015902 0.0119648
7 3 309 0.146278 0.510613 0.200779 0.112794 0.0398386 0.0308599
7 4 465 0.141932 0.68454 0.350501 0.581902 0.0542061 0.0414645
7 5 368 0.12932 0.784014 0.528944 0.776555 0.0393184 0.0289857
7 6 250 0.11606 0.919543 0.704614 0.922047 0.0240234 0.0170239
7 7 136 0.0851118 0.970611 0.918081 2.33518 0.0119845 0.00772544
7 8 80 0.0823862 0.941835 1.02155 2.02856 0.00687229 0.0043926
7 9 41 0.0644283 1.2073 1.38676 3.2571 0.00288075 0.00174052
7 10 11 0.0397652 1.00269 1.45146 7.5337 0.00079772 0.000445822
7 11 0 0 0 0 0 0 0
7 12 0 0 0 0 0 0 0
7 13 0 0 0 0 0 0 0
7 14 0 0 0 0 0 0 0
7 15 0 0 0 0 0 0 0
7 16 0 0 0 0 0 0 0
7 17 0 0 0 0 0 0 0
7 18 0 0 0 0 0 0 0
7 19 0 0 0 0 0 0 0
7 20 0 0 0 0 0 0 0
7 21 0 0 0 0 0 0 0
7 22 0 0 0 0 0 0 0
7 23 0 0 0 0 0 0 0
8 0 368 0.138682 0.709683 0.0390326 0.501491 0.0441109 0.0334248
8 1 446 0.141088 0.719237 0.118236 0.591649 0.0530028 0.0404447
8 2 422 0.131423 0.775218 0.212025 0.892299 0.0483726 0.0358824
8 3 360 0.123925 0.89562 0.323392 0.997509 0.0383398 0.0278158
8 4 258 0.103574 0.957847 0.49729 1.71472 0.0257873 0.0175957
8 5 200 0.102172 1.02645 0.620963 1.49066 0.018832 0.0127949
8 6 133 0.0936989 1.12796 0.790299 1.59005 0.0114915 0.00760719
8 7 86 0.0857298 1.18545 0.857041 1.76226 0.00713735 0.00460971
8 8 45 0.0654582 1.22728 1.09181 3.28707 0.00344116 0.00208588
8 9 15 0.0439185 1.29795 1.2283 6.49652 0.00107721 0.000609984
8 10 0 0 0 0 0 0 0
8 11 0 0 0 0 0 0 0
8 12 0 0 0 0 0 0 0
8 13 0 0 0 0 0 0 0
8 14 0 0 0 0 0 0 0
8 15 0 0 0 0 0 0 0
8 16 0 0 0 0 0 0 0
8 17 0 0 0 0 0 0 0
8 18 0 0 0 0 0 0 0
8 19 0 0 0 0 0 0 0
8 20 0 0 0 0 0 0 0
8 21 0 0 0 0 0 0 0
8 22 0 0 0 0 0 0 0
8 23 0 0 0 0 0 0 0
9 0 259 0.110827 1.06087 0.0274908 1.29176 0.026121 0.0182205
9 1 246 0.0983014 1.07507 0.19234 2.01117 0.0244304 0.016403
9 2 221 0.0997478 1.11156 0.25587 1.78064 0.021425 0.0144491
9 3 192 0.100142 1.13401 0.383468 1.58543 0.0181017 0.0122226
9 4 164 0.0954555 1.18449 0.483359 1.71627 0.0148528 0.00988563
9 5 106 0.0908195 1.23315 0.654613 1.57719 0.0090771 0.0059557
9 6 69 0.0883346 1.34817 0.870314 1.25408 0.00536663 0.0034942
9 7 36 0.0845007 1.34587 1.01682 0.899462 0.00269978 0.00173702
9 8 0 0 0 0 0 0 0
9 9 0 0 0 0 0 0 0
9 10 0 0 0 0 0 0 0
9 11 0 0 0 0 0 0 0
9 12 0 0 0 0 0 0 0
9 13 0 0 0 0 0 0 0
9 14 0 0 0 0 0 0 0
9 15 0 0 0 0 0 0 0
9 16 0 0 0 0 0 0 0
9 17 0 0 0 0 0 0 0
9 18 0 0 0 0 0 0 0
9 19 0 0 0 0 0 0 0
9 20 0 0 0 0 0 0 0
9 21 0 0 0 0 0 0 0
9 22 0 0 0 0 0 0 0
9 23 0 0 0 0 0 0 0
10 0 134 0.0938273 1.31557 0.0691922 1.61653 0.0119145 0.00789033
10 1 115 0.0925335 1.37573 0.200097 1.52732 0.00987546 0.00651392
10 2 106 0.069652 1.27752 0.279045 3.73814 0.00946933 0.00581612
10 3 85 0.0873388 1.64121 0.42099 1.50678 0.00635344 0.00412395
10 4 62 0.0704331 1.36086 0.598863 3.01916 0.00508852 0.00313308
10 5 35 0.0624067 1.38241 0.810457 3.5043 0.00272492 0.00163591
10 6 23 0.0381102 1.42642 0.883754 8.91741 0.00173154 0.000962653
10 7 0 0 0 0 0 0 0
10 8 0 0 0 0 0 0 0
10 9 0 0 0 0 0 0 0
10 10 0 0 0 0 0 0 0
10 11 0 0 0 0 0 0 0
10 12 0 0 0 0 0 0 0
10 13 0 0 0 0 0 0 0
10 14 0 0 0 0 0 0 0
10 15 0 0 0 0 0 0 0
10 16 0 0 0 0 0 0 0
10 17 0 0 0 0 0 0 0
10 18 0 0 0 0 0 0 0
10 19 0 0 0 0 0 0 0
10 20 0 0 0 0 0 0 0
10 21 0 0 0 0 0 0 0
10 22 0 0 0 0 0 0 0
10 23 0 0 0 0 0 0 0
11 0 58 0.0622842 1.60513 0.0254321 4.02701 0.00450978 0.00270642
11 1 51 0.0642484 1.71066 0.205684 3.55098 0.00376477 0.00227336
11 2 44 0.0614795 1.575 0.296926 3.87788 0.00342518 0.00205031
11 3 20 0.0489674 1.50382 0.632941 5.51222 0.00153694 0.000884334
11 4 12 0.0488331 1.57285 0.609752 5.00926 0.000899886 0.000517562
11 5 17 0.0670934 1.88938 1.01531 1.87986 0.00105638 0.000643638
11 6 0 0 0 0 0 0 0
11 7 0 0 0 0 0 0 0
11 8 0 0 0 0 0 0 0
11 9 0 0 0 0 0 0 0
11 10 0 0 0 0 0 0 0
11 11 0 0 0 0 0 0 0
11 12 0 0 0 0 0 0 0
11 13 0 0 0 0 0 0 0
11 14 0 0 0 0 0 0 0
11 15 0 0 0 0 0 0 0
11 16 0 0 0 0 0 0 0
11 17 0 0 0 0 0 0 0
11 18 0 0 0 0 0 0 0
11 19 0 0 0 0 0 0 0
11 20 0 0 0 0 0 0 0
11 21 0 0 0 0 0 0 0
11 22 0 0 0 0 0 0 0
11 23 0 0 0 0 0 0 0
12 0 12 0.0493167 1.93111 0.0240838 4.79019 0.000811432 0.000467403
12 1 0 0 0 0 0 0 0
12 2 0 0 0 0 0 0 0
12 3 0 0 0 0 0 0 0
12 4 0 0 0 0 0 0 0
12 5 0 0 0 0 0 0 0
12 6 0 0 0 0 0 0 0
12 7 0 0 0 0 0 0 0
12 8 0 0 0 0 0 0 0
12 9 0 0 0 0 0 0 0
12 10 0 0 0 0 0 0 0
12 11 0 0 0 0 0 0 0
12 12 0 0 0 0 0 0 0
12 13 0 0 0 0 0 0 0
12 14 0 0 0 0 0 0 0
12 15 0 0 0 0 0 0 0
12 16 0 0 0 0 0 0 0
12 17 0 0 0 0 0 0 0
12 18 0 0 0 0 0 0 0
12 19 0 0 0 0 0 0 0
12 20 0 0 0 0 0 0 0
12 21 0 0 0 0 0 0 0
12 22 0 0 0 0 0 0 0
12 23 0 0 0 0 0 0 0
13 0 0 0 0 0 0 0 0
13 1 0 0 0 0 0 0 0
13 2 0 0 0 0 0 0 0
13 3 0 0 0 0 0 0 0
13 4 0 0 0 0 0 0 0
13 5 0 0 0 0 0 0 0
13 6 0 0 0 0 0 0 0
13 7 0 0 0 0 0 0 0
13 8 0 0 0 0 0 0 0
13 9 0 0 0 0 0 0 0
13 10 0 0 0 0 0 0 0
13 11 0 0 0 0 0 0 0
13 12 0 0 0 0 0 0 0
13 13 0 0 0 0 0 0 0
13 14 0 0 0 0 0 0 0
13 15 0 0 0 0 0 0 0
13 16 0 0 0 0 0 0 0
13 17 0 0 0 0 0 0 0
13 18 0 0 0 0 0 0 0
13 19 0 0 0 0 0 0 0
13 20 0 0 0 0 0 0 0
13 21 0 0 0 0 0 0 0
13 22 0 0 0 0 0 0 0
13 23 0 0 0 0 0 0 0
14 0 0 0 0 0 0 0 0
14 1 0 0 0 0 0 0 0
14 2 0 0 0 0 0 0 0
14 3 0 0 0 0 0 0 0
14 4 0 0 0 0 0 0 0
14 5 0 0 0 0 0 0 0
14 6 0 0 0 0 0 0 0
14 7 0 0 0 0 0 0 0
14 8 0 0 0 0 0 0 0
14 9 0 0 0 0 0 0 0
14 10 0 0 0 0 0 0 0
14 11 0 0 0 0 0 0 0
14 12 0 0 0 0 0 0 0
14 13 0 0 0 0 0 0 0
14 14 0 0 0 0 0 0 0
14 15 0 0 0 0 0 0 0
14 16 0 0 0 0 0 0 0
14 17 0 0 0 0 0 0 0
14 18 0 0 0 0 0 0 0
14 19 0 0 0 0 0 0 0
14 20 0 0 0 0 0 0 0
14 21 0 0 0 0 0 0 0
14 22 0 0 0 0 0 0 0
14 23 0 0 0 0 0 0 0
15 0 0 0 0 0 0 0 0
15 1 0 0 0 0 0 0 0
15 2 0 0 0 0 0 0 0
15 3 0 0 0 0 0 0 0
15 4 0 0 0 0 0 0 0
15 5 0 0 0 0 0 0 0
15 6 0 0 0 0 0 0 0
15 7 0 0 0 0 0 0 0
15 8 0 0 0 0 0 0 0
15 9 0 0 0 0 0 0 0
15 10 0 0 0 0 0 0 0
15 11 0 0 0 0 0 0 0
15 12 0 0 0 0 0 0 0
15 13 0 0 0 0 0 0 0
15 14 0 0 0 0 0 0 0
15 15 0 0 0 0 0 0 0
15 16 0 0 0 0 0 0 0
15 17 0 0 0 0 0 0 0
15 18 0 0 0 0 0 0 0
15 19 0 0 0 0 0 0 0
15 20 0 0 0 0 0 0 0
15 21 0 0 0 0 0 0 0
15 22 0 0 0 0 0 0 0
15 23 0 0 0 0 0 0 0
16 0 0 0 0 0 0 0 0
16 1 0 0 0 0 0 0 0
16 2 0 0 0 0 0 0 0
16 3 0 0 0 0 0 0 0
16 4 0 0 0 0 0 0 0
16 5 0 0 0 0 0 0 0
16 6 0 0 0 0 0 0 0
16 7 0 0 0 0 0 0 0
16 8 0 0 0 0 0 0 0
16 9 0 0 0 0 0 0 0
16 10 0 0 0 0 0 0 0
16 11 0 0 0 0 0 0 0
16 12 0 0 0 0 0 0 0
16 13 0 0 0 0 0 0 0
16 14 0 0 0 0 0 0 0
16 15 0 0 0 0 0 0 0
16 16 0 0 0 0 0 0 0
16 17 0 0 0 0 0 0 0
16 18 0 0 0 0 0 0 0
16 19 0 0 0 0 0 0 0
16 20 0 0 0 0 0 0 0
16 21 0 0 0 0 0 0 0
16 22 0 0 0 0 0 0 0
16 23 0 0 0 0 0 0 0
17 0 0 0 0 0 0 0 0
17 1 0 0 0 0 0 0 0
17 2 0 0 0 0 0 0 0
17 3 0 0 0 0 0 0 0
17 4 0 0 0 0 0 0 0
17 5 0 0 0 0 0 0 0
17 6 0 0 0 0 0 0 0
17 7 0 0 0 0 0 0 0
17 8 0 0 0 0 0 0 0
17 9 0 0 0 0 0 0 0
17 10 0 0 0 0 0 0 0
17 11 0 0 0 0 0 0 0
17 12 0 0 0 0 0 0 0
17 13 0 0 0 0 0 0 0
17 14 0 0 0 0 0 0 0
17 15 0 0 0 0 0 0 0
17 16 0 0 0 0 0 0 0
17 17 0 0 0 0 0 0 0
17 18 0 0 0 0 0 0 0
17 19 0 0 0 0 0 0 0
17 20 0 0 0 0 0 0 0
17 21 0 0 0 0 0 0 0
17 22 0 0 0 0 0 0 0
17 23 0 0 0 0 0 0 0
18 0 0 0 0 0 0 0 0
18 1 0 0 0 0 0 0 0
18 2 0 0 0 0 0 0 0
18 3 0 0 0 0 0 0 0
18 4 0 0 0 0 0 0 0
18 5 0 0 0 0 0 0 0
18 6 0 0 0 0 0 0 0
18 7 0 0 0 0 0 0 0
18 8 0 0 0 0 0 0 0
18 9 0 0 0 0 0 0 0
18 10 0 0 0 0 0 0 0
18 11 0 0 0 0 0 0 0
18 12 0 0 0 0 0 0 0
18 13 0 0 0 0 0 0 0
18 14 0 0 0 0 0 0 0
18 15 0 0 0 0 0 0 0
18 16 0 0 0 0 0 0 0
18 17 0 0 0 0 0 0 0
18 18 0 0 0 0 0 0 0
18 19 0 0 0 0 0 0 0
18 20 0 0 0 0 0 0 0
18 21 0 0 0 0 0 0 0
18 22 0 0 0 0 0 0 0
18 23 0 0 0 0 0 0 0
19 0 0 0 0 0 0 0 0
19 1 0 0 0 0 0 0 0
19 2 0 0 0 0 0 0 0
19 3 0 0 0 0 0 0 0
19 4 0 0 0 0 0 0 0
19 5 0 0 0 0 0 0 0
19 6 0 0 0 0 0 0 0
19 7 0 0 0 0 0 0 0
19 8 0 0 0 0 0 0 0
19 9 0 0 0 0 0 0 0
19 10 0 0 0 0 0 0 0
19 11 0 0 0 0 0 0 0
19 12 0 0 0 0 0 0 0
19 13 0 0 0 0 0 0 0
19 14 0 0 0 0 0 0 0
19 15 0 0 0 0 0 0 0
19 16 0 0 0 0 0 0 0
19 17 0 0 0 0 0 0 0
19 18 0 0 0 0 0 0 0
19 19 0 0 0 0 0 0 0
19 20 0 0 0 0 0 0 0
19 21 0 0 0 0 0 0 0
19 22 0 0 0 0 0 0 0
19 23 0 0 0 0 0 0 0
20 0 0 0 0 0 0 0 0
20 1 0 0 0 0 0 0 0
20 2 0 0 0 0 0 0 0
20 3 0 0 0 0 0 0 0
20 4 0 0 0 0 0 0 0
20 5 0 0 0 0 0 0 0
20 6 0 0 0 0 0 0 0
20 7 0 0 0 0 0 0 0
20 8 0 0 0 0 0 0 0
20 9 0 0 0 0 0 0 0
20 10 0 0 0 0 0 0 0
20 11 0 0 0 0 0 0 0
20 12 0 0 0 0 0 0 0
20 13 0 0 0 0 0 0 0
20 14 0 0 0 0 0 0 0
20 15 0 0 0 0 0 0 0
20 16 0 0 0 0 0 0 0
20 17 0 0 0 0 0 0 0
20 18 0 0 0 0 0 0 0
20 19 0 0 0 0 0 0 0
20 20 0 0 0 0 0 0 0
20 21 0 0 0 0 0 0 0
20 22 0 0 0 0 0 0 0
20 23 0 0 0 0 0 0 0
21 0 0 0 0 0 0 0 0
21 1 0 0 0 0 0 0 0
21 2 0 0 0 0 0 0 0
21 3 0 0 0 0 0 0 0
21 4 0 0 0 0 0 0 0
21 5 0 0 0 0 0 0 0
21 6 0 0 0 0 0 0 0
21 7 0 0 0 0 0 0 0
21 8 0 0 0 0 0 0 0
21 9 0 0 0 0 0 0 0
21 10 0 0 0 0 0 0 0
21 11 0 0 0 0 0 0 0
21 12 0 0 0 0 0 0 0
21 13 0 0 0 0 0 0 0
21 14 0 0 0 0 0 0 0
21 15 0 0 0 0 0 0 0
21 16 0 0 0 0 0 0 0
21 17 0 0 0 0 0 0 0
21 18 0 0 0 0 0 0 0
21 19 0 0 0 0 0 0 0
21 20 0 0 0 0 0 0 0
21 21 0 0 0 0 0 0 0
21 22 0 0 0 0 0 0 0
21 23 0 0 0 0 0 0 0
22 0 0 0 0 0 0 0 0
22 1 0 0 0 0 0 0 0
22 2 0 0 0 0 0 0 0
22 3 0 0 0 0 0 0 0
22 4 0 0 0 0 0 0 0
22 5 0 0 0 0 0 0 0
22 6 0 0 0 0 0 0 0
22 7 0 0 0 0 0 0 0
22 8 0 0 0 0 0 0 0
22 9 0 0 0 0 0 0 0
22 10 0 0 0 0 0 0 0
22 11 0 0 0 0 0 0 0
22 12 0 0 0 0 0 0 0
22 13 0 0 0 0 0 0 0
22 14 0 0 0 0 0 0 0
22 15 0 0 0 0 0 0 0
22 16 0 0 0 0 0 0 0
22 17 0 0 0 0 0 0 0
22 18 0 0 0 0 0 0 0
22 19 0 0 0 0 0 0 0
22 20 0 0 0 0 0 0 0
22 21 0 0 0 0 0 0 0
22 22 0 0 0 0 0 0 0
22 23 0 0 0 0 0 0 0
23 0 0 0 0 0 0 0 0
23 1 0 0 0 0 0 0 0
23 2 0 0 0 0 0 0 0
23 3 0 0 0 0 0 0 0
23 4 0 0 0 0 0 0 0
23 5 0 0 0 0 0 0 0
23 6 0 0 0 0 0 0 0
23 7 0 0 0 0 0 0 0
23 8 0 0 0 0 0 0 0
23 9 0 0 0 0 0 0 0
23 10 0 0 0 0 0 0 0
23 11 0 0 0 0 0 0 0
23 12 0 0 0 0 0 0 0
23 13 0 0 0 0 0 0 0
23 14 0 0 0 0 0 0 0
23 15 0 0 0 0 0 0 0
23 16 0 0 0 0 0 0 0
23 17 0 0 0 0 0 0 0
23 18 0 0 0 0 0 0 0
23 19 0 0 0 0 0 0 0
23 20 0 0 0 0 0 0 0
23 21 0 0 0 0 0 0 0
23 22 0 0 0 0 0 0 0
23 23 0 0 0 0 0 0 0
