#  ix    iy     NB       E/N    TB    UxB       UyB       muB       rhoB     epsilonB
0 0 13 0.005 0.038657 0.0415963 197.824 0.000499196 0.000493764
0 1 18 0.005 0.135229 0.146591 196.693 0.000678937 0.000667712
0 2 12 0.005 0.0407578 0.0514022 192.86 0.000460549 0.000444106
0 3 12 0.005 -0.0166185 0.0284329 198.933 0.000461288 0.000458828
0 4 10 0.005 -0.016632 0.169799 199.037 0.000379137 0.000377311
0 5 15 0.005 0.0159263 0.225905 198.282 0.000562675 0.000557842
0 6 17 0.005 0.0362509 0.300935 199.76 0.000625733 0.000624982
0 7 15 0.005 -0.0638942 0.365728 196.673 0.000540851 0.000531852
0 8 0 0 0 0 0 0 0
0 9 11 0.005 -0.00525452 0.348261 195.968 0.000399536 0.000391481
0 10 12 0.005 0.047084 0.401121 200.969 0.000427953 0.000430027
0 11 15 0.005 0.0146132 0.517418 198.281 0.000512353 0.000507948
0 12 16 0.005 0.0848286 0.599818 195.656 0.000526339 0.000514906
0 13 19 0.005 0.0275707 0.511011 196.76 0.000650533 0.000639995
0 14 26 0.005 0.0101712 0.621223 195.312 0.000849405 0.000829493
0 15 24 0.005 0.0320056 0.751107 198.523 0.000737828 0.000732379
0 16 19 0.005 -0.00535348 0.684955 199.981 0.000602894 0.000602836
0 17 17 0.005 0.0505195 0.754964 198.761 0.000521407 0.000518177
0 18 12 0.005 -0.0762307 0.892525 195.596 0.00034378 0.000336209
0 19 20 0.005 0.0670384 1.06077 200.115 0.000527102 0.000527404
0 20 21 0.005 0.0841696 0.930954 199.342 0.00059005 0.000588108
0 21 21 0.005 0.0490217 0.962671 199.191 0.00058152 0.000579168
0 22 16 0.005 0.0854552 1.08414 195.936 0.000416537 0.000408074
0 23 16 0.005 0.0407688 1.3475 196.269 0.000366624 0.000359785
1 0 18 0.005 0.0512594 -0.0110532 200.284 0.000691358 0.000692338
1 1 14 0.005 0.0624667 0.0644221 195.506 0.000536307 0.000524256
1 2 16 0.005 0.0529627 0.114075 196.927 0.000610574 0.000601192
1 3 17 0.005 -0.0125511 0.166987 198.384 0.000644867 0.000639655
1 4 11 0.005 0.0637322 0.235756 199.774 0.000410998 0.000410534
1 5 10 0.005 -0.0173497 0.256839 196.4 0.000372472 0.000365768
1 6 15 0.005 0.0567363 0.233891 195.92 0.000560907 0.000549465
1 7 18 0.005 0.0180987 0.262707 204.764 0.000669485 0.00068543
1 8 15 0.005 0.0563785 0.275419 202.5 0.000555393 0.000562334
1 9 17 0.005 0.0838081 0.375589 196.941 0.000610221 0.00060089
1 10 15 0.005 0.0113886 0.472508 203.564 0.000521597 0.00053089
1 11 15 0.005 0.076804 0.401246 198.755 0.000534074 0.000530748
1 12 19 0.005 0.0174464 0.467462 200.737 0.000661926 0.000664364
1 13 18 0.005 0.128484 0.648444 195.359 0.000577527 0.000564125
1 14 13 0.005 0.126708 0.632365 196.442 0.000420192 0.000412716
1 15 15 0.005 0.117768 0.643103 193.353 0.000482878 0.00046683
1 16 21 0.005 0.0307733 0.702614 197.283 0.000660665 0.000651692
1 17 19 0.005 0.0755734 0.839139 198.599 0.000558855 0.000554942
1 18 16 0.005 0.0627777 0.856602 196.852 0.000466829 0.000459481
1 19 24 0.005 0.128271 0.893492 196.257 0.000685213 0.000672388
1 20 19 0.005 0.131217 1.081 195.332 0.000494286 0.000482749
1 21 14 0.005 0.0671458 0.921559 196.499 0.000395481 0.000388559
1 22 16 0.005 0.0600961 1.13872 195.187 0.000405747 0.000395982
1 23 15 0.005 0.128192 1.0205 194.239 0.000402171 0.000390585
2 0 13 0.005 0.110675 0.0730814 197.953 0.00049566 0.000490586
2 1 19 0.005 0.111704 0.040113 199.441 0.000725676 0.000723647
2 2 10 0.005 0.0570086 0.122802 198.83 0.000381138 0.000378908
2 3 16 0.005 0.0804622 0.122793 198.555 0.000608858 0.000604459
2 4 14 0.005 0.12343 0.0982701 196.574 0.000531882 0.000522772
2 5 21 0.005 0.109111 0.227746 199.143 0.000783108 0.00077975
2 6 22 0.005 0.143481 0.309874 198.291 0.000800753 0.000793909
2 7 14 0.005 -0.00286636 0.323681 198.022 0.000512292 0.000507226
2 8 17 0.005 0.210275 0.337587 197.957 0.000607558 0.000601353
2 9 10 0.005 0.144604 0.40694 201.264 0.000353094 0.000355326
2 10 14 0.005 0.12216 0.409001 193.569 0.000495232 0.000479308
2 11 13 0.005 0.104108 0.493781 199.409 0.000446383 0.000445062
2 12 0 0 0 0 0 0 0
2 13 14 0.005 0.114851 0.638215 199.238 0.000451786 0.000450065
2 14 11 0.005 0.0666707 0.588419 196.295 0.000364035 0.000357292
2 15 20 0.005 0.112323 0.621978 197.218 0.000650241 0.000641195
2 16 17 0.005 0.116192 0.753884 197.248 0.000519869 0.000512715
2 17 15 0.005 0.100754 0.862938 194.532 0.000435514 0.000423607
2 18 10 0.005 0.112428 0.964341 196.791 0.000275953 0.000271525
2 19 18 0.005 0.163483 0.84493 195.765 0.000524742 0.000513631
2 20 16 0.005 0.165483 0.996779 195.084 0.000432881 0.000422242
2 21 21 0.005 0.118879 1.08191 198.789 0.000546453 0.000543144
2 22 23 0.005 0.098056 1.12409 195.548 0.000586726 0.000573665
2 23 23 0.005 0.153102 1.1265 196.1 0.000584258 0.000572864
3 0 12 0.005 0.051717 -0.0212315 198.646 0.000460819 0.0004577
3 1 16 0.005 0.0738171 -0.00521976 197.441 0.000613707 0.000605855
3 2 13 0.005 0.112592 0.121085 203.307 0.000493302 0.000501459
3 3 22 0.005 0.129478 0.14578 196.345 0.000830515 0.000815338
3 4 18 0.005 0.125244 0.15692 202.897 0.000678762 0.000688596
3 5 13 0.005 0.108173 0.225542 195.829 0.000485055 0.00047494
3 6 18 0.005 0.126725 0.26619 199.482 0.000664051 0.000662331
3 7 11 0.005 0.155357 0.321474 201.507 0.000398442 0.000401443
3 8 16 0.005 0.118923 0.324686 197.524 0.000581597 0.000574398
3 9 17 0.005 0.0898953 0.364024 198.336 0.000612223 0.000607128
3 10 0 0 0 0 0 0 0
3 11 13 0.005 0.0730893 0.428079 202.091 0.00045862 0.000463414
3 12 15 0.005 0.226265 0.552299 196.502 0.000495395 0.000486729
3 13 14 0.005 0.114 0.415695 198.984 0.000494481 0.000491968
3 14 14 0.005 0.146701 0.655723 196.201 0.000446938 0.000438449
3 15 16 0.005 0.0909449 0.696816 200.066 0.000503497 0.000503663
3 16 12 0.005 0.11045 0.67264 199.164 0.000381366 0.000379771
3 17 14 0.005 0.107155 0.858316 198.668 0.00040725 0.000404538
3 18 18 0.005 0.170803 0.907513 194.786 0.000508616 0.000495355
3 19 21 0.005 0.150692 0.872365 196.64 0.000604758 0.000594597
3 20 19 0.005 0.189423 0.865847 195.793 0.000546879 0.000535377
3 21 14 0.005 0.074127 1.08779 200.313 0.00036396 0.00036453
3 22 11 0.005 0.105105 1.11498 206.621 0.000281786 0.000291115
3 23 20 0.005 0.115594 1.16775 197.856 0.000498934 0.000493586
4 0 21 0.005 0.249716 0.0290666 199.048 0.000783318 0.00077959
4 1 10 0.005 0.24495 0.0561573 196.36 0.000373017 0.000366228
4 2 10 0.005 0.324745 0.154018 196.538 0.000361947 0.000355682
4 3 13 0.005 0.227411 0.119353 199.705 0.000484283 0.000483569
4 4 14 0.005 0.151782 0.198442 201.104 0.000522405 0.000525289
4 5 16 0.005 0.0842021 0.20917 195.162 0.000600313 0.000585792
4 6 11 0.005 0.15699 0.289388 197.949 0.000401858 0.000397737
4 7 10 0.005 0.319439 0.304962 197.254 0.000351832 0.000347001
4 8 17 0.005 0.2181 0.386249 196.806 0.000597686 0.000588141
4 9 18 0.005 0.159521 0.402547 195.088 0.000635308 0.000619704
4 10 17 0.005 0.159441 0.374998 195.972 0.000605505 0.000593311
4 11 0 0 0 0 0 0 0
4 12 12 0.005 0.171703 0.571141 196.327 0.000396395 0.000389115
4 13 17 0.005 0.189681 0.624072 202.297 0.000547647 0.000553937
4 14 21 0.005 0.155814 0.63483 196.609 0.000676068 0.000664605
4 15 18 0.005 0.11978 0.656077 197.759 0.000575967 0.000569515
4 16 23 0.005 0.146923 0.781407 196.701 0.000692421 0.000681
4 17 17 0.005 0.140199 0.705784 195.894 0.000530726 0.00051983
4 18 20 0.005 0.207978 0.73841 197.074 0.000610327 0.000601398
4 19 26 0.005 0.186668 0.937339 198.789 0.000722922 0.000718547
4 20 13 0.005 0.213944 0.949903 197.509 0.000358233 0.000353771
4 21 17 0.005 0.269631 1.0204 199.313 0.000449708 0.000448163
4 22 23 0.005 0.219292 1.05911 195.667 0.000600543 0.00058753
4 23 21 0.005 0.247733 1.21042 195.338 0.000508145 0.000496299
5 0 13 0.005 0.222567 -0.00713312 196.943 0.000488046 0.000480587
5 1 18 0.005 0.233062 0.0360285 200.455 0.000673823 0.000675357
5 2 17 0.005 0.18158 0.15078 197.096 0.000636362 0.000627121
5 3 12 0.005 0.151473 0.12664 195.671 0.000452797 0.000442997
5 4 15 0.005 0.278698 0.134246 198.681 0.000551154 0.000547519
5 5 10 0.005 0.223147 0.224746 194.389 0.000366665 0.000356378
5 6 15 0.005 0.212065 0.279455 196.846 0.000544396 0.00053581
5 7 0 0 0 0 0 0 0
5 8 20 0.005 0.253166 0.337273 196.427 0.000708781 0.000696121
5 9 14 0.005 0.274334 0.376135 201.904 0.000488153 0.0004928
5 10 0 0 0 0 0 0 0
5 11 16 0.005 0.2223 0.558687 200.577 0.000527388 0.000528909
5 12 18 0.005 0.244975 0.572369 193.373 0.000587711 0.000568238
5 13 13 0.005 0.246748 0.463017 193.861 0.000442761 0.00042917
5 14 12 0.005 0.168783 0.581753 199.231 0.000394762 0.000393245
5 15 15 0.005 0.288537 0.632274 195.451 0.000473744 0.000462968
5 16 13 0.005 0.237611 0.703894 193.391 0.00040136 0.000388097
5 17 20 0.005 0.286708 0.814505 197.526 0.000582213 0.000575011
5 18 14 0.005 0.284212 0.869747 200.691 0.000397258 0.000398631
5 19 16 0.005 0.305795 0.953906 196.753 0.000434768 0.000427709
5 20 16 0.005 0.193502 0.991316 200.047 0.000432967 0.000433068
5 21 16 0.005 0.246299 1.04762 200.212 0.000418894 0.000419337
5 22 21 0.005 0.274187 1.15948 195.364 0.00051925 0.000507213
5 23 20 0.005 0.241482 1.12667 195.914 0.000504189 0.000493888
6 0 19 0.005 0.258131 0.0396819 194.85 0.000707054 0.000688848
6 1 13 0.005 0.244853 0.0828589 201.864 0.000484088 0.0004886
6 2 20 0.005 0.236556 0.133991 196.419 0.000742288 0.000728995
6 3 11 0.005 0.314008 0.249623 203.142 0.000392663 0.000398831
6 4 16 0.005 0.231287 0.185363 196.223 0.000590013 0.00057887
6 5 19 0.005 0.19746 0.244263 199.433 0.000697188 0.00069521
6 6 16 0.005 0.1789 0.264015 194.329 0.000586291 0.000569666
6 7 12 0.005 0.343051 0.276901 199.481 0.000422319 0.000421222
6 8 17 0.005 0.256133 0.408225 198.411 0.000589014 0.000584334
6 9 24 0.005 0.250266 0.399207 200.072 0.000835031 0.00083533
6 10 11 0.005 0.266226 0.4325 199.018 0.000377217 0.000375364
6 11 12 0.005 0.247737 0.517492 196.8 0.000400329 0.000393924
6 12 16 0.005 0.261155 0.426788 198.686 0.00055034 0.000546725
6 13 22 0.005 0.356334 0.535122 194.517 0.00071175 0.000692239
6 14 28 0.005 0.327873 0.655432 196.644 0.00086863 0.000854052
6 15 20 0.005 0.261757 0.62957 197.388 0.00063556 0.000627258
6 16 21 0.005 0.33614 0.795029 197.263 0.000611421 0.000603054
6 17 27 0.005 0.317206 0.87391 195.895 0.000760551 0.000744939
6 18 13 0.005 0.249816 0.802725 196.266 0.000382721 0.000375574
6 19 22 0.005 0.29543 0.909928 197.237 0.000611416 0.000602971
6 20 24 0.005 0.268568 0.932366 196.368 0.000662486 0.000650453
6 21 13 0.005 0.304906 0.991168 199.248 0.000347073 0.000345768
6 22 14 0.005 0.294797 1.20307 199.802 0.000338242 0.000337906
6 23 18 0.005 0.332289 1.23812 198.875 0.000425815 0.00042342
7 0 14 0.005 0.393746 0.039289 200.759 0.000500688 0.000502587
7 1 11 0.005 0.25088 0.0313604 198.75 0.00041017 0.000407606
7 2 15 0.005 0.354612 0.218583 198.574 0.000532563 0.000528765
7 3 10 0.005 0.306107 0.147516 200.418 0.000364166 0.000364927
7 4 14 0.005 0.257983 0.162331 198.509 0.000515066 0.000511227
7 5 18 0.005 0.227305 0.190918 195.614 0.000663684 0.000649128
7 6 12 0.005 0.311812 0.36708 195.224 0.000415822 0.000405892
7 7 20 0.005 0.274932 0.353573 196.25 0.000702033 0.000688871
7 8 0 0 0 0 0 0 0
7 9 16 0.005 0.264457 0.311059 199.597 0.000569728 0.000568581
7 10 15 0.005 0.293487 0.415754 198.253 0.000514171 0.000509681
7 11 20 0.005 0.324858 0.571746 200.945 0.000642718 0.000645754
7 12 18 0.005 0.261508 0.530411 199.121 0.000595905 0.000593286
7 13 23 0.005 0.366149 0.580584 196.441 0.000729335 0.000716356
7 14 19 0.005 0.380781 0.667742 194.728 0.000579379 0.000564105
7 15 22 0.005 0.370125 0.598726 196.196 0.000691928 0.000678768
7 16 19 0.005 0.384638 0.782427 202.483 0.000550816 0.000557656
7 17 21 0.005 0.287774 0.748901 195.032 0.000629998 0.000614349
7 18 21 0.005 0.388476 0.86203 196.881 0.000586888 0.000577736
7 19 17 0.005 0.346241 0.903327 201.339 0.000469933 0.00047308
7 20 17 0.005 0.372806 0.988742 198.576 0.000449425 0.000446226
7 21 23 0.005 0.328338 0.99263 194.354 0.000611445 0.000594185
7 22 16 0.005 0.392072 1.09271 195.711 0.000401626 0.000393012
7 23 29 0.005 0.358803 1.14383 197.415 0.000714479 0.000705246
8 0 18 0.005 0.390318 -0.000985198 196.217 0.000644922 0.000632722
8 1 19 0.005 0.334213 0.134913 200.039 0.00068748 0.000687614
8 2 20 0.005 0.280541 0.0976531 196.536 0.000737385 0.000724615
8 3 16 0.005 0.364163 0.183414 196.471 0.000569836 0.000559781
8 4 18 0.005 0.383502 0.180568 195.65 0.000637408 0.000623544
8 5 16 0.005 0.361743 0.171788 198.782 0.000571279 0.000567799
8 6 20 0.005 0.360181 0.276305 198.795 0.000700438 0.000696216
8 7 21 0.005 0.316865 0.307615 195.419 0.00073885 0.000721927
8 8 12 0.005 0.315481 0.358711 195.316 0.00041646 0.000406707
8 9 16 0.005 0.378956 0.430007 195.148 0.000533905 0.000520952
8 10 17 0.005 0.354972 0.420464 196.537 0.000572846 0.000562927
8 11 18 0.005 0.342625 0.4452 195.989 0.000603584 0.000591479
8 12 15 0.005 0.296516 0.51408 199.289 0.000496132 0.000494367
8 13 17 0.005 0.330082 0.637744 196.59 0.000531096 0.000522042
8 14 19 0.005 0.337482 0.565297 195.886 0.000610363 0.000597809
8 15 20 0.005 0.338816 0.743679 199.417 0.000595631 0.000593896
8 16 16 0.005 0.360038 0.799509 199.296 0.000462703 0.000461074
8 17 15 0.005 0.364631 0.787234 195.577 0.000435778 0.00042614
8 18 27 0.005 0.384421 0.859868 197.992 0.000755939 0.000748348
8 19 20 0.005 0.389256 0.886373 198.899 0.000552678 0.000549636
8 20 19 0.005 0.407496 0.957193 194.49 0.000506421 0.000492468
8 21 22 0.005 0.425523 1.07079 196.906 0.000554612 0.000546032
8 22 16 0.005 0.399375 1.1083 200.005 0.00039824 0.000398251
8 23 19 0.005 0.409855 1.11789 195.365 0.000469983 0.00045909
9 0 10 0.005 0.23668 -0.013208 198.002 0.000374244 0.000370507
9 1 18 0.005 0.377874 0.0581012 203.443 0.000646659 0.000657793
9 2 16 0.005 0.380939 0.155355 196.788 0.000569106 0.000559967
9 3 26 0.005 0.379771 0.115363 197.694 0.000929465 0.000918748
9 4 16 0.005 0.416605 0.199252 200.289 0.000558688 0.000559495
9 5 22 0.005 0.344696 0.203889 197.297 0.000785503 0.000774886
9 6 21 0.005 0.387111 0.231085 196.46 0.000736321 0.000723289
9 7 12 0.005 0.4819 0.293439 201.626 0.000401971 0.000405239
9 8 27 0.005 0.411734 0.377547 197.97 0.000906593 0.000897391
9 9 24 0.005 0.383239 0.40705 200.176 0.000805708 0.000806419
9 10 12 0.005 0.342047 0.348061 193.252 0.000414785 0.00040079
9 11 13 0.005 0.329435 0.529417 199.853 0.000424276 0.000423964
9 12 29 0.005 0.39998 0.439431 196.403 0.000958876 0.00094163
9 13 22 0.005 0.398361 0.556224 201.71 0.000698353 0.000704324
9 14 16 0.005 0.4051 0.687702 198.52 0.000480969 0.00047741
9 15 25 0.005 0.360975 0.661329 199.864 0.000767964 0.000767443
9 16 21 0.005 0.463415 0.691789 197.643 0.000620691 0.000613376
9 17 24 0.005 0.463234 0.844567 198.42 0.000664811 0.000659559
9 18 17 0.005 0.418908 0.833001 196.273 0.00047822 0.000469308
9 19 14 0.005 0.569997 0.90938 194.478 0.000367068 0.000356933
9 20 20 0.005 0.435952 0.919381 199.374 0.000539189 0.0005375
9 21 14 0.005 0.390436 1.02248 194.292 0.000363203 0.000352837
9 22 16 0.005 0.45291 1.10817 194.986 0.000394512 0.000384622
9 23 15 0.005 0.549242 1.32139 205.043 0.000330467 0.0003388
10 0 25 0.005 0.484855 0.0171603 198.148 0.0008651 0.00085709
10 1 12 0.005 0.487722 0.0547788 198.565 0.000414328 0.000411355
10 2 17 0.005 0.348092 0.0843792 199.349 0.000615553 0.00061355
10 3 18 0.005 0.405206 0.160983 197.168 0.000634609 0.000625624
10 4 17 0.005 0.488356 0.175971 198.997 0.000580319 0.000577407
10 5 12 0.005 0.536702 0.240194 196.701 0.000397857 0.000391294
10 6 18 0.005 0.498089 0.271079 200.461 0.000602217 0.000603604
10 7 17 0.005 0.361898 0.341498 201.201 0.000585382 0.000588899
10 8 16 0.005 0.362769 0.347777 197.119 0.000549856 0.000541936
10 9 17 0.005 0.462923 0.382813 195.688 0.000560495 0.00054841
10 10 23 0.005 0.408519 0.383005 196.614 0.000771838 0.000758771
10 11 20 0.005 0.499832 0.447257 196.882 0.00063884 0.000628881
10 12 17 0.005 0.536026 0.585695 194.968 0.000512075 0.000499192
10 13 22 0.005 0.498342 0.68761 198.443 0.00064497 0.00063995
10 14 23 0.005 0.525116 0.675637 194.634 0.000672127 0.000654094
10 15 24 0.005 0.450177 0.722275 197.746 0.000702953 0.000695029
10 16 20 0.005 0.477242 0.756661 198.753 0.000573304 0.000569729
10 17 17 0.005 0.446725 0.688882 194.544 0.000505338 0.000491554
10 18 13 0.005 0.472974 0.786579 201.841 0.000368364 0.000371754
10 19 18 0.005 0.483475 0.986649 196.404 0.000465989 0.000457611
10 20 25 0.005 0.494124 1.0633 196.888 0.000623959 0.00061425
10 21 11 0.005 0.457543 1.10601 200.02 0.000271259 0.000271286
10 22 20 0.005 0.544888 1.14861 198.104 0.000475578 0.000471068
10 23 0 0 0 0 0 0 0
11 0 13 0.005 0.542574 0.0727071 196.486 0.000438584 0.000430878
11 1 16 0.005 0.473389 0.0452354 200.09 0.000555746 0.000555996
11 2 13 0.005 0.539968 0.165028 199.656 0.000435392 0.000434643
11 3 14 0.005 0.415896 0.134234 197.863 0.000493402 0.00048813
11 4 22 0.005 0.428719 0.160234 196.743 0.000769398 0.000756868
11 5 17 0.005 0.383737 0.237654 197.234 0.000595951 0.000587708
11 6 18 0.005 0.472647 0.277525 196.644 0.000607097 0.000596909
11 7 11 0.005 0.423132 0.333702 193.711 0.000372441 0.000360729
11 8 13 0.005 0.467793 0.330153 196.353 0.000433909 0.000425996
11 9 19 0.005 0.484042 0.393475 199.092 0.000620027 0.000617212
11 10 20 0.005 0.460122 0.439715 198.49 0.000648947 0.000644047
11 11 20 0.005 0.511645 0.569645 198.025 0.000610755 0.000604726
11 12 21 0.005 0.416021 0.484827 197.737 0.000680651 0.000672948
11 13 21 0.005 0.501347 0.529758 200.097 0.000652556 0.000652873
11 14 18 0.005 0.455735 0.680192 197.301 0.000535667 0.000528437
11 15 27 0.005 0.529128 0.68261 200.579 0.000785917 0.000788191
11 16 20 0.005 0.528915 0.764471 197.594 0.000563396 0.000556619
11 17 20 0.005 0.574554 0.772473 198.244 0.00055416 0.000549294
11 18 19 0.005 0.602154 0.889762 199.339 0.000497887 0.000496242
11 19 24 0.005 0.520131 0.984851 195.051 0.000616692 0.000601432
11 20 13 0.005 0.541761 0.949517 194.08 0.000337477 0.000327487
11 21 19 0.005 0.599005 1.11713 194.679 0.000452614 0.000440573
11 22 25 0.005 0.61986 1.18364 197.584 0.00057615 0.000569192
11 23 0 0 0 0 0 0 0
12 0 22 0.005 0.541644 0.0847217 198.972 0.000741967 0.000738155
12 1 18 0.005 0.45252 0.185927 196.112 0.000621875 0.000609787
12 2 24 0.005 0.523692 0.0919733 198.889 0.000815029 0.000810502
12 3 23 0.005 0.470039 0.152159 197.886 0.000793101 0.000784717
12 4 23 0.005 0.637123 0.141048 200.342 0.000740836 0.000742103
12 5 21 0.005 0.568677 0.277385 199.799 0.000682543 0.000681856
12 6 24 0.005 0.604748 0.292569 197.482 0.000766226 0.000756577
12 7 18 0.005 0.523559 0.288792 202.527 0.000594192 0.000601699
12 8 20 0.005 0.585608 0.314975 196.709 0.000640549 0.000630008
12 9 17 0.005 0.526721 0.410757 198.204 0.000543711 0.000538828
12 10 15 0.005 0.401984 0.414421 197.591 0.00049963 0.000493611
12 11 16 0.005 0.522723 0.606626 197.02 0.000480354 0.000473197
12 12 21 0.005 0.59752 0.503124 198.305 0.000636518 0.000631124
12 13 12 0.005 0.588187 0.683112 194.663 0.000342812 0.000333664
12 14 26 0.005 0.581887 0.682937 197.308 0.000744324 0.000734306
12 15 14 0.005 0.542352 0.851571 197.172 0.000378924 0.000373566
12 16 15 0.005 0.561019 0.669607 194.215 0.000434488 0.000421921
12 17 27 0.005 0.575114 0.813522 195.886 0.00073567 0.000720536
12 18 20 0.005 0.622703 0.867303 196.635 0.000525839 0.00051699
12 19 26 0.005 0.563156 0.917357 197.094 0.000680621 0.000670732
12 20 14 0.005 0.732851 0.975245 195.914 0.000341361 0.000334387
12 21 19 0.005 0.640379 1.02052 194.196 0.000466724 0.000453178
12 22 27 0.005 0.779453 1.32064 198.532 0.000567233 0.00056307
12 23 15 0.005 0.750559 1.29322 196.527 0.000320723 0.000315155
13 0 15 0.005 0.57423 -0.0519628 195.126 0.000499797 0.000487617
13 1 17 0.005 0.611226 0.0841046 193.776 0.000556455 0.000539138
13 2 18 0.005 0.501465 0.172225 197.785 0.00061165 0.000604876
13 3 19 0.005 0.66233 0.189338 197.293 0.000601802 0.000593657
13 4 19 0.005 0.590645 0.151048 198.258 0.000623956 0.000618523
13 5 18 0.005 0.531624 0.243136 197.135 0.000597675 0.000589112
13 6 19 0.005 0.647977 0.283196 198.065 0.000596656 0.000590883
13 7 13 0.005 0.521825 0.26033 195.354 0.000431922 0.000421889
13 8 11 0.005 0.509558 0.350784 200.528 0.000359795 0.000360746
13 9 25 0.005 0.686895 0.443375 197.853 0.000744416 0.000736426
13 10 15 0.005 0.525191 0.502197 197.043 0.000466715 0.000459815
13 11 19 0.005 0.540418 0.454158 194.443 0.000597007 0.000580418
13 12 20 0.005 0.588132 0.627535 199.865 0.000583203 0.00058281
13 13 12 0.005 0.601512 0.640999 196.287 0.00034665 0.000340214
13 14 22 0.005 0.649674 0.709729 199.904 0.00060974 0.000609447
13 15 0 0 0 0 0 0 0
13 16 24 0.005 0.641873 0.816724 194.836 0.000640187 0.000623656
13 17 17 0.005 0.631232 0.880967 201.452 0.000443394 0.000446613
13 18 18 0.005 0.682731 0.930684 200.601 0.000453323 0.000454684
13 19 20 0.005 0.696126 0.936387 196.253 0.000500577 0.000491199
13 20 19 0.005 0.698185 1.03274 197.871 0.000457266 0.000452398
13 21 22 0.005 0.670429 1.05552 196.747 0.000528475 0.000519878
13 22 17 0.005 0.689317 1.11892 195.65 0.000395933 0.000387321
13 23 14 0.005 0.829748 1.29933 195.82 0.000293025 0.000286902
14 0 27 0.005 0.563027 -0.0321478 202.188 0.000904539 0.000914436
14 1 19 0.005 0.591493 0.0699823 196.486 0.00062784 0.000616807
14 2 25 0.005 0.572194 0.155345 197.151 0.000827089 0.000815307
14 3 12 0.005 0.647635 0.124063 194.594 0.000385309 0.000374894
14 4 24 0.005 0.562151 0.162005 195.997 0.000796746 0.000780798
14 5 18 0.005 0.61141 0.288469 196.641 0.00057354 0.000563907
14 6 17 0.005 0.591344 0.356544 198.224 0.000538038 0.00053326
14 7 21 0.005 0.638392 0.358256 198.761 0.000651727 0.000647688
14 8 18 0.005 0.629007 0.277545 195.301 0.000570486 0.000557082
14 9 17 0.005 0.62458 0.443208 199.202 0.0005191 0.000517029
14 10 22 0.005 0.664066 0.399471 197.813 0.000668826 0.000661513
14 11 19 0.005 0.637759 0.518222 196.218 0.000564593 0.000553918
14 12 22 0.005 0.625596 0.477337 195.721 0.000664961 0.000650733
14 13 17 0.005 0.747918 0.625108 196.499 0.000468212 0.000460016
14 14 22 0.005 0.63518 0.638231 195.823 0.000628804 0.000615672
14 15 14 0.005 0.645761 0.705512 198.164 0.000389133 0.000385561
14 16 18 0.005 0.747614 0.79954 198.408 0.000466946 0.000463229
14 17 20 0.005 0.744043 0.822234 195.124 0.000515153 0.000502594
14 18 16 0.005 0.680153 0.899399 196.426 0.000408308 0.000401011
14 19 16 0.005 0.674417 0.827084 196.321 0.000420776 0.000413035
14 20 18 0.005 0.797424 1.17873 199.746 0.00039803 0.000397524
14 21 26 0.005 0.797366 1.13161 195.693 0.000585573 0.000572962
14 22 14 0.005 0.904256 1.28167 193.23 0.000289463 0.000279665
14 23 0 0 0 0 0 0 0
15 0 19 0.005 0.672646 -0.0186746 198.376 0.000606285 0.000601361
15 1 20 0.005 0.618828 0.0748652 197.817 0.000652793 0.000645666
15 2 15 0.005 0.694028 0.118795 195.21 0.000471719 0.000460422
15 3 15 0.005 0.680155 0.104645 198.049 0.000475263 0.000470626
15 4 23 0.005 0.721755 0.288413 194.922 0.000698453 0.000680719
15 5 12 0.005 0.663726 0.0652153 194.877 0.000383978 0.000374143
15 6 14 0.005 0.647771 0.245485 200.008 0.000442632 0.00044265
15 7 14 0.005 0.722342 0.442564 195.248 0.000410855 0.000401093
15 8 19 0.005 0.645532 0.403356 195.678 0.000581478 0.000568911
15 9 18 0.005 0.696245 0.421285 199.763 0.000536973 0.000536337
15 10 21 0.005 0.72671 0.40574 198.841 0.0006208 0.000617201
15 11 18 0.005 0.754119 0.479712 198.384 0.000516185 0.000512015
15 12 23 0.005 0.658484 0.545753 198.43 0.000672279 0.000667003
15 13 21 0.005 0.67102 0.628472 197.826 0.000594592 0.000588129
15 14 11 0.005 0.675617 0.632336 200.031 0.000310523 0.000310571
15 15 17 0.005 0.807087 0.757115 198.855 0.000438378 0.000435868
15 16 27 0.005 0.783229 0.802525 199.789 0.000691158 0.000690429
15 17 19 0.005 0.747055 0.870664 198.694 0.000480172 0.000477038
15 18 30 0.005 0.813514 0.985861 199.068 0.000710988 0.000707674
15 19 20 0.005 0.824463 1.02862 195.347 0.000464897 0.00045408
15 20 15 0.005 0.791376 0.971372 198.679 0.000359886 0.000357509
15 21 20 0.005 0.805861 1.12843 196.52 0.000449945 0.000442116
15 22 17 0.005 0.817292 1.12461 194.311 0.000381805 0.000370945
15 23 17 0.005 0.923308 1.26916 197.037 0.000351344 0.000346138
16 0 18 0.005 0.753703 0.0442973 198.489 0.000552516 0.000548342
16 1 20 0.005 0.794959 0.0747009 198.426 0.000601119 0.000596387
16 2 18 0.005 0.856047 0.150486 201.78 0.000522521 0.00052717
16 3 22 0.005 0.650474 0.19657 196.181 0.000699861 0.000686497
16 4 19 0.005 0.793654 0.145371 196.197 0.000568727 0.000557912
16 5 19 0.005 0.717295 0.255961 199.059 0.000581363 0.000578628
16 6 17 0.005 0.734894 0.300789 195.8 0.000512046 0.000501292
16 7 27 0.005 0.79261 0.315024 197.234 0.000790105 0.000779176
16 8 20 0.005 0.709418 0.372686 196.347 0.000600271 0.000589308
16 9 16 0.005 0.755664 0.467384 196.458 0.000460027 0.000451881
16 10 22 0.005 0.764856 0.537754 198.469 0.000618078 0.000613346
16 11 21 0.005 0.851289 0.582926 198.719 0.000562133 0.000558533
16 12 20 0.005 0.90818 0.620978 194.956 0.000517393 0.000504345
16 13 19 0.005 0.756306 0.639903 196.109 0.000519142 0.000509043
16 14 23 0.005 0.867734 0.784116 198.341 0.000574886 0.000570117
16 15 26 0.005 0.742511 0.723804 199.703 0.000694174 0.000693144
16 16 18 0.005 0.822555 0.776885 194.789 0.000458477 0.000446531
16 17 20 0.005 0.803562 0.884355 196.391 0.000493686 0.000484778
16 18 20 0.005 0.823365 0.943606 196.651 0.00047999 0.000471953
16 19 14 0.005 0.975637 1.20166 197.408 0.0002922 0.000288412
16 20 17 0.005 0.922326 1.05684 195.279 0.000379554 0.000370595
16 21 0 0 0 0 0 0 0
16 22 15 0.005 0.933367 1.23021 196.597 0.000313592 0.000308255
16 23 11 0.005 0.895491 1.40919 194.341 0.000217385 0.000211235
17 0 17 0.005 0.786588 0.00017253 197.52 0.000513913 0.000507541
17 1 21 0.005 0.704524 0.0865489 198.015 0.000658634 0.000652096
17 2 14 0.005 0.762195 0.0896497 198.357 0.000427165 0.000423656
17 3 23 0.005 0.809054 0.0769938 197.157 0.000686492 0.000676734
17 4 19 0.005 0.773965 0.198412 199.401 0.000570915 0.000569206
17 5 19 0.005 0.775972 0.217953 197.179 0.000568966 0.000560942
17 6 22 0.005 0.821304 0.313211 197.758 0.000635534 0.00062841
17 7 28 0.005 0.838175 0.35836 198.299 0.000795876 0.000789108
17 8 22 0.005 0.696318 0.46187 197.081 0.000649318 0.00063984
17 9 32 0.005 0.833838 0.419423 199.981 0.000899739 0.000899653
17 10 13 0.005 0.755169 0.491467 198.248 0.00037146 0.000368206
17 11 21 0.005 0.822718 0.637227 199.604 0.000559641 0.000558532
17 12 18 0.005 0.781726 0.551899 197.333 0.000500192 0.000493521
17 13 22 0.005 0.848275 0.665597 197.899 0.00057539 0.000569346
17 14 23 0.005 0.841792 0.696571 195.293 0.000597246 0.00058319
17 15 20 0.005 0.856483 0.771966 195.619 0.000503994 0.000492955
17 16 22 0.005 0.837196 0.716874 195.459 0.000568567 0.000555657
17 17 14 0.005 0.976381 1.02882 198.302 0.000310272 0.000307637
17 18 21 0.005 0.972099 1.00513 197.644 0.000469837 0.000464301
17 19 16 0.005 0.995025 1.09566 199.022 0.000344519 0.000342835
17 20 16 0.005 0.892613 1.05246 193.537 0.00036109 0.000349422
17 21 11 0.005 1.15223 1.28341 197.714 0.000212209 0.000209784
17 22 12 0.005 1.03213 1.19473 196.895 0.000246962 0.000243128
17 23 10 0.005 1.0788 1.53719 195.876 0.000180773 0.000177045
18 0 15 0.005 0.941067 -0.0165847 198.198 0.000420108 0.000416323
18 1 19 0.005 0.733315 0.083711 195.419 0.000587963 0.000574495
18 2 18 0.005 0.859041 0.11603 195.016 0.000523124 0.000510088
18 3 24 0.005 0.827559 0.21871 197.931 0.000701258 0.000694005
18 4 18 0.005 0.840664 0.248253 198.01 0.000520614 0.000515435
18 5 29 0.005 0.93733 0.271474 197.776 0.000798276 0.000789398
18 6 18 0.005 0.815494 0.360261 196.348 0.00051676 0.000507325
18 7 24 0.005 0.966741 0.474479 195.342 0.000628115 0.000613485
18 8 18 0.005 0.899148 0.421538 198.187 0.000491238 0.000486784
18 9 22 0.005 0.930442 0.504489 195.353 0.000581109 0.000567608
18 10 18 0.005 0.942351 0.563098 199.8 0.000466213 0.000465747
18 11 13 0.005 1.0064 0.55434 195.786 0.000328256 0.00032134
18 12 21 0.005 0.886182 0.621029 196.361 0.000548171 0.000538198
18 13 36 0.005 0.88238 0.655225 199.296 0.000931833 0.000928555
18 14 17 0.005 0.958964 0.769352 193.752 0.00041258 0.000399691
18 15 17 0.005 0.868267 0.729596 195.355 0.000432433 0.00042239
18 16 0 0 0 0 0 0 0
18 17 26 0.005 0.897029 0.844052 195.604 0.000630306 0.00061645
18 18 19 0.005 0.978534 1.08772 199.349 0.000412353 0.000411011
18 19 15 0.005 1.01681 1.01753 195.86 0.000329306 0.000322489
18 20 15 0.005 1.08586 1.18701 199.551 0.000304569 0.000303885
18 21 16 0.005 1.01551 1.13996 197.243 0.000337189 0.000332542
18 22 0 0 0 0 0 0 0
18 23 16 0.005 1.09143 1.30496 195.032 0.000311846 0.0003041
19 0 32 0.005 0.928973 0.0419378 198.728 0.000901294 0.000895563
19 1 25 0.005 0.921945 0.0965355 195.275 0.000705167 0.000688505
19 2 22 0.005 0.948436 0.176082 199.483 0.00060899 0.000607417
19 3 18 0.005 0.861047 0.112239 197.407 0.000522738 0.00051596
19 4 20 0.005 0.876631 0.208961 194.916 0.000571426 0.0005569
19 5 21 0.005 0.920063 0.249055 199.295 0.000584648 0.000582588
19 6 32 0.005 0.920755 0.275137 195.714 0.000887425 0.000868407
19 7 24 0.005 0.960523 0.360722 196.823 0.000644277 0.000634043
19 8 26 0.005 0.960038 0.462443 199.665 0.000684302 0.000683155
19 9 14 0.005 0.956787 0.536454 198.876 0.000362765 0.000360727
19 10 26 0.005 1.01269 0.556992 197.263 0.000654312 0.000645357
19 11 28 0.005 0.965793 0.564085 196.66 0.000717798 0.000705811
19 12 13 0.005 0.947775 0.606756 196.213 0.000332123 0.000325835
19 13 24 0.005 0.940396 0.677485 199.253 0.000603005 0.000600752
19 14 12 0.005 0.981891 0.785827 199.483 0.00028725 0.000286508
19 15 23 0.005 1.00257 0.787536 197.329 0.000545959 0.000538669
19 16 13 0.005 1.10784 0.889777 198.808 0.000287765 0.000286049
19 17 19 0.005 1.07159 0.915587 193.337 0.000422855 0.000408769
19 18 21 0.005 1.19097 0.999704 201.26 0.00043689 0.000439642
19 19 15 0.005 1.06566 1.07898 198.877 0.000317594 0.00031581
19 20 17 0.005 1.17594 1.28314 196.524 0.000325733 0.000320072
19 21 10 0.005 1.32233 1.31083 195.187 0.000181982 0.000177602
19 22 0 0 0 0 0 0 0
19 23 13 0.005 1.28168 1.43953 195.447 0.000230267 0.000225025
20 0 15 0.005 1.06164 0.017159 196.402 0.000395544 0.000388429
20 1 30 0.005 1.00438 0.0202528 196.795 0.000814024 0.000800981
20 2 25 0.005 0.962466 0.132976 198.604 0.000689629 0.000684815
20 3 19 0.005 0.996202 0.174941 196.168 0.000513783 0.00050394
20 4 20 0.005 0.990657 0.17264 199.7 0.000542411 0.000541598
20 5 23 0.005 1.10693 0.302813 200.349 0.000581155 0.00058217
20 6 35 0.005 1.01327 0.388161 199.965 0.000912278 0.000912117
20 7 22 0.005 0.965008 0.337937 196.255 0.000591638 0.000580558
20 8 17 0.005 0.913191 0.440214 193.965 0.000459169 0.000445313
20 9 23 0.005 1.01247 0.457346 195.903 0.000591818 0.000579694
20 10 24 0.005 1.05547 0.520986 199.185 0.000597659 0.000595225
20 11 18 0.005 1.09589 0.569227 194.488 0.000435682 0.000423674
20 12 24 0.005 1.18243 0.708162 201.214 0.000542084 0.000545375
20 13 26 0.005 1.13464 0.714831 200.308 0.000597786 0.000598706
20 14 21 0.005 1.15308 0.760955 197.274 0.000473587 0.000467133
20 15 24 0.005 1.06821 0.824598 195.759 0.000549583 0.00053793
20 16 23 0.005 1.1845 0.891079 198.822 0.000494742 0.000491827
20 17 15 0.005 1.09666 0.946766 194.468 0.000327722 0.000318658
20 18 12 0.005 1.35216 1.1049 194.991 0.000229365 0.000223621
20 19 22 0.005 1.1089 1.10809 195.961 0.000455058 0.000445868
20 20 19 0.005 1.2001 1.15362 195.609 0.000376311 0.000368049
20 21 11 0.005 1.28461 1.27791 194.355 0.000204424 0.000198653
20 22 0 0 0 0 0 0 0
20 23 0 0 0 0 0 0 0
21 0 25 0.005 1.0801 0.030181 198.847 0.000653106 0.000649341
21 1 26 0.005 1.10375 0.11828 198.052 0.000669311 0.000662792
21 2 27 0.005 1.04574 0.163407 197.502 0.000713171 0.000704264
21 3 29 0.005 1.09077 0.161754 198.682 0.00074928 0.000744343
21 4 31 0.005 1.04412 0.230501 199.346 0.000814415 0.000811751
21 5 28 0.005 1.07356 0.245658 196.011 0.000723944 0.000709507
21 6 23 0.005 1.06613 0.36874 198.888 0.000586804 0.000583543
21 7 19 0.005 1.11925 0.399347 198.398 0.000470515 0.000466747
21 8 15 0.005 1.12319 0.559419 194.189 0.000359559 0.000349113
21 9 15 0.005 1.16302 0.447083 195.291 0.000361106 0.000352604
21 10 18 0.005 1.04751 0.477257 200.24 0.000454028 0.000454573
21 11 18 0.005 1.20282 0.609458 199.5 0.000412393 0.000411363
21 12 13 0.005 1.14949 0.6702 198.381 0.000300394 0.000297963
21 13 13 0.005 1.12567 0.724158 193.728 0.00029926 0.000289875
21 14 20 0.005 1.01876 0.844684 193.516 0.000463749 0.000448715
21 15 26 0.005 1.20595 0.827183 195.654 0.000564462 0.000552198
21 16 20 0.005 1.18745 0.926178 196.473 0.000425526 0.000418021
21 17 12 0.005 1.24014 0.899823 195.654 0.000252254 0.000246773
21 18 17 0.005 1.21939 1.01558 199.164 0.000348584 0.000347127
21 19 15 0.005 1.21627 1.06803 198.464 0.000303224 0.000300895
21 20 13 0.005 1.373 1.24961 193.983 0.000237112 0.000229979
21 21 10 0.005 1.578 1.35894 191.13 0.000166489 0.000159105
21 22 0 0 0 0 0 0 0
21 23 0 0 0 0 0 0 0
22 0 34 0.005 1.19695 0.0538733 196.697 0.00083792 0.000824081
22 1 21 0.005 1.11479 0.0497516 199.839 0.000539033 0.000538599
22 2 29 0.005 1.10432 0.100292 195.982 0.000746988 0.000731979
22 3 26 0.005 1.13239 0.239551 198.854 0.000653765 0.00065002
22 4 20 0.005 1.15279 0.253304 200.568 0.000497254 0.000498665
22 5 16 0.005 1.0408 0.272326 194.124 0.000418966 0.000406657
22 6 15 0.005 1.02075 0.245937 197.713 0.000397885 0.000393335
22 7 24 0.005 1.2185 0.369274 198.207 0.000570159 0.000565048
22 8 0 0 0 0 0 0 0
22 9 31 0.005 1.23066 0.520203 197.353 0.000714439 0.000704984
22 10 22 0.005 1.1174 0.529696 200.576 0.000532062 0.000533594
22 11 15 0.005 1.31513 0.652039 200.156 0.000324816 0.000325069
22 12 19 0.005 1.35953 0.712234 196.404 0.000398928 0.000391755
22 13 18 0.005 1.29559 0.730047 196.541 0.000386317 0.000379636
22 14 20 0.005 1.25415 0.807807 196.449 0.000428314 0.000420709
22 15 14 0.005 1.26385 0.877226 197.872 0.000293456 0.000290334
22 16 19 0.005 1.28491 0.973387 194.765 0.00038523 0.000375147
22 17 17 0.005 1.42553 1.06145 198.382 0.000320621 0.000318027
22 18 14 0.005 1.43646 1.13461 197.616 0.00025815 0.000255072
22 19 16 0.005 1.2253 1.06311 195.92 0.000322924 0.000316336
22 20 0 0 0 0 0 0 0
22 21 0 0 0 0 0 0 0
22 22 0 0 0 0 0 0 0
22 23 0 0 0 0 0 0 0
23 0 32 0.005 1.23263 0.0650381 198.653 0.000774757 0.000769537
23 1 26 0.005 1.18566 0.0483828 194.961 0.000644407 0.000628172
23 2 22 0.005 1.30292 0.152238 199.512 0.000512982 0.000511731
23 3 20 0.005 1.24042 0.202466 198.245 0.000478936 0.000474733
23 4 25 0.005 1.26041 0.222098 201.332 0.000592015 0.000595957
23 5 27 0.005 1.31551 0.255088 197.263 0.000621084 0.000612585
23 6 21 0.005 1.27119 0.370222 196.034 0.000486792 0.000477139
23 7 14 0.005 1.1748 0.401026 198.76 0.000337795 0.000335702
23 8 26 0.005 1.30914 0.438924 201.997 0.000586564 0.000592421
23 9 23 0.005 1.29478 0.469174 200.377 0.00051977 0.000520751
23 10 24 0.005 1.24479 0.578017 199.723 0.000543588 0.000542834
23 11 24 0.005 1.26899 0.619093 198.356 0.000533508 0.000529122
23 12 21 0.005 1.25479 0.679388 195.998 0.000463543 0.000454267
23 13 19 0.005 1.43532 0.787768 198.549 0.000380903 0.000378139
23 14 21 0.005 1.36093 0.780496 197.108 0.000434137 0.00042786
23 15 14 0.005 1.45332 0.912672 194.859 0.000271097 0.000264129
23 16 19 0.005 1.45623 0.964739 195.819 0.000363063 0.000355472
23 17 25 0.005 1.35036 1.05215 196.142 0.000485001 0.000475645
23 18 10 0.005 1.4022 1.078 191.568 0.000189297 0.000181316
23 19 12 0.005 1.5568 1.22488 193.556 0.000207994 0.000201292
23 20 0 0 0 0 0 0 0
23 21 0 0 0 0 0 0 0
23 22 0 0 0 0 0 0 0
23 23 0 0 0 0 0 0 0
