#  ix    iy     Npi     E/N       Tpi    Uxpi    Uypi     mupi     rho    epsilon
0 0 1233 0.151794 0.0245521 0.0647377 0.0610696 0.123006 0.0620201
0 1 1227 0.149049 0.0403469 0.103181 0.113183 0.121954 0.0605612
0 2 1294 0.148532 0.0396675 0.151906 0.17185 0.127834 0.0632983
0 3 1322 0.150087 0.0177776 0.192915 0.152332 0.129787 0.0648245
0 4 1486 0.144857 0.0537264 0.250931 0.374192 0.143936 0.0698077
0 5 1507 0.145355 0.0372109 0.337264 0.354135 0.142709 0.0694088
0 6 1460 0.138599 0.0576027 0.436557 0.448248 0.133619 0.0624994
0 7 1431 0.127818 0.0321415 0.544735 0.661899 0.125615 0.0550498
0 8 1362 0.123619 0.0420278 0.691818 0.661594 0.111941 0.0477802
0 9 1193 0.115941 0.0471647 0.82751 0.68676 0.0918508 0.0373008
0 10 1069 0.108912 0.0616352 1.03339 0.695015 0.0742703 0.0287637
0 11 935 0.102742 0.0451307 1.28141 0.648014 0.0575011 0.0213277
0 12 759 0.0924676 0.0479994 1.57932 0.685763 0.0405902 0.0139616
0 13 583 0.0880545 0.0622935 1.89619 0.468151 0.0271842 0.00903967
0 14 366 0.0758119 0.0328195 2.34958 0.407687 0.0143319 0.00431864
0 15 195 0.0583054 0.144242 2.93109 0.684185 0.00628963 0.00162461
0 16 64 0.041887 0.0878457 3.44715 1.01621 0.00178256 0.000392497
0 17 17 0.0343968 0.179841 3.73884 0.71322 0.000438774 8.93936e-05
0 18 0 0 0 0 0 0 0
0 19 0 0 0 0 0 0 0
0 20 0 0 0 0 0 0 0
0 21 0 0 0 0 0 0 0
0 22 0 0 0 0 0 0 0
0 23 0 0 0 0 0 0 0
1 0 1310 0.150101 0.114735 0.034631 0.154183 0.130069 0.0649707
1 1 1332 0.15151 0.115321 0.112779 0.134063 0.1315 0.0661997
1 2 1342 0.15075 0.0936101 0.140688 0.157033 0.132324 0.066335
1 3 1400 0.14674 0.106579 0.221987 0.273827 0.135939 0.0666371
1 4 1491 0.147602 0.111113 0.264849 0.307049 0.143306 0.0705904
1 5 1458 0.139258 0.0978598 0.314941 0.467874 0.138464 0.0650165
1 6 1502 0.139407 0.119356 0.449576 0.447693 0.136188 0.0640033
1 7 1443 0.126072 0.117991 0.561899 0.705349 0.12514 0.0542473
1 8 1336 0.124031 0.13983 0.696291 0.622797 0.108925 0.0466145
1 9 1183 0.113581 0.127585 0.844213 0.738257 0.0899685 0.0359664
1 10 1063 0.108895 0.19325 1.04098 0.678169 0.07299 0.0282646
1 11 879 0.101362 0.163851 1.23622 0.652301 0.0549904 0.020196
1 12 742 0.0893596 0.194392 1.50724 0.818439 0.0407868 0.0137005
1 13 494 0.0786553 0.239745 1.93911 0.71364 0.0225067 0.00694342
1 14 337 0.0724873 0.212182 2.45368 0.46482 0.0126782 0.00371472
1 15 162 0.0586365 0.292848 2.59207 0.577889 0.00579883 0.00150244
1 16 70 0.0471223 0.385802 3.46818 0.495742 0.00192836 0.000447495
1 17 13 0.0338783 0.49443 3.88821 0.492253 0.000321378 6.51182e-05
1 18 0 0 0 0 0 0 0
1 19 0 0 0 0 0 0 0
1 20 0 0 0 0 0 0 0
1 21 0 0 0 0 0 0 0
1 22 0 0 0 0 0 0 0
1 23 0 0 0 0 0 0 0
2 0 1306 0.153879 0.18566 0.0385576 0.0580375 0.128314 0.0654402
2 1 1353 0.147418 0.174272 0.1012 0.233828 0.132634 0.0652654
2 2 1370 0.147423 0.187645 0.138633 0.239615 0.133417 0.0656527
2 3 1438 0.147453 0.150111 0.193677 0.284709 0.139668 0.0687405
2 4 1471 0.141698 0.150357 0.230235 0.433446 0.141835 0.0675524
2 5 1496 0.137032 0.189478 0.330527 0.531886 0.139798 0.0647873
2 6 1426 0.131285 0.17642 0.432368 0.598585 0.129206 0.0578453
2 7 1347 0.123168 0.214978 0.543186 0.712467 0.116308 0.0495021
2 8 1333 0.119431 0.227978 0.725824 0.727345 0.106088 0.04408
2 9 1241 0.112059 0.25301 0.845415 0.819485 0.0930498 0.0368189
2 10 1020 0.108751 0.266 1.05877 0.625171 0.0688976 0.0266534
2 11 874 0.0975569 0.322333 1.25782 0.760971 0.0533283 0.0190519
2 12 748 0.0882323 0.342008 1.55141 0.842939 0.0398467 0.0132686
2 13 551 0.0783247 0.382817 2.01118 0.802009 0.024183 0.00744035
2 14 349 0.0684494 0.428163 2.44185 0.728438 0.0130556 0.00369445
2 15 165 0.0605371 0.494907 2.78706 0.384342 0.00549614 0.00144913
2 16 57 0.0383079 0.548863 3.56534 1.34061 0.00152269 0.00032318
2 17 12 0.0295401 0.540843 4.05315 1.22981 0.000285064 5.51444e-05
2 18 0 0 0 0 0 0 0
2 19 0 0 0 0 0 0 0
2 20 0 0 0 0 0 0 0
2 21 0 0 0 0 0 0 0
2 22 0 0 0 0 0 0 0
2 23 0 0 0 0 0 0 0
3 0 1354 0.152285 0.244119 0.0468622 0.116365 0.131401 0.0664326
3 1 1374 0.150226 0.269155 0.0796846 0.168332 0.132287 0.0661243
3 2 1451 0.150008 0.213552 0.143886 0.233512 0.140516 0.0701526
3 3 1500 0.143924 0.247974 0.17953 0.392319 0.143429 0.0691921
3 4 1579 0.140862 0.227016 0.235253 0.509882 0.150083 0.0711347
3 5 1520 0.137739 0.259987 0.348054 0.511712 0.139412 0.0648796
3 6 1490 0.131204 0.269047 0.444062 0.623877 0.132238 0.0591734
3 7 1376 0.127876 0.25611 0.575206 0.58452 0.116441 0.0510475
3 8 1264 0.120211 0.323505 0.725433 0.635305 0.0989765 0.0413337
3 9 1144 0.110976 0.3542 0.858828 0.749286 0.0838136 0.0329214
3 10 1001 0.102795 0.376104 1.11888 0.764206 0.0647041 0.0240082
3 11 818 0.0952336 0.405609 1.32052 0.743569 0.0479661 0.0168445
3 12 642 0.0863489 0.500513 1.64743 0.712923 0.0322433 0.0105803
3 13 474 0.078712 0.57112 2.02338 0.610553 0.0203596 0.00628397
3 14 266 0.0695758 0.675521 2.46036 0.364778 0.00970667 0.00277382
3 15 116 0.0500908 0.634093 2.91233 0.848579 0.00368975 0.000881534
3 16 35 0.03316 0.675632 3.15383 1.79228 0.00103647 0.000208418
3 17 11 0.0287811 0.748463 4.23713 1.26658 0.000249015 4.77777e-05
3 18 0 0 0 0 0 0 0
3 19 0 0 0 0 0 0 0
3 20 0 0 0 0 0 0 0
3 21 0 0 0 0 0 0 0
3 22 0 0 0 0 0 0 0
3 23 0 0 0 0 0 0 0
4 0 1459 0.15296 0.313183 0.0365743 0.158952 0.139147 0.0706097
4 1 1516 0.149105 0.284742 0.0785826 0.287713 0.14539 0.0722218
4 2 1549 0.148876 0.281503 0.148449 0.307967 0.147605 0.0732286
4 3 1588 0.144967 0.278553 0.163025 0.420371 0.151124 0.0733397
4 4 1573 0.143998 0.306759 0.258862 0.408219 0.14598 0.0704522
4 5 1508 0.132526 0.353657 0.360749 0.60743 0.134599 0.0607161
4 6 1488 0.127391 0.355906 0.479888 0.690137 0.127738 0.0558316
4 7 1335 0.120248 0.400086 0.640254 0.707926 0.106545 0.0445048
4 8 1167 0.112202 0.450809 0.765206 0.750704 0.0872557 0.0345595
4 9 1087 0.110099 0.469647 0.945096 0.663149 0.0747653 0.0291922
4 10 975 0.10121 0.535839 1.15427 0.748933 0.0602419 0.0221006
4 11 820 0.0994175 0.59432 1.38972 0.52761 0.0452457 0.0163854
4 12 612 0.0835918 0.663843 1.67322 0.755411 0.0297202 0.00954219
4 13 381 0.0749721 0.808501 2.20381 0.493077 0.014932 0.00446797
4 14 217 0.0575919 0.837006 2.60276 0.908738 0.00745403 0.00191265
4 15 84 0.0476307 0.897018 2.76742 0.790905 0.00273061 0.000636853
4 16 36 0.0364908 1.01506 3.45935 1.15491 0.000962229 0.0002004
4 17 0 0 0 0 0 0 0
4 18 0 0 0 0 0 0 0
4 19 0 0 0 0 0 0 0
4 20 0 0 0 0 0 0 0
4 21 0 0 0 0 0 0 0
4 22 0 0 0 0 0 0 0
4 23 0 0 0 0 0 0 0
5 0 1562 0.148688 0.363569 0.0180726 0.30655 0.146778 0.0727416
5 1 1618 0.149677 0.316601 0.0787395 0.331337 0.153821 0.0766538
5 2 1680 0.14798 0.331579 0.126167 0.398221 0.158331 0.0781571
5 3 1678 0.144054 0.351096 0.200606 0.470496 0.155563 0.0751016
5 4 1601 0.140571 0.389139 0.287708 0.47624 0.144111 0.0681887
5 5 1532 0.129963 0.46743 0.384521 0.647395 0.131062 0.0582032
5 6 1382 0.127747 0.468007 0.509082 0.563868 0.113669 0.0497927
5 7 1246 0.117108 0.518374 0.644517 0.696025 0.0960135 0.0392929
5 8 1183 0.114387 0.593483 0.803367 0.64117 0.0837005 0.0336416
5 9 1052 0.105094 0.640604 1.00575 0.728355 0.0675985 0.0254937
5 10 914 0.0976952 0.677318 1.17827 0.771416 0.0541684 0.0193717
5 11 687 0.0900067 0.762865 1.48952 0.645157 0.0352395 0.0118961
5 12 505 0.0808692 0.880382 1.81013 0.603598 0.0224686 0.0070579
5 13 374 0.0700613 0.962534 2.16474 0.74063 0.0145441 0.00417368
5 14 152 0.0569518 1.17324 2.82601 0.502096 0.00472177 0.00120436
5 15 68 0.0457969 1.07252 2.99511 0.693162 0.0020391 0.000467009
5 16 19 0.0267729 1.0934 3.55999 2.44355 0.000492733 9.25009e-05
5 17 0 0 0 0 0 0 0
5 18 0 0 0 0 0 0 0
5 19 0 0 0 0 0 0 0
5 20 0 0 0 0 0 0 0
5 21 0 0 0 0 0 0 0
5 22 0 0 0 0 0 0 0
5 23 0 0 0 0 0 0 0
6 0 1756 0.147776 0.399544 0.0338643 0.431799 0.162986 0.0803625
6 1 1713 0.144451 0.39881 0.0790474 0.48115 0.158686 0.0767833
6 2 1809 0.140419 0.429676 0.153734 0.612634 0.164573 0.0778021
6 3 1590 0.142574 0.484556 0.216679 0.402874 0.140442 0.0672279
6 4 1542 0.133417 0.517075 0.31789 0.563756 0.131818 0.0597828
6 5 1395 0.123978 0.548358 0.401044 0.681919 0.11539 0.0493649
6 6 1307 0.120546 0.616384 0.562104 0.639558 0.100364 0.0420038
6 7 1268 0.118065 0.646834 0.70411 0.621111 0.0916494 0.037743
6 8 1052 0.109756 0.712453 0.851185 0.614273 0.0704139 0.0274286
6 9 910 0.100456 0.731775 1.01094 0.719053 0.0569028 0.0207625
6 10 772 0.0924527 0.867316 1.2951 0.713028 0.041687 0.0143373
6 11 541 0.0790849 0.965881 1.57796 0.82592 0.0257244 0.00796409
6 12 386 0.0762493 0.986502 1.8621 0.528667 0.0165487 0.00500484
6 13 242 0.0618446 1.18733 2.16455 0.794326 0.00908529 0.00242417
6 14 128 0.0542636 1.2545 2.69379 0.575674 0.00408251 0.00101527
6 15 46 0.0373957 1.28496 3.22362 1.29658 0.00127371 0.000267788
6 16 13 0.0313819 1.72434 3.55834 0.953369 0.000318735 6.28897e-05
6 17 0 0 0 0 0 0 0
6 18 0 0 0 0 0 0 0
6 19 0 0 0 0 0 0 0
6 20 0 0 0 0 0 0 0
6 21 0 0 0 0 0 0 0
6 22 0 0 0 0 0 0 0
6 23 0 0 0 0 0 0 0
7 0 1682 0.139751 0.553284 0.0207944 0.516816 0.147151 0.0692946
7 1 1593 0.138295 0.556746 0.0768967 0.494206 0.13887 0.0648393
7 2 1624 0.132941 0.571917 0.201461 0.627975 0.138866 0.0627985
7 3 1470 0.130186 0.623308 0.252509 0.569717 0.121981 0.0542448
7 4 1464 0.126329 0.647497 0.339122 0.641223 0.118193 0.0513184
7 5 1379 0.126743 0.703257 0.465918 0.515458 0.105404 0.0458842
7 6 1249 0.116515 0.744353 0.597775 0.652888 0.0903414 0.0368274
7 7 1060 0.108201 0.806059 0.784416 0.665249 0.0704317 0.0271437
7 8 1010 0.104194 0.879215 0.907179 0.68378 0.0626858 0.0234916
7 9 836 0.0972519 0.944861 1.14715 0.639082 0.0466702 0.0166359
7 10 626 0.0896817 1.09939 1.38385 0.524954 0.030827 0.0103806
7 11 447 0.0802226 1.18853 1.70476 0.487058 0.0193821 0.00605651
7 12 290 0.0689707 1.34066 2.01252 0.533254 0.0110823 0.00315032
7 13 176 0.0520649 1.49735 2.49437 1.10461 0.00572106 0.00139318
7 14 83 0.0367182 1.84039 3.11786 1.9509 0.00220976 0.000461313
7 15 22 0.0295621 1.74667 3.4143 1.89134 0.000555084 0.000107404
7 16 0 0 0 0 0 0 0
7 17 0 0 0 0 0 0 0
7 18 0 0 0 0 0 0 0
7 19 0 0 0 0 0 0 0
7 20 0 0 0 0 0 0 0
7 21 0 0 0 0 0 0 0
7 22 0 0 0 0 0 0 0
7 23 0 0 0 0 0 0 0
8 0 1516 0.130099 0.691925 0.0710162 0.592081 0.124455 0.0553151
8 1 1478 0.131302 0.705036 0.107146 0.527003 0.120335 0.0538796
8 2 1557 0.129695 0.746571 0.19795 0.592782 0.123224 0.0546325
8 3 1345 0.124654 0.783287 0.318317 0.546731 0.102709 0.044128
8 4 1346 0.118173 0.864937 0.400567 0.679088 0.0974296 0.0401517
8 5 1225 0.11407 0.902175 0.529407 0.662201 0.0846502 0.0339514
8 6 1080 0.109714 0.909622 0.636397 0.641812 0.072283 0.0281487
8 7 966 0.100817 1.00894 0.833947 0.736162 0.0586432 0.0214532
8 8 852 0.0963027 1.04765 0.97774 0.718825 0.048757 0.0172586
8 9 677 0.0869972 1.16904 1.20888 0.755135 0.034602 0.011412
8 10 496 0.0781443 1.34291 1.51684 0.714377 0.0219542 0.00674459
8 11 342 0.0711931 1.49469 1.94821 0.555172 0.0128991 0.00373788
8 12 210 0.059936 1.67919 2.2972 0.664419 0.00696266 0.00182571
8 13 97 0.0469755 1.77601 2.63878 0.922324 0.00290918 0.000674123
8 14 37 0.0393052 1.59501 2.79715 0.871763 0.00109738 0.000235325
8 15 12 0.0248889 2.24743 3.73551 2.3609 0.000268295 4.93406e-05
8 16 0 0 0 0 0 0 0
8 17 0 0 0 0 0 0 0
8 18 0 0 0 0 0 0 0
8 19 0 0 0 0 0 0 0
8 20 0 0 0 0 0 0 0
8 21 0 0 0 0 0 0 0
8 22 0 0 0 0 0 0 0
8 23 0 0 0 0 0 0 0
9 0 1371 0.121074 0.938492 0.0396893 0.620046 0.0999282 0.0419641
9 1 1259 0.120375 0.870523 0.164328 0.581533 0.0942387 0.0393967
9 2 1306 0.116996 0.928633 0.223267 0.6829 0.0944443 0.0386221
9 3 1230 0.114236 0.96638 0.353581 0.66968 0.0857208 0.0344188
9 4 1115 0.112439 0.995289 0.434818 0.598851 0.0755231 0.0299605
9 5 1031 0.109904 1.06295 0.544259 0.547648 0.0661921 0.0258103
9 6 915 0.100902 1.15139 0.738394 0.650646 0.054002 0.0197675
9 7 807 0.0971777 1.25131 0.912061 0.577975 0.0437809 0.0155975
9 8 630 0.0887427 1.35589 1.15042 0.566302 0.0308813 0.0103239
9 9 512 0.0815957 1.42647 1.36963 0.596824 0.0231046 0.0073004
9 10 371 0.0763575 1.51761 1.58094 0.451207 0.0154016 0.00466212
9 11 256 0.0654885 1.76072 2.00579 0.538919 0.00898199 0.00247632
9 12 119 0.0499753 1.89117 2.40279 0.862085 0.00369895 0.000882739
9 13 61 0.0426391 1.8299 2.52933 0.966112 0.00186083 0.00041287
9 14 23 0.0288274 2.1468 3.222 2.09303 0.000575179 0.000110413
9 15 0 0 0 0 0 0 0
9 16 0 0 0 0 0 0 0
9 17 0 0 0 0 0 0 0
9 18 0 0 0 0 0 0 0
9 19 0 0 0 0 0 0 0
9 20 0 0 0 0 0 0 0
9 21 0 0 0 0 0 0 0
9 22 0 0 0 0 0 0 0
9 23 0 0 0 0 0 0 0
10 0 1124 0.111711 1.13234 0.0390696 0.606497 0.0743779 0.0293614
10 1 1129 0.109844 1.15759 0.157073 0.653204 0.0734189 0.0286165
10 2 1030 0.10731 1.14959 0.228884 0.642525 0.0668501 0.0256049
10 3 1028 0.10381 1.23681 0.360484 0.702621 0.0630349 0.0235582
10 4 960 0.10628 1.23638 0.504229 0.527166 0.0575472 0.0218841
10 5 846 0.0997848 1.34405 0.673546 0.549126 0.0468546 0.0170133
10 6 746 0.0919152 1.4068 0.796809 0.674278 0.0392414 0.0134414
10 7 626 0.0823289 1.52156 0.996517 0.828713 0.0301597 0.00958601
10 8 502 0.0790604 1.66922 1.24427 0.658614 0.0217348 0.00672761
10 9 353 0.0729489 1.73232 1.41628 0.566747 0.014403 0.00423671
10 10 227 0.0676432 1.85194 1.80848 0.310058 0.00818037 0.00229861
10 11 119 0.0557728 2.08692 2.18875 0.362067 0.00373596 0.000942437
10 12 55 0.0521723 2.17212 2.43723 -0.172434 0.00161082 0.000392669
10 13 17 0.0355033 2.06507 2.69147 0.618747 0.000480669 9.90768e-05
10 14 12 0.0171594 2.42642 3.10581 5.62966 0.00029512 4.98207e-05
10 15 0 0 0 0 0 0 0
10 16 0 0 0 0 0 0 0
10 17 0 0 0 0 0 0 0
10 18 0 0 0 0 0 0 0
10 19 0 0 0 0 0 0 0
10 20 0 0 0 0 0 0 0
10 21 0 0 0 0 0 0 0
10 22 0 0 0 0 0 0 0
10 23 0 0 0 0 0 0 0
11 0 914 0.101219 1.38469 0.0293251 0.629992 0.0535039 0.01963
11 1 878 0.0983515 1.37098 0.139539 0.6977 0.0515662 0.0185299
11 2 856 0.0973379 1.45122 0.306781 0.660824 0.0478507 0.0170675
11 3 775 0.0986098 1.43338 0.433166 0.507405 0.0430409 0.0154956
11 4 709 0.0936349 1.56847 0.545219 0.53507 0.0365767 0.0126923
11 5 602 0.0868627 1.55014 0.694712 0.63613 0.0305401 0.0100618
11 6 543 0.0796394 1.69484 0.921251 0.769661 0.0249905 0.00777201
11 7 414 0.0767226 1.86694 1.11408 0.548559 0.0173002 0.00525275
11 8 311 0.0692968 1.97305 1.36758 0.58994 0.0119587 0.00340911
11 9 214 0.062887 2.01214 1.52286 0.580648 0.00788398 0.00212357
11 10 128 0.0564462 2.33994 1.96937 0.370705 0.00397797 0.00100985
11 11 57 0.0463508 2.53725 2.35117 0.380052 0.00158299 0.00036455
11 12 24 0.0391548 2.53951 2.54952 0.35754 0.000642594 0.000137585
11 13 10 0.0266744 2.4874 2.95259 1.79391 0.000250746 4.7022e-05
11 14 0 0 0 0 0 0 0
11 15 0 0 0 0 0 0 0
11 16 0 0 0 0 0 0 0
11 17 0 0 0 0 0 0 0
11 18 0 0 0 0 0 0 0
11 19 0 0 0 0 0 0 0
11 20 0 0 0 0 0 0 0
11 21 0 0 0 0 0 0 0
11 22 0 0 0 0 0 0 0
11 23 0 0 0 0 0 0 0
12 0 633 0.0904169 1.67755 0.0696364 0.543832 0.0323912 0.010969
12 1 684 0.0858566 1.70169 0.168359 0.803168 0.0345292 0.0112867
12 2 616 0.0908263 1.68207 0.316029 0.485479 0.0310761 0.0105567
12 3 601 0.0881014 1.7917 0.453787 0.516884 0.0285993 0.00951368
12 4 481 0.0822777 1.81294 0.58616 0.531576 0.0223532 0.00710185
12 5 469 0.0801817 1.86984 0.75199 0.561852 0.0208459 0.00651175
12 6 343 0.0709123 2.30302 1.09094 0.5422 0.0125296 0.00362205
12 7 295 0.0660562 2.14221 1.2142 0.714358 0.0110999 0.00307566
12 8 180 0.0594647 2.27933 1.51082 0.580094 0.00618197 0.00161399
12 9 121 0.0582368 2.58832 1.88803 0.132899 0.00360527 0.000930647
12 10 63 0.0369758 2.8595 2.16634 1.64404 0.00169163 0.000354099
12 11 36 0.0363019 2.7446 2.46769 1.16273 0.000941443 0.000195684
12 12 11 0.0236402 2.42148 2.54632 2.86381 0.00030109 5.46174e-05
12 13 0 0 0 0 0 0 0
12 14 0 0 0 0 0 0 0
12 15 0 0 0 0 0 0 0
12 16 0 0 0 0 0 0 0
12 17 0 0 0 0 0 0 0
12 18 0 0 0 0 0 0 0
12 19 0 0 0 0 0 0 0
12 20 0 0 0 0 0 0 0
12 21 0 0 0 0 0 0 0
12 22 0 0 0 0 0 0 0
12 23 0 0 0 0 0 0 0
13 0 437 0.0772437 2.06843 0.0974934 0.615723 0.0190037 0.00579495
13 1 455 0.0739418 2.03368 0.218129 0.839918 0.019985 0.00592828
13 2 418 0.0748246 2.07905 0.35218 0.682844 0.017911 0.00535269
13 3 369 0.0728556 2.11373 0.511851 0.639839 0.0154154 0.00453091
13 4 322 0.0675788 2.24832 0.666002 0.748463 0.0126314 0.00354729
13 5 220 0.0653595 2.37073 0.932416 0.436276 0.00803876 0.00221373
13 6 196 0.0570803 2.27532 1.08202 0.918144 0.00723062 0.0018465
13 7 133 0.0579039 2.5659 1.34157 0.344223 0.00434176 0.0011173
13 8 78 0.0515807 2.78172 1.7025 0.231313 0.00228657 0.000554232
13 9 51 0.0448942 2.88515 2.01341 0.413195 0.00139436 0.000316481
13 10 18 0.029522 3.21594 2.13768 1.6931 0.000451243 8.7274e-05
13 11 0 0 0 0 0 0 0
13 12 0 0 0 0 0 0 0
13 13 0 0 0 0 0 0 0
13 14 0 0 0 0 0 0 0
13 15 0 0 0 0 0 0 0
13 16 0 0 0 0 0 0 0
13 17 0 0 0 0 0 0 0
13 18 0 0 0 0 0 0 0
13 19 0 0 0 0 0 0 0
13 20 0 0 0 0 0 0 0
13 21 0 0 0 0 0 0 0
13 22 0 0 0 0 0 0 0
13 23 0 0 0 0 0 0 0
14 0 238 0.0628756 2.57189 0.0610178 0.671 0.00862278 0.00232233
14 1 247 0.0632734 2.51681 0.223336 0.69674 0.00908959 0.00245684
14 2 222 0.0675617 2.40533 0.390847 0.344889 0.008428 0.0023665
14 3 177 0.0596503 2.65345 0.618345 0.552856 0.00609868 0.00159497
14 4 163 0.0653434 2.51998 0.701669 0.114416 0.00582044 0.00160262
14 5 116 0.0579743 2.74062 1.00873 0.194407 0.00375789 0.000967684
14 6 90 0.0460441 2.93482 1.13563 0.95649 0.00272567 0.00062579
14 7 46 0.0467197 2.73579 1.24918 0.253952 0.00145139 0.000335468
14 8 26 0.0345786 3.14215 1.6615 1.15506 0.000704153 0.000143736
14 9 20 0.0275687 3.01237 1.65782 2.36559 0.000558521 0.000105763
14 10 0 0 0 0 0 0 0
14 11 0 0 0 0 0 0 0
14 12 0 0 0 0 0 0 0
14 13 0 0 0 0 0 0 0
14 14 0 0 0 0 0 0 0
14 15 0 0 0 0 0 0 0
14 16 0 0 0 0 0 0 0
14 17 0 0 0 0 0 0 0
14 18 0 0 0 0 0 0 0
14 19 0 0 0 0 0 0 0
14 20 0 0 0 0 0 0 0
14 21 0 0 0 0 0 0 0
14 22 0 0 0 0 0 0 0
14 23 0 0 0 0 0 0 0
15 0 114 0.0547294 2.71939 0.0949859 0.49912 0.00393242 0.000982274
15 1 124 0.0523155 2.93378 0.288587 0.720152 0.00398338 0.000972366
15 2 93 0.0465262 2.91053 0.540499 0.992684 0.00297635 0.000686624
15 3 100 0.0515588 3.07906 0.744832 0.50829 0.00301028 0.000729494
15 4 51 0.0433279 3.02802 0.902947 0.693085 0.00153881 0.00034381
15 5 43 0.0348878 2.83002 0.940067 1.76613 0.00136713 0.000279978
15 6 34 0.0492436 3.22604 1.41811 -0.449797 0.000928173 0.00021993
15 7 13 0.0293549 3.79834 1.65309 1.33888 0.000305059 5.88945e-05
15 8 0 0 0 0 0 0 0
15 9 0 0 0 0 0 0 0
15 10 0 0 0 0 0 0 0
15 11 0 0 0 0 0 0 0
15 12 0 0 0 0 0 0 0
15 13 0 0 0 0 0 0 0
15 14 0 0 0 0 0 0 0
15 15 0 0 0 0 0 0 0
15 16 0 0 0 0 0 0 0
15 17 0 0 0 0 0 0 0
15 18 0 0 0 0 0 0 0
15 19 0 0 0 0 0 0 0
15 20 0 0 0 0 0 0 0
15 21 0 0 0 0 0 0 0
15 22 0 0 0 0 0 0 0
15 23 0 0 0 0 0 0 0
16 0 42 0.0423013 3.388 -0.0115471 0.559638 0.00118895 0.000262897
16 1 32 0.0354397 3.04636 0.277262 1.35605 0.000994326 0.000204817
16 2 31 0.0324981 3.52026 0.451209 1.70606 0.000840734 0.000167873
16 3 16 0.0194226 3.54893 0.588652 4.84226 0.000428516 7.41876e-05
16 4 13 0.0357701 3.42897 0.816025 0.271814 0.000354819 7.33414e-05
16 5 11 0.0267104 3.96641 1.22042 1.81173 0.00025769 4.83432e-05
16 6 0 0 0 0 0 0 0
16 7 0 0 0 0 0 0 0
16 8 0 0 0 0 0 0 0
16 9 0 0 0 0 0 0 0
16 10 0 0 0 0 0 0 0
16 11 0 0 0 0 0 0 0
16 12 0 0 0 0 0 0 0
16 13 0 0 0 0 0 0 0
16 14 0 0 0 0 0 0 0
16 15 0 0 0 0 0 0 0
16 16 0 0 0 0 0 0 0
16 17 0 0 0 0 0 0 0
16 18 0 0 0 0 0 0 0
16 19 0 0 0 0 0 0 0
16 20 0 0 0 0 0 0 0
16 21 0 0 0 0 0 0 0
16 22 0 0 0 0 0 0 0
16 23 0 0 0 0 0 0 0
17 0 0 0 0 0 0 0 0
17 1 0 0 0 0 0 0 0
17 2 0 0 0 0 0 0 0
17 3 0 0 0 0 0 0 0
17 4 0 0 0 0 0 0 0
17 5 0 0 0 0 0 0 0
17 6 0 0 0 0 0 0 0
17 7 0 0 0 0 0 0 0
17 8 0 0 0 0 0 0 0
17 9 0 0 0 0 0 0 0
17 10 0 0 0 0 0 0 0
17 11 0 0 0 0 0 0 0
17 12 0 0 0 0 0 0 0
17 13 0 0 0 0 0 0 0
17 14 0 0 0 0 0 0 0
17 15 0 0 0 0 0 0 0
17 16 0 0 0 0 0 0 0
17 17 0 0 0 0 0 0 0
17 18 0 0 0 0 0 0 0
17 19 0 0 0 0 0 0 0
17 20 0 0 0 0 0 0 0
17 21 0 0 0 0 0 0 0
17 22 0 0 0 0 0 0 0
17 23 0 0 0 0 0 0 0
18 0 0 0 0 0 0 0 0
18 1 0 0 0 0 0 0 0
18 2 0 0 0 0 0 0 0
18 3 0 0 0 0 0 0 0
18 4 0 0 0 0 0 0 0
18 5 0 0 0 0 0 0 0
18 6 0 0 0 0 0 0 0
18 7 0 0 0 0 0 0 0
18 8 0 0 0 0 0 0 0
18 9 0 0 0 0 0 0 0
18 10 0 0 0 0 0 0 0
18 11 0 0 0 0 0 0 0
18 12 0 0 0 0 0 0 0
18 13 0 0 0 0 0 0 0
18 14 0 0 0 0 0 0 0
18 15 0 0 0 0 0 0 0
18 16 0 0 0 0 0 0 0
18 17 0 0 0 0 0 0 0
18 18 0 0 0 0 0 0 0
18 19 0 0 0 0 0 0 0
18 20 0 0 0 0 0 0 0
18 21 0 0 0 0 0 0 0
18 22 0 0 0 0 0 0 0
18 23 0 0 0 0 0 0 0
19 0 0 0 0 0 0 0 0
19 1 0 0 0 0 0 0 0
19 2 0 0 0 0 0 0 0
19 3 0 0 0 0 0 0 0
19 4 0 0 0 0 0 0 0
19 5 0 0 0 0 0 0 0
19 6 0 0 0 0 0 0 0
19 7 0 0 0 0 0 0 0
19 8 0 0 0 0 0 0 0
19 9 0 0 0 0 0 0 0
19 10 0 0 0 0 0 0 0
19 11 0 0 0 0 0 0 0
19 12 0 0 0 0 0 0 0
19 13 0 0 0 0 0 0 0
19 14 0 0 0 0 0 0 0
19 15 0 0 0 0 0 0 0
19 16 0 0 0 0 0 0 0
19 17 0 0 0 0 0 0 0
19 18 0 0 0 0 0 0 0
19 19 0 0 0 0 0 0 0
19 20 0 0 0 0 0 0 0
19 21 0 0 0 0 0 0 0
19 22 0 0 0 0 0 0 0
19 23 0 0 0 0 0 0 0
20 0 0 0 0 0 0 0 0
20 1 0 0 0 0 0 0 0
20 2 0 0 0 0 0 0 0
20 3 0 0 0 0 0 0 0
20 4 0 0 0 0 0 0 0
20 5 0 0 0 0 0 0 0
20 6 0 0 0 0 0 0 0
20 7 0 0 0 0 0 0 0
20 8 0 0 0 0 0 0 0
20 9 0 0 0 0 0 0 0
20 10 0 0 0 0 0 0 0
20 11 0 0 0 0 0 0 0
20 12 0 0 0 0 0 0 0
20 13 0 0 0 0 0 0 0
20 14 0 0 0 0 0 0 0
20 15 0 0 0 0 0 0 0
20 16 0 0 0 0 0 0 0
20 17 0 0 0 0 0 0 0
20 18 0 0 0 0 0 0 0
20 19 0 0 0 0 0 0 0
20 20 0 0 0 0 0 0 0
20 21 0 0 0 0 0 0 0
20 22 0 0 0 0 0 0 0
20 23 0 0 0 0 0 0 0
21 0 0 0 0 0 0 0 0
21 1 0 0 0 0 0 0 0
21 2 0 0 0 0 0 0 0
21 3 0 0 0 0 0 0 0
21 4 0 0 0 0 0 0 0
21 5 0 0 0 0 0 0 0
21 6 0 0 0 0 0 0 0
21 7 0 0 0 0 0 0 0
21 8 0 0 0 0 0 0 0
21 9 0 0 0 0 0 0 0
21 10 0 0 0 0 0 0 0
21 11 0 0 0 0 0 0 0
21 12 0 0 0 0 0 0 0
21 13 0 0 0 0 0 0 0
21 14 0 0 0 0 0 0 0
21 15 0 0 0 0 0 0 0
21 16 0 0 0 0 0 0 0
21 17 0 0 0 0 0 0 0
21 18 0 0 0 0 0 0 0
21 19 0 0 0 0 0 0 0
21 20 0 0 0 0 0 0 0
21 21 0 0 0 0 0 0 0
21 22 0 0 0 0 0 0 0
21 23 0 0 0 0 0 0 0
22 0 0 0 0 0 0 0 0
22 1 0 0 0 0 0 0 0
22 2 0 0 0 0 0 0 0
22 3 0 0 0 0 0 0 0
22 4 0 0 0 0 0 0 0
22 5 0 0 0 0 0 0 0
22 6 0 0 0 0 0 0 0
22 7 0 0 0 0 0 0 0
22 8 0 0 0 0 0 0 0
22 9 0 0 0 0 0 0 0
22 10 0 0 0 0 0 0 0
22 11 0 0 0 0 0 0 0
22 12 0 0 0 0 0 0 0
22 13 0 0 0 0 0 0 0
22 14 0 0 0 0 0 0 0
22 15 0 0 0 0 0 0 0
22 16 0 0 0 0 0 0 0
22 17 0 0 0 0 0 0 0
22 18 0 0 0 0 0 0 0
22 19 0 0 0 0 0 0 0
22 20 0 0 0 0 0 0 0
22 21 0 0 0 0 0 0 0
22 22 0 0 0 0 0 0 0
22 23 0 0 0 0 0 0 0
23 0 0 0 0 0 0 0 0
23 1 0 0 0 0 0 0 0
23 2 0 0 0 0 0 0 0
23 3 0 0 0 0 0 0 0
23 4 0 0 0 0 0 0 0
23 5 0 0 0 0 0 0 0
23 6 0 0 0 0 0 0 0
23 7 0 0 0 0 0 0 0
23 8 0 0 0 0 0 0 0
23 9 0 0 0 0 0 0 0
23 10 0 0 0 0 0 0 0
23 11 0 0 0 0 0 0 0
23 12 0 0 0 0 0 0 0
23 13 0 0 0 0 0 0 0
23 14 0 0 0 0 0 0 0
23 15 0 0 0 0 0 0 0
23 16 0 0 0 0 0 0 0
23 17 0 0 0 0 0 0 0
23 18 0 0 0 0 0 0 0
23 19 0 0 0 0 0 0 0
23 20 0 0 0 0 0 0 0
23 21 0 0 0 0 0 0 0
23 22 0 0 0 0 0 0 0
23 23 0 0 0 0 0 0 0
