#  ix    iy     NK     E/N         TK    Uxpi    UyK      muK      rho      epsilon
0 0 455 0.13893 0.0344919 0.0431872 0.444256 0.0420654 0.0318979
0 1 459 0.138607 0.0626362 0.0997418 0.460377 0.0422083 0.031976
0 2 434 0.131761 0.039478 0.190776 0.673747 0.0394436 0.0292881
0 3 446 0.133404 0.0623763 0.25834 0.61593 0.0399109 0.0297786
0 4 427 0.136744 0.0579992 0.307447 0.422561 0.0377333 0.0284308
0 5 451 0.133311 0.0656817 0.406532 0.586809 0.0386133 0.0288026
0 6 405 0.122616 0.0416215 0.45221 0.944009 0.0341442 0.0246754
0 7 422 0.122291 0.038193 0.551527 0.961168 0.0341961 0.024689
0 8 369 0.111907 0.0445887 0.677582 1.30985 0.0282658 0.0197811
0 9 379 0.103087 0.0439366 0.783388 1.81409 0.0276086 0.0188105
0 10 347 0.101355 0.063352 0.857476 1.80168 0.0243625 0.0165111
0 11 287 0.0914689 0.0176906 1.03512 2.23582 0.0184623 0.0121379
0 12 248 0.0882438 0.0391993 1.25582 2.24172 0.0142999 0.00930803
0 13 190 0.0760503 0.0349356 1.46829 3.03355 0.00990115 0.00620461
0 14 148 0.0631482 0.0840617 1.6523 4.34728 0.00708872 0.0042657
0 15 56 0.0656953 0.0486598 1.97261 2.86967 0.00234397 0.00142187
0 16 34 0.0343082 0.191082 2.2007 10.2361 0.00129832 0.000713182
0 17 0 0 0 0 0 0 0
0 18 0 0 0 0 0 0 0
0 19 0 0 0 0 0 0 0
0 20 0 0 0 0 0 0 0
0 21 0 0 0 0 0 0 0
0 22 0 0 0 0 0 0 0
0 23 0 0 0 0 0 0 0
1 0 414 0.136607 0.113053 0.0141038 0.437391 0.0380869 0.0286858
1 1 426 0.139471 0.0991401 0.138127 0.344494 0.0388864 0.0295337
1 2 438 0.129407 0.110543 0.178319 0.782171 0.0396914 0.0292682
1 3 455 0.134789 0.111932 0.225637 0.581688 0.0408537 0.0306062
1 4 469 0.140067 0.124612 0.27939 0.386973 0.0415262 0.0315935
1 5 445 0.128564 0.0924355 0.403836 0.777655 0.0380664 0.0280001
1 6 400 0.119773 0.121748 0.47263 1.05777 0.0332844 0.0238507
1 7 417 0.110666 0.0851667 0.540693 1.56069 0.0338694 0.0236138
1 8 412 0.110948 0.103624 0.589044 1.51073 0.0327393 0.0228454
1 9 364 0.0961089 0.10938 0.773703 2.24994 0.0265575 0.0177115
1 10 349 0.105487 0.125602 0.943741 1.49794 0.0234041 0.0160629
1 11 277 0.0873466 0.131755 1.0641 2.51893 0.0174933 0.011355
1 12 256 0.08372 0.158672 1.27126 2.6572 0.0145851 0.00936121
1 13 183 0.0768848 0.187507 1.41551 2.92556 0.00972016 0.00610712
1 14 150 0.0693293 0.217671 1.71773 3.4693 0.00694619 0.00426207
1 15 81 0.0561639 0.165173 1.77174 4.86169 0.00367437 0.00216286
1 16 37 0.0435198 0.206352 2.13251 6.91103 0.00144899 0.000819476
1 17 0 0 0 0 0 0 0
1 18 0 0 0 0 0 0 0
1 19 0 0 0 0 0 0 0
1 20 0 0 0 0 0 0 0
1 21 0 0 0 0 0 0 0
1 22 0 0 0 0 0 0 0
1 23 0 0 0 0 0 0 0
2 0 448 0.131256 0.19158 0.0414697 0.726931 0.0407068 0.0301811
2 1 509 0.135158 0.202703 0.119983 0.68241 0.0458742 0.0344046
2 2 457 0.136311 0.184319 0.16658 0.524695 0.0410664 0.0309031
2 3 432 0.136911 0.178451 0.247211 0.429742 0.0382612 0.0288426
2 4 437 0.131117 0.184004 0.266607 0.676996 0.0384936 0.0285286
2 5 468 0.131414 0.184429 0.364172 0.705613 0.0401194 0.0297594
2 6 414 0.123874 0.195774 0.446567 0.893087 0.0344556 0.024994
2 7 408 0.117154 0.202524 0.573241 1.16038 0.0322802 0.0229502
2 8 405 0.104011 0.222208 0.665332 1.86144 0.0307002 0.0209758
2 9 354 0.101909 0.230997 0.77067 1.8124 0.0255384 0.0173375
2 10 315 0.0966645 0.18434 0.931158 1.98254 0.0211539 0.0141319
2 11 285 0.0842406 0.269922 1.07463 2.80225 0.0176805 0.0113663
2 12 234 0.0759872 0.278566 1.24115 3.3423 0.0133907 0.00838968
2 13 185 0.0712569 0.250077 1.39235 3.58228 0.00988788 0.00610389
2 14 144 0.0567286 0.317598 1.69663 5.35561 0.00668389 0.0039414
2 15 68 0.0654041 0.330437 1.99111 3.08685 0.00279526 0.00169408
2 16 20 0.0340327 0.334755 2.2245 9.81987 0.000752234 0.000412852
2 17 0 0 0 0 0 0 0
2 18 0 0 0 0 0 0 0
2 19 0 0 0 0 0 0 0
2 20 0 0 0 0 0 0 0
2 21 0 0 0 0 0 0 0
2 22 0 0 0 0 0 0 0
2 23 0 0 0 0 0 0 0
3 0 477 0.141177 0.258316 0.0370986 0.372902 0.0427354 0.0326185
3 1 467 0.136633 0.259247 0.0986187 0.526222 0.0416676 0.031385
3 2 448 0.13654 0.27437 0.167207 0.476382 0.039493 0.0297389
3 3 465 0.141423 0.246727 0.221448 0.318842 0.0408681 0.0312155
3 4 461 0.125463 0.247456 0.299432 0.962697 0.0397887 0.0289991
3 5 476 0.127048 0.259233 0.383972 0.895098 0.0399908 0.0292839
3 6 444 0.114941 0.30142 0.491271 1.37524 0.0356184 0.0251557
3 7 447 0.108486 0.330395 0.577308 1.7042 0.0344615 0.0238685
3 8 413 0.110795 0.344033 0.659425 1.45463 0.030684 0.0214013
3 9 355 0.101369 0.330824 0.813385 1.81444 0.0246996 0.0167404
3 10 316 0.0906174 0.338309 1.03732 2.37168 0.0197694 0.0129631
3 11 287 0.080386 0.36446 1.10478 3.14551 0.0173226 0.0110034
3 12 217 0.0814492 0.336584 1.24433 2.70107 0.0123158 0.00784898
3 13 163 0.0697979 0.367171 1.5162 3.56903 0.00814488 0.00500493
3 14 122 0.0556043 0.444519 1.60298 5.42702 0.0058201 0.00341986
3 15 57 0.0413974 0.51764 1.94716 8.05704 0.0023464 0.00131813
3 16 14 0.0538712 0.553334 2.12529 3.38333 0.000537193 0.000313926
3 17 0 0 0 0 0 0 0
3 18 0 0 0 0 0 0 0
3 19 0 0 0 0 0 0 0
3 20 0 0 0 0 0 0 0
3 21 0 0 0 0 0 0 0
3 22 0 0 0 0 0 0 0
3 23 0 0 0 0 0 0 0
4 0 475 0.144596 0.355578 0.023364 0.213424 0.0414297 0.0319368
4 1 497 0.134689 0.322293 0.0752312 0.652903 0.043688 0.03272
4 2 494 0.135366 0.335017 0.164866 0.60573 0.0428511 0.0321569
4 3 509 0.128923 0.331666 0.228942 0.900059 0.0437132 0.0321878
4 4 442 0.124978 0.324194 0.297302 0.924962 0.0374618 0.027264
4 5 448 0.132117 0.34035 0.37874 0.593649 0.0369652 0.0274766
4 6 444 0.121415 0.341965 0.459269 1.04611 0.0356765 0.0256905
4 7 424 0.109318 0.373885 0.623487 1.57373 0.0317545 0.0220492
4 8 369 0.102602 0.432912 0.717389 1.79251 0.0261888 0.0178167
4 9 371 0.0992415 0.44216 0.842781 1.96476 0.0248836 0.0167556
4 10 320 0.0920381 0.458363 0.988086 2.27325 0.0200383 0.0131972
4 11 260 0.0835704 0.535122 1.15908 2.6886 0.0148452 0.00952373
4 12 202 0.0792787 0.530928 1.3291 2.77509 0.0107125 0.00678115
4 13 166 0.064917 0.556681 1.51466 4.2198 0.0080963 0.00489926
4 14 75 0.053834 0.525476 1.7095 5.2328 0.00338915 0.00198033
4 15 56 0.0445887 0.501479 1.94394 7.06619 0.00231187 0.00131191
4 16 23 0.0326521 0.640363 2.31298 10.5854 0.000819093 0.000447591
4 17 0 0 0 0 0 0 0
4 18 0 0 0 0 0 0 0
4 19 0 0 0 0 0 0 0
4 20 0 0 0 0 0 0 0
4 21 0 0 0 0 0 0 0
4 22 0 0 0 0 0 0 0
4 23 0 0 0 0 0 0 0
5 0 538 0.138057 0.402821 0.0282247 0.572294 0.046191 0.0349372
5 1 475 0.136406 0.399478 0.0958614 0.511436 0.0406822 0.0306225
5 2 510 0.136892 0.396765 0.166201 0.556013 0.0433789 0.0326988
5 3 477 0.131622 0.421465 0.215738 0.691632 0.0399184 0.0296285
5 4 494 0.127215 0.425867 0.325287 0.895632 0.0403167 0.0295371
5 5 470 0.120975 0.44064 0.396443 1.11581 0.0374363 0.0269224
5 6 429 0.122177 0.483425 0.520525 0.912175 0.032383 0.023372
5 7 425 0.10842 0.466237 0.580905 1.62012 0.0315591 0.0218538
5 8 368 0.0999738 0.466208 0.693921 1.96434 0.0261423 0.0176426
5 9 354 0.0937469 0.514185 0.863303 2.28559 0.0231215 0.0153083
5 10 243 0.0894979 0.567466 0.950649 2.19136 0.0150815 0.00985495
5 11 253 0.0781292 0.627243 1.20899 3.15023 0.0138639 0.00874458
5 12 189 0.0751319 0.675187 1.40328 3.08812 0.00945592 0.00590859
5 13 135 0.0670604 0.62517 1.53867 3.69321 0.0064478 0.00392813
5 14 79 0.0623419 0.720821 1.83633 3.70799 0.0033073 0.00198514
5 15 28 0.0478056 0.678918 1.99429 5.47339 0.00111176 0.000637341
5 16 0 0 0 0 0 0 0
5 17 0 0 0 0 0 0 0
5 18 0 0 0 0 0 0 0
5 19 0 0 0 0 0 0 0
5 20 0 0 0 0 0 0 0
5 21 0 0 0 0 0 0 0
5 22 0 0 0 0 0 0 0
5 23 0 0 0 0 0 0 0
6 0 528 0.13314 0.492393 0.0402843 0.720742 0.0438316 0.0326786
6 1 550 0.139829 0.422442 0.118652 0.512249 0.0466341 0.0354549
6 2 490 0.126716 0.524829 0.163726 0.904373 0.039758 0.0290847
6 3 489 0.123869 0.509513 0.238414 1.02903 0.0394624 0.0286254
6 4 445 0.117245 0.509506 0.298871 1.2501 0.0354767 0.0252297
6 5 472 0.111632 0.50663 0.397707 1.58754 0.0367421 0.0256916
6 6 423 0.116499 0.578761 0.520348 1.15103 0.0309087 0.021932
6 7 347 0.108386 0.630229 0.673629 1.33216 0.023616 0.0163518
6 8 355 0.0978061 0.651495 0.768298 1.99223 0.0231577 0.0155249
6 9 338 0.0880428 0.635742 0.920193 2.63612 0.0208599 0.0135696
6 10 231 0.0818884 0.73386 1.0226 2.73634 0.0133051 0.00849115
6 11 216 0.0727191 0.771717 1.23279 3.54395 0.0113313 0.00702708
6 12 160 0.0634534 0.723048 1.30259 4.45392 0.00825655 0.00497324
6 13 99 0.0571699 0.814883 1.5977 4.87166 0.00446402 0.00263604
6 14 58 0.0538557 0.811159 1.78373 4.90033 0.00244116 0.0014265
6 15 23 0.0442475 0.911022 1.87668 6.24343 0.000920556 0.000521821
6 16 0 0 0 0 0 0 0
6 17 0 0 0 0 0 0 0
6 18 0 0 0 0 0 0 0
6 19 0 0 0 0 0 0 0
6 20 0 0 0 0 0 0 0
6 21 0 0 0 0 0 0 0
6 22 0 0 0 0 0 0 0
6 23 0 0 0 0 0 0 0
7 0 524 0.13274 0.59598 0.0346889 0.686766 0.0416595 0.0310227
7 1 517 0.120837 0.608849 0.112424 1.20619 0.0407008 0.029258
7 2 555 0.124268 0.578764 0.166565 1.11956 0.0440217 0.0319706
7 3 480 0.130023 0.628838 0.267734 0.676602 0.0366931 0.0271065
7 4 434 0.114381 0.643193 0.377976 1.30472 0.0322094 0.0227097
7 5 452 0.111808 0.648146 0.429844 1.47137 0.0330367 0.0231129
7 6 385 0.103224 0.681026 0.567176 1.77106 0.0266783 0.0181842
7 7 362 0.0978565 0.734681 0.645585 2.02289 0.023963 0.0160672
7 8 323 0.0954742 0.732638 0.778104 2.03391 0.0204338 0.0136009
7 9 275 0.0847749 0.816823 0.925487 2.65601 0.0160283 0.0103213
7 10 227 0.0726898 0.730288 1.00789 3.69735 0.0131645 0.0081632
7 11 166 0.0747774 0.874552 1.24777 3.01308 0.00843334 0.00526378
7 12 145 0.0541702 0.906012 1.41998 5.86963 0.00685388 0.00400908
7 13 71 0.0601019 0.973642 1.64017 3.98538 0.00305255 0.00181933
7 14 41 0.0385616 1.1553 2.05535 8.5911 0.0014823 0.000825264
7 15 11 0.0492567 0.902073 1.73306 4.24562 0.000464056 0.000267256
7 16 0 0 0 0 0 0 0
7 17 0 0 0 0 0 0 0
7 18 0 0 0 0 0 0 0
7 19 0 0 0 0 0 0 0
7 20 0 0 0 0 0 0 0
7 21 0 0 0 0 0 0 0
7 22 0 0 0 0 0 0 0
7 23 0 0 0 0 0 0 0
8 0 442 0.118252 0.697909 0.0423464 1.14222 0.0335405 0.023925
8 1 495 0.122211 0.729843 0.102057 1.04102 0.0368966 0.0266324
8 2 427 0.122922 0.704153 0.191642 0.862497 0.0319371 0.0231014
8 3 481 0.112705 0.719084 0.291994 1.48444 0.0351839 0.0246819
8 4 386 0.114556 0.723194 0.3477 1.15077 0.0278757 0.0196645
8 5 344 0.100309 0.803639 0.490657 1.82192 0.0231898 0.0156662
8 6 358 0.100454 0.817867 0.54272 1.83215 0.0236564 0.0159885
8 7 335 0.0933367 0.90049 0.724895 2.18614 0.0202933 0.0134188
8 8 260 0.088168 0.89507 0.828984 2.31312 0.0152613 0.00993148
8 9 250 0.0811845 0.951237 0.964144 2.83668 0.0137494 0.00875543
8 10 195 0.0660382 0.991719 1.11972 4.27595 0.0100351 0.00609394
8 11 146 0.0691435 0.976773 1.28259 3.5186 0.00712575 0.00436969
8 12 81 0.0544407 1.03784 1.46526 5.18565 0.00364918 0.00213636
8 13 51 0.0621093 1.18784 1.62125 3.29153 0.00210357 0.0012617
8 14 19 0.0481165 1.11696 1.92967 4.96137 0.000719943 0.000413131
8 15 0 0 0 0 0 0 0
8 16 0 0 0 0 0 0 0
8 17 0 0 0 0 0 0 0
8 18 0 0 0 0 0 0 0
8 19 0 0 0 0 0 0 0
8 20 0 0 0 0 0 0 0
8 21 0 0 0 0 0 0 0
8 22 0 0 0 0 0 0 0
8 23 0 0 0 0 0 0 0
9 0 403 0.116081 0.780539 0.0671996 1.12204 0.0293739 0.0208168
9 1 419 0.111409 0.876515 0.119591 1.36542 0.029058 0.0203049
9 2 411 0.106756 0.888756 0.233565 1.60053 0.0280211 0.0193061
9 3 378 0.105239 0.893194 0.305014 1.5972 0.0254532 0.0174561
9 4 358 0.106464 0.880238 0.365033 1.46317 0.0239973 0.0165191
9 5 343 0.0989158 0.924982 0.508201 1.85681 0.021844 0.0146941
9 6 308 0.0976534 0.981273 0.607866 1.78772 0.0186735 0.0125128
9 7 288 0.0879019 0.999539 0.703039 2.43673 0.016888 0.010981
9 8 233 0.0773798 1.00832 0.817978 3.17654 0.0131642 0.00828382
9 9 182 0.0674373 1.11637 0.981609 4.02001 0.00940602 0.00573714
9 10 135 0.0767338 1.10028 1.16075 2.55857 0.00662689 0.00416167
9 11 96 0.0627493 1.21053 1.36475 3.90155 0.00427274 0.00256793
9 12 62 0.0463996 1.21934 1.45522 6.71409 0.00267533 0.00152689
9 13 35 0.0457563 1.50454 1.95528 6.09947 0.00121736 0.000693371
9 14 0 0 0 0 0 0 0
9 15 0 0 0 0 0 0 0
9 16 0 0 0 0 0 0 0
9 17 0 0 0 0 0 0 0
9 18 0 0 0 0 0 0 0
9 19 0 0 0 0 0 0 0
9 20 0 0 0 0 0 0 0
9 21 0 0 0 0 0 0 0
9 22 0 0 0 0 0 0 0
9 23 0 0 0 0 0 0 0
10 0 380 0.102162 1.00295 0.0189156 1.76824 0.0248408 0.0168769
10 1 392 0.101011 1.01535 0.152319 1.86315 0.0253248 0.0171453
10 2 351 0.0935226 1.02121 0.237479 2.27221 0.0224311 0.0148409
10 3 338 0.0904569 1.05798 0.32549 2.44394 0.0209798 0.0137499
10 4 306 0.0808321 1.05218 0.416813 3.18164 0.0187609 0.0119336
10 5 309 0.0958148 1.12549 0.513449 1.88153 0.0179864 0.0119845
10 6 293 0.0849489 1.08445 0.612346 2.69847 0.0169859 0.0109439
10 7 229 0.0761268 1.21909 0.773258 3.22367 0.0120739 0.00756798
10 8 178 0.0695968 1.23157 0.94193 3.68684 0.00893309 0.00548581
10 9 164 0.0665638 1.23176 1.04978 3.97437 0.00798196 0.00485518
10 10 105 0.0611744 1.18559 1.16294 4.30773 0.00501514 0.00299918
10 11 56 0.0635517 1.34699 1.37961 3.19837 0.00238726 0.00143838
10 12 24 0.0525273 1.37456 1.50564 4.26008 0.000978625 0.000569466
10 13 18 0.0345082 1.43852 1.87903 9.44948 0.000648744 0.000356588
10 14 0 0 0 0 0 0 0
10 15 0 0 0 0 0 0 0
10 16 0 0 0 0 0 0 0
10 17 0 0 0 0 0 0 0
10 18 0 0 0 0 0 0 0
10 19 0 0 0 0 0 0 0
10 20 0 0 0 0 0 0 0
10 21 0 0 0 0 0 0 0
10 22 0 0 0 0 0 0 0
10 23 0 0 0 0 0 0 0
11 0 332 0.0917175 1.19413 0.043201 2.28269 0.019729 0.0129807
11 1 263 0.0968785 1.20552 0.122666 1.65628 0.0155 0.0103616
11 2 313 0.0918163 1.16364 0.237327 2.21965 0.0186671 0.0122857
11 3 274 0.0884737 1.1918 0.323416 2.33275 0.015966 0.0103999
11 4 283 0.0855942 1.33247 0.436521 2.53114 0.0152151 0.00982266
11 5 216 0.0790954 1.25121 0.559939 2.88918 0.011787 0.00745707
11 6 205 0.0834742 1.29785 0.709424 2.36359 0.0106314 0.0068184
11 7 183 0.0773915 1.39159 0.874573 2.7734 0.00880732 0.00554236
11 8 127 0.0754411 1.40671 0.959803 2.59152 0.00595448 0.0037243
11 9 95 0.0633018 1.464 1.16974 3.78664 0.00414129 0.00249327
11 10 62 0.0513975 1.40302 1.27485 5.50999 0.00267847 0.00155305
11 11 39 0.0519807 1.51217 1.36355 4.86299 0.00159188 0.000924721
11 12 0 0 0 0 0 0 0
11 13 0 0 0 0 0 0 0
11 14 0 0 0 0 0 0 0
11 15 0 0 0 0 0 0 0
11 16 0 0 0 0 0 0 0
11 17 0 0 0 0 0 0 0
11 18 0 0 0 0 0 0 0
11 19 0 0 0 0 0 0 0
11 20 0 0 0 0 0 0 0
11 21 0 0 0 0 0 0 0
11 22 0 0 0 0 0 0 0
11 23 0 0 0 0 0 0 0
12 0 261 0.0759522 1.29991 0.0686548 3.44092 0.0147224 0.00922307
12 1 262 0.0838059 1.37533 0.135253 2.6241 0.0142214 0.00913026
12 2 230 0.0780451 1.31266 0.247451 3.07618 0.0127628 0.00804792
12 3 229 0.0792811 1.3363 0.372305 2.92109 0.0123994 0.00784901
12 4 182 0.0768136 1.44705 0.447453 2.88731 0.00928485 0.00583232
12 5 147 0.0620524 1.3908 0.62732 4.56648 0.00746124 0.00447438
12 6 154 0.0566827 1.38454 0.705185 5.50775 0.00771703 0.00454997
12 7 110 0.0602239 1.52981 0.849094 4.46951 0.00505402 0.00301338
12 8 90 0.0628291 1.51606 0.971162 3.83493 0.00404627 0.00243243
12 9 49 0.0478788 1.49657 1.17051 6.0973 0.00211315 0.0012117
12 10 30 0.0462799 1.77943 1.43131 5.87 0.00111423 0.000635684
12 11 19 0.0354441 1.45039 1.29369 9.24397 0.000804897 0.000443729
12 12 0 0 0 0 0 0 0
12 13 0 0 0 0 0 0 0
12 14 0 0 0 0 0 0 0
12 15 0 0 0 0 0 0 0
12 16 0 0 0 0 0 0 0
12 17 0 0 0 0 0 0 0
12 18 0 0 0 0 0 0 0
12 19 0 0 0 0 0 0 0
12 20 0 0 0 0 0 0 0
12 21 0 0 0 0 0 0 0
12 22 0 0 0 0 0 0 0
12 23 0 0 0 0 0 0 0
13 0 169 0.0722519 1.61782 0.070454 3.27829 0.00822186 0.00509131
13 1 156 0.0589221 1.50561 0.116773 5.14392 0.00797502 0.00473547
13 2 169 0.074298 1.58118 0.240445 3.05047 0.00829588 0.00517021
13 3 147 0.0735845 1.59965 0.402576 2.96984 0.00705613 0.00438774
13 4 139 0.0616726 1.62956 0.524924 4.48671 0.00649141 0.00388813
13 5 104 0.0668229 1.75051 0.621452 3.38008 0.00456462 0.00277879
13 6 92 0.0632431 1.67611 0.726882 3.78303 0.00409011 0.002462
13 7 57 0.0579639 1.76859 0.924799 4.09442 0.00236428 0.00139964
13 8 41 0.054162 1.78877 1.15446 4.42517 0.00161399 0.000944057
13 9 27 0.0526005 1.81848 1.2822 4.29077 0.00102482 0.000596487
13 10 10 0.04359 2.27915 1.69343 5.34022 0.00030758 0.000173991
13 11 0 0 0 0 0 0 0
13 12 0 0 0 0 0 0 0
13 13 0 0 0 0 0 0 0
13 14 0 0 0 0 0 0 0
13 15 0 0 0 0 0 0 0
13 16 0 0 0 0 0 0 0
13 17 0 0 0 0 0 0 0
13 18 0 0 0 0 0 0 0
13 19 0 0 0 0 0 0 0
13 20 0 0 0 0 0 0 0
13 21 0 0 0 0 0 0 0
13 22 0 0 0 0 0 0 0
13 23 0 0 0 0 0 0 0
14 0 102 0.0619342 1.7692 0.0995945 4.11028 0.0046417 0.00278251
14 1 85 0.0615238 1.65662 0.175082 4.03861 0.00405073 0.00242511
14 2 92 0.0715536 1.62451 0.292905 2.73977 0.00441378 0.00272721
14 3 74 0.0521867 1.68249 0.400475 5.58641 0.00342972 0.00199362
14 4 61 0.0564343 1.96634 0.566622 4.41827 0.00247984 0.00146097
14 5 49 0.0493463 1.88102 0.668419 5.7012 0.00203207 0.00117063
14 6 37 0.0554553 1.76399 0.817551 4.14323 0.00156697 0.00092031
14 7 31 0.0593573 1.93809 0.920662 3.18638 0.00121254 0.00072098
14 8 17 0.0413427 1.88078 1.08218 6.80482 0.00065882 0.000370037
14 9 0 0 0 0 0 0 0
14 10 0 0 0 0 0 0 0
14 11 0 0 0 0 0 0 0
14 12 0 0 0 0 0 0 0
14 13 0 0 0 0 0 0 0
14 14 0 0 0 0 0 0 0
14 15 0 0 0 0 0 0 0
14 16 0 0 0 0 0 0 0
14 17 0 0 0 0 0 0 0
14 18 0 0 0 0 0 0 0
14 19 0 0 0 0 0 0 0
14 20 0 0 0 0 0 0 0
14 21 0 0 0 0 0 0 0
14 22 0 0 0 0 0 0 0
14 23 0 0 0 0 0 0 0
15 0 63 0.0491671 2.13473 0.0136049 5.94073 0.0024745 0.00142469
15 1 51 0.0488962 1.83528 0.140042 5.91239 0.00225434 0.00129682
15 2 46 0.0387319 1.85528 0.252717 8.83041 0.00200651 0.00111772
15 3 38 0.0432618 1.99215 0.453368 7.05385 0.00154681 0.000874085
15 4 35 0.0539691 2.28929 0.563291 4.2205 0.00126548 0.000739752
15 5 16 0.0463997 2.0202 0.736551 5.25954 0.000624718 0.000356545
15 6 0 0 0 0 0 0 0
15 7 0 0 0 0 0 0 0
15 8 0 0 0 0 0 0 0
15 9 0 0 0 0 0 0 0
15 10 0 0 0 0 0 0 0
15 11 0 0 0 0 0 0 0
15 12 0 0 0 0 0 0 0
15 13 0 0 0 0 0 0 0
15 14 0 0 0 0 0 0 0
15 15 0 0 0 0 0 0 0
15 16 0 0 0 0 0 0 0
15 17 0 0 0 0 0 0 0
15 18 0 0 0 0 0 0 0
15 19 0 0 0 0 0 0 0
15 20 0 0 0 0 0 0 0
15 21 0 0 0 0 0 0 0
15 22 0 0 0 0 0 0 0
15 23 0 0 0 0 0 0 0
16 0 20 0.0346086 1.99262 0.155322 9.64797 0.000828617 0.000455601
16 1 17 0.0477972 2.46982 0.0524559 4.843 0.000590625 0.000338581
16 2 12 0.0335376 2.18817 0.313292 9.56154 0.000457972 0.000250958
16 3 10 0.0379822 2.44504 0.410275 7.35731 0.000346361 0.000192482
16 4 0 0 0 0 0 0 0
16 5 0 0 0 0 0 0 0
16 6 0 0 0 0 0 0 0
16 7 0 0 0 0 0 0 0
16 8 0 0 0 0 0 0 0
16 9 0 0 0 0 0 0 0
16 10 0 0 0 0 0 0 0
16 11 0 0 0 0 0 0 0
16 12 0 0 0 0 0 0 0
16 13 0 0 0 0 0 0 0
16 14 0 0 0 0 0 0 0
16 15 0 0 0 0 0 0 0
16 16 0 0 0 0 0 0 0
16 17 0 0 0 0 0 0 0
16 18 0 0 0 0 0 0 0
16 19 0 0 0 0 0 0 0
16 20 0 0 0 0 0 0 0
16 21 0 0 0 0 0 0 0
16 22 0 0 0 0 0 0 0
16 23 0 0 0 0 0 0 0
17 0 0 0 0 0 0 0 0
17 1 0 0 0 0 0 0 0
17 2 0 0 0 0 0 0 0
17 3 0 0 0 0 0 0 0
17 4 0 0 0 0 0 0 0
17 5 0 0 0 0 0 0 0
17 6 0 0 0 0 0 0 0
17 7 0 0 0 0 0 0 0
17 8 0 0 0 0 0 0 0
17 9 0 0 0 0 0 0 0
17 10 0 0 0 0 0 0 0
17 11 0 0 0 0 0 0 0
17 12 0 0 0 0 0 0 0
17 13 0 0 0 0 0 0 0
17 14 0 0 0 0 0 0 0
17 15 0 0 0 0 0 0 0
17 16 0 0 0 0 0 0 0
17 17 0 0 0 0 0 0 0
17 18 0 0 0 0 0 0 0
17 19 0 0 0 0 0 0 0
17 20 0 0 0 0 0 0 0
17 21 0 0 0 0 0 0 0
17 22 0 0 0 0 0 0 0
17 23 0 0 0 0 0 0 0
18 0 0 0 0 0 0 0 0
18 1 0 0 0 0 0 0 0
18 2 0 0 0 0 0 0 0
18 3 0 0 0 0 0 0 0
18 4 0 0 0 0 0 0 0
18 5 0 0 0 0 0 0 0
18 6 0 0 0 0 0 0 0
18 7 0 0 0 0 0 0 0
18 8 0 0 0 0 0 0 0
18 9 0 0 0 0 0 0 0
18 10 0 0 0 0 0 0 0
18 11 0 0 0 0 0 0 0
18 12 0 0 0 0 0 0 0
18 13 0 0 0 0 0 0 0
18 14 0 0 0 0 0 0 0
18 15 0 0 0 0 0 0 0
18 16 0 0 0 0 0 0 0
18 17 0 0 0 0 0 0 0
18 18 0 0 0 0 0 0 0
18 19 0 0 0 0 0 0 0
18 20 0 0 0 0 0 0 0
18 21 0 0 0 0 0 0 0
18 22 0 0 0 0 0 0 0
18 23 0 0 0 0 0 0 0
19 0 0 0 0 0 0 0 0
19 1 0 0 0 0 0 0 0
19 2 0 0 0 0 0 0 0
19 3 0 0 0 0 0 0 0
19 4 0 0 0 0 0 0 0
19 5 0 0 0 0 0 0 0
19 6 0 0 0 0 0 0 0
19 7 0 0 0 0 0 0 0
19 8 0 0 0 0 0 0 0
19 9 0 0 0 0 0 0 0
19 10 0 0 0 0 0 0 0
19 11 0 0 0 0 0 0 0
19 12 0 0 0 0 0 0 0
19 13 0 0 0 0 0 0 0
19 14 0 0 0 0 0 0 0
19 15 0 0 0 0 0 0 0
19 16 0 0 0 0 0 0 0
19 17 0 0 0 0 0 0 0
19 18 0 0 0 0 0 0 0
19 19 0 0 0 0 0 0 0
19 20 0 0 0 0 0 0 0
19 21 0 0 0 0 0 0 0
19 22 0 0 0 0 0 0 0
19 23 0 0 0 0 0 0 0
20 0 0 0 0 0 0 0 0
20 1 0 0 0 0 0 0 0
20 2 0 0 0 0 0 0 0
20 3 0 0 0 0 0 0 0
20 4 0 0 0 0 0 0 0
20 5 0 0 0 0 0 0 0
20 6 0 0 0 0 0 0 0
20 7 0 0 0 0 0 0 0
20 8 0 0 0 0 0 0 0
20 9 0 0 0 0 0 0 0
20 10 0 0 0 0 0 0 0
20 11 0 0 0 0 0 0 0
20 12 0 0 0 0 0 0 0
20 13 0 0 0 0 0 0 0
20 14 0 0 0 0 0 0 0
20 15 0 0 0 0 0 0 0
20 16 0 0 0 0 0 0 0
20 17 0 0 0 0 0 0 0
20 18 0 0 0 0 0 0 0
20 19 0 0 0 0 0 0 0
20 20 0 0 0 0 0 0 0
20 21 0 0 0 0 0 0 0
20 22 0 0 0 0 0 0 0
20 23 0 0 0 0 0 0 0
21 0 0 0 0 0 0 0 0
21 1 0 0 0 0 0 0 0
21 2 0 0 0 0 0 0 0
21 3 0 0 0 0 0 0 0
21 4 0 0 0 0 0 0 0
21 5 0 0 0 0 0 0 0
21 6 0 0 0 0 0 0 0
21 7 0 0 0 0 0 0 0
21 8 0 0 0 0 0 0 0
21 9 0 0 0 0 0 0 0
21 10 0 0 0 0 0 0 0
21 11 0 0 0 0 0 0 0
21 12 0 0 0 0 0 0 0
21 13 0 0 0 0 0 0 0
21 14 0 0 0 0 0 0 0
21 15 0 0 0 0 0 0 0
21 16 0 0 0 0 0 0 0
21 17 0 0 0 0 0 0 0
21 18 0 0 0 0 0 0 0
21 19 0 0 0 0 0 0 0
21 20 0 0 0 0 0 0 0
21 21 0 0 0 0 0 0 0
21 22 0 0 0 0 0 0 0
21 23 0 0 0 0 0 0 0
22 0 0 0 0 0 0 0 0
22 1 0 0 0 0 0 0 0
22 2 0 0 0 0 0 0 0
22 3 0 0 0 0 0 0 0
22 4 0 0 0 0 0 0 0
22 5 0 0 0 0 0 0 0
22 6 0 0 0 0 0 0 0
22 7 0 0 0 0 0 0 0
22 8 0 0 0 0 0 0 0
22 9 0 0 0 0 0 0 0
22 10 0 0 0 0 0 0 0
22 11 0 0 0 0 0 0 0
22 12 0 0 0 0 0 0 0
22 13 0 0 0 0 0 0 0
22 14 0 0 0 0 0 0 0
22 15 0 0 0 0 0 0 0
22 16 0 0 0 0 0 0 0
22 17 0 0 0 0 0 0 0
22 18 0 0 0 0 0 0 0
22 19 0 0 0 0 0 0 0
22 20 0 0 0 0 0 0 0
22 21 0 0 0 0 0 0 0
22 22 0 0 0 0 0 0 0
22 23 0 0 0 0 0 0 0
23 0 0 0 0 0 0 0 0
23 1 0 0 0 0 0 0 0
23 2 0 0 0 0 0 0 0
23 3 0 0 0 0 0 0 0
23 4 0 0 0 0 0 0 0
23 5 0 0 0 0 0 0 0
23 6 0 0 0 0 0 0 0
23 7 0 0 0 0 0 0 0
23 8 0 0 0 0 0 0 0
23 9 0 0 0 0 0 0 0
23 10 0 0 0 0 0 0 0
23 11 0 0 0 0 0 0 0
23 12 0 0 0 0 0 0 0
23 13 0 0 0 0 0 0 0
23 14 0 0 0 0 0 0 0
23 15 0 0 0 0 0 0 0
23 16 0 0 0 0 0 0 0
23 17 0 0 0 0 0 0 0
23 18 0 0 0 0 0 0 0
23 19 0 0 0 0 0 0 0
23 20 0 0 0 0 0 0 0
23 21 0 0 0 0 0 0 0
23 22 0 0 0 0 0 0 0
23 23 0 0 0 0 0 0 0
