#  ix    iy     NB       E/N    TB    UxB       UyB       muB       rhoB     epsilonB
0 0 20 0.13911 0.123646 -0.0257745 0.14515 0.00183726 0.00261851
0 1 22 0.1354 0.0436255 0.192098 0.509355 0.00199863 0.00283467
0 2 13 0.094248 0.150965 0.208098 4.40818 0.00116579 0.00156646
0 3 12 0.127323 0.0357203 0.384536 0.513683 0.0010365 0.00145458
0 4 18 0.162681 0.149346 0.396423 -1.54124 0.00153465 0.00225575
0 5 34 0.123683 -0.0426829 0.427067 1.8637 0.00289295 0.00404047
0 6 19 0.0929178 0.0239796 0.52134 4.90316 0.00155964 0.00209201
0 7 19 0.10199 0.0754692 0.681838 3.53926 0.00145072 0.00196923
0 8 17 0.0913613 -0.0257312 0.569135 5.0175 0.00136769 0.00183079
0 9 16 0.0850478 0.00300788 0.613795 6.02064 0.00126261 0.00167619
0 10 14 0.730401 0.0692321 0.826312 -10.5484 0.000997865 0.00130029
0 11 19 0.721509 0.07788 0.984293 -10.2749 0.00125187 0.00161142
0 12 14 0.0821031 0.0485759 0.909688 6.3036 0.000958278 0.00126727
0 13 10 0.727415 0.187961 1.48206 -11.1942 0.000515054 0.00066841
0 14 0 0 0 0 0 0 0
0 15 0 0 0 0 0 0 0
0 16 0 0 0 0 0 0 0
0 17 0 0 0 0 0 0 0
0 18 0 0 0 0 0 0 0
0 19 0 0 0 0 0 0 0
0 20 0 0 0 0 0 0 0
0 21 0 0 0 0 0 0 0
0 22 0 0 0 0 0 0 0
0 23 0 0 0 0 0 0 0
1 0 21 0.136794 0.178851 0.0929461 0.355073 0.00190611 0.00270841
1 1 22 0.160463 0.249646 0.0280485 -1.16394 0.00197565 0.00289558
1 2 26 0.130368 0.189631 0.182776 1.06486 0.00232802 0.00328012
1 3 15 0.141638 0.0671939 0.24454 -0.348959 0.00134627 0.00192511
1 4 25 0.144704 0.0630061 0.39187 -0.0944612 0.00215154 0.00308901
1 5 22 0.0954447 0.102181 0.480535 4.67928 0.00182831 0.00246055
1 6 19 0.123417 0.0204501 0.489061 1.28326 0.00158012 0.00220612
1 7 23 0.115141 0.208612 0.693586 2.17948 0.00172476 0.00238203
1 8 12 0.110715 0.00171507 0.637518 2.0473 0.00093691 0.00128644
1 9 14 0.0995908 0.0883014 0.710948 3.53968 0.00105378 0.00142592
1 10 13 0.730919 0.213436 0.763191 -10.6073 0.000943388 0.00123018
1 11 16 0.720801 0.0346887 0.879908 -10.3898 0.00111184 0.00142977
1 12 0 0 0 0 0 0 0
1 13 0 0 0 0 0 0 0
1 14 0 0 0 0 0 0 0
1 15 0 0 0 0 0 0 0
1 16 0 0 0 0 0 0 0
1 17 0 0 0 0 0 0 0
1 18 0 0 0 0 0 0 0
1 19 0 0 0 0 0 0 0
1 20 0 0 0 0 0 0 0
1 21 0 0 0 0 0 0 0
1 22 0 0 0 0 0 0 0
1 23 0 0 0 0 0 0 0
2 0 27 0.131447 0.131383 0.0807939 1.03562 0.00247078 0.0034862
2 1 19 0.130678 0.285288 0.0445077 0.719058 0.00169021 0.00238244
2 2 24 0.111359 0.251464 0.225514 2.78521 0.00210536 0.00289326
2 3 18 0.137018 0.217214 0.338605 0.128906 0.00154624 0.0021977
2 4 21 0.111125 0.237749 0.385053 2.6385 0.00177149 0.0024337
2 5 16 0.130622 0.330789 0.438871 0.459936 0.00129833 0.00182993
2 6 20 0.124651 0.144774 0.594327 1.17089 0.00157973 0.00220916
2 7 18 0.104416 0.233361 0.583636 3.20179 0.00141107 0.00192153
2 8 14 0.121063 0.19713 0.787422 1.05179 0.00100646 0.00140085
2 9 18 0.0942148 0.227245 0.793008 4.51108 0.00128567 0.00172746
2 10 0 0 0 0 0 0 0
2 11 0 0 0 0 0 0 0
2 12 0 0 0 0 0 0 0
2 13 13 0.729278 0.280247 1.31614 -10.8718 0.000717971 0.000934132
2 14 0 0 0 0 0 0 0
2 15 0 0 0 0 0 0 0
2 16 0 0 0 0 0 0 0
2 17 0 0 0 0 0 0 0
2 18 0 0 0 0 0 0 0
2 19 0 0 0 0 0 0 0
2 20 0 0 0 0 0 0 0
2 21 0 0 0 0 0 0 0
2 22 0 0 0 0 0 0 0
2 23 0 0 0 0 0 0 0
3 0 20 0.19202 0.331464 0.00677788 -2.81127 0.00175777 0.00268424
3 1 18 0.122197 0.307449 0.109899 1.3988 0.00158436 0.00220849
3 2 32 0.141691 0.229545 0.185747 0.394266 0.00284167 0.00406376
3 3 28 0.109355 0.349178 0.164838 3.14974 0.00241856 0.00331491
3 4 14 0.084165 0.29728 0.387267 6.1037 0.00116488 0.00154467
3 5 15 0.124944 0.365156 0.391853 0.889745 0.00122433 0.0017128
3 6 17 0.106361 0.371668 0.403307 2.94085 0.00138013 0.00188421
3 7 21 0.0852312 0.352237 0.629307 6.20945 0.0015771 0.00209421
3 8 17 0.0984897 0.21676 0.678119 3.88775 0.00128231 0.00173265
3 9 14 0.707251 0.196511 0.622018 -10.3407 0.00108572 0.00136993
3 10 17 0.122049 0.289224 0.803944 1.13204 0.00119675 0.00166788
3 11 14 0.705803 0.337608 0.952508 -10.5074 0.000911789 0.00114812
3 12 0 0 0 0 0 0 0
3 13 0 0 0 0 0 0 0
3 14 0 0 0 0 0 0 0
3 15 0 0 0 0 0 0 0
3 16 0 0 0 0 0 0 0
3 17 0 0 0 0 0 0 0
3 18 0 0 0 0 0 0 0
3 19 0 0 0 0 0 0 0
3 20 0 0 0 0 0 0 0
3 21 0 0 0 0 0 0 0
3 22 0 0 0 0 0 0 0
3 23 0 0 0 0 0 0 0
4 0 21 0.14035 0.398985 0.100472 0.0330247 0.00179819 0.002567
4 1 21 0.135113 0.373994 0.044951 0.437743 0.00181963 0.00257983
4 2 14 0.139863 0.490976 0.255125 -0.392338 0.00113425 0.00161816
4 3 20 0.204203 0.32811 0.260178 -3.31806 0.00170814 0.00264987
4 4 19 0.161807 0.413972 0.325818 -1.47835 0.00155648 0.00228524
4 5 23 0.133086 0.318151 0.340052 0.656571 0.00193057 0.00272984
4 6 24 0.123636 0.397279 0.444762 1.45207 0.0019086 0.0026655
4 7 14 0.116128 0.302401 0.526068 1.63505 0.00110823 0.00153254
4 8 15 0.107145 0.403982 0.717624 2.59436 0.00107213 0.00146522
4 9 12 0.716834 0.530858 0.817405 -10.7032 0.000795691 0.00101759
4 10 0 0 0 0 0 0 0
4 11 11 0.710184 0.518445 1.014 -10.8363 0.000672032 0.00085147
4 12 10 0.709727 0.23862 1.0289 -10.888 0.000636592 0.000806048
4 13 0 0 0 0 0 0 0
4 14 0 0 0 0 0 0 0
4 15 0 0 0 0 0 0 0
4 16 0 0 0 0 0 0 0
4 17 0 0 0 0 0 0 0
4 18 0 0 0 0 0 0 0
4 19 0 0 0 0 0 0 0
4 20 0 0 0 0 0 0 0
4 21 0 0 0 0 0 0 0
4 22 0 0 0 0 0 0 0
4 23 0 0 0 0 0 0 0
5 0 20 0.132457 0.486617 0.0354267 0.55855 0.00166432 0.00235143
5 1 24 0.136951 0.555761 0.131529 0.355486 0.00192969 0.00274247
5 2 22 0.123897 0.477614 0.0819498 1.38792 0.00183314 0.00256099
5 3 23 0.147144 0.464066 0.271189 -0.39639 0.00187583 0.00270179
5 4 29 0.126531 0.346295 0.396528 1.41218 0.00237603 0.00333095
5 5 25 0.14184 0.395214 0.466901 0.0196719 0.00197466 0.00282444
5 6 13 0.0875442 0.402342 0.509658 5.35112 0.00100955 0.00134463
5 7 21 0.0747202 0.388136 0.573164 8.39906 0.00159877 0.00209395
5 8 14 0.0813801 0.46912 0.766614 6.45271 0.000964123 0.0012738
5 9 14 0.72229 0.512138 0.659886 -10.5088 0.000994877 0.001282
5 10 14 0.0974294 0.694165 0.92328 3.62394 0.000848447 0.00114482
5 11 11 0.109083 0.674109 1.0141 1.86147 0.000646393 0.00088564
5 12 12 0.710182 0.447583 1.15937 -10.8005 0.000696561 0.000882546
5 13 0 0 0 0 0 0 0
5 14 0 0 0 0 0 0 0
5 15 0 0 0 0 0 0 0
5 16 0 0 0 0 0 0 0
5 17 0 0 0 0 0 0 0
5 18 0 0 0 0 0 0 0
5 19 0 0 0 0 0 0 0
5 20 0 0 0 0 0 0 0
5 21 0 0 0 0 0 0 0
5 22 0 0 0 0 0 0 0
5 23 0 0 0 0 0 0 0
6 0 24 0.121761 0.544762 0.0146239 1.64787 0.00195129 0.00271842
6 1 13 0.132012 0.648652 0.274101 0.0691284 0.000984172 0.00138967
6 2 24 0.19877 0.539762 0.233263 -2.99652 0.0019156 0.00295093
6 3 23 0.093791 0.562536 0.208718 4.92643 0.00182614 0.00245229
6 4 22 0.106009 0.44679 0.466229 3.19846 0.00171126 0.00233519
6 5 22 0.0928107 0.541788 0.420106 4.99422 0.00168011 0.00225328
6 6 11 0.124815 0.638991 0.486332 0.468439 0.000794161 0.00111082
6 7 16 0.102908 0.556075 0.543064 3.20511 0.0011697 0.00158969
6 8 20 0.0867202 0.489948 0.55574 5.88352 0.00148797 0.00197972
6 9 12 0.0805851 0.618492 0.84571 6.38426 0.000767149 0.0010125
6 10 0 0 0 0 0 0 0
6 11 11 0.0838719 0.619368 1.00393 5.58853 0.000658619 0.000873012
6 12 0 0 0 0 0 0 0
6 13 0 0 0 0 0 0 0
6 14 0 0 0 0 0 0 0
6 15 0 0 0 0 0 0 0
6 16 0 0 0 0 0 0 0
6 17 0 0 0 0 0 0 0
6 18 0 0 0 0 0 0 0
6 19 0 0 0 0 0 0 0
6 20 0 0 0 0 0 0 0
6 21 0 0 0 0 0 0 0
6 22 0 0 0 0 0 0 0
6 23 0 0 0 0 0 0 0
7 0 25 0.135537 0.494768 0.026383 0.535822 0.00207418 0.00294236
7 1 24 0.110407 0.587921 -0.0270324 2.79678 0.00191515 0.00262857
7 2 22 0.121224 0.553389 0.0850151 1.60525 0.00177742 0.00247444
7 3 27 0.115803 0.594783 0.308247 2.2967 0.00207701 0.002871
7 4 15 0.120763 0.537133 0.475118 1.19494 0.00112867 0.00157034
7 5 32 0.0963341 0.680634 0.481108 4.76806 0.00227602 0.00306665
7 6 10 0.731637 0.640945 0.406748 -10.8572 0.000737502 0.000962647
7 7 13 0.13233 0.677737 0.558656 -0.0411219 0.000904395 0.00127756
7 8 12 0.0773953 0.53573 0.648725 7.16066 0.000850222 0.00111746
7 9 12 0.728468 0.714522 0.869817 -10.8401 0.000737938 0.000959045
7 10 0 0 0 0 0 0 0
7 11 0 0 0 0 0 0 0
7 12 0 0 0 0 0 0 0
7 13 0 0 0 0 0 0 0
7 14 0 0 0 0 0 0 0
7 15 0 0 0 0 0 0 0
7 16 0 0 0 0 0 0 0
7 17 0 0 0 0 0 0 0
7 18 0 0 0 0 0 0 0
7 19 0 0 0 0 0 0 0
7 20 0 0 0 0 0 0 0
7 21 0 0 0 0 0 0 0
7 22 0 0 0 0 0 0 0
7 23 0 0 0 0 0 0 0
8 0 24 0.13258 0.602203 0.084379 0.68046 0.00189873 0.00268305
8 1 18 0.11588 0.692213 0.19018 1.86083 0.00135393 0.00187169
8 2 16 0.112586 0.75299 0.145662 2.06781 0.00117555 0.00161809
8 3 27 0.113566 0.703177 0.309483 2.48484 0.00198248 0.0027323
8 4 21 0.0948939 0.696492 0.301889 4.59515 0.00154876 0.00208282
8 5 15 0.105454 0.855226 0.390656 2.74081 0.00101187 0.0013798
8 6 20 0.109805 0.772988 0.470527 2.53221 0.0013731 0.0018831
8 7 14 0.730759 0.749136 0.539545 -10.5969 0.000952461 0.00124174
8 8 17 0.0877389 0.720215 0.769657 5.38791 0.00108336 0.00144332
8 9 12 0.727377 0.782224 0.807059 -10.8335 0.000738574 0.000958434
8 10 0 0 0 0 0 0 0
8 11 0 0 0 0 0 0 0
8 12 0 0 0 0 0 0 0
8 13 0 0 0 0 0 0 0
8 14 0 0 0 0 0 0 0
8 15 0 0 0 0 0 0 0
8 16 0 0 0 0 0 0 0
8 17 0 0 0 0 0 0 0
8 18 0 0 0 0 0 0 0
8 19 0 0 0 0 0 0 0
8 20 0 0 0 0 0 0 0
8 21 0 0 0 0 0 0 0
8 22 0 0 0 0 0 0 0
8 23 0 0 0 0 0 0 0
9 0 24 0.10789 0.761419 0.0179831 3.00638 0.00176786 0.0024184
9 1 28 0.107631 0.900474 0.180929 3.11383 0.00190942 0.00261117
9 2 21 0.0808057 0.671257 0.140165 7.07688 0.00160362 0.00211711
9 3 20 0.106542 0.854987 0.291945 2.91467 0.00137411 0.00187643
9 4 19 0.733203 0.775048 0.433819 -10.2868 0.00131534 0.00172056
9 5 17 0.076699 0.789972 0.467992 7.62496 0.00115946 0.0015225
9 6 16 0.0947076 0.96548 0.67137 4.14446 0.000959719 0.00129034
9 7 0 0 0 0 0 0 0
9 8 0 0 0 0 0 0 0
9 9 0 0 0 0 0 0 0
9 10 0 0 0 0 0 0 0
9 11 0 0 0 0 0 0 0
9 12 0 0 0 0 0 0 0
9 13 0 0 0 0 0 0 0
9 14 0 0 0 0 0 0 0
9 15 0 0 0 0 0 0 0
9 16 0 0 0 0 0 0 0
9 17 0 0 0 0 0 0 0
9 18 0 0 0 0 0 0 0
9 19 0 0 0 0 0 0 0
9 20 0 0 0 0 0 0 0
9 21 0 0 0 0 0 0 0
9 22 0 0 0 0 0 0 0
9 23 0 0 0 0 0 0 0
10 0 18 0.090879 0.919982 0.00348349 4.98633 0.00122656 0.00164084
10 1 22 0.113251 0.934119 0.0763052 2.23054 0.00148629 0.0020476
10 2 16 0.11681 0.86597 0.127322 1.57148 0.00111477 0.00154297
10 3 13 0.729654 0.861482 0.318074 -10.6628 0.000886582 0.0011541
10 4 11 0.12548 1.04701 0.34949 0.259436 0.000683835 0.000957342
10 5 12 0.0748553 0.936923 0.403395 7.64692 0.000777828 0.00101892
10 6 10 0.100168 1.0747 0.62478 2.86492 0.00058037 0.000785922
10 7 10 0.723326 0.996701 0.699273 -11.0407 0.00058768 0.000758373
10 8 0 0 0 0 0 0 0
10 9 0 0 0 0 0 0 0
10 10 0 0 0 0 0 0 0
10 11 0 0 0 0 0 0 0
10 12 0 0 0 0 0 0 0
10 13 0 0 0 0 0 0 0
10 14 0 0 0 0 0 0 0
10 15 0 0 0 0 0 0 0
10 16 0 0 0 0 0 0 0
10 17 0 0 0 0 0 0 0
10 18 0 0 0 0 0 0 0
10 19 0 0 0 0 0 0 0
10 20 0 0 0 0 0 0 0
10 21 0 0 0 0 0 0 0
10 22 0 0 0 0 0 0 0
10 23 0 0 0 0 0 0 0
11 0 16 0.731952 1.08419 -0.0204141 -10.5501 0.00100434 0.0013115
11 1 0 0 0 0 0 0 0
11 2 12 0.0806308 1.10323 0.24444 6.33401 0.000736356 0.000971915
11 3 12 0.0884623 1.12526 0.259982 4.86523 0.00072732 0.000969899
11 4 0 0 0 0 0 0 0
11 5 0 0 0 0 0 0 0
11 6 13 0.0746372 1.18322 0.651792 7.61549 0.000716181 0.000937894
11 7 11 0.723683 1.29547 0.688249 -11.0667 0.000573695 0.000740692
11 8 0 0 0 0 0 0 0
11 9 0 0 0 0 0 0 0
11 10 0 0 0 0 0 0 0
11 11 0 0 0 0 0 0 0
11 12 0 0 0 0 0 0 0
11 13 0 0 0 0 0 0 0
11 14 0 0 0 0 0 0 0
11 15 0 0 0 0 0 0 0
11 16 0 0 0 0 0 0 0
11 17 0 0 0 0 0 0 0
11 18 0 0 0 0 0 0 0
11 19 0 0 0 0 0 0 0
11 20 0 0 0 0 0 0 0
11 21 0 0 0 0 0 0 0
11 22 0 0 0 0 0 0 0
11 23 0 0 0 0 0 0 0
12 0 12 0.731093 1.12545 -0.0616996 -10.8545 0.000737397 0.000961794
12 1 10 0.695045 1.36869 0.212168 -10.9682 0.000542013 0.000672095
12 2 12 0.0823028 1.15953 0.278021 5.97023 0.000713982 0.000944451
12 3 10 0.723097 0.972056 0.412688 -10.9595 0.000636649 0.000821305
12 4 11 0.119885 1.19893 0.497105 0.68281 0.000621631 0.000863888
12 5 0 0 0 0 0 0 0
12 6 11 0.701065 0.993729 0.531412 -10.7806 0.00067603 0.000845536
12 7 0 0 0 0 0 0 0
12 8 0 0 0 0 0 0 0
12 9 0 0 0 0 0 0 0
12 10 0 0 0 0 0 0 0
12 11 0 0 0 0 0 0 0
12 12 0 0 0 0 0 0 0
12 13 0 0 0 0 0 0 0
12 14 0 0 0 0 0 0 0
12 15 0 0 0 0 0 0 0
12 16 0 0 0 0 0 0 0
12 17 0 0 0 0 0 0 0
12 18 0 0 0 0 0 0 0
12 19 0 0 0 0 0 0 0
12 20 0 0 0 0 0 0 0
12 21 0 0 0 0 0 0 0
12 22 0 0 0 0 0 0 0
12 23 0 0 0 0 0 0 0
13 0 0 0 0 0 0 0 0
13 1 0 0 0 0 0 0 0
13 2 0 0 0 0 0 0 0
13 3 0 0 0 0 0 0 0
13 4 0 0 0 0 0 0 0
13 5 0 0 0 0 0 0 0
13 6 0 0 0 0 0 0 0
13 7 0 0 0 0 0 0 0
13 8 0 0 0 0 0 0 0
13 9 0 0 0 0 0 0 0
13 10 0 0 0 0 0 0 0
13 11 0 0 0 0 0 0 0
13 12 0 0 0 0 0 0 0
13 13 0 0 0 0 0 0 0
13 14 0 0 0 0 0 0 0
13 15 0 0 0 0 0 0 0
13 16 0 0 0 0 0 0 0
13 17 0 0 0 0 0 0 0
13 18 0 0 0 0 0 0 0
13 19 0 0 0 0 0 0 0
13 20 0 0 0 0 0 0 0
13 21 0 0 0 0 0 0 0
13 22 0 0 0 0 0 0 0
13 23 0 0 0 0 0 0 0
14 0 0 0 0 0 0 0 0
14 1 0 0 0 0 0 0 0
14 2 0 0 0 0 0 0 0
14 3 0 0 0 0 0 0 0
14 4 0 0 0 0 0 0 0
14 5 0 0 0 0 0 0 0
14 6 0 0 0 0 0 0 0
14 7 0 0 0 0 0 0 0
14 8 0 0 0 0 0 0 0
14 9 0 0 0 0 0 0 0
14 10 0 0 0 0 0 0 0
14 11 0 0 0 0 0 0 0
14 12 0 0 0 0 0 0 0
14 13 0 0 0 0 0 0 0
14 14 0 0 0 0 0 0 0
14 15 0 0 0 0 0 0 0
14 16 0 0 0 0 0 0 0
14 17 0 0 0 0 0 0 0
14 18 0 0 0 0 0 0 0
14 19 0 0 0 0 0 0 0
14 20 0 0 0 0 0 0 0
14 21 0 0 0 0 0 0 0
14 22 0 0 0 0 0 0 0
14 23 0 0 0 0 0 0 0
15 0 0 0 0 0 0 0 0
15 1 0 0 0 0 0 0 0
15 2 0 0 0 0 0 0 0
15 3 0 0 0 0 0 0 0
15 4 0 0 0 0 0 0 0
15 5 0 0 0 0 0 0 0
15 6 0 0 0 0 0 0 0
15 7 0 0 0 0 0 0 0
15 8 0 0 0 0 0 0 0
15 9 0 0 0 0 0 0 0
15 10 0 0 0 0 0 0 0
15 11 0 0 0 0 0 0 0
15 12 0 0 0 0 0 0 0
15 13 0 0 0 0 0 0 0
15 14 0 0 0 0 0 0 0
15 15 0 0 0 0 0 0 0
15 16 0 0 0 0 0 0 0
15 17 0 0 0 0 0 0 0
15 18 0 0 0 0 0 0 0
15 19 0 0 0 0 0 0 0
15 20 0 0 0 0 0 0 0
15 21 0 0 0 0 0 0 0
15 22 0 0 0 0 0 0 0
15 23 0 0 0 0 0 0 0
16 0 0 0 0 0 0 0 0
16 1 0 0 0 0 0 0 0
16 2 0 0 0 0 0 0 0
16 3 0 0 0 0 0 0 0
16 4 0 0 0 0 0 0 0
16 5 0 0 0 0 0 0 0
16 6 0 0 0 0 0 0 0
16 7 0 0 0 0 0 0 0
16 8 0 0 0 0 0 0 0
16 9 0 0 0 0 0 0 0
16 10 0 0 0 0 0 0 0
16 11 0 0 0 0 0 0 0
16 12 0 0 0 0 0 0 0
16 13 0 0 0 0 0 0 0
16 14 0 0 0 0 0 0 0
16 15 0 0 0 0 0 0 0
16 16 0 0 0 0 0 0 0
16 17 0 0 0 0 0 0 0
16 18 0 0 0 0 0 0 0
16 19 0 0 0 0 0 0 0
16 20 0 0 0 0 0 0 0
16 21 0 0 0 0 0 0 0
16 22 0 0 0 0 0 0 0
16 23 0 0 0 0 0 0 0
17 0 0 0 0 0 0 0 0
17 1 0 0 0 0 0 0 0
17 2 0 0 0 0 0 0 0
17 3 0 0 0 0 0 0 0
17 4 0 0 0 0 0 0 0
17 5 0 0 0 0 0 0 0
17 6 0 0 0 0 0 0 0
17 7 0 0 0 0 0 0 0
17 8 0 0 0 0 0 0 0
17 9 0 0 0 0 0 0 0
17 10 0 0 0 0 0 0 0
17 11 0 0 0 0 0 0 0
17 12 0 0 0 0 0 0 0
17 13 0 0 0 0 0 0 0
17 14 0 0 0 0 0 0 0
17 15 0 0 0 0 0 0 0
17 16 0 0 0 0 0 0 0
17 17 0 0 0 0 0 0 0
17 18 0 0 0 0 0 0 0
17 19 0 0 0 0 0 0 0
17 20 0 0 0 0 0 0 0
17 21 0 0 0 0 0 0 0
17 22 0 0 0 0 0 0 0
17 23 0 0 0 0 0 0 0
18 0 0 0 0 0 0 0 0
18 1 0 0 0 0 0 0 0
18 2 0 0 0 0 0 0 0
18 3 0 0 0 0 0 0 0
18 4 0 0 0 0 0 0 0
18 5 0 0 0 0 0 0 0
18 6 0 0 0 0 0 0 0
18 7 0 0 0 0 0 0 0
18 8 0 0 0 0 0 0 0
18 9 0 0 0 0 0 0 0
18 10 0 0 0 0 0 0 0
18 11 0 0 0 0 0 0 0
18 12 0 0 0 0 0 0 0
18 13 0 0 0 0 0 0 0
18 14 0 0 0 0 0 0 0
18 15 0 0 0 0 0 0 0
18 16 0 0 0 0 0 0 0
18 17 0 0 0 0 0 0 0
18 18 0 0 0 0 0 0 0
18 19 0 0 0 0 0 0 0
18 20 0 0 0 0 0 0 0
18 21 0 0 0 0 0 0 0
18 22 0 0 0 0 0 0 0
18 23 0 0 0 0 0 0 0
19 0 0 0 0 0 0 0 0
19 1 0 0 0 0 0 0 0
19 2 0 0 0 0 0 0 0
19 3 0 0 0 0 0 0 0
19 4 0 0 0 0 0 0 0
19 5 0 0 0 0 0 0 0
19 6 0 0 0 0 0 0 0
19 7 0 0 0 0 0 0 0
19 8 0 0 0 0 0 0 0
19 9 0 0 0 0 0 0 0
19 10 0 0 0 0 0 0 0
19 11 0 0 0 0 0 0 0
19 12 0 0 0 0 0 0 0
19 13 0 0 0 0 0 0 0
19 14 0 0 0 0 0 0 0
19 15 0 0 0 0 0 0 0
19 16 0 0 0 0 0 0 0
19 17 0 0 0 0 0 0 0
19 18 0 0 0 0 0 0 0
19 19 0 0 0 0 0 0 0
19 20 0 0 0 0 0 0 0
19 21 0 0 0 0 0 0 0
19 22 0 0 0 0 0 0 0
19 23 0 0 0 0 0 0 0
20 0 0 0 0 0 0 0 0
20 1 0 0 0 0 0 0 0
20 2 0 0 0 0 0 0 0
20 3 0 0 0 0 0 0 0
20 4 0 0 0 0 0 0 0
20 5 0 0 0 0 0 0 0
20 6 0 0 0 0 0 0 0
20 7 0 0 0 0 0 0 0
20 8 0 0 0 0 0 0 0
20 9 0 0 0 0 0 0 0
20 10 0 0 0 0 0 0 0
20 11 0 0 0 0 0 0 0
20 12 0 0 0 0 0 0 0
20 13 0 0 0 0 0 0 0
20 14 0 0 0 0 0 0 0
20 15 0 0 0 0 0 0 0
20 16 0 0 0 0 0 0 0
20 17 0 0 0 0 0 0 0
20 18 0 0 0 0 0 0 0
20 19 0 0 0 0 0 0 0
20 20 0 0 0 0 0 0 0
20 21 0 0 0 0 0 0 0
20 22 0 0 0 0 0 0 0
20 23 0 0 0 0 0 0 0
21 0 0 0 0 0 0 0 0
21 1 0 0 0 0 0 0 0
21 2 0 0 0 0 0 0 0
21 3 0 0 0 0 0 0 0
21 4 0 0 0 0 0 0 0
21 5 0 0 0 0 0 0 0
21 6 0 0 0 0 0 0 0
21 7 0 0 0 0 0 0 0
21 8 0 0 0 0 0 0 0
21 9 0 0 0 0 0 0 0
21 10 0 0 0 0 0 0 0
21 11 0 0 0 0 0 0 0
21 12 0 0 0 0 0 0 0
21 13 0 0 0 0 0 0 0
21 14 0 0 0 0 0 0 0
21 15 0 0 0 0 0 0 0
21 16 0 0 0 0 0 0 0
21 17 0 0 0 0 0 0 0
21 18 0 0 0 0 0 0 0
21 19 0 0 0 0 0 0 0
21 20 0 0 0 0 0 0 0
21 21 0 0 0 0 0 0 0
21 22 0 0 0 0 0 0 0
21 23 0 0 0 0 0 0 0
22 0 0 0 0 0 0 0 0
22 1 0 0 0 0 0 0 0
22 2 0 0 0 0 0 0 0
22 3 0 0 0 0 0 0 0
22 4 0 0 0 0 0 0 0
22 5 0 0 0 0 0 0 0
22 6 0 0 0 0 0 0 0
22 7 0 0 0 0 0 0 0
22 8 0 0 0 0 0 0 0
22 9 0 0 0 0 0 0 0
22 10 0 0 0 0 0 0 0
22 11 0 0 0 0 0 0 0
22 12 0 0 0 0 0 0 0
22 13 0 0 0 0 0 0 0
22 14 0 0 0 0 0 0 0
22 15 0 0 0 0 0 0 0
22 16 0 0 0 0 0 0 0
22 17 0 0 0 0 0 0 0
22 18 0 0 0 0 0 0 0
22 19 0 0 0 0 0 0 0
22 20 0 0 0 0 0 0 0
22 21 0 0 0 0 0 0 0
22 22 0 0 0 0 0 0 0
22 23 0 0 0 0 0 0 0
23 0 0 0 0 0 0 0 0
23 1 0 0 0 0 0 0 0
23 2 0 0 0 0 0 0 0
23 3 0 0 0 0 0 0 0
23 4 0 0 0 0 0 0 0
23 5 0 0 0 0 0 0 0
23 6 0 0 0 0 0 0 0
23 7 0 0 0 0 0 0 0
23 8 0 0 0 0 0 0 0
23 9 0 0 0 0 0 0 0
23 10 0 0 0 0 0 0 0
23 11 0 0 0 0 0 0 0
23 12 0 0 0 0 0 0 0
23 13 0 0 0 0 0 0 0
23 14 0 0 0 0 0 0 0
23 15 0 0 0 0 0 0 0
23 16 0 0 0 0 0 0 0
23 17 0 0 0 0 0 0 0
23 18 0 0 0 0 0 0 0
23 19 0 0 0 0 0 0 0
23 20 0 0 0 0 0 0 0
23 21 0 0 0 0 0 0 0
23 22 0 0 0 0 0 0 0
23 23 0 0 0 0 0 0 0
