#  ix    iy     NB       E/N    TB    UxB       UyB       muB       rhoB     epsilonB
0 0 0 0 0 0 0 0 0
0 1 0 0 0 0 0 0 0
0 2 0 0 0 0 0 0 0
0 3 15 0.005 0.0152286 0.0902437 193.943 0.000472708 0.000458392
0 4 0 0 0 0 0 0 0
0 5 0 0 0 0 0 0 0
0 6 11 0.005 0.113121 0.132074 192.648 0.000342954 0.000330348
0 7 0 0 0 0 0 0 0
0 8 10 0.005 0.0396544 0.238939 193 0.000307563 0.000296798
0 9 0 0 0 0 0 0 0
0 10 11 0.005 -0.00929945 0.326088 194.797 0.000330937 0.000322327
0 11 11 0.005 0.00135758 0.33946 195.97 0.000329627 0.000322985
0 12 0 0 0 0 0 0 0
0 13 10 0.005 -0.0443909 0.41425 195.284 0.000292118 0.00028523
0 14 0 0 0 0 0 0 0
0 15 13 0.005 0.0167381 0.47921 194.73 0.000370952 0.000361177
0 16 11 0.005 0.0718055 0.512129 192.157 0.000309203 0.000297077
0 17 11 0.005 0.0413711 0.597947 194.306 0.000298576 0.000290076
0 18 14 0.005 -0.0242607 0.674165 193.522 0.000367279 0.000355382
0 19 14 0.005 0.0634777 0.738671 193.6 0.000355895 0.000344507
0 20 13 0.005 -0.00747444 0.798283 198.588 0.000321507 0.000319237
0 21 0 0 0 0 0 0 0
0 22 15 0.005 0.0237702 0.847452 196.503 0.000362076 0.000355744
0 23 11 0.005 0.0115345 0.865125 195.299 0.000263247 0.00025706
1 0 0 0 0 0 0 0 0
1 1 14 0.005 -0.0210202 0.0277747 195.16 0.000442769 0.000432055
1 2 13 0.005 0.109459 0.065581 191.764 0.000408084 0.00039128
1 3 0 0 0 0 0 0 0
1 4 0 0 0 0 0 0 0
1 5 0 0 0 0 0 0 0
1 6 12 0.005 0.0387757 0.133734 198.26 0.000376118 0.000372846
1 7 0 0 0 0 0 0 0
1 8 12 0.005 0.00438412 0.292387 194.832 0.000364483 0.000355065
1 9 14 0.005 0.0319944 0.330099 192.136 0.000420515 0.00040398
1 10 0 0 0 0 0 0 0
1 11 0 0 0 0 0 0 0
1 12 0 0 0 0 0 0 0
1 13 12 0.005 0.103837 0.399587 192.666 0.000351008 0.000338136
1 14 0 0 0 0 0 0 0
1 15 12 0.005 0.0994274 0.533866 193.05 0.000333715 0.000322119
1 16 0 0 0 0 0 0 0
1 17 14 0.005 0.11188 0.673296 193.042 0.000365929 0.000353198
1 18 11 0.005 0.0464673 0.692204 192.06 0.000286011 0.000274657
1 19 16 0.005 0.0467797 0.685763 195.597 0.000417264 0.000408079
1 20 0 0 0 0 0 0 0
1 21 16 0.005 0.0535624 0.830381 194.129 0.000389208 0.000377782
1 22 14 0.005 0.0786504 0.816344 194.699 0.000342566 0.000333487
1 23 10 0.005 0.023613 0.871589 191.726 0.000238522 0.000228655
2 0 0 0 0 0 0 0 0
2 1 11 0.005 0.0417937 0.0865797 194.771 0.000346504 0.000337445
2 2 11 0.005 0.0607274 0.0881155 194.883 0.000346125 0.000337269
2 3 0 0 0 0 0 0 0
2 4 11 0.005 0.0559256 0.0794939 192.562 0.000346469 0.000333583
2 5 14 0.005 0.0799542 0.219003 194.734 0.000431467 0.000420107
2 6 10 0.005 0.0285706 0.198987 192.975 0.000310249 0.000299351
2 7 11 0.005 0.0826751 0.226734 195.697 0.000338386 0.000331106
2 8 15 0.005 0.0831842 0.33414 194.09 0.000448821 0.000435558
2 9 12 0.005 0.0473502 0.376167 195.455 0.000355083 0.000347014
2 10 0 0 0 0 0 0 0
2 11 11 0.005 0.0326604 0.430248 198.031 0.000319617 0.000316471
2 12 0 0 0 0 0 0 0
2 13 10 0.005 0.0860334 0.495985 195.757 0.000282662 0.000276666
2 14 0 0 0 0 0 0 0
2 15 0 0 0 0 0 0 0
2 16 0 0 0 0 0 0 0
2 17 16 0.005 0.111643 0.593498 192.446 0.000433425 0.000417055
2 18 11 0.005 0.138285 0.560795 196.785 0.000301433 0.000296588
2 19 17 0.005 0.098622 0.663459 193.814 0.000446779 0.000432959
2 20 12 0.005 0.102828 0.828583 195.227 0.000291499 0.000284543
2 21 0 0 0 0 0 0 0
2 22 0 0 0 0 0 0 0
2 23 10 0.005 0.118972 0.993055 191.927 0.00022375 0.000214719
3 0 14 0.005 0.217086 -0.0401353 193.801 0.000432621 0.000419211
3 1 12 0.005 0.0824483 0.0712907 196.698 0.000377511 0.000371279
3 2 0 0 0 0 0 0 0
3 3 0 0 0 0 0 0 0
3 4 10 0.005 0.0876422 0.0716086 193.208 0.000314448 0.00030377
3 5 0 0 0 0 0 0 0
3 6 13 0.005 0.133234 0.11109 198.386 0.000405339 0.000402068
3 7 0 0 0 0 0 0 0
3 8 0 0 0 0 0 0 0
3 9 0 0 0 0 0 0 0
3 10 11 0.005 0.176871 0.371319 191.868 0.000321935 0.000308845
3 11 0 0 0 0 0 0 0
3 12 15 0.005 0.175061 0.46613 194.165 0.000424923 0.000412526
3 13 14 0.005 0.144981 0.420473 194.602 0.000404805 0.00039388
3 14 0 0 0 0 0 0 0
3 15 0 0 0 0 0 0 0
3 16 12 0.005 0.0918009 0.594603 197.357 0.000325393 0.000321094
3 17 12 0.005 0.13549 0.661139 194.64 0.00031477 0.000306334
3 18 10 0.005 0.147737 0.658399 197.207 0.000262322 0.000258658
3 19 13 0.005 0.0731475 0.762801 197.808 0.000326541 0.000322963
3 20 10 0.005 0.0930905 0.751634 193.629 0.000252268 0.000244232
3 21 15 0.005 0.0448595 0.893483 193.14 0.000353776 0.000341642
3 22 13 0.005 0.125453 0.853744 193.621 0.000311463 0.000301529
3 23 17 0.005 0.0953418 0.886129 191.752 0.000401618 0.000385054
4 0 0 0 0 0 0 0 0
4 1 0 0 0 0 0 0 0
4 2 14 0.005 0.147019 0.0298277 196.096 0.000438135 0.000429583
4 3 12 0.005 0.152803 0.135283 194.786 0.000372077 0.000362377
4 4 0 0 0 0 0 0 0
4 5 0 0 0 0 0 0 0
4 6 13 0.005 0.1421 0.216176 193.849 0.000398281 0.000386033
4 7 14 0.005 0.167705 0.274543 196.032 0.00042175 0.000413382
4 8 14 0.005 0.13353 0.357913 192.429 0.000413868 0.000398202
4 9 0 0 0 0 0 0 0
4 10 0 0 0 0 0 0 0
4 11 0 0 0 0 0 0 0
4 12 0 0 0 0 0 0 0
4 13 0 0 0 0 0 0 0
4 14 0 0 0 0 0 0 0
4 15 0 0 0 0 0 0 0
4 16 0 0 0 0 0 0 0
4 17 11 0.005 0.14803 0.635623 194.059 0.000291512 0.000282852
4 18 15 0.005 0.183998 0.53424 193.023 0.000413274 0.000398857
4 19 0 0 0 0 0 0 0
4 20 0 0 0 0 0 0 0
4 21 0 0 0 0 0 0 0
4 22 18 0.005 0.18622 0.972588 198.774 0.00040475 0.000402268
4 23 19 0.005 0.19932 0.938678 196.264 0.000433831 0.000425727
5 0 0 0 0 0 0 0 0
5 1 16 0.005 0.178636 0.0813779 193.945 0.000496847 0.000481806
5 2 0 0 0 0 0 0 0
5 3 0 0 0 0 0 0 0
5 4 0 0 0 0 0 0 0
5 5 10 0.005 0.193946 0.261865 194.814 0.000300883 0.000293081
5 6 0 0 0 0 0 0 0
5 7 0 0 0 0 0 0 0
5 8 12 0.005 0.133742 0.29448 196.404 0.000361319 0.000354822
5 9 12 0.005 0.259844 0.287118 194.939 0.000354123 0.000345162
5 10 0 0 0 0 0 0 0
5 11 0 0 0 0 0 0 0
5 12 15 0.005 0.153346 0.463523 195.102 0.000426559 0.000416113
5 13 0 0 0 0 0 0 0
5 14 0 0 0 0 0 0 0
5 15 18 0.005 0.263326 0.604382 194.33 0.000475573 0.00046209
5 16 0 0 0 0 0 0 0
5 17 0 0 0 0 0 0 0
5 18 14 0.005 0.182663 0.651139 195.391 0.000366994 0.000358537
5 19 11 0.005 0.128684 0.722512 196.386 0.000280637 0.000275566
5 20 10 0.005 0.177773 0.632758 197.284 0.00026445 0.000260859
5 21 0 0 0 0 0 0 0
5 22 0 0 0 0 0 0 0
5 23 19 0.005 0.203108 0.892067 195.591 0.000443616 0.000433836
6 0 0 0 0 0 0 0 0
6 1 10 0.005 0.131348 0.103462 193.28 0.000312123 0.000301636
6 2 0 0 0 0 0 0 0
6 3 12 0.005 0.146402 0.127121 192.735 0.000372804 0.000359262
6 4 10 0.005 0.303198 0.145658 194.951 0.000299942 0.00029237
6 5 0 0 0 0 0 0 0
6 6 0 0 0 0 0 0 0
6 7 0 0 0 0 0 0 0
6 8 15 0.005 0.177306 0.231989 193.211 0.000455657 0.000440189
6 9 0 0 0 0 0 0 0
6 10 12 0.005 0.234744 0.337407 195.066 0.000351234 0.000342569
6 11 11 0.005 0.238347 0.404406 195.593 0.00031511 0.000308167
6 12 12 0.005 0.260614 0.382968 193.681 0.000344572 0.000333685
6 13 12 0.005 0.18529 0.453251 197.633 0.000341054 0.000337019
6 14 0 0 0 0 0 0 0
6 15 0 0 0 0 0 0 0
6 16 14 0.005 0.193084 0.543824 195.137 0.000383726 0.000374397
6 17 14 0.005 0.16078 0.610376 196.627 0.000374648 0.000368329
6 18 10 0.005 0.19765 0.673661 192.766 0.000259 0.000249632
6 19 0 0 0 0 0 0 0
6 20 15 0.005 0.260426 0.732513 193.725 0.000374756 0.000362999
6 21 0 0 0 0 0 0 0
6 22 12 0.005 0.261607 0.827034 194.643 0.000286863 0.00027918
6 23 12 0.005 0.280838 0.950509 195.466 0.000269715 0.000263601
7 0 13 0.005 0.299823 0.00850611 194.114 0.000394049 0.000382451
7 1 15 0.005 0.302203 0.139501 195.607 0.00045039 0.000440498
7 2 0 0 0 0 0 0 0
7 3 0 0 0 0 0 0 0
7 4 10 0.005 0.269227 0.182533 193.171 0.000300936 0.00029066
7 5 12 0.005 0.233001 0.147239 195.475 0.000366095 0.000357813
7 6 14 0.005 0.252178 0.230655 194.592 0.000419232 0.000407896
7 7 10 0.005 0.268034 0.18277 194.072 0.000301012 0.00029209
7 8 0 0 0 0 0 0 0
7 9 10 0.005 0.27085 0.328968 195.197 0.000291126 0.000284135
7 10 0 0 0 0 0 0 0
7 11 0 0 0 0 0 0 0
7 12 14 0.005 0.204138 0.42363 195.725 0.000400921 0.000392352
7 13 0 0 0 0 0 0 0
7 14 0 0 0 0 0 0 0
7 15 0 0 0 0 0 0 0
7 16 11 0.005 0.280605 0.604877 198.069 0.000289621 0.000286824
7 17 13 0.005 0.291897 0.642887 198.5 0.000336068 0.000333547
7 18 0 0 0 0 0 0 0
7 19 12 0.005 0.227364 0.683293 198.181 0.000308159 0.000305357
7 20 15 0.005 0.295182 0.764216 193.898 0.000367194 0.000355991
7 21 11 0.005 0.374764 0.861387 192.311 0.000253715 0.00024396
7 22 12 0.005 0.293545 0.891847 195.685 0.000276844 0.000270872
7 23 19 0.005 0.24069 0.962847 195.505 0.000426762 0.000417171
8 0 0 0 0 0 0 0 0
8 1 0 0 0 0 0 0 0
8 2 10 0.005 0.331145 0.0189948 193.872 0.000300364 0.000291161
8 3 0 0 0 0 0 0 0
8 4 11 0.005 0.183898 0.265894 195.521 0.000331222 0.000323804
8 5 10 0.005 0.255855 0.227363 194.661 0.000299403 0.000291411
8 6 11 0.005 0.260885 0.211752 192.008 0.000329972 0.000316787
8 7 0 0 0 0 0 0 0
8 8 12 0.005 0.229207 0.197808 194.25 0.000363454 0.000353004
8 9 0 0 0 0 0 0 0
8 10 11 0.005 0.333682 0.388332 193.133 0.00030985 0.000299211
8 11 14 0.005 0.299244 0.397416 196.147 0.000396664 0.000389023
8 12 0 0 0 0 0 0 0
8 13 11 0.005 0.291003 0.504072 194.271 0.000300852 0.000292234
8 14 12 0.005 0.241383 0.504073 192.954 0.000331489 0.000319811
8 15 13 0.005 0.317931 0.464543 192.794 0.000358495 0.000345579
8 16 16 0.005 0.300587 0.562335 194.747 0.000426925 0.000415712
8 17 15 0.005 0.287616 0.659746 195.911 0.000385274 0.000377397
8 18 13 0.005 0.3073 0.633643 191.345 0.000336356 0.0003218
8 19 16 0.005 0.370801 0.799992 196.462 0.000379779 0.000373059
8 20 13 0.005 0.318368 0.642989 192.855 0.000334256 0.000322315
8 21 20 0.005 0.324071 0.890669 193.477 0.000459366 0.000444384
8 22 11 0.005 0.291933 0.83393 194.169 0.000260864 0.000253258
8 23 12 0.005 0.325522 0.906953 191.691 0.000273452 0.000262091
9 0 0 0 0 0 0 0 0
9 1 0 0 0 0 0 0 0
9 2 11 0.005 0.297333 0.0133788 196.366 0.000333637 0.000327575
9 3 12 0.005 0.240397 0.175559 194.087 0.000363963 0.000353202
9 4 11 0.005 0.281664 0.170301 194.049 0.000330651 0.000320812
9 5 0 0 0 0 0 0 0
9 6 11 0.005 0.205363 0.249252 193.033 0.000331255 0.000319715
9 7 0 0 0 0 0 0 0
9 8 12 0.005 0.330554 0.32038 194.061 0.000344952 0.000334709
9 9 0 0 0 0 0 0 0
9 10 12 0.005 0.385214 0.343774 196.436 0.000337427 0.000331414
9 11 12 0.005 0.276578 0.328968 198.765 0.000348889 0.000346735
9 12 15 0.005 0.316301 0.481996 195.293 0.000411237 0.000401558
9 13 11 0.005 0.271753 0.450759 193.734 0.000308038 0.000298388
9 14 0 0 0 0 0 0 0
9 15 15 0.005 0.327099 0.550477 195.513 0.000399753 0.000390785
9 16 16 0.005 0.319296 0.656965 193.459 0.000408868 0.000395496
9 17 15 0.005 0.315958 0.589876 191.712 0.000394505 0.000378158
9 18 18 0.005 0.352738 0.677521 195.348 0.00045267 0.000442141
9 19 11 0.005 0.357371 0.690455 193.584 0.000274817 0.000266001
9 20 13 0.005 0.414437 0.856306 196.584 0.000298062 0.000292971
9 21 16 0.005 0.323975 0.749245 192.767 0.000392241 0.000378056
9 22 21 0.005 0.340467 0.850023 196.286 0.000490123 0.000481021
9 23 14 0.005 0.335204 0.935556 196.482 0.000314249 0.000308721
10 0 15 0.005 0.326924 0.00429596 195.006 0.000451181 0.000439916
10 1 0 0 0 0 0 0 0
10 2 10 0.005 0.366155 0.0480895 196.376 0.000296859 0.000291481
10 3 0 0 0 0 0 0 0
10 4 11 0.005 0.281852 0.24731 194.441 0.000325941 0.00031688
10 5 13 0.005 0.266389 0.15844 191.031 0.00039295 0.000375328
10 6 0 0 0 0 0 0 0
10 7 11 0.005 0.358188 0.25178 195.889 0.000318877 0.000312322
10 8 13 0.005 0.293741 0.273576 191.9 0.000381783 0.00036632
10 9 10 0.005 0.374462 0.289954 195.525 0.000286002 0.000279604
10 10 15 0.005 0.451004 0.449237 194.644 0.000400435 0.000389711
10 11 10 0.005 0.376367 0.359611 194.28 0.000280702 0.000272674
10 12 11 0.005 0.347382 0.396795 193.8 0.000307907 0.000298362
10 13 10 0.005 0.387049 0.479765 193.268 0.000269387 0.000260319
10 14 11 0.005 0.35275 0.461984 193.221 0.000300954 0.000290753
10 15 12 0.005 0.342599 0.494425 192.878 0.000325411 0.000313824
10 16 19 0.005 0.399427 0.601588 194.869 0.000487459 0.000474952
10 17 15 0.005 0.347636 0.580636 196.614 0.000393122 0.000386466
10 18 11 0.005 0.464107 0.690975 193.57 0.000267545 0.000258944
10 19 15 0.005 0.375982 0.730884 192.075 0.000366712 0.00035218
10 20 0 0 0 0 0 0 0
10 21 15 0.005 0.342039 0.856371 195.083 0.00034896 0.000340381
10 22 13 0.005 0.360817 0.818775 192.247 0.000306584 0.000294699
10 23 12 0.005 0.471138 1.01561 196.57 0.000252972 0.000248633
11 0 10 0.005 0.523402 0.06592 196.611 0.000279896 0.000275153
11 1 0 0 0 0 0 0 0
11 2 11 0.005 0.314246 0.153493 194.436 0.000328586 0.000319445
11 3 0 0 0 0 0 0 0
11 4 0 0 0 0 0 0 0
11 5 20 0.005 0.350756 0.187947 192.277 0.000588061 0.000565352
11 6 13 0.005 0.417984 0.26959 199.269 0.000368345 0.000367
11 7 10 0.005 0.412056 0.183247 190.509 0.000288478 0.000274789
11 8 0 0 0 0 0 0 0
11 9 10 0.005 0.391282 0.279114 194.389 0.000285222 0.000277221
11 10 13 0.005 0.359012 0.313324 194.365 0.000371384 0.00036092
11 11 11 0.005 0.353015 0.478914 194.576 0.000299157 0.000291045
11 12 15 0.005 0.348784 0.370157 193.39 0.000423106 0.000409123
11 13 15 0.005 0.392115 0.420588 196.03 0.000411503 0.000403335
11 14 0 0 0 0 0 0 0
11 15 13 0.005 0.332012 0.590089 195.67 0.000340653 0.000333278
11 16 13 0.005 0.36213 0.507815 191.328 0.000349062 0.000333926
11 17 15 0.005 0.477172 0.668401 197.208 0.000366832 0.000361711
11 18 16 0.005 0.377957 0.735425 198.814 0.000390212 0.000387898
11 19 20 0.005 0.43219 0.685629 196.385 0.000491698 0.000482809
11 20 13 0.005 0.43249 0.818434 191.889 0.000301901 0.000289657
11 21 17 0.005 0.397119 0.688324 192.761 0.000421182 0.000405937
11 22 14 0.005 0.472651 0.844201 195.22 0.000318405 0.000310795
11 23 14 0.005 0.511839 0.96792 193.257 0.000298774 0.000288702
12 0 0 0 0 0 0 0 0
12 1 0 0 0 0 0 0 0
12 2 12 0.005 0.487701 0.0688214 192.488 0.000340667 0.000327872
12 3 14 0.005 0.416975 0.111509 195.793 0.000406765 0.000398208
12 4 15 0.005 0.431821 0.190821 192.977 0.000429252 0.000414178
12 5 10 0.005 0.459473 0.146331 195.059 0.000285046 0.000278003
12 6 14 0.005 0.397326 0.14273 193.043 0.000408154 0.000393956
12 7 12 0.005 0.449473 0.252335 194.02 0.000337543 0.000327451
12 8 14 0.005 0.404503 0.310574 194.309 0.000394677 0.000383447
12 9 12 0.005 0.430346 0.357344 197.72 0.000331421 0.000327642
12 10 13 0.005 0.416354 0.35528 192.751 0.000360874 0.000347795
12 11 13 0.005 0.39029 0.402868 193.882 0.000358802 0.000347827
12 12 18 0.005 0.352033 0.418927 197.983 0.0004997 0.00049466
12 13 13 0.005 0.353041 0.47598 191.584 0.000353914 0.000339021
12 14 0 0 0 0 0 0 0
12 15 10 0.005 0.515271 0.593519 192.677 0.000248802 0.000239693
12 16 11 0.005 0.406029 0.616338 193.314 0.000280078 0.000270715
12 17 0 0 0 0 0 0 0
12 18 11 0.005 0.409566 0.755293 194.831 0.000264031 0.000257206
12 19 19 0.005 0.47936 0.706925 193.63 0.000457196 0.000442634
12 20 15 0.005 0.485463 0.80785 198.077 0.000345437 0.000342116
12 21 11 0.005 0.554769 0.854277 193.632 0.000243866 0.000236101
12 22 14 0.005 0.462436 0.862921 197.227 0.000316578 0.000312188
12 23 0 0 0 0 0 0 0
13 0 16 0.005 0.525277 0.0324365 195.362 0.000448067 0.000437677
13 1 11 0.005 0.412719 0.089187 194.339 0.000320685 0.000311608
13 2 11 0.005 0.429686 0.120327 191.533 0.00031789 0.000304432
13 3 0 0 0 0 0 0 0
13 4 18 0.005 0.40285 0.145326 193.622 0.000523622 0.000506923
13 5 11 0.005 0.413676 0.188574 194.814 0.00031689 0.000308672
13 6 11 0.005 0.387415 0.191957 193.297 0.000319515 0.000308806
13 7 13 0.005 0.534657 0.367874 196.365 0.000345088 0.000338816
13 8 0 0 0 0 0 0 0
13 9 21 0.005 0.463267 0.321485 193.078 0.000578868 0.000558832
13 10 11 0.005 0.483934 0.335411 195.157 0.000299966 0.000292701
13 11 18 0.005 0.50321 0.404222 192.242 0.000478585 0.000460021
13 12 14 0.005 0.504382 0.437112 193.181 0.000368499 0.000355935
13 13 13 0.005 0.480126 0.447761 195.206 0.000343902 0.000335659
13 14 10 0.005 0.413566 0.510843 192.106 0.000264449 0.000254011
13 15 12 0.005 0.50773 0.559024 195.361 0.000303042 0.000296013
13 16 17 0.005 0.469196 0.701149 191.586 0.000411189 0.000393889
13 17 23 0.005 0.528001 0.6811 195.924 0.000551355 0.000540119
13 18 17 0.005 0.484441 0.660736 193.782 0.000416141 0.000403204
13 19 20 0.005 0.477008 0.700233 195.237 0.000482891 0.000471392
13 20 16 0.005 0.510221 0.789953 197.238 0.000368852 0.000363758
13 21 17 0.005 0.53676 0.84011 197.449 0.000380987 0.000376129
13 22 0 0 0 0 0 0 0
13 23 10 0.005 0.489579 0.871609 196.582 0.000223802 0.000219977
14 0 10 0.005 0.565738 0.0687484 196.243 0.000274941 0.000269777
14 1 10 0.005 0.448738 0.0141719 196.345 0.000288695 0.000283418
14 2 13 0.005 0.436561 0.190483 194.36 0.000371413 0.00036094
14 3 15 0.005 0.53909 0.135966 194.961 0.000414875 0.000404422
14 4 13 0.005 0.524981 0.111629 194.98 0.000362483 0.000353384
14 5 16 0.005 0.558208 0.259962 197.245 0.000431145 0.000425205
14 6 0 0 0 0 0 0 0
14 7 16 0.005 0.542526 0.284547 196.659 0.000431752 0.000424539
14 8 12 0.005 0.465938 0.346105 196.103 0.000328433 0.000322034
14 9 0 0 0 0 0 0 0
14 10 10 0.005 0.484739 0.343382 196.479 0.000272071 0.000267281
14 11 11 0.005 0.529325 0.362381 194.182 0.000292998 0.000284474
14 12 10 0.005 0.559532 0.371145 193.492 0.000262727 0.000254179
14 13 13 0.005 0.47481 0.441479 195.244 0.00034519 0.000336982
14 14 20 0.005 0.500532 0.509862 194.501 0.000514972 0.000500813
14 15 0 0 0 0 0 0 0
14 16 17 0.005 0.536283 0.678098 194.848 0.000406971 0.000396489
14 17 14 0.005 0.518061 0.656355 196.716 0.000339876 0.000334294
14 18 12 0.005 0.57673 0.751512 196.462 0.000275687 0.00027081
14 19 18 0.005 0.541473 0.733064 198.191 0.000421009 0.000417202
14 20 14 0.005 0.528854 0.809586 195.04 0.000318484 0.000310586
14 21 11 0.005 0.620508 0.978532 192.882 0.000227437 0.000219342
14 22 15 0.005 0.504275 0.847322 194.846 0.000338005 0.000329296
14 23 14 0.005 0.516405 0.857958 192.685 0.000313059 0.000301609
15 0 12 0.005 0.479932 -0.00010403 194.318 0.00034236 0.000332634
15 1 0 0 0 0 0 0 0
15 2 13 0.005 0.516271 0.102241 194.865 0.000364051 0.000354705
15 3 20 0.005 0.483372 0.0899119 194.084 0.000567975 0.000551173
15 4 0 0 0 0 0 0 0
15 5 11 0.005 0.537944 0.209487 197.466 0.000301472 0.000297652
15 6 11 0.005 0.517339 0.245653 195.803 0.000302071 0.000295732
15 7 12 0.005 0.565491 0.262595 195.068 0.000322244 0.000314298
15 8 10 0.005 0.540855 0.27827 196.027 0.00027037 0.000264999
15 9 10 0.005 0.607706 0.319171 194.573 0.000260904 0.000253824
15 10 12 0.005 0.483496 0.346491 193.961 0.000326372 0.000316518
15 11 0 0 0 0 0 0 0
15 12 12 0.005 0.608857 0.530021 195.119 0.000295487 0.000288275
15 13 12 0.005 0.560677 0.488046 195.105 0.00030477 0.00029731
15 14 12 0.005 0.581152 0.515817 195.925 0.00029986 0.000293751
15 15 12 0.005 0.65171 0.652872 195.077 0.000279122 0.000272251
15 16 13 0.005 0.603196 0.63726 194.922 0.000309226 0.000301374
15 17 15 0.005 0.563949 0.649815 193.38 0.000359826 0.000347916
15 18 11 0.005 0.521685 0.69533 193.629 0.000262717 0.000254348
15 19 14 0.005 0.707557 0.807267 194.373 0.000301987 0.000293491
15 20 17 0.005 0.603704 0.822939 195.157 0.000376502 0.000367384
15 21 20 0.005 0.68608 0.861319 193.965 0.000425494 0.000412655
15 22 18 0.005 0.680382 0.946224 192.3 0.000370928 0.000356648
15 23 14 0.005 0.776653 1.09478 197.088 0.000264684 0.000260831
16 0 13 0.005 0.551378 0.0664236 196.343 0.000359651 0.000353074
16 1 14 0.005 0.549816 0.0753271 194.495 0.000387384 0.000376721
16 2 0 0 0 0 0 0 0
16 3 12 0.005 0.638196 0.185803 192.98 0.000316256 0.000305155
16 4 14 0.005 0.5316 0.18187 192.584 0.000386248 0.000371925
16 5 11 0.005 0.462461 0.0967862 195.71 0.000314739 0.000307988
16 6 13 0.005 0.626713 0.220226 197.328 0.000342676 0.000338098
16 7 12 0.005 0.583565 0.30254 192.204 0.00031733 0.00030496
16 8 15 0.005 0.613545 0.359352 193.669 0.00038686 0.000374614
16 9 13 0.005 0.610076 0.339267 195.321 0.000337332 0.00032944
16 10 14 0.005 0.56636 0.397606 202.403 0.000364316 0.000368693
16 11 11 0.005 0.61284 0.407999 191.679 0.000280323 0.00026866
16 12 17 0.005 0.558916 0.462105 195.102 0.000435507 0.000424842
16 13 15 0.005 0.551638 0.442146 193.837 0.000387604 0.00037566
16 14 10 0.005 0.537067 0.543716 192.318 0.000251435 0.000241777
16 15 0 0 0 0 0 0 0
16 16 11 0.005 0.719753 0.715335 195.525 0.000244334 0.000238867
16 17 0 0 0 0 0 0 0
16 18 0 0 0 0 0 0 0
16 19 13 0.005 0.643572 0.707657 194.485 0.000297287 0.000289089
16 20 14 0.005 0.61458 0.778896 194.659 0.000314505 0.000306106
16 21 16 0.005 0.756181 0.923935 194.307 0.000325114 0.00031586
16 22 10 0.005 0.700223 0.959118 199.935 0.000203838 0.000203771
16 23 16 0.005 0.658124 0.967132 195.224 0.000329002 0.000321145
17 0 15 0.005 0.556172 0.0212915 193.67 0.000414768 0.000401639
17 1 12 0.005 0.576547 0.0237056 193.381 0.000328915 0.00031803
17 2 11 0.005 0.602806 0.130574 193.456 0.000296278 0.000286584
17 3 16 0.005 0.622548 0.115776 194.395 0.000427778 0.00041579
17 4 15 0.005 0.748639 0.220479 195.045 0.000374211 0.00036494
17 5 19 0.005 0.618008 0.185099 197.157 0.000505248 0.000498067
17 6 0 0 0 0 0 0 0
17 7 0 0 0 0 0 0 0
17 8 17 0.005 0.644748 0.354144 195.004 0.000433355 0.000422529
17 9 14 0.005 0.604263 0.334337 193.208 0.000364555 0.000352175
17 10 13 0.005 0.613371 0.391986 193.884 0.000332604 0.000322433
17 11 0 0 0 0 0 0 0
17 12 15 0.005 0.674873 0.528588 193.412 0.000360389 0.000348519
17 13 16 0.005 0.621715 0.457982 193.013 0.000400755 0.000386754
17 14 0 0 0 0 0 0 0
17 15 13 0.005 0.672716 0.561168 193.693 0.000309444 0.000299686
17 16 15 0.005 0.617119 0.587705 194.973 0.000361289 0.000352208
17 17 14 0.005 0.647377 0.592988 192.228 0.000332939 0.000320001
17 18 15 0.005 0.666239 0.732017 192.767 0.000337366 0.000325166
17 19 11 0.005 0.66438 0.799589 194.879 0.000241322 0.000235143
17 20 14 0.005 0.732064 0.798693 192.537 0.000300489 0.000289276
17 21 17 0.005 0.680875 0.872032 195.956 0.000360738 0.000353443
17 22 12 0.005 0.712822 0.816636 192.81 0.000257492 0.000248235
17 23 16 0.005 0.701111 0.949316 194.718 0.000327328 0.000318683
18 0 13 0.005 0.59636 0.0231968 194.788 0.000353262 0.000344056
18 1 15 0.005 0.6704 0.11493 191.956 0.000392495 0.00037671
18 2 18 0.005 0.554102 0.0984258 192.919 0.000496409 0.000478834
18 3 13 0.005 0.692543 0.0927028 197.469 0.000337229 0.000332962
18 4 13 0.005 0.775318 0.174553 193.102 0.000322071 0.000310962
18 5 17 0.005 0.632177 0.185686 192.793 0.000449229 0.000433041
18 6 16 0.005 0.709278 0.234621 193.003 0.000405632 0.000391441
18 7 0 0 0 0 0 0 0
18 8 0 0 0 0 0 0 0
18 9 12 0.005 0.663409 0.362924 195.933 0.000302895 0.000296736
18 10 15 0.005 0.653236 0.407212 193.179 0.000376148 0.000363321
18 11 12 0.005 0.638612 0.400392 194.87 0.000303251 0.000295472
18 12 15 0.005 0.64076 0.380582 194.182 0.000380611 0.000369539
18 13 11 0.005 0.750814 0.532577 197.216 0.000256112 0.000252547
18 14 15 0.005 0.680344 0.502334 195.365 0.000362448 0.000354048
18 15 20 0.005 0.709872 0.57966 192.908 0.000466598 0.000450052
18 16 10 0.005 0.625801 0.522147 192.345 0.000245302 0.000235914
18 17 14 0.005 0.819348 0.754117 196.012 0.000296016 0.000290114
18 18 0 0 0 0 0 0 0
18 19 15 0.005 0.700675 0.77572 197.53 0.000328135 0.000324083
18 20 10 0.005 0.721112 0.755966 190.688 0.000218819 0.000208631
18 21 12 0.005 0.79457 1.02386 193.69 0.000231984 0.000224665
18 22 12 0.005 0.838411 0.924719 193.925 0.000237433 0.00023022
18 23 16 0.005 0.72734 1.00868 194.462 0.000317296 0.000308511
19 0 0 0 0 0 0 0 0
19 1 0 0 0 0 0 0 0
19 2 13 0.005 0.705976 0.032562 193.455 0.000335961 0.000324967
19 3 11 0.005 0.672182 0.165259 194.744 0.000286221 0.000278699
19 4 11 0.005 0.622483 0.213897 193.632 0.000290768 0.000281509
19 5 12 0.005 0.705383 0.226375 194.433 0.000305137 0.000296644
19 6 11 0.005 0.70643 0.244906 193.602 0.000278791 0.000269873
19 7 0 0 0 0 0 0 0
19 8 10 0.005 0.666608 0.386547 194.569 0.000250668 0.000243861
19 9 18 0.005 0.68725 0.312131 194.977 0.000454644 0.000443226
19 10 15 0.005 0.718078 0.449883 193.647 0.00036215 0.000350647
19 11 13 0.005 0.681493 0.415207 198.051 0.000321554 0.00031842
19 12 16 0.005 0.709584 0.488879 195.096 0.00038357 0.000374166
19 13 13 0.005 0.66031 0.478551 193.613 0.000318821 0.000308639
19 14 14 0.005 0.783636 0.602285 194.866 0.000315106 0.000307017
19 15 16 0.005 0.774242 0.632997 195.088 0.000358017 0.000349224
19 16 18 0.005 0.75991 0.631672 194.486 0.000405173 0.000394001
19 17 13 0.005 0.778399 0.721832 197.326 0.000282084 0.000278312
19 18 0 0 0 0 0 0 0
19 19 17 0.005 0.796894 0.800491 195.291 0.000356609 0.000348212
19 20 19 0.005 0.869385 0.932396 193.469 0.000371096 0.000358978
19 21 17 0.005 0.835745 0.832162 197.229 0.000347917 0.000343096
19 22 15 0.005 0.96578 1.07752 196.615 0.000269873 0.000265305
19 23 17 0.005 0.916962 1.04432 195.07 0.000314212 0.000306467
20 0 13 0.005 0.741709 0.0975333 195.472 0.000329415 0.000321958
20 1 13 0.005 0.72742 -0.0205047 198.813 0.000332639 0.000330665
20 2 13 0.005 0.729417 0.0900316 194.856 0.000331493 0.000322967
20 3 13 0.005 0.641635 0.0853894 193.534 0.000345356 0.000334191
20 4 15 0.005 0.743074 0.140256 195.703 0.000378618 0.000370484
20 5 19 0.005 0.728252 0.230186 192.532 0.000477837 0.000459995
20 6 13 0.005 0.790607 0.295491 194.101 0.000314381 0.000305109
20 7 10 0.005 0.722856 0.239673 195.553 0.000251761 0.000246164
20 8 0 0 0 0 0 0 0
20 9 13 0.005 0.68845 0.354686 196.902 0.000325258 0.00032022
20 10 14 0.005 0.864628 0.349194 193.536 0.000324023 0.000313551
20 11 16 0.005 0.687792 0.414372 193.759 0.000394804 0.000382484
20 12 20 0.005 0.76284 0.52857 192.969 0.00046391 0.000447601
20 13 13 0.005 0.802945 0.48423 197.258 0.000300103 0.000295988
20 14 14 0.005 0.795029 0.552075 193.719 0.000318341 0.000308343
20 15 19 0.005 0.763062 0.67956 194.643 0.000420551 0.000409287
20 16 11 0.005 0.922813 0.688108 194.294 0.00022829 0.000221777
20 17 17 0.005 0.801816 0.77582 193.634 0.000359064 0.000347635
20 18 19 0.005 0.809448 0.714926 196.924 0.000408512 0.00040223
20 19 15 0.005 0.778545 0.73262 194.844 0.00032427 0.00031591
20 20 15 0.005 0.80724 0.848097 197.653 0.000308281 0.000304663
20 21 14 0.005 0.896644 0.899256 194.175 0.000274096 0.000266113
20 22 17 0.005 0.812573 0.988383 192.037 0.000331278 0.000318088
20 23 14 0.005 1.0001 1.05733 196.018 0.000250895 0.000245899
21 0 0 0 0 0 0 0 0
21 1 13 0.005 0.812323 0.01972 193.534 0.000319278 0.000308955
21 2 11 0.005 0.788302 0.0314257 195.521 0.000273291 0.000267171
21 3 16 0.005 0.78766 0.129322 195.335 0.000395723 0.000386493
21 4 10 0.005 0.793222 0.138379 198.607 0.000246484 0.000244767
21 5 19 0.005 0.790518 0.224447 194.652 0.000464538 0.000452116
21 6 13 0.005 0.766425 0.270817 193.046 0.00031923 0.000308131
21 7 12 0.005 0.845517 0.298456 194.006 0.000282735 0.000274261
21 8 23 0.005 0.881817 0.290861 193.665 0.000533369 0.000516475
21 9 16 0.005 0.823 0.281382 192.481 0.00038204 0.000367676
21 10 22 0.005 0.758023 0.423739 193.66 0.000525656 0.000508992
21 11 11 0.005 0.85065 0.471592 194.431 0.000249536 0.000242588
21 12 13 0.005 0.909234 0.448155 194.486 0.000288915 0.000280951
21 13 12 0.005 0.929648 0.570826 195.699 0.000256604 0.000251086
21 14 18 0.005 0.95518 0.633161 197.58 0.000374518 0.000369987
21 15 14 0.005 0.914606 0.681003 195.667 0.000292113 0.000285784
21 16 13 0.005 0.829113 0.622874 196.427 0.000285565 0.000280463
21 17 19 0.005 0.892301 0.72545 194.787 0.00039454 0.000384255
21 18 26 0.005 0.946696 0.830424 194.338 0.000511665 0.000497181
21 19 12 0.005 0.960935 0.777225 196.9 0.000238864 0.000235161
21 20 17 0.005 1.00812 0.936691 195.818 0.000316254 0.000309641
21 21 0 0 0 0 0 0 0
21 22 16 0.005 0.924238 1.01563 195.405 0.000298062 0.000291214
21 23 11 0.005 1.03527 1.07496 197.004 0.000193768 0.000190866
22 0 13 0.005 0.953547 0.0347773 197.348 0.000297637 0.000293691
22 1 18 0.005 0.824866 0.0486427 194.212 0.00043911 0.000426401
22 2 13 0.005 0.850514 0.0567456 196.163 0.000313084 0.000307077
22 3 15 0.005 0.799844 0.151957 193.21 0.000368111 0.000355613
22 4 16 0.005 0.808931 0.200759 193.811 0.000388947 0.000376911
22 5 10 0.005 0.918662 0.285534 197.556 0.000228058 0.00022527
22 6 15 0.005 0.776763 0.197602 192.922 0.000370394 0.000357285
22 7 14 0.005 0.865913 0.290548 196.972 0.000327126 0.000322174
22 8 15 0.005 0.900689 0.379511 192.424 0.00033947 0.000326611
22 9 14 0.005 0.895484 0.339415 193.487 0.000319977 0.000309557
22 10 11 0.005 0.994068 0.541629 195.514 0.000230458 0.000225289
22 11 16 0.005 0.924956 0.460489 193.019 0.000352128 0.000339837
22 12 15 0.005 0.91769 0.55102 193.76 0.00032405 0.000313939
22 13 0 0 0 0 0 0 0
22 14 18 0.005 0.843836 0.541266 195.41 0.000402277 0.000393044
22 15 14 0.005 0.898405 0.591571 197.46 0.000301653 0.000297821
22 16 25 0.005 0.915049 0.696653 192.915 0.000519113 0.000500725
22 17 15 0.005 0.885983 0.711801 196.072 0.000313568 0.00030741
22 18 13 0.005 0.959022 0.883469 192.159 0.000250354 0.000240539
22 19 0 0 0 0 0 0 0
22 20 13 0.005 0.922288 0.76806 192.565 0.000263338 0.000253549
22 21 13 0.005 1.04262 0.999472 194.585 0.000234185 0.000227844
22 22 13 0.005 1.15348 1.14698 194.704 0.000215448 0.000209743
22 23 18 0.005 1.08928 1.17624 197.071 0.000301472 0.000297058
23 0 11 0.005 0.987866 0.0497586 194.119 0.000247488 0.00024021
23 1 14 0.005 0.899823 0.0589897 194.045 0.00032902 0.000319224
23 2 19 0.005 0.90868 0.128366 194.168 0.000442997 0.000430079
23 3 19 0.005 0.937044 0.128868 194.151 0.000436819 0.000424044
23 4 15 0.005 0.863421 0.167027 197.115 0.000356453 0.00035131
23 5 14 0.005 0.861781 0.187125 195.692 0.000332287 0.00032513
23 6 22 0.005 0.909482 0.250675 194.31 0.000506414 0.000492007
23 7 17 0.005 0.968287 0.30405 194.064 0.000377582 0.000366375
23 8 19 0.005 0.963577 0.378186 195.593 0.000417757 0.000408551
23 9 15 0.005 0.858715 0.381708 195.997 0.000345914 0.000338991
23 10 20 0.005 0.988129 0.457323 193.918 0.000428118 0.000415098
23 11 13 0.005 0.974774 0.490261 193.076 0.000277959 0.000268335
23 12 20 0.005 0.995802 0.54483 196.282 0.00041838 0.000410602
23 13 20 0.005 0.972112 0.53491 194.574 0.000423722 0.000412226
23 14 0 0 0 0 0 0 0
23 15 14 0.005 1.02108 0.701476 194.928 0.000278278 0.000271221
23 16 15 0.005 1.07432 0.687082 196.202 0.000292911 0.000287349
23 17 14 0.005 1.00044 0.759022 196.683 0.000275984 0.000271407
23 18 14 0.005 1.04294 0.817725 196.072 0.000266852 0.000261611
23 19 15 0.005 0.953812 0.773951 191.752 0.000299692 0.000287332
23 20 16 0.005 1.0103 0.805458 192.362 0.000309899 0.000298064
23 21 10 0.005 0.983609 0.864003 193.918 0.000192092 0.00018625
23 22 11 0.005 1.13398 1.03667 193.115 0.000189888 0.000183352
23 23 10 0.005 1.02425 1.04708 196.789 0.000178431 0.000175566
