#  ix    iy     Npi     E/N       Tpi    Uxpi    Uypi     mupi     rho    epsilon
0 0 612 0.0665427 0.0498714 -0.0132554 1.71656 0.031183 0.00867772
0 1 656 0.0641736 0.00729462 0.100266 1.93505 0.0333015 0.00907417
0 2 657 0.0627719 0.0496373 0.138959 2.02505 0.0331613 0.00892282
0 3 634 0.0643835 -0.0136281 0.239969 1.86403 0.0314512 0.00858609
0 4 635 0.0652956 -0.00379633 0.288907 1.79412 0.0311248 0.00856637
0 5 629 0.0627476 0.0264545 0.354633 1.93438 0.0302368 0.00813412
0 6 618 0.065071 0.0356924 0.421377 1.73935 0.0290407 0.00797679
0 7 628 0.0645063 0.0505608 0.456657 1.77876 0.0291149 0.00795701
0 8 667 0.0621825 -0.0159617 0.5877 1.94301 0.0293362 0.00785163
0 9 646 0.064313 0.0359321 0.643414 1.74185 0.0277049 0.00755859
0 10 656 0.0630379 0.0722494 0.655555 1.83561 0.02794 0.00753595
0 11 663 0.0635439 0.032293 0.806665 1.74173 0.02632 0.0071314
0 12 676 0.0624391 0.0207598 0.923497 1.77866 0.025335 0.00679649
0 13 624 0.0627451 0.0168412 0.966146 1.65639 0.0228945 0.00615881
0 14 679 0.0620602 0.0410643 1.09704 1.72235 0.0233287 0.00623683
0 15 618 0.0618279 0.0263507 1.14953 1.61856 0.0206915 0.00552013
0 16 624 0.057272 0.0457397 1.37311 1.85525 0.0187355 0.0047931
0 17 586 0.0575992 0.0366298 1.46204 1.72527 0.0168753 0.00433039
0 18 591 0.0550447 0.0319905 1.6136 1.86885 0.0158816 0.00397891
0 19 550 0.0567927 0.0405157 1.80937 1.57039 0.0135711 0.00345638
0 20 527 0.0525446 0.0295477 1.9971 1.80569 0.0120375 0.00294489
0 21 478 0.0514602 0.0586455 2.27106 1.7002 0.00982519 0.00237872
0 22 421 0.0496971 0.0726513 2.38873 1.69594 0.00829129 0.00197333
0 23 347 0.0491584 0.066015 2.79085 1.41988 0.00597036 0.00141349
1 0 647 0.063212 0.0807687 0.0857502 1.98369 0.0327835 0.00885623
1 1 614 0.0664383 0.0811296 0.100638 1.71944 0.031068 0.00863776
1 2 665 0.0650696 0.0893663 0.146612 1.88048 0.0334392 0.00918487
1 3 640 0.0656965 0.0670245 0.215347 1.79149 0.031853 0.00879805
1 4 616 0.0662623 0.0879869 0.257942 1.70626 0.0303226 0.00841742
1 5 631 0.0638985 0.0946582 0.339175 1.86103 0.0303662 0.00825396
1 6 615 0.0668103 0.0824142 0.431734 1.6177 0.0287253 0.00801268
1 7 689 0.0618842 0.0731449 0.477972 2.03956 0.0316475 0.00844734
1 8 697 0.0637822 0.0883934 0.595902 1.8719 0.0304609 0.00827107
1 9 652 0.0633407 0.0930369 0.638789 1.81542 0.0279481 0.00755872
1 10 627 0.0619563 0.107049 0.712141 1.83641 0.0259591 0.00693352
1 11 672 0.0657332 0.0888306 0.763297 1.63071 0.027186 0.00751142
1 12 623 0.0628775 0.114817 0.933881 1.65843 0.0231494 0.00623482
1 13 703 0.0650312 0.123244 0.96765 1.61876 0.025675 0.00704984
1 14 645 0.0616426 0.142117 1.09432 1.69727 0.0220978 0.00588541
1 15 657 0.06087 0.112854 1.22145 1.70951 0.0211803 0.00560149
1 16 597 0.0621914 0.130469 1.35624 1.45518 0.0180222 0.00482389
1 17 595 0.0563842 0.131826 1.44894 1.8395 0.0171951 0.00436264
1 18 586 0.0559529 0.13863 1.5863 1.79584 0.0159005 0.00401788
1 19 549 0.0570186 0.156815 1.78777 1.55723 0.013634 0.00347973
1 20 485 0.0543624 0.150277 1.94167 1.5857 0.0113031 0.00281359
1 21 464 0.0509114 0.139953 2.12889 1.77313 0.0100472 0.00241961
1 22 474 0.0499456 0.159768 2.46167 1.76354 0.00908535 0.00216755
1 23 376 0.0516595 0.222552 2.65779 1.30439 0.0067349 0.00163368
2 0 638 0.0640464 0.140163 0.0152222 1.91084 0.0322323 0.00877281
2 1 635 0.0623416 0.14406 0.123017 2.01366 0.0318318 0.00853183
2 2 655 0.066029 0.179595 0.156571 1.79065 0.0325084 0.00900557
2 3 644 0.0647838 0.152599 0.234779 1.84377 0.0316401 0.0086686
2 4 659 0.0675769 0.156535 0.300898 1.67314 0.0318408 0.00894177
2 5 660 0.0636216 0.15786 0.365078 1.90948 0.0312893 0.00848376
2 6 668 0.0632502 0.14401 0.414445 1.93191 0.0312098 0.00843399
2 7 645 0.0641926 0.142412 0.496983 1.80348 0.0292327 0.00796682
2 8 657 0.0647474 0.15507 0.580103 1.74992 0.0287375 0.00787081
2 9 623 0.0615107 0.152917 0.634698 1.89255 0.0266157 0.00708019
2 10 686 0.0648163 0.181739 0.712324 1.72654 0.0281998 0.00772828
2 11 638 0.0648958 0.166524 0.803363 1.60751 0.0251652 0.00690152
2 12 648 0.0625535 0.193232 0.92861 1.71614 0.0239873 0.00644162
2 13 682 0.0610572 0.19426 1.00087 1.83626 0.0243651 0.00645479
2 14 658 0.0597822 0.207999 1.05757 1.86333 0.0228334 0.0059788
2 15 666 0.0605977 0.181908 1.21532 1.74154 0.0214474 0.00565802
2 16 639 0.0604251 0.195846 1.31487 1.66381 0.0195984 0.00516208
2 17 609 0.0578279 0.191923 1.51456 1.71648 0.0170252 0.00437815
2 18 579 0.0562459 0.211027 1.60077 1.75027 0.0155543 0.00394122
2 19 552 0.0553078 0.261745 1.82142 1.6808 0.0134476 0.00337747
2 20 553 0.0514605 0.262797 2.06123 1.91953 0.0122351 0.00296217
2 21 457 0.0533134 0.250741 2.18733 1.51644 0.00964234 0.00237634
2 22 394 0.0513579 0.275359 2.48073 1.43633 0.0074761 0.00180821
2 23 412 0.0439099 0.350885 2.93919 2.09977 0.00672779 0.00151201
3 0 626 0.0655785 0.180156 0.044934 1.78479 0.0314021 0.00866442
3 1 635 0.0652662 0.187546 0.129542 1.81079 0.0315878 0.00869152
3 2 670 0.0634892 0.189872 0.131586 1.98083 0.0333065 0.00901997
3 3 649 0.0636073 0.195247 0.210281 1.92749 0.0318278 0.00862868
3 4 636 0.0646315 0.214292 0.266844 1.82359 0.0307008 0.00839982
3 5 656 0.0654361 0.179754 0.343655 1.78763 0.0312048 0.00859912
3 6 621 0.0618882 0.210336 0.421359 1.94027 0.0286641 0.00765128
3 7 645 0.0641313 0.197735 0.44603 1.8192 0.0295758 0.0080559
3 8 712 0.0662114 0.22266 0.541778 1.74264 0.0313451 0.00869734
3 9 657 0.0651753 0.194613 0.636519 1.69268 0.0279043 0.00767179
3 10 671 0.0642719 0.197354 0.723487 1.73309 0.0273888 0.0074696
3 11 682 0.063763 0.278749 0.80858 1.73175 0.0264434 0.00717895
3 12 657 0.0628625 0.231873 0.861817 1.73672 0.025009 0.00673475
3 13 649 0.0646528 0.240569 0.984773 1.54437 0.0232537 0.00636348
3 14 678 0.0619259 0.286191 1.14193 1.69083 0.0223948 0.00597988
3 15 651 0.0609392 0.288167 1.2356 1.67486 0.0205601 0.0054409
3 16 605 0.0609955 0.277213 1.35302 1.54354 0.0181025 0.00479299
3 17 597 0.0625671 0.299143 1.48912 1.35605 0.0167495 0.00449852
3 18 594 0.0565509 0.314689 1.66973 1.71413 0.0153717 0.00390611
3 19 631 0.0558327 0.328741 1.76661 1.79001 0.0156551 0.0039514
3 20 538 0.0565258 0.345862 1.92129 1.51047 0.0125144 0.00317929
3 21 475 0.0504644 0.429494 2.37533 1.73501 0.00927543 0.00222409
3 22 459 0.0475846 0.399981 2.54446 1.92832 0.00847565 0.00197585
3 23 328 0.0450571 0.425999 2.9548 1.73306 0.00531532 0.0012084
4 0 658 0.0656934 0.236079 0.03088 1.81666 0.0326585 0.0090203
4 1 657 0.0641416 0.222137 0.084853 1.91622 0.0326111 0.00888349
4 2 650 0.0624152 0.23975 0.156527 2.01017 0.0318821 0.00855101
4 3 677 0.0657647 0.29123 0.272618 1.7943 0.0320823 0.00886675
4 4 677 0.0680881 0.282804 0.290238 1.64724 0.0320122 0.00903024
4 5 667 0.0642299 0.28462 0.362793 1.85659 0.0309034 0.00842495
4 6 668 0.0654379 0.261191 0.416159 1.76758 0.0305888 0.00842951
4 7 663 0.0653703 0.284614 0.466352 1.74195 0.0296851 0.00817554
4 8 677 0.0611549 0.288828 0.576148 2.00462 0.0290334 0.00769835
4 9 653 0.06422 0.257636 0.616468 1.74788 0.027702 0.00755152
4 10 707 0.0637916 0.290487 0.73559 1.79743 0.0282926 0.00768296
4 11 642 0.0631951 0.291234 0.830028 1.69741 0.0245941 0.00664291
4 12 679 0.063879 0.331682 0.878936 1.67778 0.0252488 0.00686179
4 13 703 0.0623651 0.34634 1.0059 1.75292 0.0245656 0.00658568
4 14 683 0.0597709 0.294977 1.13527 1.85422 0.0226077 0.00591907
4 15 637 0.0604023 0.367991 1.2309 1.68386 0.0199626 0.00525691
4 16 677 0.0601657 0.405322 1.42593 1.66808 0.0193163 0.0050757
4 17 655 0.0610343 0.398854 1.49175 1.54425 0.0181654 0.00481135
4 18 590 0.0550542 0.424162 1.62314 1.83809 0.0154127 0.00386176
4 19 588 0.0553686 0.43013 1.86772 1.70727 0.0138773 0.0034874
4 20 493 0.0580121 0.440807 2.02085 1.26084 0.0109484 0.00282028
4 21 451 0.047475 0.477281 2.34501 1.98531 0.00887185 0.00206598
4 22 378 0.0499731 0.552523 2.63047 1.46005 0.00672477 0.0016048
4 23 343 0.0435526 0.558357 2.84327 1.9775 0.00570911 0.00127846
5 0 655 0.0618128 0.343276 0.0206557 2.0431 0.0316019 0.0084297
5 1 619 0.0607131 0.304614 0.109733 2.07039 0.030046 0.00793479
5 2 653 0.0630341 0.334647 0.14458 1.94948 0.0313013 0.00844228
5 3 738 0.0622828 0.308871 0.240864 2.1143 0.0350596 0.00939197
5 4 663 0.0623047 0.329285 0.289132 1.98916 0.0309824 0.00830138
5 5 675 0.0629891 0.316161 0.378157 1.9393 0.0308901 0.00832799
5 6 637 0.0653319 0.357323 0.464898 1.68727 0.0280359 0.00771871
5 7 662 0.0671789 0.361423 0.515802 1.58966 0.0285794 0.00799789
5 8 679 0.0686492 0.355707 0.556406 1.5113 0.0289081 0.00819465
5 9 701 0.0646899 0.358576 0.672448 1.74351 0.0284465 0.00778709
5 10 708 0.0611205 0.38676 0.723662 1.96814 0.0279251 0.00740215
5 11 704 0.0619538 0.381223 0.830253 1.85788 0.0265179 0.00708263
5 12 644 0.0617234 0.403298 0.932846 1.73358 0.023045 0.0061422
5 13 705 0.0634485 0.392923 1.02573 1.66478 0.0242148 0.00655538
5 14 652 0.0621609 0.430525 1.1592 1.60627 0.0209175 0.00559731
5 15 638 0.0606387 0.471722 1.28985 1.62582 0.0191601 0.00505652
5 16 629 0.0603348 0.454067 1.37545 1.5981 0.0182327 0.0047984
5 17 593 0.0609419 0.514419 1.5513 1.41072 0.0157905 0.00417881
5 18 603 0.0592766 0.515225 1.72163 1.47773 0.0149596 0.0038989
5 19 559 0.0520545 0.550191 1.89653 1.91744 0.0128848 0.00313738
5 20 515 0.0552939 0.522119 1.97973 1.52823 0.0115315 0.00289586
5 21 434 0.048432 0.657019 2.38358 1.8216 0.0083024 0.00195167
5 22 356 0.0458092 0.701799 2.80019 1.7619 0.00594525 0.00136179
5 23 326 0.0411648 0.750071 3.07885 2.14056 0.00500541 0.00109405
6 0 710 0.0636616 0.365694 -0.00146803 1.99049 0.034021 0.00922775
6 1 680 0.0657627 0.429484 0.0870295 1.78485 0.0317767 0.00878214
6 2 672 0.0619039 0.387058 0.140849 2.03991 0.0317019 0.00846336
6 3 644 0.0652929 0.361303 0.237793 1.76271 0.0301571 0.00829982
6 4 701 0.0640577 0.40387 0.290595 1.90351 0.0320208 0.00871613
6 5 679 0.063541 0.411435 0.378779 1.88063 0.0302359 0.00819221
6 6 679 0.0634299 0.395362 0.433088 1.87638 0.0298837 0.0080887
6 7 676 0.0643619 0.373204 0.497489 1.79419 0.0292878 0.00799395
6 8 728 0.0635915 0.441694 0.580365 1.86973 0.0300094 0.00813454
6 9 702 0.0656977 0.431597 0.693799 1.65298 0.0277352 0.00766076
6 10 706 0.0620546 0.464059 0.761695 1.86449 0.0268814 0.00718628
6 11 693 0.0668156 0.441393 0.811242 1.5167 0.0259744 0.00724568
6 12 644 0.0616165 0.506873 0.962828 1.70522 0.0222335 0.00592014
6 13 680 0.0637238 0.47185 1.02236 1.5965 0.023038 0.00625226
6 14 630 0.0629115 0.531268 1.1453 1.50774 0.0199573 0.00537674
6 15 650 0.062054 0.536129 1.27991 1.53778 0.0193887 0.00518321
6 16 624 0.0588783 0.54962 1.38442 1.67819 0.0177455 0.00460802
6 17 610 0.0590427 0.560886 1.48703 1.59764 0.0165745 0.00431049
6 18 582 0.0558487 0.573076 1.63501 1.73549 0.0148438 0.0037472
6 19 527 0.0561786 0.662064 1.97517 1.46542 0.0116359 0.00294649
6 20 489 0.0532064 0.694398 2.1634 1.56716 0.0100502 0.00247433
6 21 444 0.0474644 0.721175 2.31469 1.95966 0.00863773 0.00201125
6 22 349 0.0473386 0.786224 2.57526 1.64098 0.00619924 0.00144167
6 23 281 0.0438093 0.889477 3.06265 1.66144 0.00428948 0.000963044
7 0 697 0.0633559 0.448852 0.0153889 1.96344 0.0324398 0.00877472
7 1 663 0.0634052 0.452205 0.109111 1.90403 0.0306705 0.00829982
7 2 650 0.0652467 0.445529 0.171576 1.75806 0.0299274 0.00823324
7 3 657 0.0622829 0.467869 0.220971 1.95079 0.0297712 0.00797528
7 4 669 0.065004 0.455659 0.282428 1.77895 0.0300826 0.00825805
7 5 699 0.0633078 0.46889 0.390258 1.90322 0.0304452 0.00823165
7 6 675 0.0659765 0.476184 0.422079 1.68169 0.0290553 0.00804523
7 7 679 0.0607398 0.451859 0.483263 2.02931 0.0288919 0.00763187
7 8 708 0.0623169 0.477227 0.566784 1.92301 0.0290237 0.00777744
7 9 688 0.0631664 0.531577 0.694564 1.77103 0.0264217 0.0071347
7 10 675 0.0618125 0.508872 0.734405 1.83567 0.0256813 0.00685037
7 11 671 0.0615616 0.527931 0.834165 1.80055 0.0243631 0.00648397
7 12 692 0.063781 0.549728 0.889003 1.65041 0.024407 0.00662718
7 13 638 0.0631327 0.583685 1.01801 1.54901 0.0211129 0.00569941
7 14 653 0.0617133 0.641215 1.24392 1.56055 0.0193696 0.00516212
7 15 648 0.0588408 0.609708 1.29544 1.74568 0.0189311 0.00491418
7 16 579 0.0576472 0.636113 1.42568 1.66415 0.0159338 0.00409061
7 17 571 0.0559308 0.683416 1.61523 1.70057 0.0144299 0.00364551
7 18 565 0.0549551 0.757671 1.71035 1.72043 0.0135899 0.00340187
7 19 539 0.0525163 0.778396 1.95688 1.78789 0.0117957 0.00288494
7 20 435 0.052266 0.828072 2.23491 1.49266 0.00858673 0.00209507
7 21 410 0.0491701 0.851373 2.4217 1.65917 0.00759315 0.0017979
7 22 341 0.0462765 0.986905 2.79047 1.64588 0.00556876 0.00128149
7 23 261 0.0361672 1.07111 3.24186 2.56428 0.00374301 0.000776909
8 0 645 0.063694 0.525233 0.0241214 1.83303 0.0291274 0.00790272
8 1 619 0.0616642 0.504649 0.0888881 1.93628 0.0281065 0.0074872
8 2 675 0.0625283 0.560606 0.189755 1.92937 0.029637 0.007957
8 3 711 0.0634868 0.543814 0.255157 1.91233 0.0310964 0.00842126
8 4 706 0.0605241 0.568752 0.284291 2.09555 0.0303962 0.0080134
8 5 665 0.0649427 0.551799 0.404599 1.71124 0.0280011 0.00768248
8 6 719 0.0627026 0.555486 0.446005 1.92551 0.0298776 0.00803424
8 7 738 0.0627787 0.573399 0.535114 1.91191 0.0296276 0.00797247
8 8 680 0.0639429 0.541527 0.599753 1.74003 0.026985 0.00733783
8 9 752 0.063568 0.58408 0.695205 1.81635 0.028405 0.00769801
8 10 640 0.0618865 0.596139 0.762815 1.74005 0.0234601 0.00626208
8 11 669 0.0629477 0.616003 0.881624 1.65764 0.023242 0.00626372
8 12 691 0.061478 0.657656 0.940671 1.75574 0.0231592 0.00615888
8 13 689 0.0616428 0.68801 1.09578 1.66969 0.0214969 0.00572538
8 14 626 0.06043 0.702409 1.17019 1.62595 0.0188768 0.00497225
8 15 689 0.0592628 0.741443 1.32408 1.73571 0.0193426 0.00504059
8 16 627 0.0595223 0.767887 1.43704 1.57161 0.0167334 0.00437108
8 17 559 0.0543966 0.836228 1.71851 1.73965 0.0132224 0.00329241
8 18 546 0.0528974 0.827722 1.7521 1.83405 0.012775 0.0031359
8 19 533 0.0525679 0.834382 1.92905 1.77377 0.0116836 0.00285894
8 20 453 0.0530186 0.972442 2.28974 1.43006 0.00862028 0.00211848
8 21 433 0.0482077 1.04475 2.53501 1.75174 0.00756953 0.00177548
8 22 358 0.04296 1.12379 2.9036 2.02633 0.00558548 0.00124331
8 23 246 0.0405672 1.15998 3.15577 1.88284 0.00357806 0.000777301
9 0 693 0.0647185 0.569899 0.0542635 1.81738 0.0306847 0.00840195
9 1 701 0.0659104 0.609861 0.111006 1.7311 0.0303986 0.00841229
9 2 725 0.0653459 0.587559 0.154228 1.80647 0.0316139 0.00870488
9 3 709 0.0646158 0.618408 0.243279 1.80578 0.0301277 0.00824186
9 4 695 0.0639071 0.617173 0.324161 1.81748 0.0290885 0.00790729
9 5 710 0.0632065 0.606199 0.382187 1.87664 0.0294445 0.00795383
9 6 726 0.0683478 0.63577 0.432054 1.54524 0.0293672 0.00830294
9 7 737 0.0664963 0.644585 0.54388 1.63804 0.0287441 0.00799575
9 8 707 0.0641131 0.664704 0.630377 1.71429 0.0265979 0.00724361
9 9 749 0.0663603 0.683719 0.704546 1.59393 0.0272691 0.00757634
9 10 657 0.0618412 0.688827 0.790734 1.72915 0.0231327 0.00617216
9 11 684 0.0628881 0.74268 0.899043 1.63887 0.0227174 0.00611904
9 12 701 0.0626848 0.760548 1.00893 1.62954 0.0221962 0.00596769
9 13 675 0.0613786 0.773524 1.08519 1.64903 0.0206699 0.00549192
9 14 631 0.0583122 0.790874 1.20517 1.75441 0.0183504 0.00474019
9 15 645 0.0573171 0.827037 1.38322 1.77494 0.0173506 0.00444067
9 16 612 0.0598774 0.91689 1.54 1.45034 0.0152138 0.00398713
9 17 583 0.0544635 0.924875 1.68892 1.77016 0.0137088 0.0034157
9 18 527 0.0551155 0.943772 1.87249 1.54659 0.0115739 0.00290161
9 19 459 0.0537702 0.983948 2.02038 1.46439 0.00952086 0.00235665
9 20 413 0.0506393 1.06224 2.19539 1.56991 0.00799394 0.00192006
9 21 372 0.0483961 1.15022 2.53784 1.56671 0.00641129 0.00150659
9 22 283 0.0436852 1.31192 2.89978 1.68493 0.00432798 0.000970474
9 23 258 0.0394435 1.38698 3.36767 2.00822 0.00348521 0.000748441
10 0 731 0.0662104 0.66403 0.0354532 1.73345 0.0310563 0.00861713
10 1 773 0.0640305 0.661065 0.102019 1.92879 0.0327814 0.00892098
10 2 706 0.066369 0.715452 0.195979 1.65249 0.0289297 0.00803832
10 3 704 0.0632917 0.690005 0.261505 1.85228 0.0289017 0.0078132
10 4 714 0.0666605 0.723419 0.331255 1.61942 0.0285063 0.00794108
10 5 752 0.063697 0.68075 0.366897 1.87397 0.0303507 0.00823485
10 6 679 0.06719 0.738776 0.467698 1.49744 0.0260795 0.00729899
10 7 747 0.0670924 0.760812 0.565611 1.56228 0.0276586 0.00773432
10 8 687 0.0640367 0.776517 0.632558 1.64797 0.0247656 0.00673998
10 9 721 0.0647966 0.795682 0.728697 1.60762 0.0250057 0.00685172
10 10 742 0.0632828 0.818651 0.810108 1.70062 0.0248199 0.00670919
10 11 732 0.0654753 0.860891 0.890111 1.50001 0.0234639 0.00646821
10 12 696 0.0620695 0.842963 1.00095 1.6429 0.021561 0.00576473
10 13 707 0.0589838 0.892874 1.13007 1.81814 0.0205727 0.00534738
10 14 615 0.0597016 0.905667 1.20383 1.5948 0.0173533 0.00454051
10 15 590 0.0609463 0.923263 1.38032 1.39368 0.0155287 0.00410969
10 16 572 0.0588904 0.944185 1.53186 1.45271 0.0141761 0.00368155
10 17 601 0.0530676 1.03046 1.73922 1.88141 0.0135956 0.00334277
10 18 501 0.0507675 1.10181 1.89853 1.8398 0.0105969 0.00254843
10 19 460 0.0544002 1.17716 2.08309 1.36023 0.00905015 0.00225359
10 20 359 0.0492672 1.30572 2.45864 1.44571 0.00619211 0.00146755
10 21 351 0.0450149 1.33897 2.59594 1.82514 0.00580049 0.00131814
10 22 257 0.0423998 1.52396 3.17547 1.65011 0.00358118 0.000792649
10 23 222 0.0372243 1.6366 3.44596 2.13553 0.00287203 0.000602743
11 0 709 0.0660701 0.778585 0.0172401 1.65784 0.0285398 0.00790906
11 1 752 0.0641039 0.797657 0.0640426 1.83381 0.0299566 0.00815763
11 2 753 0.0633468 0.751678 0.167998 1.90031 0.0304367 0.00823224
11 3 713 0.0643135 0.781161 0.278923 1.75238 0.0279992 0.00763892
11 4 746 0.0631884 0.838413 0.351031 1.83345 0.0281652 0.00760701
11 5 702 0.0614115 0.820703 0.381651 1.89723 0.0265546 0.00705756
11 6 686 0.0658749 0.804342 0.495049 1.55548 0.025445 0.00703925
11 7 732 0.0673963 0.825027 0.562396 1.49796 0.0264284 0.00741006
11 8 715 0.0617608 0.890285 0.672941 1.78581 0.0243443 0.0064907
11 9 727 0.0646919 0.880905 0.73385 1.58914 0.0243807 0.00667424
11 10 718 0.0623243 0.878673 0.795785 1.71648 0.02362 0.00632985
11 11 680 0.0626065 0.936311 0.935045 1.57557 0.0209174 0.00561991
11 12 668 0.0601592 0.984205 1.0851 1.66329 0.0192148 0.00504872
11 13 659 0.0621228 1.00393 1.1558 1.47997 0.0183871 0.0049185
11 14 640 0.0574685 1.08499 1.34968 1.70248 0.0163289 0.00418507
11 15 624 0.0577072 1.11738 1.46053 1.61298 0.0152093 0.00390679
11 16 537 0.0574116 1.12743 1.57651 1.44468 0.0125625 0.00321803
11 17 525 0.0540071 1.14821 1.78531 1.62567 0.0114155 0.002832
11 18 492 0.055303 1.22639 1.90485 1.39855 0.0101366 0.00254577
11 19 431 0.0491405 1.35849 2.19712 1.70657 0.00793859 0.00187915
11 20 414 0.0490884 1.52886 2.62893 1.5267 0.00659796 0.00156101
11 21 274 0.0434303 1.46621 2.60712 1.73889 0.00443253 0.000991366
11 22 235 0.0416906 1.80323 3.35631 1.576 0.0030438 0.000668868
11 23 162 0.0325947 1.83572 3.64086 2.53869 0.00196873 0.00039351
12 0 750 0.0667626 0.867407 0.0514168 1.6262 0.0288843 0.00805364
12 1 778 0.0651716 0.881331 0.118318 1.75402 0.0296624 0.00815488
12 2 719 0.0634847 0.885504 0.174132 1.77982 0.0272334 0.00737497
12 3 786 0.065893 0.883224 0.252826 1.70326 0.0295315 0.00817105
12 4 750 0.0648855 0.852821 0.29776 1.72895 0.0283956 0.00778674
12 5 763 0.0631459 0.926531 0.408756 1.80704 0.0273526 0.00738469
12 6 727 0.0672042 0.910722 0.478284 1.48789 0.0258546 0.00723696
12 7 720 0.0622859 0.95524 0.570173 1.75806 0.0245577 0.00657883
12 8 786 0.0648099 1.03098 0.692213 1.61258 0.025152 0.00689262
12 9 718 0.0625408 1.03888 0.773181 1.64807 0.0223892 0.00601176
12 10 702 0.065545 1.01783 0.857399 1.40884 0.0215156 0.00593481
12 11 651 0.060745 1.08191 0.981135 1.59733 0.0187644 0.00495689
12 12 661 0.06127 1.03058 1.07348 1.56242 0.0188102 0.00499284
12 13 650 0.0596533 1.14159 1.22984 1.57644 0.0169773 0.00444015
12 14 630 0.057695 1.11393 1.30024 1.67771 0.0162109 0.0041636
12 15 594 0.0545168 1.21234 1.45887 1.79618 0.0141333 0.00352323
12 16 576 0.057107 1.28657 1.69012 1.46486 0.0125176 0.00319744
12 17 493 0.0535163 1.28003 1.8579 1.55436 0.0101923 0.00251675
12 18 454 0.050191 1.44624 2.10169 1.66803 0.00845312 0.00202154
12 19 386 0.0494648 1.61961 2.42147 1.45856 0.00639404 0.00151834
12 20 310 0.046305 1.61973 2.50349 1.54088 0.00502904 0.00115762
12 21 270 0.0434015 1.78869 2.90714 1.60735 0.003873 0.000865973
12 22 171 0.0363215 1.85784 3.2192 2.03831 0.00226669 0.00047124
12 23 99 0.0278021 2.04027 3.73629 3.03447 0.00115506 0.000219281
13 0 790 0.0646257 1.01375 0.0458589 1.74222 0.0282908 0.00774003
13 1 716 0.0667684 0.994056 0.116223 1.5137 0.0258204 0.00719971
13 2 747 0.0638463 1.01242 0.176458 1.73131 0.0265791 0.00722119
13 3 772 0.0685088 1.01168 0.255715 1.46078 0.0272523 0.00771582
13 4 767 0.0679984 0.970607 0.319347 1.49608 0.0273711 0.00771499
13 5 735 0.0641145 1.06557 0.431343 1.6366 0.024612 0.00670285
13 6 770 0.0631754 0.982035 0.501988 1.76916 0.0263883 0.00712627
13 7 772 0.063117 1.09243 0.625678 1.6988 0.0244986 0.00661245
13 8 698 0.0624017 1.09732 0.702382 1.62558 0.0216832 0.00581487
13 9 714 0.0612218 1.17453 0.798732 1.67457 0.020971 0.00556395
13 10 714 0.0612069 1.19011 0.918249 1.63705 0.0201773 0.00535265
13 11 697 0.0587028 1.17253 1.04827 1.76388 0.0190801 0.00494655
13 12 688 0.0590353 1.24347 1.12414 1.67978 0.0179835 0.0046766
13 13 619 0.0596629 1.31326 1.29933 1.45416 0.0150339 0.00393223
13 14 572 0.0564271 1.35198 1.41706 1.57703 0.0132709 0.00336837
13 15 595 0.0546506 1.40373 1.59917 1.69458 0.0129117 0.0032228
13 16 558 0.0532812 1.42399 1.70974 1.71012 0.0116704 0.00287527
13 17 445 0.0513147 1.48287 1.87675 1.59851 0.00875759 0.00211727
13 18 394 0.0488906 1.52554 2.10762 1.63515 0.00721188 0.00170296
13 19 330 0.0465391 1.66405 2.28499 1.6261 0.00561529 0.00129558
13 20 284 0.0399966 2.01175 2.92207 2.05313 0.00393117 0.000849028
13 21 212 0.0357175 2.08853 3.24215 2.3152 0.00271484 0.000560849
13 22 145 0.0340223 2.16373 3.49321 2.16131 0.00174935 0.000354997
13 23 91 0.0291311 2.47964 4.11958 2.52039 0.000945367 0.000182072
14 0 788 0.0641432 1.09246 0.0328894 1.73244 0.0271392 0.00739302
14 1 801 0.0654335 1.13143 0.107753 1.64291 0.0269956 0.00743902
14 2 736 0.0642182 1.14064 0.185051 1.62813 0.0245726 0.00669833
14 3 759 0.0641516 1.11895 0.276926 1.66471 0.0253761 0.00691324
14 4 750 0.0663638 1.09913 0.324493 1.51314 0.0251584 0.00699011
14 5 699 0.0640509 1.15492 0.455675 1.54533 0.0223706 0.00608897
14 6 705 0.0629765 1.11227 0.521882 1.63235 0.0227059 0.00612082
14 7 770 0.0645326 1.12649 0.629369 1.58653 0.0240646 0.00657833
14 8 741 0.0616069 1.13988 0.688354 1.72677 0.0227025 0.00604451
14 9 711 0.0619281 1.28199 0.850682 1.56595 0.0197688 0.00527879
14 10 661 0.0570196 1.31399 0.968158 1.81355 0.0176187 0.00449677
14 11 705 0.0595949 1.36702 1.06422 1.63821 0.0179818 0.00470032
14 12 638 0.0625333 1.38648 1.1842 1.29064 0.0156527 0.00420264
14 13 583 0.0577206 1.44029 1.3184 1.49708 0.0135588 0.00348327
14 14 548 0.0572896 1.51535 1.48823 1.40083 0.0119098 0.00304738
14 15 530 0.0555409 1.49041 1.57881 1.48882 0.0113123 0.00284742
14 16 490 0.0544835 1.5865 1.73382 1.43164 0.00978842 0.00243935
14 17 406 0.0482119 1.78479 2.10847 1.68032 0.00705076 0.00165387
14 18 391 0.0453062 1.90858 2.36683 1.86449 0.00623267 0.00142048
14 19 302 0.0453976 1.87597 2.40615 1.59296 0.00479896 0.00109472
14 20 223 0.0384599 2.12338 2.91635 2.00984 0.00303927 0.000646081
14 21 159 0.0362305 2.17424 3.1395 1.95462 0.00205496 0.000426817
14 22 110 0.0292999 2.30407 3.41884 2.8183 0.00132292 0.000255251
14 23 41 0.026091 2.67077 4.13029 2.4587 0.000416768 7.76601e-05
15 0 795 0.0658149 1.23244 0.0502103 1.56319 0.0255439 0.00706284
15 1 793 0.066733 1.21969 0.103495 1.50723 0.0255971 0.00713522
15 2 747 0.0633299 1.24144 0.192241 1.65281 0.0237363 0.00641899
15 3 799 0.0685298 1.2484 0.267511 1.3787 0.0251367 0.00711815
15 4 765 0.0659155 1.27859 0.355727 1.47286 0.023488 0.00650017
15 5 743 0.0617492 1.3083 0.457545 1.69353 0.0221803 0.0059131
15 6 761 0.0628467 1.3388 0.540848 1.61441 0.0221059 0.00595212
15 7 671 0.0621361 1.31796 0.62374 1.53075 0.0193627 0.00518012
15 8 693 0.0609426 1.3947 0.757891 1.58759 0.0188465 0.00498758
15 9 669 0.061445 1.37322 0.824479 1.51028 0.0180763 0.0048057
15 10 626 0.0580119 1.49745 1.01631 1.60507 0.0154468 0.00397905
15 11 677 0.0621821 1.48145 1.08069 1.36982 0.0165371 0.00442603
15 12 601 0.0573876 1.45238 1.18901 1.58429 0.0144177 0.00369246
15 13 588 0.055224 1.62581 1.35366 1.63994 0.0128204 0.00321741
15 14 510 0.0518679 1.68929 1.52885 1.72553 0.0104576 0.00254179
15 15 505 0.0510221 1.77337 1.70941 1.72688 0.00969215 0.0023366
15 16 434 0.0453768 1.85674 1.86856 2.08848 0.0078587 0.00179233
15 17 358 0.0461124 1.91746 2.13205 1.74057 0.00601461 0.00138184
15 18 308 0.0424408 2.08492 2.32848 1.93562 0.00478865 0.00106035
15 19 264 0.039153 2.26491 2.76615 2.08879 0.00362828 0.000776834
15 20 158 0.0360935 2.17644 2.78045 2.04301 0.00219661 0.000455583
15 21 137 0.0321633 2.27101 3.13975 2.50104 0.0017466 0.00034751
15 22 62 0.0295252 2.72344 3.73573 2.08583 0.000668768 0.000129349
15 23 30 0.0231225 2.64171 3.87146 3.09409 0.000319385 5.76069e-05
16 0 815 0.0664547 1.33996 0.0424327 1.49556 0.0248618 0.00691327
16 1 795 0.0622987 1.3955 0.127635 1.71575 0.023561 0.00631257
16 2 847 0.0635473 1.40578 0.1846 1.68633 0.0249071 0.00674878
16 3 761 0.0635036 1.41235 0.30963 1.56904 0.0220855 0.00598191
16 4 780 0.0613817 1.40176 0.398436 1.7344 0.0225168 0.00598278
16 5 751 0.0622223 1.45803 0.461948 1.60443 0.0209681 0.00561399
16 6 739 0.0616005 1.49249 0.61076 1.59397 0.0198702 0.00529011
16 7 706 0.0635713 1.47554 0.657629 1.41184 0.0189589 0.00513818
16 8 623 0.05924 1.52163 0.788914 1.54881 0.016018 0.00417335
16 9 631 0.0589318 1.56119 0.839348 1.55927 0.0158189 0.00410978
16 10 666 0.058932 1.63083 0.963746 1.56204 0.0158631 0.00412125
16 11 597 0.0594408 1.53505 1.09068 1.41949 0.0142859 0.00372894
16 12 582 0.0541103 1.74472 1.24665 1.71165 0.01255 0.0031165
16 13 524 0.0554055 1.84155 1.45852 1.42263 0.0104713 0.00263237
16 14 459 0.0491925 1.89553 1.61545 1.79603 0.00872588 0.00206656
16 15 419 0.0515781 1.77082 1.66408 1.50071 0.00813536 0.00197185
16 16 374 0.0477205 2.10286 2.03197 1.59757 0.00617438 0.00144131
16 17 319 0.0476378 2.12741 2.18765 1.40867 0.00506839 0.00118217
16 18 260 0.0405224 2.36012 2.54994 1.91385 0.00366893 0.000796676
16 19 199 0.0387079 2.55094 2.8986 1.7971 0.0025455 0.000542505
16 20 142 0.0323507 2.46236 2.87774 2.52242 0.0018495 0.00036872
16 21 83 0.0277217 2.69793 3.34095 2.86975 0.00096043 0.000182172
16 22 48 0.023108 3.0089 3.98709 3.50792 0.000480744 8.66969e-05
16 23 12 0.0145006 3.27303 4.53466 6.39815 0.000107767 1.76599e-05
17 0 767 0.0648574 1.47285 0.0189234 1.47469 0.0219803 0.00602599
17 1 740 0.0642818 1.53137 0.116841 1.44763 0.020601 0.0056189
17 2 725 0.0614393 1.59983 0.218155 1.58528 0.0194763 0.00517763
17 3 773 0.0624225 1.49377 0.307926 1.62146 0.0216247 0.00580029
17 4 780 0.0613201 1.59579 0.439995 1.64868 0.0205776 0.00546447
17 5 757 0.0610244 1.60371 0.4866 1.63063 0.0197904 0.00524128
17 6 703 0.0634244 1.54003 0.584687 1.40327 0.0186125 0.00503766
17 7 681 0.0621777 1.63373 0.687565 1.40198 0.0170724 0.00456911
17 8 702 0.0607527 1.69539 0.837263 1.48288 0.0167444 0.00442359
17 9 634 0.0581078 1.68771 0.910517 1.56548 0.0149565 0.00385619
17 10 633 0.0541448 1.79701 1.06886 1.81337 0.0139345 0.00346144
17 11 550 0.0557037 1.93752 1.18358 1.47544 0.0113109 0.00285144
17 12 522 0.0533502 1.99202 1.36558 1.56834 0.0101885 0.00251183
17 13 462 0.0519853 1.93537 1.41013 1.57405 0.00908334 0.00221027
17 14 413 0.0520468 2.02624 1.61792 1.38787 0.00758214 0.00184607
17 15 366 0.0498716 2.10931 1.83917 1.40189 0.0062835 0.00149802
17 16 332 0.0439937 2.36235 2.1495 1.80538 0.0050612 0.00113842
17 17 259 0.0423561 2.45943 2.38507 1.68884 0.00370258 0.000819155
17 18 192 0.0392545 2.45402 2.47334 1.78004 0.00270243 0.00057921
17 19 144 0.0340592 2.94613 3.11646 2.10746 0.00166838 0.000338698
17 20 82 0.0293928 2.93485 3.41575 2.41993 0.000906912 0.000175159
17 21 55 0.0276731 3.12203 3.75526 2.34752 0.000562927 0.000106718
17 22 18 0.0189681 2.77904 3.51086 4.29415 0.00020017 3.448e-05
17 23 0 0 0 0 0 0 0
18 0 734 0.061411 1.7408 0.0259505 1.54403 0.0186522 0.00495728
18 1 700 0.064047 1.72129 0.160363 1.32167 0.0178828 0.00486726
18 2 721 0.0607125 1.78172 0.23316 1.55184 0.0178882 0.00472403
18 3 695 0.0620423 1.65242 0.28848 1.47299 0.0181574 0.00485353
18 4 706 0.0620801 1.73421 0.428613 1.43888 0.0175946 0.00470471
18 5 672 0.0582676 1.76575 0.545366 1.64035 0.0163167 0.00421312
18 6 590 0.0552826 1.84265 0.661681 1.70091 0.0136924 0.00343813
18 7 649 0.0590167 1.83131 0.738563 1.49709 0.0149599 0.00388963
18 8 651 0.0610152 1.84549 0.829554 1.33504 0.0147162 0.00389711
18 9 595 0.053386 2.03225 0.989901 1.75206 0.0122813 0.0030288
18 10 547 0.0575612 2.00754 1.09181 1.31722 0.0111881 0.00286997
18 11 503 0.0555018 2.03571 1.20307 1.36829 0.00999587 0.00251514
18 12 472 0.0484148 2.15471 1.34451 1.88408 0.00882255 0.0020736
18 13 422 0.0501712 2.21081 1.5957 1.53871 0.0074138 0.00177265
18 14 362 0.0471426 2.46214 1.83327 1.58106 0.00572078 0.00132783
18 15 312 0.0446936 2.51224 2.07464 1.64473 0.00467068 0.00105798
18 16 235 0.0401177 2.54285 2.19989 1.89691 0.00341791 0.000739094
18 17 180 0.0431949 2.70594 2.52756 1.15108 0.00239442 0.000534257
18 18 145 0.0339978 3.09912 2.86982 2.13957 0.00170438 0.000345781
18 19 98 0.029622 3.31554 3.28891 2.51257 0.00104691 0.000202699
18 20 43 0.0317918 3.58483 3.84163 1.12433 0.000410166 8.12853e-05
18 21 25 0.0215558 3.44756 3.83941 3.38138 0.000242672 4.30193e-05
18 22 0 0 0 0 0 0 0
18 23 0 0 0 0 0 0 0
19 0 733 0.0604886 1.9066 -0.00341989 1.53857 0.0173707 0.00457797
19 1 649 0.062823 1.88323 0.112915 1.26149 0.0155074 0.00417455
19 2 675 0.0605881 1.85766 0.214497 1.46412 0.0162402 0.00428393
19 3 663 0.0587217 1.99534 0.35117 1.51998 0.0149718 0.00388213
19 4 622 0.0591849 1.97836 0.457919 1.41966 0.0140199 0.00365091
19 5 629 0.0611963 1.96692 0.555314 1.27971 0.0141042 0.00374122
19 6 572 0.0579496 2.02854 0.644665 1.3909 0.0124095 0.00319481
19 7 591 0.0569867 2.11554 0.783013 1.45025 0.01222 0.00311793
19 8 554 0.0548413 2.14168 0.884967 1.53639 0.0111992 0.00280039
19 9 496 0.0522647 2.15362 1.03815 1.62137 0.00976509 0.00238255
19 10 447 0.0560772 2.27729 1.22163 1.12729 0.00823029 0.00208213
19 11 427 0.0512691 2.21689 1.2967 1.50021 0.00790457 0.0019102
19 12 387 0.0485807 2.3389 1.45879 1.59728 0.00673353 0.00158518
19 13 336 0.045824 2.6436 1.78556 1.61236 0.00512771 0.0011747
19 14 287 0.0436773 2.28911 1.64932 1.80831 0.00489176 0.0010968
19 15 244 0.0394153 2.81221 2.19593 1.97542 0.00335961 0.000721258
19 16 195 0.037702 2.9701 2.44214 1.92683 0.00250408 0.000528143
19 17 111 0.0353959 2.96615 2.64437 1.69252 0.00138208 0.000284556
19 18 90 0.0327112 3.27397 2.96585 1.85316 0.00101379 0.000202888
19 19 40 0.0266101 3.35271 3.36284 2.32799 0.000420547 7.88095e-05
19 20 16 0.0303865 3.58736 3.71212 0.438867 0.000155247 3.03067e-05
19 21 10 0.0169 4.00579 4.28049 4.54499 8.57893e-05 1.44406e-05
19 22 0 0 0 0 0 0 0
19 23 0 0 0 0 0 0 0
20 0 548 0.0579489 2.12528 0.0448207 1.34916 0.0119015 0.00306399
20 1 634 0.0554447 2.2561 0.151445 1.6421 0.013083 0.00329016
20 2 633 0.0550819 2.11388 0.245264 1.72058 0.0137353 0.00344239
20 3 605 0.0546157 2.30752 0.389366 1.63499 0.0121294 0.00302652
20 4 556 0.057753 2.07779 0.462835 1.37756 0.0120614 0.00309952
20 5 593 0.0540114 2.13277 0.542936 1.71734 0.0125159 0.00310512
20 6 535 0.0524646 2.31632 0.685111 1.67048 0.0104409 0.00255233
20 7 529 0.0529004 2.28491 0.843051 1.6137 0.0102514 0.0025165
20 8 505 0.0512113 2.37131 0.938608 1.6794 0.00940559 0.00227167
20 9 437 0.0514001 2.55067 1.16544 1.43415 0.00748869 0.00181199
20 10 437 0.0512004 2.493 1.21768 1.46197 0.00755999 0.00182572
20 11 384 0.0496232 2.51147 1.37556 1.45339 0.00645935 0.00153622
20 12 340 0.046807 2.66877 1.58365 1.54375 0.00532047 0.00123082
20 13 265 0.042705 2.89977 1.78606 1.67445 0.00380914 0.000845718
20 14 212 0.0407666 3.02932 2.05752 1.6289 0.00284935 0.000620259
20 15 164 0.0351627 3.18141 2.25227 2.13948 0.00207926 0.000427052
20 16 118 0.0299917 3.02998 2.34253 2.80533 0.00152095 0.000295656
20 17 91 0.0283868 3.25374 2.69238 2.81668 0.00106978 0.000204381
20 18 49 0.0263913 3.69943 3.40456 2.53446 0.000487701 9.11762e-05
20 19 16 0.0225286 3.57368 3.4463 2.61526 0.000161189 2.88835e-05
20 20 11 0.0184557 3.34599 3.2602 4.01262 0.000117472 2.01199e-05
20 21 0 0 0 0 0 0 0
20 22 0 0 0 0 0 0 0
20 23 0 0 0 0 0 0 0
21 0 524 0.0540455 2.33318 0.0757101 1.5414 0.0105272 0.00261258
21 1 563 0.0540078 2.3746 0.168919 1.59979 0.0111244 0.0027598
21 2 495 0.0521285 2.25038 0.24722 1.67756 0.0102043 0.00248646
21 3 503 0.0557034 2.4271 0.390284 1.31873 0.00967007 0.00243779
21 4 484 0.0531206 2.4784 0.494172 1.47375 0.00908583 0.00223507
21 5 458 0.0547207 2.43546 0.624603 1.28651 0.00863588 0.00215697
21 6 466 0.0501906 2.45542 0.721088 1.69148 0.00865335 0.00206941
21 7 420 0.0487086 2.71982 0.884753 1.63365 0.0070724 0.00166705
21 8 384 0.049966 2.79321 1.13326 1.37445 0.00616893 0.00147205
21 9 315 0.0497725 2.54496 1.12289 1.26669 0.00543696 0.00129495
21 10 321 0.0421575 2.91636 1.34142 1.98769 0.00487104 0.0010755
21 11 285 0.0441782 2.94841 1.51446 1.59746 0.00419989 0.000946437
21 12 265 0.0389952 3.28078 1.81337 2.07059 0.00348494 0.000744929
21 13 198 0.0378154 3.07718 1.87089 1.98642 0.00270285 0.000570738
21 14 159 0.0341995 3.15897 2.15084 2.29071 0.00205356 0.000417511
21 15 106 0.0352022 3.29438 2.35683 1.66037 0.00129623 0.000266338
21 16 80 0.032748 3.55432 2.729 1.7149 0.000888979 0.000177979
21 17 45 0.0253356 3.801 2.89954 2.7911 0.000470075 8.68731e-05
21 18 26 0.0174546 3.97272 3.24558 5.31225 0.000253809 4.29881e-05
21 19 10 0.0229961 3.09964 2.72895 2.15864 0.000120073 2.16272e-05
21 20 0 0 0 0 0 0 0
21 21 0 0 0 0 0 0 0
21 22 0 0 0 0 0 0 0
21 23 0 0 0 0 0 0 0
22 0 488 0.0504916 2.8109 0.00205464 1.62678 0.00834528 0.00200158
22 1 478 0.0499016 2.60738 0.180522 1.72612 0.0087149 0.00207828
22 2 429 0.0505839 2.5942 0.2565 1.55556 0.00783925 0.0018819
22 3 451 0.0488156 2.71714 0.441455 1.72819 0.00785659 0.00185383
22 4 384 0.0473021 2.79241 0.574506 1.6898 0.0064848 0.00150754
22 5 395 0.0431772 2.8508 0.702141 2.15149 0.00649758 0.00144952
22 6 345 0.0500916 2.72739 0.719818 1.31476 0.00588149 0.00140518
22 7 338 0.0465168 3.1239 1.01544 1.51688 0.00502234 0.00115851
22 8 282 0.0430302 2.96563 1.09658 1.76524 0.00433858 0.000966441
22 9 298 0.0448471 3.04204 1.24123 1.57381 0.00442709 0.00100435
22 10 241 0.0421285 3.23133 1.43026 1.61639 0.00334812 0.000739026
22 11 215 0.0347091 3.39118 1.65327 2.51697 0.0028105 0.000574488
22 12 177 0.037773 3.53189 1.84182 1.78633 0.00219889 0.000464117
22 13 125 0.0335449 3.63519 2.04574 2.08336 0.00148679 0.000300193
22 14 91 0.0265967 3.54246 2.21272 3.27566 0.00108105 0.000202556
22 15 58 0.0296113 3.76232 2.53552 2.01803 0.000636952 0.00012331
22 16 40 0.0221213 3.87522 2.7577 3.7188 0.000419898 7.49038e-05
22 17 18 0.013815 4.42392 3.35765 7.36902 0.000162741 2.64646e-05
22 18 0 0 0 0 0 0 0
22 19 0 0 0 0 0 0 0
22 20 0 0 0 0 0 0 0
22 21 0 0 0 0 0 0 0
22 22 0 0 0 0 0 0 0
22 23 0 0 0 0 0 0 0
23 0 353 0.047779 3.04839 0.0721668 1.49614 0.00561235 0.00131087
23 1 320 0.0461942 3.08325 0.193586 1.55258 0.00502798 0.0011561
23 2 366 0.0457151 3.00289 0.294131 1.76024 0.00587464 0.00134435
23 3 328 0.0451242 3.01498 0.398127 1.70887 0.0052274 0.00118921
23 4 322 0.0423177 3.14027 0.558028 1.97682 0.00491498 0.00108696
23 5 293 0.0392588 3.38862 0.762389 2.20499 0.00413594 0.000886493
23 6 316 0.0450583 3.17364 0.847535 1.6089 0.00469535 0.00106746
23 7 260 0.0418782 3.27615 0.99346 1.75282 0.00371939 0.00081889
23 8 231 0.0382977 3.52509 1.20555 2.03851 0.00305534 0.000648405
23 9 199 0.0376347 3.58865 1.37556 1.95761 0.00255666 0.000538854
23 10 189 0.0344959 3.26419 1.4394 2.47651 0.00260268 0.000530813
23 11 130 0.0353358 3.73769 1.75837 1.82391 0.00156064 0.000321117
23 12 81 0.0309365 3.8003 1.93607 2.12877 0.000943374 0.000185251
23 13 62 0.0321783 4.20687 2.28649 1.50461 0.000646699 0.00012869
23 14 39 0.0241587 3.95842 2.40418 3.03139 0.00041996 7.66161e-05
23 15 25 0.0284377 4.11764 2.759 1.35987 0.000252257 4.82203e-05
23 16 13 0.0196773 4.60444 3.01249 3.44216 0.000118599 2.0591e-05
23 17 0 0 0 0 0 0 0
23 18 0 0 0 0 0 0 0
23 19 0 0 0 0 0 0 0
23 20 0 0 0 0 0 0 0
23 21 0 0 0 0 0 0 0
23 22 0 0 0 0 0 0 0
23 23 0 0 0 0 0 0 0
