#  ix    iy     NK     E/N         TK    Uxpi    UyK      muK      rho      epsilon
0 0 66 0.715779 -0.0293203 -0.0106175 -8.97641 0.00219893 0.00116553
0 1 53 0.710246 -0.0545133 0.0549689 -9.17347 0.0017614 0.000926404
0 2 63 0.724682 -0.00367812 0.0906193 -9.06602 0.00209142 0.00112233
0 3 59 0.719016 0.0315972 0.0880578 -9.10682 0.00195812 0.00104258
0 4 67 0.720983 -0.0100843 0.142851 -8.99418 0.00221078 0.00118033
0 5 55 0.717577 0.0250187 0.196706 -9.18554 0.00179832 0.000955585
0 6 70 0.725326 0.0124611 0.227118 -8.98462 0.00227522 0.00122205
0 7 65 0.726999 0.0527527 0.256198 -9.07395 0.00209614 0.00112847
0 8 66 0.710456 0.0187561 0.281652 -8.99039 0.00211727 0.0011139
0 9 67 0.730868 0.0081204 0.321234 -9.07661 0.00212625 0.00115077
0 10 62 0.71659 0.0122491 0.412622 -9.12074 0.0019103 0.00101369
0 11 70 0.726126 -0.0283028 0.433801 -9.04946 0.00213988 0.00115063
0 12 71 0.731316 0.0147962 0.476345 -9.07378 0.00213645 0.001157
0 13 67 0.731931 0.0157697 0.534636 -9.15791 0.00196933 0.00106739
0 14 68 0.0313463 0.0188273 0.550321 12.1665 0.00198555 0.00108054
0 15 69 0.718955 0.0356036 0.58889 -9.09495 0.00198095 0.00105465
0 16 68 0.719748 -0.0231238 0.622016 -9.12747 0.00192434 0.00102564
0 17 81 0.720009 -0.0137058 0.747497 -9.01196 0.00216246 0.00115298
0 18 76 0.72121 0.020851 0.716544 -9.06633 0.00205896 0.00109962
0 19 62 0.731879 0.0432268 0.853251 -9.38348 0.0015713 0.000851594
0 20 75 0.730524 0.0254892 0.862087 -9.19123 0.00189315 0.00102413
0 21 78 0.726699 -0.00120491 0.944435 -9.17602 0.00189024 0.0010172
0 22 91 0.722697 -0.00240441 0.951205 -9.00763 0.00219784 0.00117621
0 23 78 0.728002 -0.0161816 1.03795 -9.22854 0.00180381 0.000972431
1 0 71 0.728889 0.0299153 0.01536 -8.96141 0.00236533 0.00127669
1 1 72 0.721266 0.0480004 0.0593212 -8.91621 0.00239304 0.00127815
1 2 66 0.718773 0.0245673 0.0734615 -8.99225 0.00219343 0.00116748
1 3 59 0.71243 0.0753231 0.137999 -9.08526 0.0019428 0.00102496
1 4 59 0.726837 0.0265944 0.16307 -9.15046 0.00194036 0.00104437
1 5 76 0.718604 0.0759964 0.205911 -8.87096 0.00247443 0.00131674
1 6 58 0.722331 0.0375814 0.23919 -9.16273 0.00187904 0.00100509
1 7 59 0.719115 0.0547767 0.296348 -9.14636 0.00188301 0.00100273
1 8 62 0.720853 0.0274738 0.3135 -9.10823 0.00197135 0.00105231
1 9 56 0.717775 0.027465 0.331561 -9.20162 0.00177121 0.000941442
1 10 73 0.715228 0.0377825 0.400304 -8.94759 0.00225767 0.00119575
1 11 62 0.724907 0.0788018 0.429997 -9.16635 0.00189363 0.00101651
1 12 67 0.722852 0.025327 0.493619 -9.10158 0.00200212 0.0010717
1 13 67 0.729652 0.0891578 0.500619 -9.13716 0.00199074 0.00107563
1 14 55 0.713656 0.122108 0.512845 -9.27137 0.00162177 0.000857063
1 15 73 0.719212 0.0694479 0.538391 -9.01954 0.00213855 0.00113896
1 16 78 0.716957 0.0958406 0.639728 -8.9889 0.00218307 0.00115903
1 17 76 0.716193 -0.0183801 0.682986 -9.02824 0.00209173 0.00110935
1 18 84 0.730036 0.0878863 0.748428 -9.02258 0.00223616 0.00120888
1 19 80 0.729668 0.0767261 0.804663 -9.09631 0.00207388 0.00112058
1 20 68 0.728925 0.0244608 0.839874 -9.27125 0.0017354 0.000936735
1 21 74 0.724403 0.045128 0.911538 -9.20272 0.00182195 0.000977351
1 22 82 0.0317127 0.0640664 0.981038 11.9473 0.00194913 0.00106195
1 23 89 0.730154 0.046017 1.04217 -9.10858 0.00205296 0.00111001
2 0 71 0.727884 0.0489915 0.0376935 -8.95835 0.00236216 0.00127322
2 1 68 0.716937 0.0753944 0.0368069 -8.95474 0.00225873 0.00119917
2 2 66 0.715842 0.0771938 0.0802928 -8.98237 0.00218648 0.00115904
2 3 55 0.71507 0.0812637 0.149717 -9.16939 0.0018073 0.000957002
2 4 68 0.718503 0.0668424 0.131868 -8.96902 0.00224229 0.00119304
2 5 70 0.708814 0.0782421 0.199684 -8.90831 0.00228145 0.00119751
2 6 55 0.714079 0.0614852 0.282677 -9.19083 0.00176112 0.000931258
2 7 64 0.732602 0.0527271 0.298014 -9.12466 0.00204187 0.00110772
2 8 67 0.722933 0.0940752 0.360446 -9.05763 0.00209284 0.00112039
2 9 75 0.716285 0.0591194 0.33852 -8.90616 0.00236429 0.00125407
2 10 68 0.717624 0.150842 0.391881 -9.0355 0.00208989 0.00111059
2 11 60 0.720564 0.113027 0.449914 -9.18997 0.00181429 0.000968085
2 12 83 0.718125 0.0954541 0.460671 -8.85717 0.00250346 0.0013313
2 13 74 0.73109 0.0704452 0.505079 -9.04466 0.00219742 0.00118965
2 14 74 0.721721 0.120321 0.566801 -9.03267 0.00213427 0.00114065
2 15 69 0.720862 0.115363 0.570543 -9.09998 0.00198777 0.00106109
2 16 66 0.71925 0.111794 0.624198 -9.16037 0.00185793 0.000989564
2 17 69 0.710472 0.0902942 0.717484 -9.118 0.00186375 0.000980546
2 18 58 0.721819 0.0795713 0.72263 -9.34413 0.00156376 0.000835859
2 19 74 0.0314566 0.129262 0.835951 12.0528 0.00188327 0.00102523
2 20 70 0.713411 0.102276 0.829966 -9.1716 0.00178995 0.000945617
2 21 80 0.718399 0.115022 0.899653 -9.09536 0.00197525 0.0010508
2 22 84 0.717835 0.123397 0.938805 -9.06396 0.00203316 0.00108076
2 23 88 0.721838 0.124777 1.02016 -9.07562 0.00204559 0.00109344
3 0 71 0.719335 0.125753 -0.0174148 -8.92673 0.00234782 0.00125063
3 1 63 0.712479 0.0816156 0.0393494 -9.01177 0.00209143 0.00110344
3 2 67 0.715684 0.119062 0.0950082 -8.97193 0.00220787 0.00117011
3 3 58 0.712261 0.107795 0.130487 -9.10351 0.00190622 0.00100542
3 4 63 0.710832 0.113744 0.187847 -9.02382 0.00205113 0.00107968
3 5 58 0.710393 0.100671 0.189816 -9.10355 0.0018902 0.00099435
3 6 59 0.710877 0.1547 0.235273 -9.10423 0.00189305 0.000996532
3 7 68 0.714101 0.0965097 0.289772 -8.98316 0.00216781 0.00114634
3 8 74 0.725449 0.111556 0.35626 -8.9696 0.00231089 0.00124142
3 9 77 0.713356 0.116892 0.333544 -8.86979 0.00241997 0.00127835
3 10 73 0.719272 0.0972194 0.372735 -8.95985 0.00227069 0.00120944
3 11 69 0.720778 0.108871 0.402823 -9.03397 0.00212262 0.00113294
3 12 64 0.725959 0.167613 0.449862 -9.15549 0.00192319 0.00103388
3 13 58 0.728475 0.134176 0.49715 -9.27887 0.00171883 0.00092722
3 14 65 0.723532 0.124106 0.552713 -9.16476 0.0018852 0.00101007
3 15 79 0.724107 0.104565 0.591732 -8.98722 0.00225717 0.00121032
3 16 78 0.723716 0.168054 0.663612 -9.03625 0.00214545 0.0011498
3 17 81 0.721845 0.138572 0.645332 -8.9789 0.0022534 0.00120453
3 18 97 0.0323608 0.125293 0.737981 11.8866 0.00258848 0.00141317
3 19 80 0.717351 0.156593 0.78281 -9.03709 0.00208403 0.00110705
3 20 83 0.717419 0.145659 0.874175 -9.04387 0.00207057 0.00110001
3 21 75 0.719116 0.156555 0.910858 -9.17167 0.00183597 0.000977683
3 22 74 0.724144 0.153913 1.0085 -9.25529 0.00172669 0.00092592
3 23 80 0.727302 0.153152 0.973539 -9.17388 0.00189933 0.00102294
4 0 58 0.712635 0.130551 0.00254575 -9.09952 0.00191706 0.00101167
4 1 60 0.724855 0.181504 0.00975782 -9.12773 0.00196776 0.00105623
4 2 63 0.717148 0.137342 0.0667121 -9.04008 0.00207594 0.00110245
4 3 70 0.716878 0.169245 0.137792 -8.94525 0.00227967 0.00121019
4 4 65 0.722939 0.186279 0.196478 -9.05835 0.00209137 0.00111961
4 5 62 0.704289 0.147071 0.190002 -9.01475 0.00200948 0.00104802
4 6 55 0.729799 0.12929 0.234494 -9.2548 0.00177094 0.000957065
4 7 60 0.719926 0.161047 0.250874 -9.13226 0.00191664 0.00102179
4 8 61 0.711948 0.233675 0.347396 -9.11831 0.00187558 0.000988824
4 9 64 0.71959 0.158325 0.323429 -9.08463 0.00200716 0.00106955
4 10 69 0.72424 0.14816 0.377784 -9.04522 0.00213121 0.00114299
4 11 77 0.731378 0.19373 0.462729 -9.00282 0.00229418 0.00124252
4 12 72 0.724855 0.171158 0.442498 -9.03066 0.00216833 0.00116389
4 13 68 0.715472 0.176343 0.515855 -9.07481 0.00199014 0.00105441
4 14 76 0.725128 0.145632 0.5723 -9.02587 0.00218137 0.00117133
4 15 64 0.714056 0.170984 0.579902 -9.15476 0.00182562 0.00096533
4 16 79 0.72458 0.157344 0.629058 -9.01065 0.00220948 0.00118552
4 17 72 0.724992 0.195714 0.732667 -9.15692 0.0019123 0.00102665
4 18 94 0.0308237 0.166129 0.783845 12.6689 0.00244522 0.0013285
4 19 95 0.0316695 0.152792 0.819151 12.1924 0.00243277 0.00132526
4 20 87 0.717281 0.185355 0.827101 -8.97708 0.00221222 0.00117504
4 21 67 0.719026 0.195113 0.880698 -9.27303 0.00165833 0.000882978
4 22 83 0.72429 0.193403 0.994856 -9.1378 0.00194319 0.00104222
4 23 67 0.724006 0.213041 1.02631 -9.36804 0.00154163 0.000826525
5 0 55 0.71807 0.188009 0.0287095 -9.18623 0.00180105 0.000957694
5 1 60 0.716269 0.193431 0.0532089 -9.09315 0.00196093 0.00104009
5 2 59 0.716693 0.188829 0.110732 -9.11553 0.00192118 0.00101961
5 3 61 0.712538 0.24158 0.155019 -9.07979 0.00195441 0.00103124
5 4 74 0.720947 0.209415 0.150478 -8.91669 0.00238853 0.00127517
5 5 63 0.710758 0.214484 0.211159 -9.0433 0.00201089 0.00105839
5 6 63 0.732298 0.202067 0.251055 -9.14468 0.00199877 0.00108389
5 7 56 0.732722 0.154701 0.235498 -9.2531 0.00179671 0.000974879
5 8 70 0.715421 0.233071 0.335482 -8.99265 0.00216006 0.00114436
5 9 86 0.712484 0.163986 0.342491 -8.76384 0.00267996 0.00141396
5 10 63 0.728045 0.248695 0.427358 -9.18606 0.00188246 0.00101489
5 11 71 0.726071 0.220006 0.42299 -9.05091 0.00213628 0.00114861
5 12 60 0.720744 0.203673 0.489968 -9.21735 0.0017667 0.000942925
5 13 81 0.724287 0.200553 0.538752 -8.95164 0.00234078 0.00125547
5 14 78 0.720597 0.193569 0.52311 -8.96574 0.00227067 0.00121166
5 15 72 0.724245 0.239665 0.589361 -9.09641 0.00202491 0.00108599
5 16 61 0.711566 0.23533 0.679323 -9.24416 0.00165096 0.000869932
5 17 77 0.72543 0.21085 0.675736 -9.06764 0.00209492 0.00112538
5 18 69 0.716665 0.205333 0.711175 -9.15389 0.00184864 0.000981075
5 19 61 0.710147 0.214655 0.80277 -9.29197 0.00156386 0.000822396
5 20 86 0.729173 0.206652 0.861257 -9.05998 0.00214597 0.00115874
5 21 81 0.732593 0.224086 0.955756 -9.18265 0.00192676 0.00104526
5 22 59 0.733002 0.203354 1.01696 -9.52905 0.00136509 0.000740972
5 23 70 0.726432 0.218559 1.07748 -9.36047 0.00157002 0.000844567
6 0 57 0.721971 0.21548 0.070525 -9.1751 0.00185297 0.000990655
6 1 63 0.720599 0.240132 0.0166972 -9.07205 0.00204168 0.00108947
6 2 59 0.717688 0.205981 0.137679 -9.12634 0.00190895 0.00101453
6 3 73 0.719732 0.218682 0.132916 -8.92443 0.00235737 0.00125641
6 4 63 0.720416 0.208728 0.147996 -9.07478 0.00203446 0.00108534
6 5 86 0.72874 0.243026 0.143841 -8.80689 0.00275877 0.00148875
6 6 71 0.720016 0.24745 0.20775 -8.9714 0.00225204 0.00120075
6 7 73 0.724111 0.226225 0.27827 -8.97258 0.00229049 0.0012282
6 8 68 0.723503 0.233678 0.298099 -9.04739 0.00211971 0.00113566
6 9 58 0.721753 0.192081 0.316863 -9.19601 0.00181288 0.00096893
6 10 70 0.719633 0.223766 0.422437 -9.03715 0.00210516 0.00112184
6 11 69 0.717487 0.219487 0.444695 -9.04903 0.00206054 0.00109479
6 12 69 0.720732 0.249824 0.472395 -9.07911 0.00202852 0.00108265
6 13 58 0.034235 0.232369 0.549417 10.5163 0.00166035 0.000911841
6 14 69 0.728866 0.254823 0.554699 -9.14768 0.00196314 0.00105958
6 15 59 0.722984 0.230579 0.60704 -9.29595 0.00164942 0.00088307
6 16 54 0.718533 0.212808 0.617982 -9.36672 0.00150672 0.000801702
6 17 84 0.720394 0.264437 0.679246 -8.96835 0.0022627 0.00120707
6 18 85 0.721506 0.238741 0.721148 -8.97616 0.00225618 0.00120545
6 19 74 0.715739 0.229083 0.791844 -9.12058 0.00190336 0.00100881
6 20 83 0.72485 0.254491 0.880123 -9.09167 0.00203996 0.00109497
6 21 76 0.718972 0.296197 0.922561 -9.18011 0.00181937 0.000968648
6 22 84 0.0317946 0.242039 0.986979 11.9106 0.0019639 0.00107027
6 23 91 0.727553 0.270789 1.01733 -9.07976 0.00208908 0.00112552
7 0 51 0.718784 0.262851 0.0166162 -9.28067 0.00164394 0.00087502
7 1 61 0.715667 0.222015 0.018735 -9.07843 0.00198467 0.0010518
7 2 59 0.710163 0.276866 0.100765 -9.10449 0.00188649 0.00099208
7 3 88 0.727597 0.28316 0.0909789 -8.78291 0.00281161 0.00151489
7 4 73 0.725027 0.261743 0.193731 -8.96651 0.00231375 0.00124224
7 5 63 0.721558 0.219889 0.190236 -9.08871 0.00201649 0.00107746
7 6 82 0.71972 0.265574 0.214151 -8.83146 0.00258693 0.00137874
7 7 81 0.718458 0.297969 0.28439 -8.86142 0.00249651 0.00132822
7 8 64 0.72722 0.296003 0.328821 -9.14671 0.00195092 0.00105061
7 9 55 0.722818 0.239878 0.296757 -9.25747 0.00171287 0.000916826
7 10 58 0.717429 0.309044 0.41632 -9.23154 0.00171635 0.000911839
7 11 67 0.715236 0.27052 0.445346 -9.07857 0.00198058 0.001049
7 12 75 0.726594 0.30109 0.473772 -9.03294 0.00218001 0.00117296
7 13 71 0.722889 0.254834 0.56857 -9.09848 0.00200867 0.00107526
7 14 68 0.731329 0.269321 0.583122 -9.18738 0.00190714 0.00103283
7 15 77 0.723801 0.301906 0.618133 -9.0511 0.00211463 0.00113341
7 16 94 0.720895 0.267669 0.620178 -8.83297 0.00259649 0.00138609
7 17 68 0.722794 0.309743 0.695138 -9.20567 0.00180374 0.000965437
7 18 81 0.727815 0.286531 0.784352 -9.08889 0.00207245 0.00111696
7 19 80 0.031582 0.31845 0.882014 12.0164 0.0019452 0.00105937
7 20 64 0.71465 0.277154 0.854225 -9.29735 0.00158722 0.000839973
7 21 83 0.718685 0.309785 0.927189 -9.09504 0.00197839 0.00105289
7 22 93 0.727264 0.318719 0.965738 -9.03886 0.00217351 0.00117054
7 23 77 0.732874 0.33124 1.10603 -9.32069 0.00168039 0.000911954
8 0 62 0.712002 0.302148 0.0342637 -9.06576 0.00197727 0.00104251
8 1 55 0.720756 0.290671 0.0840813 -9.22419 0.00175476 0.00093657
8 2 71 0.720745 0.338447 0.137349 -8.9876 0.00222302 0.00118648
8 3 57 0.715936 0.289777 0.125758 -9.17079 0.00181176 0.000960523
8 4 61 0.710434 0.280945 0.161635 -9.08069 0.00193427 0.00101759
8 5 59 0.720985 0.259034 0.216791 -9.16522 0.00186324 0.000994786
8 6 62 0.716746 0.303532 0.2383 -9.11217 0.00192808 0.00102335
8 7 79 0.714306 0.318312 0.290255 -8.87466 0.00241848 0.00127926
8 8 65 0.723691 0.28655 0.300893 -9.10593 0.00200082 0.00107225
8 9 73 0.71648 0.260857 0.373489 -8.97254 0.00221437 0.00117487
8 10 69 0.715083 0.272997 0.392273 -9.03123 0.00207519 0.00109887
8 11 59 0.726809 0.343807 0.405182 -9.26123 0.00173669 0.000934711
8 12 56 0.724909 0.325914 0.462378 -9.31953 0.00162472 0.000872158
8 13 92 0.709324 0.328052 0.477064 -8.75937 0.00265395 0.00139403
8 14 80 0.718883 0.347085 0.559048 -8.97727 0.00222764 0.00118587
8 15 71 0.719858 0.306208 0.567672 -9.09498 0.00198885 0.00106019
8 16 76 0.0327994 0.356337 0.670821 11.4115 0.00201734 0.00110288
8 17 69 0.730321 0.313281 0.742486 -9.24589 0.00179086 0.000968521
8 18 81 0.72265 0.355536 0.772405 -9.07368 0.00205693 0.00110073
8 19 84 0.725712 0.334279 0.781427 -9.05062 0.00213351 0.00114655
8 20 87 0.721649 0.351296 0.872864 -9.0428 0.00211207 0.00112867
8 21 94 0.032044 0.392608 0.983714 11.8682 0.00215105 0.00117318
8 22 80 0.722799 0.39761 0.955497 -9.17876 0.00185298 0.000991798
8 23 85 0.729417 0.352765 1.03202 -9.17502 0.0019148 0.00103427
9 0 69 0.722139 0.340584 0.00722946 -9.01463 0.00217714 0.00116424
9 1 69 0.716165 0.362626 0.0755316 -8.99748 0.0021568 0.00114382
9 2 75 0.722466 0.328057 0.0943495 -8.9329 0.00236595 0.00126578
9 3 63 0.722596 0.348397 0.108694 -9.11524 0.00197273 0.00105559
9 4 57 0.711339 0.303198 0.161067 -9.15835 0.00179704 0.000946604
9 5 74 0.71858 0.369942 0.220805 -8.95913 0.00226537 0.00120545
9 6 61 0.713343 0.338596 0.242792 -9.12385 0.00187694 0.000991476
9 7 80 0.719053 0.37603 0.289516 -8.89969 0.00240914 0.00128279
9 8 73 0.714683 0.327754 0.296781 -8.95951 0.00222549 0.00117781
9 9 75 0.723596 0.321112 0.366083 -8.98918 0.00224767 0.00120438
9 10 59 0.0320012 0.351906 0.426042 11.6681 0.00172134 0.000938693
9 11 68 0.724265 0.340055 0.415316 -9.11031 0.00199714 0.00107112
9 12 65 0.725083 0.363669 0.512783 -9.19896 0.00183431 0.000984908
9 13 80 0.718239 0.377521 0.483555 -8.95423 0.00227303 0.00120895
9 14 58 0.722171 0.379722 0.613092 -9.34291 0.0015681 0.000838589
9 15 75 0.726798 0.376987 0.653445 -9.12213 0.00199578 0.00107414
9 16 76 0.724716 0.380555 0.678084 -9.11092 0.00199989 0.00107327
9 17 79 0.0311815 0.408796 0.721933 12.2788 0.00202666 0.00110234
9 18 83 0.726905 0.343674 0.773994 -9.06633 0.0021113 0.00113648
9 19 80 0.732205 0.388919 0.866544 -9.17747 0.00193351 0.00104836
9 20 92 0.72102 0.386349 0.858235 -8.98428 0.00223313 0.00119233
9 21 82 0.031148 0.378241 0.882396 12.27 0.00197175 0.00107235
9 22 82 0.724548 0.404789 1.04091 -9.20262 0.0018233 0.00097827
9 23 97 0.722723 0.427191 1.03478 -9.0279 0.00215399 0.00115279
10 0 65 0.725033 0.384157 0.0426408 -9.10183 0.00202096 0.00108505
10 1 67 0.722741 0.358886 0.0405748 -9.05311 0.00210053 0.00112421
10 2 66 0.722561 0.440249 0.0965112 -9.09851 0.0020057 0.00107318
10 3 74 0.719338 0.37988 0.121492 -8.95117 0.00229116 0.00122046
10 4 68 0.716447 0.350228 0.149054 -9.0167 0.0021184 0.0011239
10 5 55 0.0309298 0.374913 0.236599 12.2307 0.00167602 0.000910891
10 6 70 0.722475 0.391873 0.236882 -9.042 0.00212149 0.00113501
10 7 67 0.727178 0.344433 0.264624 -9.09775 0.00204845 0.00110306
10 8 66 0.722919 0.395724 0.282478 -9.11373 0.00197854 0.00105918
10 9 58 0.724378 0.42635 0.315028 -9.2671 0.00170816 0.00091628
10 10 80 0.714114 0.43869 0.402258 -8.92774 0.00229149 0.00121177
10 11 83 0.73002 0.390743 0.450986 -8.96193 0.00237583 0.00128436
10 12 85 0.730545 0.366341 0.513367 -8.95554 0.00239653 0.00129647
10 13 67 0.730474 0.408922 0.521858 -9.20793 0.0018614 0.00100688
10 14 66 0.714908 0.40061 0.534088 -9.15635 0.00182969 0.000968639
10 15 71 0.721657 0.432099 0.65705 -9.16975 0.00186033 0.000994159
10 16 92 0.72918 0.38933 0.625286 -8.91973 0.00246914 0.00133326
10 17 90 0.718778 0.427134 0.764694 -8.96383 0.00225672 0.00120118
10 18 81 0.726689 0.445267 0.760074 -9.10661 0.00202603 0.00109025
10 19 86 0.732569 0.478312 0.819676 -9.10634 0.00207934 0.001128
10 20 95 0.0317002 0.468579 0.925877 12.074 0.00219737 0.00119715
10 21 83 0.721407 0.491295 0.89811 -9.13018 0.00193328 0.00103278
10 22 77 0.726226 0.499306 1.04167 -9.29192 0.0016799 0.000903418
10 23 92 0.722479 0.518363 1.05938 -9.1094 0.00198325 0.00106105
11 0 56 0.724907 0.423196 0.021872 -9.26327 0.00171872 0.000922616
11 1 51 0.721123 0.472913 0.0514112 -9.35951 0.00153516 0.000819778
11 2 73 0.723113 0.437054 0.0867669 -8.99823 0.00222267 0.00119019
11 3 57 0.720744 0.420922 0.139436 -9.23436 0.0017369 0.000927024
11 4 63 0.725735 0.421795 0.157449 -9.15884 0.00191488 0.00102909
11 5 66 0.722777 0.421394 0.189132 -9.10369 0.00199724 0.00106898
11 6 66 0.723045 0.381716 0.226645 -9.09812 0.00201077 0.00107662
11 7 74 0.713697 0.404284 0.243642 -8.95278 0.00223065 0.00117891
11 8 74 0.717441 0.440116 0.294118 -8.99244 0.00218007 0.00115822
11 9 82 0.721322 0.433527 0.330677 -8.91365 0.00239979 0.00128185
11 10 67 0.720944 0.445987 0.396337 -9.13612 0.0019179 0.00102391
11 11 79 0.720692 0.490626 0.471174 -9.00813 0.00217734 0.00116201
11 12 64 0.716817 0.443165 0.474927 -9.18734 0.00178902 0.000949639
11 13 73 0.719392 0.433026 0.521728 -9.08033 0.00201404 0.00107292
11 14 95 0.722508 0.424517 0.57874 -8.84935 0.00257261 0.00137642
11 15 85 0.719217 0.470401 0.647887 -8.9859 0.00221176 0.00117797
11 16 101 0.721039 0.434247 0.693779 -8.83023 0.00260528 0.00139107
11 17 93 0.728153 0.487089 0.761844 -8.98648 0.00229935 0.00123983
11 18 76 0.719227 0.456326 0.800585 -9.15757 0.00186296 0.000992211
11 19 61 0.724088 0.433297 0.869435 -9.42385 0.00145847 0.00078203
11 20 92 0.0319645 0.497194 0.873515 11.916 0.00216294 0.00117937
11 21 83 0.717692 0.469077 0.954806 -9.13373 0.00189494 0.00100709
11 22 91 0.725641 0.482058 1.08455 -9.13795 0.0019545 0.00105024
11 23 96 0.72739 0.517782 1.02927 -9.07501 0.00209752 0.00112982
12 0 77 0.73317 0.526421 0.044306 -9.02146 0.00226945 0.00123214
12 1 58 0.708352 0.494088 0.0599119 -9.18244 0.00173081 0.000907889
12 2 73 0.715421 0.47176 0.0744159 -8.97625 0.00219576 0.00116327
12 3 76 0.725336 0.437833 0.144508 -8.97358 0.00230058 0.00123569
12 4 71 0.723255 0.436278 0.157661 -9.03354 0.00214691 0.00114985
12 5 76 0.727007 0.456367 0.208038 -8.99674 0.00226448 0.00121911
12 6 56 0.730599 0.422343 0.24449 -9.31246 0.00167757 0.000907598
12 7 73 0.728517 0.460416 0.286258 -9.06028 0.00213918 0.00115404
12 8 72 0.726981 0.452923 0.332156 -9.07559 0.00209253 0.00112649
12 9 86 0.719885 0.500521 0.333565 -8.88391 0.00245653 0.00130954
12 10 77 0.716929 0.515863 0.426598 -9.01203 0.0021329 0.00113235
12 11 85 0.731757 0.490678 0.490967 -8.99003 0.00232756 0.00126125
12 12 77 0.724527 0.465245 0.541774 -9.06662 0.00208874 0.00112066
12 13 59 0.723904 0.473745 0.516751 -9.32397 0.00161036 0.000863256
12 14 85 0.725081 0.532941 0.605513 -9.01476 0.0022053 0.0011841
12 15 90 0.719744 0.517758 0.696136 -8.96399 0.00226605 0.00120777
12 16 86 0.722503 0.518838 0.670045 -9.01172 0.00218699 0.00117009
12 17 85 0.721594 0.480435 0.737187 -9.03547 0.0021271 0.00113662
12 18 86 0.724821 0.534938 0.814951 -9.08532 0.0020527 0.00110177
12 19 87 0.713766 0.532669 0.78141 -9.0101 0.00210702 0.00111368
12 20 93 0.727767 0.603645 0.952326 -9.09619 0.00205695 0.00110854
12 21 91 0.719944 0.544826 0.931948 -9.05955 0.00206136 0.00109897
12 22 92 0.724878 0.587955 1.03957 -9.12734 0.00196873 0.00105678
12 23 84 0.721783 0.530175 1.04504 -9.19356 0.00181757 0.000971477
13 0 78 0.722461 0.499103 -0.00999428 -8.9498 0.00232625 0.00124453
13 1 72 0.714608 0.552602 0.0417532 -9.01759 0.0020992 0.00111085
13 2 64 0.72738 0.549153 0.117279 -9.19507 0.00186013 0.00100193
13 3 68 0.727416 0.511182 0.157681 -9.1234 0.00199866 0.0010766
13 4 71 0.724055 0.519203 0.156834 -9.06855 0.00208038 0.00111544
13 5 67 0.716878 0.537942 0.213708 -9.11028 0.00193288 0.00102609
13 6 65 0.726212 0.484332 0.25551 -9.16853 0.00190039 0.00102198
13 7 57 0.725447 0.505443 0.304627 -9.31478 0.00163631 0.000879032
13 8 73 0.721177 0.531384 0.361504 -9.072 0.00204702 0.0010932
13 9 79 0.72321 0.547237 0.442085 -9.03015 0.00215377 0.00115345
13 10 69 0.728292 0.538829 0.408381 -9.17503 0.00190538 0.00102759
13 11 86 0.725501 0.541398 0.489932 -8.96798 0.00231518 0.00124382
13 12 89 0.0312828 0.53896 0.490596 12.3903 0.0023975 0.00130446
13 13 87 0.731706 0.537159 0.522253 -8.99267 0.0023209 0.00125756
13 14 86 0.726006 0.510381 0.606634 -9.00036 0.00224639 0.0012077
13 15 73 0.715121 0.598783 0.672016 -9.16889 0.00180861 0.000957764
13 16 76 0.725731 0.570705 0.74052 -9.193 0.00185054 0.000994509
13 17 97 0.721968 0.543503 0.765618 -8.93442 0.00235717 0.00126021
13 18 79 0.71907 0.582762 0.785291 -9.14631 0.00188273 0.00100252
13 19 102 0.720602 0.571354 0.804064 -8.90183 0.00242058 0.00129166
13 20 106 0.726558 0.586113 0.855768 -8.91506 0.00245236 0.00131944
13 21 92 0.725193 0.612058 0.963257 -9.10251 0.00202101 0.00108532
13 22 91 0.721217 0.61295 1.07104 -9.14159 0.00190974 0.00101994
13 23 87 0.0318033 0.660863 1.09029 11.8131 0.00178976 0.000975392
14 0 89 0.716738 0.533502 0.0148799 -8.80654 0.00261724 0.00138911
14 1 54 0.720603 0.480761 0.0241473 -9.30226 0.00162188 0.000865462
14 2 80 0.717539 0.488797 0.0915039 -8.90189 0.00238772 0.00126871
14 3 70 0.722893 0.497218 0.112465 -9.06418 0.0020788 0.00111281
14 4 70 0.720544 0.540586 0.163631 -9.07672 0.00203167 0.00108405
14 5 74 0.7142 0.49498 0.219519 -8.98302 0.0021691 0.00114718
14 6 59 0.711989 0.523164 0.24442 -9.21496 0.00170311 0.000897948
14 7 82 0.721656 0.535233 0.295246 -8.94371 0.00233214 0.00124629
14 8 89 0.718323 0.508063 0.327827 -8.84408 0.00253868 0.0013504
14 9 80 0.729944 0.536728 0.408558 -9.03361 0.00221074 0.00119498
14 10 62 0.716015 0.582594 0.443896 -9.25424 0.00166729 0.000884029
14 11 81 0.731628 0.589896 0.494331 -9.07364 0.00213967 0.00115923
14 12 86 0.716865 0.526534 0.539139 -8.94095 0.00228937 0.00121531
14 13 89 0.0307465 0.56064 0.534804 12.6713 0.00234511 0.0012738
14 14 88 0.718903 0.570249 0.616756 -8.96911 0.00224609 0.00119572
14 15 90 0.727524 0.637923 0.654996 -9.02152 0.00221406 0.00119281
14 16 75 0.728789 0.594238 0.667836 -9.19925 0.00186384 0.00100588
14 17 99 0.728856 0.60378 0.774124 -8.9657 0.00235485 0.00127098
14 18 102 0.719639 0.618198 0.788931 -8.90551 0.00240141 0.00127972
14 19 95 0.720524 0.640585 0.873269 -9.02085 0.00214821 0.0011462
14 20 103 0.728504 0.63588 0.947542 -9.00404 0.0022628 0.00122071
14 21 117 0.721546 0.610395 0.950145 -8.84011 0.00258547 0.00138146
14 22 94 0.0313909 0.722508 1.0421 12.1188 0.00194024 0.00105603
14 23 82 0.719454 0.69872 1.12291 -9.28087 0.00164852 0.000878275
15 0 67 0.715464 0.598693 0.0193473 -9.11279 0.00191591 0.00101507
15 1 88 0.718292 0.580786 0.0522436 -8.84579 0.00253397 0.00134784
15 2 72 0.718337 0.591933 0.127387 -9.05648 0.002053 0.00109207
15 3 81 0.721286 0.564214 0.131692 -8.94033 0.00233621 0.00124783
15 4 53 0.712215 0.581144 0.160954 -9.33441 0.00151288 0.000797904
15 5 90 0.722277 0.578457 0.193258 -8.85276 0.00256124 0.0013699
15 6 79 0.72533 0.560205 0.247912 -8.99779 0.00224548 0.00120609
15 7 96 0.717975 0.595878 0.290052 -8.79306 0.00266741 0.00141818
15 8 83 0.720299 0.605336 0.31628 -8.95828 0.00228466 0.00121862
15 9 88 0.723118 0.607365 0.409544 -8.93562 0.00236635 0.00126713
15 10 82 0.719627 0.578497 0.406147 -8.97859 0.00223204 0.00118944
15 11 86 0.714364 0.62754 0.49725 -8.95258 0.00223777 0.00118377
15 12 95 0.731078 0.638282 0.536441 -8.9431 0.00243218 0.00131672
15 13 79 0.728259 0.684643 0.55241 -9.13791 0.00197716 0.00106626
15 14 81 0.715256 0.638297 0.632608 -9.0648 0.00200822 0.00106367
15 15 81 0.721703 0.65347 0.669617 -9.11187 0.00197159 0.00105368
15 16 104 0.726486 0.668236 0.743327 -8.91494 0.00245187 0.00131904
15 17 79 0.717206 0.689386 0.779927 -9.16953 0.00182434 0.00096891
15 18 94 0.724526 0.696788 0.818234 -9.04497 0.00213443 0.00114517
15 19 88 0.725863 0.686717 0.886825 -9.14017 0.00195207 0.00104926
15 20 106 0.72407 0.706718 0.907629 -8.9604 0.00231813 0.00124295
15 21 94 0.722214 0.731834 0.953332 -9.09778 0.0020041 0.00107181
15 22 88 0.727392 0.741712 1.12861 -9.25869 0.00174557 0.000940242
15 23 101 0.728797 0.797228 1.19752 -9.16878 0.00192157 0.00103705
16 0 74 0.719772 0.648269 0.0504921 -9.0556 0.00206794 0.00110222
16 1 75 0.726966 0.682173 0.1012 -9.09214 0.00205805 0.00110791
16 2 79 0.728282 0.674774 0.0232153 -9.03922 0.00218246 0.00117701
16 3 74 0.711852 0.689374 0.166627 -9.04766 0.00201201 0.00106061
16 4 76 0.717371 0.630795 0.19184 -9.02243 0.002115 0.00112354
16 5 81 0.7284 0.60164 0.235302 -9.00133 0.00226792 0.0012233
16 6 81 0.728691 0.593141 0.272073 -9.00559 0.00226114 0.00122013
16 7 78 0.717572 0.627711 0.322551 -9.01895 0.00212427 0.00112878
16 8 85 0.724706 0.659409 0.335461 -8.98078 0.00227773 0.00122236
16 9 89 0.715639 0.62521 0.365994 -8.88726 0.00240246 0.00127317
16 10 87 0.723398 0.666297 0.410963 -8.97249 0.00228351 0.00122324
16 11 83 0.730445 0.643762 0.441456 -9.04939 0.0021809 0.00117966
16 12 92 0.7236 0.708237 0.489586 -8.95581 0.00232397 0.00124527
16 13 101 0.725069 0.703223 0.576891 -8.89307 0.00249053 0.00133723
16 14 99 0.728273 0.685855 0.600886 -8.92827 0.00243846 0.00131505
16 15 73 0.720256 0.737645 0.657047 -9.23553 0.00173112 0.000923311
16 16 105 0.726649 0.706053 0.733571 -8.9154 0.00245251 0.00131968
16 17 92 0.717844 0.721236 0.755451 -9.02179 0.00212081 0.00112737
16 18 94 0.0323833 0.755249 0.802846 11.6683 0.00210535 0.00114948
16 19 96 0.728618 0.762743 0.888781 -9.08979 0.00207787 0.00112112
16 20 87 0.725705 0.762399 0.984772 -9.2119 0.00181568 0.000975741
16 21 98 0.726193 0.836123 1.08362 -9.15447 0.00192713 0.00103633
16 22 82 0.732341 0.825646 1.13581 -9.37645 0.00158557 0.000859871
16 23 91 0.714888 0.805623 1.16285 -9.20025 0.00175093 0.00092692
17 0 77 0.0315794 0.70994 0.0254397 12.0908 0.00209243 0.00113954
17 1 107 0.716541 0.669943 0.0779061 -8.68362 0.00295697 0.001569
17 2 86 0.717775 0.725268 0.141226 -8.93795 0.00230557 0.00122546
17 3 64 0.724506 0.756085 0.188446 -9.28264 0.00168278 0.000902824
17 4 63 0.720413 0.681309 0.217991 -9.24968 0.00170799 0.000911176
17 5 74 0.719153 0.612344 0.210562 -9.05162 0.00207049 0.00110263
17 6 92 0.728012 0.740119 0.32091 -8.94851 0.00238685 0.00128676
17 7 78 0.728745 0.673954 0.325457 -9.08857 0.00208157 0.00112332
17 8 84 0.724773 0.678703 0.361558 -9.00694 0.00221959 0.00119127
17 9 75 0.726654 0.689428 0.41271 -9.14531 0.00194882 0.00104866
17 10 76 0.722931 0.68492 0.426878 -9.1174 0.0019714 0.00105537
17 11 90 0.718034 0.775385 0.493448 -8.98198 0.0022088 0.00117445
17 12 78 0.718459 0.728474 0.550751 -9.12406 0.00191988 0.00102143
17 13 90 0.728629 0.737565 0.567225 -9.03441 0.00219632 0.00118505
17 14 86 0.720029 0.764775 0.606842 -9.06486 0.00205121 0.00109369
17 15 96 0.725858 0.759917 0.645277 -8.99092 0.00226623 0.00121812
17 16 96 0.72623 0.758379 0.739595 -9.02373 0.00219666 0.00118133
17 17 90 0.731102 0.846403 0.841877 -9.17633 0.00192642 0.00104295
17 18 85 0.727003 0.805302 0.880816 -9.21539 0.0018197 0.000979649
17 19 79 0.730061 0.810672 0.935908 -9.32392 0.00165454 0.000894482
17 20 98 0.0315054 0.836322 1.01495 12.0746 0.00197724 0.00107655
17 21 102 0.728699 0.88982 1.09429 -9.14523 0.00196651 0.00106116
17 22 70 0.724062 0.884679 1.11985 -9.50922 0.00133898 0.000717933
17 23 102 0.727338 0.948862 1.2568 -9.21526 0.00182262 0.000981673
18 0 85 0.716187 0.755013 0.0327746 -8.95064 0.00226044 0.00119882
18 1 103 0.719859 0.726402 0.0879949 -8.7634 0.0027708 0.00147702
18 2 85 0.719059 0.746415 0.122927 -8.96379 0.00225963 0.00120319
18 3 95 0.716723 0.74085 0.110185 -8.83858 0.00253455 0.0013452
18 4 80 0.721052 0.760528 0.15144 -9.04242 0.0021073 0.0011252
18 5 87 0.726662 0.731561 0.213688 -8.97684 0.0023065 0.00124114
18 6 112 0.724668 0.780845 0.251392 -8.74378 0.00288642 0.00154893
18 7 74 0.718515 0.765967 0.361766 -9.14417 0.00188214 0.00100143
18 8 90 0.722611 0.789267 0.368384 -8.97839 0.0022622 0.00121052
18 9 78 0.725468 0.749344 0.423159 -9.12892 0.00197073 0.00105871
18 10 65 0.718501 0.748232 0.477697 -9.29388 0.00162033 0.000862114
18 11 77 0.723384 0.743246 0.477416 -9.14393 0.00192361 0.00103044
18 12 97 0.717747 0.813832 0.493441 -8.92209 0.00234213 0.00124485
18 13 96 0.718547 0.786231 0.607173 -8.95683 0.00227024 0.00120798
18 14 87 0.723054 0.823136 0.659929 -9.10604 0.001995 0.00106819
18 15 100 0.722447 0.819405 0.691697 -8.97273 0.00227338 0.00121622
18 16 108 0.727013 0.850114 0.780825 -8.95662 0.00235723 0.00126905
18 17 85 0.0328103 0.834712 0.800844 11.321 0.00185296 0.00101305
18 18 88 0.730415 0.909378 0.855535 -9.22265 0.00183372 0.000991832
18 19 97 0.7235 0.842896 0.931355 -9.09862 0.00201381 0.00107892
18 20 99 0.728444 0.890984 1.02423 -9.14887 0.00195719 0.00105576
18 21 95 0.722207 0.89653 1.02855 -9.16597 0.00187194 0.00100112
18 22 100 0.718061 0.930017 1.11478 -9.13752 0.00189087 0.00100544
18 23 84 0.728052 0.904091 1.10251 -9.34381 0.00160778 0.00086681
19 0 89 0.727659 0.738032 -0.0156323 -8.94699 0.00238679 0.0012861
19 1 92 0.725875 0.812455 0.0849632 -8.94412 0.00237498 0.0012766
19 2 90 0.720965 0.772282 0.0895716 -8.92522 0.00236842 0.00126447
19 3 90 0.721551 0.783559 0.165931 -8.93923 0.00234154 0.00125113
19 4 81 0.721737 0.773535 0.230387 -9.04843 0.00210103 0.00112291
19 5 92 0.725172 0.871017 0.2638 -8.98711 0.00226802 0.00121793
19 6 83 0.71729 0.849294 0.301176 -9.0507 0.00205531 0.00109171
19 7 84 0.727589 0.84473 0.301979 -9.08223 0.00208424 0.00112297
19 8 78 0.7222 0.803244 0.368914 -9.12607 0.00194807 0.00104183
19 9 75 0.726852 0.863257 0.442336 -9.22868 0.00179449 0.000965876
19 10 84 0.724844 0.821542 0.463439 -9.09317 0.00203686 0.0010933
19 11 93 0.716867 0.858599 0.5059 -8.98269 0.00219581 0.00116565
19 12 107 0.723046 0.8048 0.511337 -8.84835 0.00258131 0.0013821
19 13 95 0.726312 0.851882 0.595385 -9.02458 0.00219559 0.00118089
19 14 92 0.0331229 0.892991 0.687597 11.2576 0.00203532 0.00111385
19 15 84 0.725646 0.885894 0.699099 -9.18915 0.00185697 0.000997849
19 16 85 0.031035 0.85432 0.715182 12.2926 0.00189253 0.00102891
19 17 78 0.728083 0.975055 0.886333 -9.36659 0.00157177 0.000847432
19 18 91 0.0311571 0.91931 0.898991 12.2078 0.0018622 0.0010128
19 19 86 0.0307705 0.976521 0.917773 12.3443 0.00171442 0.000931293
19 20 108 0.72743 0.940511 0.993887 -9.06257 0.00212414 0.00114422
19 21 84 0.0315612 1.03188 1.13226 11.788 0.00153054 0.000833484
19 22 86 0.730434 1.03966 1.22962 -9.4154 0.00151237 0.000818037
19 23 95 0.0314106 1.07043 1.32915 11.9157 0.00160095 0.000871414
20 0 74 0.726274 0.837526 0.0239986 -9.1739 0.00189072 0.00101686
20 1 94 0.729912 0.920888 0.0844253 -8.99369 0.00230046 0.00124343
20 2 84 0.725384 0.815796 0.113555 -9.03625 0.00216126 0.00116094
20 3 92 0.72492 0.83767 0.143945 -8.95618 0.00233667 0.00125436
20 4 75 0.725699 0.840912 0.188704 -9.16978 0.00189375 0.00101769
20 5 80 0.728051 0.872904 0.213363 -9.1338 0.0019835 0.00106937
20 6 85 0.726046 0.884785 0.242975 -9.0738 0.00208769 0.00112245
20 7 97 0.731354 0.92481 0.34762 -9.00015 0.00230009 0.00124568
20 8 119 0.727666 0.952866 0.371972 -8.79707 0.00277293 0.00149419
20 9 82 0.0330283 0.853043 0.400817 11.2819 0.00198908 0.00108822
20 10 84 0.727542 0.944921 0.464429 -9.15981 0.00192825 0.00103886
20 11 77 0.724211 0.914796 0.521569 -9.23226 0.00176743 0.000947856
20 12 85 0.724461 0.915209 0.566344 -9.14611 0.00192857 0.00103463
20 13 89 0.72428 0.880859 0.586183 -9.09025 0.00203774 0.00109292
20 14 92 0.724662 0.992856 0.698775 -9.13611 0.00194968 0.00104624
20 15 89 0.0321886 0.929107 0.717338 11.6801 0.00192389 0.00104977
20 16 93 0.730657 0.947473 0.740224 -9.14581 0.00198228 0.00107254
20 17 100 0.72884 0.980899 0.844601 -9.11021 0.00203786 0.00109987
20 18 88 0.0309301 1.05478 0.969479 12.2323 0.00167895 0.000912484
20 19 92 0.730049 1.02417 0.937318 -9.24388 0.00179233 0.000968957
20 20 90 0.033235 1.08587 1.10543 10.9777 0.00162672 0.000890554
20 21 78 0.73039 1.10959 1.10728 -9.49362 0.00139832 0.000756305
20 22 100 0.731231 1.11926 1.19369 -9.27972 0.00173818 0.000941205
20 23 88 0.72717 1.13155 1.31483 -9.43295 0.00146499 0.000788867
21 0 85 0.721391 0.88875 -0.0192639 -9.03905 0.00211759 0.00113122
21 1 94 0.722759 0.967701 0.0675379 -8.98489 0.00224902 0.00120371
21 2 93 0.724114 0.923836 0.135239 -8.9834 0.00226588 0.001215
21 3 101 0.73137 0.929531 0.161288 -8.93754 0.00244886 0.00132628
21 4 84 0.714909 0.8975 0.199255 -9.03717 0.00206127 0.00109124
21 5 88 0.717897 0.941276 0.233094 -9.02911 0.00210583 0.00111949
21 6 109 0.730726 0.897502 0.277032 -8.85644 0.00264829 0.00143303
21 7 86 0.718519 0.912103 0.325845 -9.0543 0.00205915 0.00109562
21 8 99 0.715308 0.863406 0.347144 -8.88025 0.0024158 0.00127964
21 9 80 0.732942 0.898428 0.425669 -9.20283 0.00189113 0.00102642
21 10 101 0.721755 1.05777 0.526008 -9.01382 0.00217519 0.00116258
21 11 74 0.0314398 1.0641 0.51775 11.8941 0.0015921 0.000866679
21 12 87 0.0322993 1.00209 0.629438 11.5945 0.00187179 0.0010217
21 13 94 0.0319012 1.0358 0.655746 11.8618 0.00198055 0.00107971
21 14 96 0.0410695 1.02724 0.677535 8.01461 0.00201811 0.00113252
21 15 102 0.719763 1.03549 0.727679 -9.03644 0.00210788 0.00112349
21 16 85 0.725286 1.05824 0.829898 -9.28141 0.00169065 0.000908022
21 17 105 0.032519 1.08489 0.875721 11.5664 0.0020399 0.00111423
21 18 103 0.724915 1.07588 0.894501 -9.11355 0.00199638 0.00107168
21 19 92 0.727264 1.03086 0.940415 -9.23502 0.00178638 0.000962053
21 20 94 0.72865 1.14723 1.06337 -9.29792 0.00168769 0.000910638
21 21 79 0.730142 1.15741 1.17465 -9.51634 0.00136543 0.000738262
21 22 94 0.725579 1.15017 1.19487 -9.32667 0.00161791 0.000869309
21 23 86 0.718368 1.18255 1.2972 -9.42596 0.00141901 0.000754863
22 0 93 0.727612 0.997546 0.0178606 -9.03076 0.00219455 0.00118244
22 1 89 0.722403 0.928206 0.0452133 -9.01762 0.00217316 0.00116253
22 2 91 0.73265 0.962431 0.14796 -9.06252 0.00217324 0.00117907
22 3 76 0.725337 0.995544 0.153436 -9.22743 0.00178481 0.000958664
22 4 100 0.727401 0.941383 0.177161 -8.93737 0.00240714 0.00129661
22 5 105 0.724525 0.995764 0.234559 -8.90849 0.00244656 0.00131263
22 6 79 0.727541 1.02758 0.342767 -9.23632 0.00178622 0.000962337
22 7 112 0.732041 1.04185 0.319801 -8.91022 0.00252407 0.00136827
22 8 106 0.031858 1.01329 0.396908 12.0732 0.00239072 0.00130313
22 9 92 0.728428 1.01316 0.396859 -9.0903 0.00207511 0.00111934
22 10 113 0.724581 1.08057 0.50509 -8.91968 0.00241993 0.00129844
22 11 102 0.723326 0.979266 0.554954 -8.98332 0.00225818 0.00120956
22 12 77 0.0320611 1.09076 0.580635 11.5723 0.00161464 0.000880673
22 13 109 0.727857 1.08599 0.646489 -9.0049 0.00225446 0.00121513
22 14 96 0.724215 1.07548 0.692992 -9.12345 0.00197062 0.00105683
22 15 100 0.721167 1.02407 0.682917 -9.04552 0.00210185 0.00112246
22 16 110 0.0309749 1.11085 0.843041 12.448 0.00213673 0.00116145
22 17 88 0.730587 1.11616 0.895938 -9.31094 0.00168003 0.000908914
22 18 99 0.0313911 1.20016 1.01531 12.0276 0.00177121 0.000964031
22 19 82 0.733293 1.17317 1.01625 -9.44924 0.00148038 0.00080387
22 20 74 0.720135 1.21608 1.09761 -9.53284 0.00128521 0.000685367
22 21 89 0.724222 1.29413 1.20926 -9.42439 0.00145855 0.000782217
22 22 103 0.732601 1.2657 1.22388 -9.31047 0.00169562 0.000919879
22 23 93 0.721079 1.31361 1.35005 -9.41391 0.00145359 0.000776173
23 0 106 0.72629 1.03389 0.0166116 -8.91227 0.00245631 0.00132107
23 1 89 0.720443 0.993766 0.0767277 -9.04263 0.00210119 0.00112098
23 2 92 0.726919 0.956009 0.0871648 -9.01967 0.00221228 0.00119086
23 3 83 0.727307 1.03927 0.134301 -9.16827 0.00191004 0.00102871
23 4 86 0.727454 1.12388 0.207283 -9.18067 0.00188773 0.00101691
23 5 113 0.731247 1.0516 0.249353 -8.89335 0.00255814 0.00138523
23 6 89 0.722027 1.04749 0.28877 -9.09451 0.00200899 0.00107415
23 7 92 0.0311748 1.00828 0.345657 12.3172 0.00209824 0.00114124
23 8 107 0.726281 1.08387 0.418643 -8.96648 0.00232662 0.00125131
23 9 101 0.0309482 1.10256 0.439782 12.4781 0.00216909 0.00117894
23 10 95 0.724888 1.11649 0.482515 -9.10609 0.00201109 0.00107953
23 11 89 0.728645 1.13609 0.532539 -9.20661 0.00184901 0.000997676
23 12 112 0.0308135 1.09051 0.59535 12.6311 0.00234082 0.00127174
23 13 91 0.726938 1.10893 0.65582 -9.19325 0.00185992 0.00100121
23 14 91 0.731934 1.10615 0.730976 -9.2332 0.00182655 0.000990004
23 15 102 0.720021 1.16457 0.751682 -9.09549 0.00198927 0.00106065
23 16 107 0.729332 1.18137 0.820632 -9.11332 0.00203591 0.00109956
23 17 96 0.729441 1.22682 0.9488 -9.27426 0.00173409 0.00093669
23 18 95 0.0315798 1.2526 0.975031 11.8757 0.00168791 0.000919239
23 19 92 0.728768 1.28202 1.01803 -9.35266 0.00159862 0.000862715
23 20 93 0.72706 1.29882 1.14454 -9.37567 0.0015506 0.000834841
23 21 86 0.727668 1.33841 1.24276 -9.49728 0.00137671 0.00074184
23 22 86 0.726474 1.32262 1.31581 -9.50848 0.00135427 0.00072855
23 23 70 0.726404 1.4099 1.40727 -9.76567 0.00104683 0.000563104
