#  ix    iy     NK     E/N         TK    Uxpi    UyK      muK      rho      epsilon
0 0 408 0.123104 0.0625405 0.0524064 0.946977 0.0350559 0.0253711
0 1 398 0.119884 0.0262769 0.0988211 1.07742 0.0341324 0.0244664
0 2 418 0.130758 0.0299249 0.177396 0.610558 0.0354651 0.0262563
0 3 409 0.112204 -0.0184464 0.219798 1.49062 0.034431 0.0241172
0 4 377 0.124207 0.0608291 0.341188 0.762275 0.0307081 0.0222976
0 5 391 0.110947 0.0416639 0.362132 1.47757 0.0316685 0.0220981
0 6 392 0.121209 0.051728 0.472358 0.900125 0.0305224 0.0219656
0 7 387 0.104349 0.0806935 0.555465 1.78636 0.0290925 0.0198979
0 8 370 0.101955 -0.013239 0.65879 1.85143 0.0266343 0.018084
0 9 322 0.0915698 0.0184244 0.788413 2.39391 0.0217962 0.0143342
0 10 362 0.0943646 0.0321695 0.851052 2.26649 0.0237583 0.0157599
0 11 283 0.0893458 0.0638233 1.03915 2.31764 0.0169001 0.0110381
0 12 260 0.0846211 0.0547603 1.11099 2.6025 0.0149849 0.00964483
0 13 209 0.0794928 0.0551098 1.31849 2.76925 0.0108817 0.00689286
0 14 170 0.0660296 0.0349735 1.57505 4.03205 0.00785372 0.00476915
0 15 135 0.0555723 0.0484874 1.75535 5.42257 0.00575909 0.00338367
0 16 55 0.0630685 0.0957767 2.0554 3.12955 0.0020725 0.00124683
0 17 24 0.0327655 0.132213 2.28063 10.5403 0.000829662 0.000453529
0 18 0 0 0 0 0 0 0
0 19 0 0 0 0 0 0 0
0 20 0 0 0 0 0 0 0
0 21 0 0 0 0 0 0 0
0 22 0 0 0 0 0 0 0
0 23 0 0 0 0 0 0 0
1 0 393 0.126927 0.0800622 0.0300842 0.731119 0.0337561 0.0247095
1 1 371 0.127822 0.14373 0.109094 0.620706 0.0314745 0.0231005
1 2 424 0.123784 0.130285 0.153385 0.936587 0.0358333 0.0259863
1 3 418 0.123353 0.102543 0.222689 0.933421 0.034998 0.0253481
1 4 440 0.129395 0.128984 0.287652 0.689932 0.036176 0.026675
1 5 446 0.120621 0.125637 0.372895 1.08793 0.0357781 0.0257027
1 6 372 0.112517 0.129533 0.455409 1.30101 0.0289843 0.0203213
1 7 370 0.103342 0.123669 0.55039 1.80402 0.0277811 0.0189427
1 8 374 0.105097 0.107781 0.625969 1.67296 0.0272154 0.0186565
1 9 335 0.0993654 0.144587 0.74968 1.87557 0.0229539 0.0154621
1 10 332 0.0864227 0.168889 0.86094 2.80516 0.0215142 0.013925
1 11 302 0.0939813 0.119015 1.05317 2.01013 0.0178665 0.0118376
1 12 256 0.0785323 0.137635 1.14787 3.14932 0.0144376 0.00911788
1 13 218 0.0769325 0.163233 1.34113 3.06047 0.0111807 0.0070258
1 14 173 0.0729321 0.204066 1.49444 3.20059 0.00824104 0.00511409
1 15 126 0.0640952 0.222101 1.83728 3.88941 0.00516367 0.00311658
1 16 71 0.0491343 0.104614 1.82969 6.1181 0.00293172 0.00168776
1 17 34 0.0408095 0.259807 2.22671 7.57682 0.00119403 0.000669518
1 18 0 0 0 0 0 0 0
1 19 0 0 0 0 0 0 0
1 20 0 0 0 0 0 0 0
1 21 0 0 0 0 0 0 0
1 22 0 0 0 0 0 0 0
1 23 0 0 0 0 0 0 0
2 0 430 0.125026 0.199235 0.0427493 0.891828 0.0363225 0.0264386
2 1 418 0.122065 0.146658 0.113971 1.00751 0.0354286 0.0255615
2 2 395 0.120795 0.152602 0.18962 1.00114 0.0330858 0.0237809
2 3 401 0.121151 0.160066 0.22921 0.989835 0.0332924 0.0239549
2 4 410 0.124032 0.190588 0.274993 0.858056 0.0335185 0.0243256
2 5 422 0.119272 0.183253 0.360995 1.09591 0.0337207 0.0241271
2 6 405 0.118659 0.202622 0.480232 1.04148 0.0309605 0.0221116
2 7 344 0.0983249 0.182066 0.520544 2.07058 0.0259682 0.0174368
2 8 372 0.102624 0.196768 0.650192 1.80393 0.0265271 0.0180481
2 9 349 0.0885469 0.194275 0.717489 2.74032 0.0241461 0.0157318
2 10 319 0.0913855 0.188743 0.903208 2.33286 0.0202107 0.0132839
2 11 269 0.0886676 0.222849 1.03844 2.31229 0.0158967 0.010361
2 12 239 0.0782673 0.247388 1.16761 3.08933 0.013232 0.00834962
2 13 223 0.071566 0.286519 1.27217 3.71298 0.0116983 0.00722851
2 14 152 0.0640265 0.278084 1.51385 4.22342 0.00713889 0.0043078
2 15 128 0.057447 0.328552 1.76701 5.00566 0.00536497 0.00317084
2 16 48 0.0585416 0.346059 2.20865 3.65755 0.0016896 0.00100206
2 17 23 0.0503138 0.366406 2.24605 4.54124 0.000797648 0.000460915
2 18 0 0 0 0 0 0 0
2 19 0 0 0 0 0 0 0
2 20 0 0 0 0 0 0 0
2 21 0 0 0 0 0 0 0
2 22 0 0 0 0 0 0 0
2 23 0 0 0 0 0 0 0
3 0 444 0.127164 0.277167 0.0690888 0.806786 0.0368038 0.0269594
3 1 425 0.124431 0.235311 0.104445 0.896218 0.035481 0.0257804
3 2 441 0.126438 0.302609 0.17361 0.814838 0.0358955 0.0262375
3 3 410 0.124013 0.253159 0.24681 0.853151 0.0333234 0.0241826
3 4 434 0.119196 0.226202 0.265707 1.14621 0.0353248 0.0252691
3 5 422 0.114882 0.284521 0.360164 1.30394 0.0330629 0.0233468
3 6 380 0.116211 0.283827 0.461912 1.09544 0.0287986 0.020417
3 7 411 0.103352 0.286118 0.587238 1.86894 0.029663 0.0202265
3 8 385 0.0977077 0.322476 0.650609 2.1473 0.0268561 0.0179989
3 9 364 0.0967726 0.342364 0.776297 2.09802 0.0239275 0.0159902
3 10 338 0.0923568 0.316644 0.955148 2.27323 0.0205392 0.0135404
3 11 285 0.0842602 0.321285 1.08376 2.7179 0.0162792 0.0104661
3 12 261 0.0738052 0.360783 1.16201 3.64997 0.0142862 0.00888983
3 13 190 0.0793472 0.353353 1.41268 2.6238 0.00927219 0.00587066
3 14 159 0.0587383 0.357887 1.53929 5.091 0.00732926 0.00434949
3 15 105 0.0551669 0.396942 1.72327 5.24359 0.00445556 0.00261445
3 16 49 0.0411076 0.567003 2.02005 7.89719 0.00181743 0.00102003
3 17 12 0.0406318 0.458479 2.11499 6.62466 0.00043393 0.000243176
3 18 0 0 0 0 0 0 0
3 19 0 0 0 0 0 0 0
3 20 0 0 0 0 0 0 0
3 21 0 0 0 0 0 0 0
3 22 0 0 0 0 0 0 0
3 23 0 0 0 0 0 0 0
4 0 413 0.127638 0.322504 0.0196843 0.702595 0.0338789 0.0248517
4 1 428 0.123682 0.294739 0.0964888 0.924744 0.0352407 0.0255488
4 2 454 0.128251 0.342527 0.154648 0.753309 0.0366361 0.0269231
4 3 428 0.117834 0.310922 0.230974 1.18912 0.0344059 0.0245115
4 4 399 0.119884 0.325819 0.32077 0.990191 0.0312819 0.0224232
4 5 452 0.118767 0.378463 0.398261 1.13407 0.0341508 0.0243979
4 6 411 0.110382 0.342887 0.455556 1.48122 0.0307793 0.021441
4 7 413 0.105984 0.39097 0.612834 1.67482 0.0287985 0.0197952
4 8 373 0.100801 0.408705 0.669637 1.87612 0.025299 0.0171168
4 9 344 0.0913579 0.409721 0.832534 2.40791 0.0217385 0.0142869
4 10 307 0.0782221 0.425695 0.956671 3.41707 0.0182785 0.0115324
4 11 280 0.0814507 0.456212 1.08114 2.94091 0.0156562 0.00997794
4 12 233 0.0792869 0.505999 1.25743 2.88148 0.0119249 0.0075488
4 13 172 0.071447 0.53192 1.41637 3.36911 0.00817592 0.00505009
4 14 143 0.0662681 0.532456 1.59655 3.77803 0.00629707 0.00382675
4 15 89 0.0497518 0.521401 1.68323 6.22845 0.00378677 0.00218427
4 16 49 0.039855 0.522503 2.05715 8.31602 0.00180038 0.00100646
4 17 17 0.0442594 0.56766 2.35267 5.74232 0.000559647 0.00031725
4 18 0 0 0 0 0 0 0
4 19 0 0 0 0 0 0 0
4 20 0 0 0 0 0 0 0
4 21 0 0 0 0 0 0 0
4 22 0 0 0 0 0 0 0
4 23 0 0 0 0 0 0 0
5 0 499 0.126465 0.408908 0.0540234 0.916067 0.0397673 0.0290699
5 1 470 0.124673 0.346924 0.0940992 0.95683 0.0381287 0.0277242
5 2 461 0.122903 0.398581 0.132701 1.00077 0.0366397 0.0265015
5 3 419 0.117596 0.410534 0.271166 1.14157 0.0324103 0.0230733
5 4 424 0.120144 0.399041 0.313991 1.01824 0.032591 0.0233798
5 5 404 0.114696 0.433508 0.416535 1.21163 0.0298487 0.0210653
5 6 435 0.108968 0.479405 0.526119 1.5555 0.0305512 0.0211911
5 7 356 0.099504 0.454079 0.565945 1.94508 0.0248397 0.0167395
5 8 363 0.0969623 0.460297 0.670764 2.09892 0.024275 0.0162318
5 9 336 0.0900789 0.523062 0.810132 2.46813 0.0208503 0.0136491
5 10 299 0.0798571 0.522512 0.95815 3.20304 0.0174135 0.0110428
5 11 226 0.0847111 0.586572 1.09637 2.38963 0.01221 0.00786096
5 12 227 0.0691534 0.598553 1.21746 4.00557 0.0116111 0.00712044
5 13 173 0.0718722 0.660394 1.46584 3.28068 0.00787691 0.0048719
5 14 119 0.0594635 0.655438 1.68029 4.58007 0.00497442 0.0029588
5 15 66 0.0541285 0.643194 1.89 4.8885 0.00254811 0.00149029
5 16 19 0.0488315 0.792754 2.39548 4.61007 0.000603471 0.000347079
5 17 14 0.71995 0.931219 2.68876 -10.6988 0.000400157 0.000213337
5 18 0 0 0 0 0 0 0
5 19 0 0 0 0 0 0 0
5 20 0 0 0 0 0 0 0
5 21 0 0 0 0 0 0 0
5 22 0 0 0 0 0 0 0
5 23 0 0 0 0 0 0 0
6 0 475 0.126845 0.468841 0.0205847 0.828455 0.0370692 0.0271282
6 1 490 0.124193 0.473904 0.11107 0.975478 0.0379811 0.0275774
6 2 440 0.112669 0.479047 0.20574 1.44142 0.0336343 0.0235923
6 3 434 0.108659 0.509913 0.210645 1.64336 0.0327589 0.0227011
6 4 421 0.115503 0.505281 0.340463 1.20624 0.0309934 0.0219263
6 5 421 0.111506 0.500558 0.383598 1.41487 0.0306984 0.0214575
6 6 410 0.105091 0.520912 0.510291 1.72153 0.0285583 0.0195767
6 7 333 0.108036 0.582575 0.588347 1.28706 0.0221114 0.0152937
6 8 327 0.0992187 0.611718 0.679618 1.78725 0.0208039 0.0140075
6 9 335 0.0887692 0.6046 0.843015 2.53562 0.0200424 0.0130672
6 10 287 0.0854203 0.652618 0.997373 2.59066 0.0159022 0.0102607
6 11 215 0.0817023 0.719345 1.13365 2.57029 0.0110713 0.00706144
6 12 209 0.0663458 0.760234 1.33995 4.21056 0.00980963 0.0059628
6 13 146 0.0637338 0.725464 1.4414 4.19271 0.00662988 0.00399697
6 14 95 0.0530407 0.762095 1.65968 5.54382 0.00393327 0.00229251
6 15 54 0.0540868 0.834315 1.89062 4.66839 0.00202772 0.00118577
6 16 22 0.0386925 0.822868 1.8667 7.96807 0.000834773 0.00046495
6 17 0 0 0 0 0 0 0
6 18 0 0 0 0 0 0 0
6 19 0 0 0 0 0 0 0
6 20 0 0 0 0 0 0 0
6 21 0 0 0 0 0 0 0
6 22 0 0 0 0 0 0 0
6 23 0 0 0 0 0 0 0
7 0 481 0.121678 0.592335 0.0289614 1.03293 0.0356654 0.0257028
7 1 458 0.121863 0.568884 0.104266 0.981366 0.0341781 0.0246445
7 2 508 0.11458 0.576879 0.188736 1.44439 0.0374367 0.0264111
7 3 439 0.111866 0.577914 0.269844 1.43333 0.0319073 0.0223267
7 4 408 0.113411 0.600399 0.371125 1.2432 0.0287353 0.0202011
7 5 419 0.0986702 0.617157 0.422394 2.15454 0.0289262 0.0194436
7 6 367 0.105798 0.663336 0.537329 1.50658 0.0240627 0.0165305
7 7 331 0.0949643 0.675954 0.713642 2.06718 0.0203496 0.0135237
7 8 316 0.0928989 0.738313 0.768887 2.13441 0.018638 0.0123076
7 9 309 0.0867637 0.733797 0.880509 2.5699 0.0175122 0.0113468
7 10 266 0.0717013 0.727654 0.972716 3.91648 0.014574 0.00900924
7 11 201 0.0684076 0.8198 1.11016 3.96935 0.0101672 0.00622035
7 12 166 0.0667014 0.811072 1.28951 3.93924 0.00785303 0.00477883
7 13 129 0.0543974 0.855504 1.40957 5.65181 0.00576675 0.00337561
7 14 55 0.0581952 0.995557 1.78647 3.92701 0.00208272 0.00123386
7 15 36 0.0438188 1.04798 1.95247 6.69562 0.00127654 0.000722633
7 16 14 0.0357757 1.04038 2.1689 8.54735 0.000463282 0.000255669
7 17 0 0 0 0 0 0 0
7 18 0 0 0 0 0 0 0
7 19 0 0 0 0 0 0 0
7 20 0 0 0 0 0 0 0
7 21 0 0 0 0 0 0 0
7 22 0 0 0 0 0 0 0
7 23 0 0 0 0 0 0 0
8 0 443 0.116877 0.686032 0.0452873 1.1493 0.0314695 0.0223553
8 1 460 0.114003 0.72784 0.130917 1.31496 0.0318838 0.0224546
8 2 468 0.106476 0.714759 0.165971 1.76662 0.0325274 0.0223917
8 3 419 0.110615 0.700387 0.281628 1.40245 0.0288288 0.0200964
8 4 445 0.102585 0.752246 0.376788 1.90775 0.0293547 0.0199695
8 5 352 0.10228 0.75688 0.428896 1.6789 0.022894 0.0155599
8 6 359 0.0909213 0.749047 0.561294 2.48105 0.0225947 0.0148296
8 7 336 0.0945759 0.799366 0.604213 2.10136 0.020461 0.0135814
8 8 310 0.0889817 0.836097 0.777763 2.38847 0.0176062 0.0114863
8 9 266 0.0769438 0.900283 0.922409 3.28816 0.0140564 0.00883316
8 10 199 0.074019 0.918043 1.06381 3.26358 0.00994693 0.00619378
8 11 175 0.0701576 0.918206 1.15642 3.56176 0.00845937 0.00520406
8 12 140 0.0645301 0.98221 1.4114 3.98717 0.00606735 0.00366702
8 13 110 0.0455276 0.984249 1.45905 7.50956 0.00468459 0.00266626
8 14 44 0.0455357 1.10644 1.77248 6.45621 0.00163747 0.000932
8 15 24 0.0478903 1.13779 1.95171 5.16885 0.000837443 0.000480213
8 16 0 0 0 0 0 0 0
8 17 0 0 0 0 0 0 0
8 18 0 0 0 0 0 0 0
8 19 0 0 0 0 0 0 0
8 20 0 0 0 0 0 0 0
8 21 0 0 0 0 0 0 0
8 22 0 0 0 0 0 0 0
8 23 0 0 0 0 0 0 0
9 0 367 0.106138 0.818527 0.0398428 1.50259 0.0244706 0.0168282
9 1 448 0.10407 0.823 0.116048 1.82463 0.0297012 0.020297
9 2 367 0.108238 0.851544 0.215925 1.3474 0.0237688 0.0164501
9 3 396 0.101274 0.861601 0.301388 1.84134 0.0252135 0.0170837
9 4 348 0.104182 0.87482 0.355748 1.50879 0.021811 0.0149101
9 5 332 0.0972911 0.854475 0.494442 1.9001 0.0203676 0.0136329
9 6 353 0.0953468 0.902928 0.545598 2.06745 0.0209349 0.0139291
9 7 272 0.0821706 0.936211 0.690584 2.84828 0.0152849 0.0097632
9 8 260 0.0785994 0.999535 0.826382 3.08901 0.0136864 0.00864526
9 9 234 0.0765485 1.02978 0.90277 3.16345 0.0118961 0.0074664
9 10 179 0.0671942 1.09377 1.08508 3.93975 0.00840118 0.00512033
9 11 158 0.0626851 1.07735 1.26252 4.4092 0.00702935 0.0042238
9 12 98 0.0580544 1.1444 1.47599 4.60125 0.00398779 0.00236142
9 13 51 0.0518601 1.29436 1.66483 5.05734 0.00188379 0.00109387
9 14 31 0.0559036 1.33036 1.86608 3.67563 0.00106878 0.000628607
9 15 13 0.0389395 1.48622 2.20791 7.12634 0.000394166 0.000219713
9 16 0 0 0 0 0 0 0
9 17 0 0 0 0 0 0 0
9 18 0 0 0 0 0 0 0
9 19 0 0 0 0 0 0 0
9 20 0 0 0 0 0 0 0
9 21 0 0 0 0 0 0 0
9 22 0 0 0 0 0 0 0
9 23 0 0 0 0 0 0 0
10 0 374 0.102196 0.911975 0.0466698 1.72354 0.0238083 0.0161771
10 1 380 0.0984495 0.963539 0.131868 1.9614 0.0234843 0.0157749
10 2 363 0.0974594 0.986701 0.214625 1.96621 0.0220197 0.0147463
10 3 348 0.0952252 1.00843 0.305817 2.06268 0.0206506 0.0137348
10 4 328 0.0872795 0.991128 0.380234 2.6275 0.0193884 0.0125825
10 5 330 0.0900491 1.02254 0.505211 2.36462 0.0187548 0.0122762
10 6 286 0.0879319 1.04551 0.617246 2.35966 0.0156748 0.0101931
10 7 269 0.0791475 1.06162 0.677039 3.08567 0.0144221 0.00912564
10 8 215 0.0721509 1.14739 0.859714 3.54463 0.0106031 0.00656377
10 9 202 0.0650042 1.13987 0.948205 4.39183 0.00973704 0.00589373
10 10 154 0.0654259 1.17691 1.13815 3.99025 0.00692004 0.0041942
10 11 107 0.0577711 1.2347 1.22289 4.79421 0.00460061 0.00272187
10 12 69 0.052844 1.31195 1.42006 5.22057 0.00273278 0.00159181
10 13 38 0.0431552 1.45542 1.66123 6.95089 0.00135118 0.000763279
10 14 20 0.721412 1.69735 2.19362 -10.326 0.000584774 0.000312396
10 15 0 0 0 0 0 0 0
10 16 0 0 0 0 0 0 0
10 17 0 0 0 0 0 0 0
10 18 0 0 0 0 0 0 0
10 19 0 0 0 0 0 0 0
10 20 0 0 0 0 0 0 0
10 21 0 0 0 0 0 0 0
10 22 0 0 0 0 0 0 0
10 23 0 0 0 0 0 0 0
11 0 328 0.0897584 1.09031 0.050362 2.40646 0.0191014 0.0124918
11 1 318 0.0935729 1.11729 0.180403 2.05672 0.0181517 0.0120115
11 2 320 0.0884126 1.13509 0.244273 2.45788 0.0180026 0.0117242
11 3 324 0.0901737 1.12253 0.321364 2.32282 0.0181687 0.0118971
11 4 276 0.0751014 1.1949 0.414211 3.53663 0.0147577 0.00922056
11 5 270 0.0806568 1.17337 0.491516 2.9331 0.0143843 0.00914466
11 6 259 0.0786135 1.21093 0.596026 3.05835 0.0132921 0.00839659
11 7 216 0.0746098 1.29288 0.798609 3.22554 0.0102359 0.00638552
11 8 175 0.0682573 1.30241 0.88562 3.76004 0.00808638 0.00494498
11 9 148 0.065036 1.31077 1.00285 4.00017 0.00661163 0.00400235
11 10 114 0.0554236 1.38147 1.18012 5.2559 0.00473865 0.00278282
11 11 58 0.0595642 1.46709 1.46421 3.73479 0.00217262 0.00129269
11 12 28 0.0594039 1.32304 1.35535 3.10534 0.00112698 0.000670204
11 13 14 0.0395563 1.60738 1.97373 7.01588 0.000441306 0.00024647
11 14 0 0 0 0 0 0 0
11 15 0 0 0 0 0 0 0
11 16 0 0 0 0 0 0 0
11 17 0 0 0 0 0 0 0
11 18 0 0 0 0 0 0 0
11 19 0 0 0 0 0 0 0
11 20 0 0 0 0 0 0 0
11 21 0 0 0 0 0 0 0
11 22 0 0 0 0 0 0 0
11 23 0 0 0 0 0 0 0
12 0 296 0.0861145 1.23347 0.0383623 2.53989 0.0160651 0.0103881
12 1 275 0.0867931 1.30011 0.120752 2.37271 0.0144146 0.00934053
12 2 277 0.0788871 1.26679 0.214483 3.12888 0.0146668 0.00927294
12 3 268 0.0781763 1.27759 0.356244 3.1486 0.0139088 0.00877417
12 4 255 0.0794638 1.35773 0.409563 2.92416 0.0126682 0.00802374
12 5 188 0.0732444 1.39858 0.605882 3.24016 0.00889051 0.00552254
12 6 181 0.0667786 1.3659 0.672551 4.01559 0.00856608 0.00521401
12 7 158 0.0742731 1.44199 0.825319 2.88683 0.00702388 0.00437713
12 8 136 0.0676537 1.49769 0.915886 3.50808 0.00580295 0.00354189
12 9 87 0.0632957 1.51287 1.12871 3.6225 0.00351113 0.00211384
12 10 72 0.0513613 1.51953 1.25865 5.56444 0.00280594 0.00162678
12 11 32 0.0356141 1.64078 1.37233 9.5423 0.00116829 0.00064441
12 12 23 0.0484144 1.64146 1.48718 5.01301 0.000815867 0.000468618
12 13 0 0 0 0 0 0 0
12 14 0 0 0 0 0 0 0
12 15 0 0 0 0 0 0 0
12 16 0 0 0 0 0 0 0
12 17 0 0 0 0 0 0 0
12 18 0 0 0 0 0 0 0
12 19 0 0 0 0 0 0 0
12 20 0 0 0 0 0 0 0
12 21 0 0 0 0 0 0 0
12 22 0 0 0 0 0 0 0
12 23 0 0 0 0 0 0 0
13 0 221 0.0737191 1.44239 0.043617 3.38482 0.0108515 0.00675069
13 1 224 0.0720361 1.45853 0.130815 3.58498 0.0108898 0.00673884
13 2 184 0.0681523 1.40567 0.218334 3.89437 0.00912218 0.00557655
13 3 198 0.0755575 1.46708 0.387691 3.03451 0.00939242 0.00587674
13 4 180 0.0657324 1.46594 0.472536 4.14678 0.00844994 0.00512641
13 5 121 0.0579321 1.45409 0.562624 4.96792 0.00563147 0.00333346
13 6 129 0.0568348 1.49647 0.721002 5.18317 0.00573561 0.00338335
13 7 115 0.05991 1.58735 0.85061 4.47243 0.00481273 0.00286667
13 8 77 0.0570686 1.6202 0.945074 4.53267 0.00312284 0.00184348
13 9 56 0.0464162 1.76494 1.18327 6.44623 0.00205566 0.00117329
13 10 34 0.0520448 1.569 1.21105 4.66215 0.00132029 0.000767109
13 11 14 0.034758 1.78277 1.55771 9.01183 0.000469616 0.000258332
13 12 0 0 0 0 0 0 0
13 13 0 0 0 0 0 0 0
13 14 0 0 0 0 0 0 0
13 15 0 0 0 0 0 0 0
13 16 0 0 0 0 0 0 0
13 17 0 0 0 0 0 0 0
13 18 0 0 0 0 0 0 0
13 19 0 0 0 0 0 0 0
13 20 0 0 0 0 0 0 0
13 21 0 0 0 0 0 0 0
13 22 0 0 0 0 0 0 0
13 23 0 0 0 0 0 0 0
14 0 145 0.0612714 1.67898 0.0653008 4.53496 0.00639285 0.00382425
14 1 159 0.0634765 1.59485 0.127926 4.32248 0.00726474 0.00437615
14 2 136 0.0652364 1.65247 0.249542 3.87782 0.00601996 0.00364648
14 3 134 0.0742107 1.75724 0.429132 2.66537 0.00558894 0.00348222
14 4 120 0.0553679 1.77897 0.497539 5.3051 0.00492483 0.00289164
14 5 102 0.0608888 1.78591 0.61394 4.1557 0.00411486 0.00245857
14 6 86 0.0516108 1.84707 0.73429 5.68167 0.00333197 0.00193327
14 7 57 0.0546667 1.88911 0.879877 4.60083 0.00212583 0.00124543
14 8 39 0.0476591 1.87 1.12905 5.74039 0.00139945 0.000801895
14 9 20 0.0409479 1.85478 1.3487 6.98071 0.000689147 0.000386588
14 10 11 0.0375442 2.20795 1.46273 7.49441 0.00033496 0.000185889
14 11 0 0 0 0 0 0 0
14 12 0 0 0 0 0 0 0
14 13 0 0 0 0 0 0 0
14 14 0 0 0 0 0 0 0
14 15 0 0 0 0 0 0 0
14 16 0 0 0 0 0 0 0
14 17 0 0 0 0 0 0 0
14 18 0 0 0 0 0 0 0
14 19 0 0 0 0 0 0 0
14 20 0 0 0 0 0 0 0
14 21 0 0 0 0 0 0 0
14 22 0 0 0 0 0 0 0
14 23 0 0 0 0 0 0 0
15 0 92 0.0581004 1.85662 0.0453722 4.53437 0.00376006 0.00222689
15 1 76 0.0525786 1.82898 0.182616 5.41224 0.00313107 0.00182228
15 2 65 0.0714154 1.73564 0.270577 2.29138 0.0027722 0.00171216
15 3 73 0.0513279 1.76626 0.421179 5.65053 0.00303584 0.00175988
15 4 40 0.045436 1.93834 0.544342 6.41831 0.00153393 0.000872793
15 5 53 0.0530864 2.07301 0.652461 4.81194 0.00190987 0.00111333
15 6 26 0.0412187 1.74564 0.721272 7.31058 0.00104876 0.000588823
15 7 29 0.049735 2.16124 0.946062 4.8762 0.00097564 0.000562735
15 8 16 0.0501097 2.04962 1.267 4.17674 0.000528699 0.000305308
15 9 0 0 0 0 0 0 0
15 10 0 0 0 0 0 0 0
15 11 0 0 0 0 0 0 0
15 12 0 0 0 0 0 0 0
15 13 0 0 0 0 0 0 0
15 14 0 0 0 0 0 0 0
15 15 0 0 0 0 0 0 0
15 16 0 0 0 0 0 0 0
15 17 0 0 0 0 0 0 0
15 18 0 0 0 0 0 0 0
15 19 0 0 0 0 0 0 0
15 20 0 0 0 0 0 0 0
15 21 0 0 0 0 0 0 0
15 22 0 0 0 0 0 0 0
15 23 0 0 0 0 0 0 0
16 0 50 0.0476437 2.26854 0.0624354 5.96097 0.00173807 0.000995881
16 1 35 0.0461003 1.84962 0.04374 6.17077 0.00143467 0.000818032
16 2 52 0.038676 1.91584 0.264807 8.87697 0.00205888 0.00114669
16 3 33 0.0376359 2.15312 0.481203 8.71291 0.00117444 0.000651954
16 4 29 0.0462208 2.13632 0.495434 5.81414 0.00103723 0.000591644
16 5 16 0.0473439 2.21286 0.881504 4.8568 0.00053392 0.000305636
16 6 0 0 0 0 0 0 0
16 7 0 0 0 0 0 0 0
16 8 0 0 0 0 0 0 0
16 9 0 0 0 0 0 0 0
16 10 0 0 0 0 0 0 0
16 11 0 0 0 0 0 0 0
16 12 0 0 0 0 0 0 0
16 13 0 0 0 0 0 0 0
16 14 0 0 0 0 0 0 0
16 15 0 0 0 0 0 0 0
16 16 0 0 0 0 0 0 0
16 17 0 0 0 0 0 0 0
16 18 0 0 0 0 0 0 0
16 19 0 0 0 0 0 0 0
16 20 0 0 0 0 0 0 0
16 21 0 0 0 0 0 0 0
16 22 0 0 0 0 0 0 0
16 23 0 0 0 0 0 0 0
17 0 19 0.0441548 2.03189 0.09266 6.02829 0.000722661 0.000409523
17 1 17 0.0384395 2.50536 0.151881 7.63164 0.000542415 0.000301871
17 2 0 0 0 0 0 0 0
17 3 0 0 0 0 0 0 0
17 4 0 0 0 0 0 0 0
17 5 0 0 0 0 0 0 0
17 6 0 0 0 0 0 0 0
17 7 0 0 0 0 0 0 0
17 8 0 0 0 0 0 0 0
17 9 0 0 0 0 0 0 0
17 10 0 0 0 0 0 0 0
17 11 0 0 0 0 0 0 0
17 12 0 0 0 0 0 0 0
17 13 0 0 0 0 0 0 0
17 14 0 0 0 0 0 0 0
17 15 0 0 0 0 0 0 0
17 16 0 0 0 0 0 0 0
17 17 0 0 0 0 0 0 0
17 18 0 0 0 0 0 0 0
17 19 0 0 0 0 0 0 0
17 20 0 0 0 0 0 0 0
17 21 0 0 0 0 0 0 0
17 22 0 0 0 0 0 0 0
17 23 0 0 0 0 0 0 0
18 0 0 0 0 0 0 0 0
18 1 0 0 0 0 0 0 0
18 2 0 0 0 0 0 0 0
18 3 0 0 0 0 0 0 0
18 4 0 0 0 0 0 0 0
18 5 0 0 0 0 0 0 0
18 6 0 0 0 0 0 0 0
18 7 0 0 0 0 0 0 0
18 8 0 0 0 0 0 0 0
18 9 0 0 0 0 0 0 0
18 10 0 0 0 0 0 0 0
18 11 0 0 0 0 0 0 0
18 12 0 0 0 0 0 0 0
18 13 0 0 0 0 0 0 0
18 14 0 0 0 0 0 0 0
18 15 0 0 0 0 0 0 0
18 16 0 0 0 0 0 0 0
18 17 0 0 0 0 0 0 0
18 18 0 0 0 0 0 0 0
18 19 0 0 0 0 0 0 0
18 20 0 0 0 0 0 0 0
18 21 0 0 0 0 0 0 0
18 22 0 0 0 0 0 0 0
18 23 0 0 0 0 0 0 0
19 0 0 0 0 0 0 0 0
19 1 0 0 0 0 0 0 0
19 2 0 0 0 0 0 0 0
19 3 0 0 0 0 0 0 0
19 4 0 0 0 0 0 0 0
19 5 0 0 0 0 0 0 0
19 6 0 0 0 0 0 0 0
19 7 0 0 0 0 0 0 0
19 8 0 0 0 0 0 0 0
19 9 0 0 0 0 0 0 0
19 10 0 0 0 0 0 0 0
19 11 0 0 0 0 0 0 0
19 12 0 0 0 0 0 0 0
19 13 0 0 0 0 0 0 0
19 14 0 0 0 0 0 0 0
19 15 0 0 0 0 0 0 0
19 16 0 0 0 0 0 0 0
19 17 0 0 0 0 0 0 0
19 18 0 0 0 0 0 0 0
19 19 0 0 0 0 0 0 0
19 20 0 0 0 0 0 0 0
19 21 0 0 0 0 0 0 0
19 22 0 0 0 0 0 0 0
19 23 0 0 0 0 0 0 0
20 0 0 0 0 0 0 0 0
20 1 0 0 0 0 0 0 0
20 2 0 0 0 0 0 0 0
20 3 0 0 0 0 0 0 0
20 4 0 0 0 0 0 0 0
20 5 0 0 0 0 0 0 0
20 6 0 0 0 0 0 0 0
20 7 0 0 0 0 0 0 0
20 8 0 0 0 0 0 0 0
20 9 0 0 0 0 0 0 0
20 10 0 0 0 0 0 0 0
20 11 0 0 0 0 0 0 0
20 12 0 0 0 0 0 0 0
20 13 0 0 0 0 0 0 0
20 14 0 0 0 0 0 0 0
20 15 0 0 0 0 0 0 0
20 16 0 0 0 0 0 0 0
20 17 0 0 0 0 0 0 0
20 18 0 0 0 0 0 0 0
20 19 0 0 0 0 0 0 0
20 20 0 0 0 0 0 0 0
20 21 0 0 0 0 0 0 0
20 22 0 0 0 0 0 0 0
20 23 0 0 0 0 0 0 0
21 0 0 0 0 0 0 0 0
21 1 0 0 0 0 0 0 0
21 2 0 0 0 0 0 0 0
21 3 0 0 0 0 0 0 0
21 4 0 0 0 0 0 0 0
21 5 0 0 0 0 0 0 0
21 6 0 0 0 0 0 0 0
21 7 0 0 0 0 0 0 0
21 8 0 0 0 0 0 0 0
21 9 0 0 0 0 0 0 0
21 10 0 0 0 0 0 0 0
21 11 0 0 0 0 0 0 0
21 12 0 0 0 0 0 0 0
21 13 0 0 0 0 0 0 0
21 14 0 0 0 0 0 0 0
21 15 0 0 0 0 0 0 0
21 16 0 0 0 0 0 0 0
21 17 0 0 0 0 0 0 0
21 18 0 0 0 0 0 0 0
21 19 0 0 0 0 0 0 0
21 20 0 0 0 0 0 0 0
21 21 0 0 0 0 0 0 0
21 22 0 0 0 0 0 0 0
21 23 0 0 0 0 0 0 0
22 0 0 0 0 0 0 0 0
22 1 0 0 0 0 0 0 0
22 2 0 0 0 0 0 0 0
22 3 0 0 0 0 0 0 0
22 4 0 0 0 0 0 0 0
22 5 0 0 0 0 0 0 0
22 6 0 0 0 0 0 0 0
22 7 0 0 0 0 0 0 0
22 8 0 0 0 0 0 0 0
22 9 0 0 0 0 0 0 0
22 10 0 0 0 0 0 0 0
22 11 0 0 0 0 0 0 0
22 12 0 0 0 0 0 0 0
22 13 0 0 0 0 0 0 0
22 14 0 0 0 0 0 0 0
22 15 0 0 0 0 0 0 0
22 16 0 0 0 0 0 0 0
22 17 0 0 0 0 0 0 0
22 18 0 0 0 0 0 0 0
22 19 0 0 0 0 0 0 0
22 20 0 0 0 0 0 0 0
22 21 0 0 0 0 0 0 0
22 22 0 0 0 0 0 0 0
22 23 0 0 0 0 0 0 0
23 0 0 0 0 0 0 0 0
23 1 0 0 0 0 0 0 0
23 2 0 0 0 0 0 0 0
23 3 0 0 0 0 0 0 0
23 4 0 0 0 0 0 0 0
23 5 0 0 0 0 0 0 0
23 6 0 0 0 0 0 0 0
23 7 0 0 0 0 0 0 0
23 8 0 0 0 0 0 0 0
23 9 0 0 0 0 0 0 0
23 10 0 0 0 0 0 0 0
23 11 0 0 0 0 0 0 0
23 12 0 0 0 0 0 0 0
23 13 0 0 0 0 0 0 0
23 14 0 0 0 0 0 0 0
23 15 0 0 0 0 0 0 0
23 16 0 0 0 0 0 0 0
23 17 0 0 0 0 0 0 0
23 18 0 0 0 0 0 0 0
23 19 0 0 0 0 0 0 0
23 20 0 0 0 0 0 0 0
23 21 0 0 0 0 0 0 0
23 22 0 0 0 0 0 0 0
23 23 0 0 0 0 0 0 0
