#  ix    iy     Npi     E/N       Tpi    Uxpi    Uypi     mupi     rho    epsilon
0 0 506 0.0587955 0.0545925 0.0499355 1.97808 0.0238029 0.00617622
0 1 540 0.0571278 0.0533899 0.0902167 2.1682 0.0253329 0.00647218
0 2 534 0.056672 0.0370825 0.173712 2.18286 0.0248005 0.00630922
0 3 534 0.0557128 0.0314654 0.208463 2.25358 0.0246469 0.00621394
0 4 520 0.0572722 0.00921441 0.267546 2.09004 0.023694 0.00606162
0 5 547 0.060567 0.0469149 0.330522 1.87576 0.0244741 0.0064547
0 6 526 0.0572765 0.0280516 0.38962 2.06478 0.0231107 0.00591263
0 7 490 0.0583062 0.0137979 0.482491 1.8809 0.0208152 0.0053766
0 8 557 0.0555474 0.0281033 0.499559 2.21925 0.0234965 0.00591469
0 9 565 0.0576148 0.0358823 0.582562 2.03445 0.0230172 0.00590731
0 10 600 0.0559421 0.0517521 0.660783 2.19121 0.0235905 0.00596046
0 11 545 0.05461 0.0299875 0.751043 2.16269 0.0205498 0.00512732
0 12 570 0.0588901 0.020106 0.866838 1.81249 0.020314 0.00527556
0 13 590 0.0551899 0.0600686 0.953973 2.09331 0.0201179 0.00504715
0 14 563 0.0591292 0.0354206 1.02667 1.70239 0.018524 0.00482134
0 15 554 0.057839 0.0599632 1.07657 1.75844 0.0177699 0.00457012
0 16 578 0.0573939 0.0416769 1.25917 1.74561 0.0169501 0.00434127
0 17 529 0.0539113 0.0343157 1.3476 1.89797 0.0148666 0.00368479
0 18 533 0.0539853 0.0431323 1.41044 1.86924 0.0145368 0.00360559
0 19 521 0.0530321 0.063334 1.6089 1.83707 0.0129658 0.00318684
0 20 536 0.0502169 0.0580339 1.72013 2.07277 0.0127016 0.00303832
0 21 483 0.0509779 0.0634992 2.03823 1.76537 0.0100312 0.00241731
0 22 458 0.0473555 0.0822107 2.17044 2.0159 0.00903492 0.00210148
0 23 438 0.047262 0.0507425 2.44921 1.87969 0.00780822 0.00181447
1 0 536 0.0584975 0.0845211 -0.00656997 2.05727 0.0251927 0.00651884
1 1 515 0.05747 0.0596033 0.078895 2.09473 0.0241746 0.00619599
1 2 507 0.0564721 0.060403 0.106334 2.15495 0.0237382 0.00602769
1 3 548 0.0613318 0.0749275 0.216606 1.85033 0.0251957 0.00669155
1 4 514 0.0569362 0.0600927 0.288923 2.09761 0.0232539 0.00593039
1 5 536 0.0572163 0.0606769 0.347213 2.10076 0.0238451 0.00609711
1 6 556 0.0566277 0.0656451 0.404251 2.16474 0.0242699 0.00617168
1 7 555 0.0585875 0.111047 0.508872 1.96888 0.0232186 0.00601305
1 8 499 0.0544911 0.0970112 0.556555 2.16991 0.0204935 0.00510749
1 9 575 0.0564989 0.100539 0.602923 2.12738 0.0231419 0.00587773
1 10 575 0.05427 0.0929615 0.685092 2.27344 0.0223098 0.00554852
1 11 552 0.0584851 0.0838388 0.735842 1.87257 0.0209242 0.00541372
1 12 510 0.0576767 0.0927988 0.808832 1.81959 0.0186557 0.0047907
1 13 543 0.0563909 0.117677 0.934148 1.92009 0.0186482 0.00473162
1 14 582 0.0558211 0.0924754 1.00975 1.99906 0.0192769 0.00486503
1 15 561 0.0587843 0.109111 1.11678 1.67735 0.0176059 0.00456781
1 16 553 0.0550136 0.106935 1.2216 1.90872 0.0164852 0.0041289
1 17 531 0.0550589 0.122285 1.34168 1.80578 0.0149285 0.0037406
1 18 563 0.0531501 0.155577 1.55105 1.92746 0.0143393 0.0035284
1 19 531 0.0507732 0.0806221 1.56275 2.08046 0.0134875 0.00324377
1 20 507 0.0509974 0.152178 1.77871 1.91637 0.0116875 0.00281697
1 21 491 0.052061 0.15083 2.02904 1.68475 0.0102159 0.00248766
1 22 460 0.0464673 0.151935 2.13653 2.1252 0.0091791 0.00211632
1 23 399 0.0456192 0.163625 2.36233 1.99099 0.00732188 0.00167394
2 0 504 0.0581745 0.133366 0.0198548 2.01482 0.0235604 0.00607825
2 1 575 0.0591643 0.135699 0.0806944 2.06878 0.0267908 0.00697523
2 2 556 0.0592437 0.157209 0.146451 2.01902 0.0256413 0.00668083
2 3 566 0.0549567 0.116935 0.195541 2.37026 0.026031 0.00651626
2 4 543 0.0594436 0.0835318 0.261945 1.96668 0.0246968 0.0064466
2 5 496 0.0534285 0.135965 0.35301 2.326 0.0218828 0.00539892
2 6 555 0.0591854 0.154216 0.390738 1.96286 0.0241362 0.0062853
2 7 580 0.0604974 0.144346 0.445129 1.89317 0.0247796 0.00653111
2 8 548 0.0554499 0.108099 0.554501 2.18413 0.0225059 0.00566013
2 9 585 0.0568248 0.13713 0.615245 2.11024 0.0233437 0.00594712
2 10 568 0.0576336 0.124833 0.681941 1.98864 0.0220186 0.00565201
2 11 598 0.0605762 0.153253 0.755615 1.78381 0.0223389 0.00589204
2 12 562 0.0563113 0.170665 0.830085 2.00757 0.020224 0.00512761
2 13 555 0.0594053 0.176776 0.931125 1.70734 0.0190012 0.00495814
2 14 609 0.0574014 0.188319 0.969476 1.9322 0.020439 0.00523521
2 15 610 0.0543771 0.172517 1.08939 2.12087 0.0193266 0.00481148
2 16 593 0.0526895 0.186904 1.23043 2.1682 0.0175203 0.00429218
2 17 591 0.0530083 0.203216 1.3563 2.07561 0.0164245 0.00403601
2 18 543 0.0557231 0.178681 1.45501 1.71766 0.0144337 0.00363936
2 19 564 0.0533808 0.194231 1.64649 1.86478 0.0137406 0.00338853
2 20 508 0.0515095 0.217228 1.76249 1.87524 0.0117576 0.00284791
2 21 525 0.0505155 0.236424 1.9864 1.90735 0.011073 0.00265643
2 22 446 0.0460044 0.247812 2.26097 2.09427 0.00846714 0.00194321
2 23 416 0.0498626 0.246793 2.28863 1.62134 0.00781864 0.00186384
3 0 543 0.056783 0.180792 0.0674897 2.18804 0.0251492 0.00640458
3 1 526 0.0565746 0.200255 0.0882795 2.16763 0.0242377 0.00616042
3 2 548 0.0587137 0.204409 0.170682 2.03243 0.0249785 0.00647639
3 3 584 0.058062 0.192218 0.211759 2.14043 0.0264853 0.00682572
3 4 505 0.0576862 0.200602 0.265494 2.01075 0.0226022 0.00580467
3 5 579 0.0594535 0.194107 0.338087 1.99584 0.025446 0.00664279
3 6 553 0.0561508 0.193907 0.41821 2.17857 0.0236891 0.00599711
3 7 586 0.0577757 0.195716 0.453415 2.09599 0.024784 0.00637028
3 8 536 0.0584491 0.179941 0.524218 1.93058 0.0221137 0.00571956
3 9 507 0.0566198 0.218224 0.570129 1.99226 0.0204122 0.0051903
3 10 567 0.0566592 0.200329 0.683135 2.05437 0.0217881 0.0055422
3 11 568 0.0565709 0.218604 0.76806 2.02149 0.020936 0.00532107
3 12 566 0.0601543 0.220865 0.84128 1.71088 0.0201443 0.00529273
3 13 556 0.0557324 0.267482 0.94451 1.97671 0.0187158 0.00471946
3 14 561 0.0570824 0.233926 1.01629 1.84738 0.018315 0.00467722
3 15 574 0.0582073 0.27428 1.13134 1.72307 0.0176427 0.00455296
3 16 585 0.0537551 0.224931 1.27828 2.03605 0.0168415 0.00416807
3 17 559 0.0532962 0.258827 1.39977 1.97023 0.0151571 0.00373483
3 18 526 0.0546149 0.310684 1.55797 1.72096 0.0132174 0.00329798
3 19 526 0.0539547 0.300177 1.65891 1.73345 0.012658 0.00313867
3 20 558 0.0515445 0.272298 1.73786 1.97312 0.0130079 0.00315184
3 21 541 0.0489435 0.301523 1.97531 2.08962 0.0114207 0.00269819
3 22 469 0.0519307 0.335506 2.19261 1.57996 0.00909228 0.00221128
3 23 422 0.0446984 0.424176 2.51403 2.08641 0.0072684 0.00164649
4 0 497 0.0566359 0.266138 0.0191454 2.09506 0.0226509 0.00576043
4 1 603 0.0559293 0.228643 0.097622 2.34932 0.0276031 0.00697346
4 2 501 0.0620658 0.264234 0.151084 1.69058 0.022608 0.00604447
4 3 566 0.0604328 0.268742 0.208487 1.91767 0.025276 0.006658
4 4 542 0.0582757 0.254306 0.302561 2.01623 0.0237763 0.00613971
4 5 544 0.0557173 0.266602 0.370276 2.19896 0.0233452 0.005886
4 6 544 0.0574921 0.270504 0.383906 2.05301 0.0232265 0.00595423
4 7 552 0.0555931 0.297968 0.493982 2.17458 0.0225538 0.00567983
4 8 574 0.0596677 0.236312 0.51528 1.9028 0.0235541 0.00616102
4 9 560 0.0563247 0.27043 0.601003 2.09321 0.022056 0.00559279
4 10 538 0.0556024 0.298529 0.6679 2.07744 0.0204815 0.00515841
4 11 582 0.0586421 0.303616 0.751645 1.87972 0.0213258 0.00552566
4 12 579 0.056676 0.293674 0.875786 1.97051 0.0200621 0.00510396
4 13 600 0.0596488 0.321653 0.928445 1.74995 0.0201875 0.00527951
4 14 588 0.0561877 0.3157 1.01974 1.95303 0.0189619 0.00480204
4 15 592 0.0541745 0.342497 1.12293 2.07281 0.0181074 0.00449928
4 16 575 0.0558691 0.334258 1.30122 1.82094 0.0161947 0.00408899
4 17 573 0.0559371 0.346691 1.3692 1.77919 0.015618 0.00394592
4 18 561 0.0558204 0.369685 1.55062 1.6837 0.0140624 0.00354898
4 19 535 0.0549754 0.395831 1.65927 1.65593 0.0127625 0.00319537
4 20 529 0.0511984 0.364248 1.72298 1.95061 0.0123213 0.00297552
4 21 504 0.0528539 0.446087 1.93926 1.65827 0.010675 0.0026193
4 22 412 0.0489722 0.470543 2.2719 1.69158 0.00769221 0.00181783
4 23 441 0.0467964 0.475335 2.45598 1.91732 0.00772148 0.00178607
5 0 512 0.0568253 0.307692 0.0352669 2.0984 0.0230699 0.00587737
5 1 556 0.0545534 0.337638 0.108938 2.35207 0.024717 0.00616374
5 2 531 0.0545108 0.306544 0.160138 2.31242 0.0236714 0.00590063
5 3 556 0.0546219 0.316396 0.219826 2.33641 0.024473 0.00610686
5 4 556 0.0593914 0.33991 0.27784 1.94251 0.0240141 0.00626541
5 5 578 0.0579975 0.316586 0.355679 2.07216 0.024616 0.00634015
5 6 558 0.0575499 0.309469 0.410647 2.0563 0.0234075 0.00600386
5 7 570 0.0574663 0.322437 0.483467 2.05587 0.0232466 0.00595793
5 8 564 0.0583932 0.33379 0.556576 1.94392 0.022316 0.00576891
5 9 556 0.0594747 0.349488 0.633538 1.81397 0.0212479 0.00554793
5 10 584 0.0577405 0.350315 0.708629 1.9617 0.0216106 0.0055528
5 11 579 0.0537809 0.333631 0.759237 2.2556 0.0210227 0.00520416
5 12 630 0.0566356 0.344527 0.881162 2.04695 0.0215866 0.00548973
5 13 625 0.055781 0.357766 0.912931 2.09031 0.0210502 0.00531056
5 14 619 0.0565131 0.406413 1.05289 1.94799 0.0193635 0.00491873
5 15 603 0.0576775 0.36872 1.17484 1.77991 0.0179311 0.00460467
5 16 570 0.0555476 0.432682 1.23364 1.85571 0.0163353 0.00411204
5 17 571 0.055674 0.445889 1.34339 1.79558 0.0155413 0.00391681
5 18 610 0.056684 0.463929 1.47629 1.7194 0.0156169 0.00397338
5 19 579 0.0556854 0.496625 1.65012 1.66913 0.013708 0.00345514
5 20 531 0.0532843 0.449836 1.74145 1.75186 0.0121712 0.00299873
5 21 545 0.0501374 0.516702 1.97563 1.96392 0.0113061 0.00270241
5 22 449 0.0475614 0.565823 2.43663 1.85552 0.00786181 0.00183234
5 23 354 0.0418838 0.634881 2.59966 2.20416 0.00584503 0.00128696
6 0 563 0.05721 0.331296 0.04533 2.15596 0.0251859 0.00643955
6 1 547 0.0537033 0.354265 0.102794 2.40331 0.0242074 0.00598812
6 2 514 0.0539076 0.366109 0.164002 2.31278 0.0225021 0.00557712
6 3 560 0.0575127 0.405236 0.221853 2.08332 0.0239797 0.00614849
6 4 598 0.0572935 0.4159 0.269768 2.15288 0.0252726 0.00646677
6 5 542 0.0584646 0.389901 0.331264 1.95822 0.0227602 0.00588762
6 6 605 0.057275 0.371369 0.394943 2.147 0.0250882 0.00641848
6 7 566 0.0600937 0.353032 0.485336 1.84315 0.0228919 0.00601129
6 8 616 0.0578053 0.390356 0.537603 2.06996 0.0242021 0.00622244
6 9 551 0.0584803 0.40692 0.618513 1.87123 0.0208886 0.00540428
6 10 647 0.0593832 0.407488 0.721382 1.92152 0.0235008 0.00613101
6 11 605 0.0569668 0.414618 0.786417 2.00875 0.021328 0.00544079
6 12 585 0.0560299 0.40468 0.863854 2.01734 0.0199665 0.00504897
6 13 629 0.058129 0.46458 0.986889 1.85694 0.02005 0.00517044
6 14 595 0.0558141 0.46318 1.04758 1.95623 0.0184583 0.00465812
6 15 577 0.0581021 0.475873 1.15039 1.69659 0.0170444 0.00439427
6 16 547 0.0584385 0.547678 1.31703 1.53061 0.0148118 0.0038306
6 17 585 0.0542001 0.50944 1.48816 1.86926 0.0148046 0.0036795
6 18 529 0.0559378 0.526137 1.52708 1.60601 0.0131353 0.00331866
6 19 513 0.0525921 0.589937 1.70635 1.77513 0.0117245 0.00286963
6 20 514 0.0514996 0.59476 1.89787 1.79961 0.0108912 0.00263782
6 21 468 0.0495468 0.622721 2.05573 1.8271 0.00931712 0.00221423
6 22 419 0.0500794 0.644809 2.16687 1.62292 0.00799501 0.00190991
6 23 441 0.0435171 0.731294 2.52822 2.23956 0.0073885 0.00165394
7 0 591 0.0577729 0.426829 0.0247599 2.12989 0.0256328 0.00658829
7 1 554 0.0607932 0.445561 0.0900801 1.83117 0.0237895 0.00628712
7 2 571 0.0556392 0.412239 0.163975 2.25847 0.0246198 0.00620281
7 3 557 0.0569809 0.445536 0.240581 2.10207 0.02344 0.00598038
7 4 607 0.0556202 0.450552 0.301154 2.28224 0.0251731 0.00634109
7 5 596 0.0572871 0.439505 0.310331 2.13278 0.0247574 0.00633456
7 6 566 0.0574026 0.491047 0.431147 2.02147 0.0223494 0.0057246
7 7 541 0.0594936 0.442173 0.49067 1.81471 0.0212933 0.00556075
7 8 622 0.0600436 0.480275 0.529329 1.88861 0.0238695 0.00626512
7 9 609 0.0571066 0.457851 0.67045 2.04243 0.0223019 0.00569667
7 10 621 0.0577798 0.518946 0.718925 1.97278 0.0219177 0.00563378
7 11 603 0.0580855 0.553941 0.796666 1.87822 0.0204131 0.00526196
7 12 585 0.0577138 0.508218 0.866244 1.85944 0.01947 0.00500154
7 13 620 0.0560149 0.564631 1.00672 1.97679 0.0191498 0.00484176
7 14 519 0.0558439 0.568617 1.11139 1.76649 0.0153051 0.00386348
7 15 580 0.0597581 0.576982 1.21857 1.52791 0.0162981 0.00426662
7 16 590 0.0548376 0.609436 1.30914 1.88366 0.0158442 0.00396176
7 17 543 0.0503966 0.639885 1.51713 2.10147 0.0132957 0.00318597
7 18 571 0.0539447 0.684948 1.56398 1.80696 0.0136121 0.00337492
7 19 517 0.0526554 0.689778 1.76288 1.74065 0.0113908 0.00278963
7 20 444 0.053629 0.736295 1.9251 1.43591 0.00914205 0.00225984
7 21 487 0.0496101 0.777137 2.25295 1.77385 0.00888819 0.0021136
7 22 439 0.0470027 0.799953 2.36628 1.89234 0.00769632 0.00178389
7 23 325 0.0436137 0.851744 2.5503 1.90419 0.00534392 0.00119742
8 0 593 0.0558784 0.488744 0.0681686 2.25773 0.0250838 0.00633395
8 1 579 0.0570083 0.499656 0.0704985 2.13935 0.0243829 0.00622253
8 2 562 0.0573848 0.518376 0.185469 2.06117 0.0232225 0.00594725
8 3 520 0.0576732 0.502234 0.221614 1.96183 0.0215016 0.00552133
8 4 555 0.0574835 0.522172 0.318568 2.01443 0.0223326 0.00572462
8 5 576 0.0567986 0.496361 0.347474 2.10774 0.0232372 0.00591854
8 6 558 0.0569694 0.527897 0.420749 2.03114 0.0218153 0.00556525
8 7 597 0.0580128 0.501906 0.485103 2.00705 0.0230913 0.00594831
8 8 593 0.0562086 0.515208 0.54655 2.11644 0.0223655 0.00566511
8 9 593 0.0547096 0.538306 0.643722 2.19618 0.0214272 0.00535126
8 10 617 0.0557915 0.562867 0.712606 2.11273 0.0215458 0.00543612
8 11 590 0.0585545 0.586947 0.830587 1.79744 0.0195119 0.00505156
8 12 582 0.0568596 0.624232 0.889114 1.87993 0.0185926 0.00473825
8 13 593 0.0555178 0.599044 0.965061 1.98169 0.0184834 0.00465147
8 14 566 0.0580081 0.628697 1.10289 1.67256 0.0165206 0.0042555
8 15 611 0.0553915 0.65036 1.24647 1.89083 0.0167048 0.00419886
8 16 592 0.0552564 0.695626 1.32508 1.82799 0.0155142 0.00389464
8 17 568 0.0508523 0.715399 1.51573 2.09074 0.0137276 0.00330404
8 18 521 0.0508739 0.738697 1.60547 1.96276 0.0121028 0.00291357
8 19 505 0.0506058 0.792725 1.77909 1.88128 0.0108799 0.0026124
8 20 511 0.0499139 0.812851 1.81716 1.94129 0.0108199 0.00258057
8 21 432 0.0452312 0.893102 2.17987 2.11776 0.00796241 0.00181334
8 22 412 0.0467924 0.909551 2.3987 1.82794 0.00705826 0.0016326
8 23 383 0.043478 0.97229 2.60998 2.05335 0.00610487 0.00136605
9 0 561 0.0570278 0.541285 0.0195132 2.09104 0.0232684 0.00593917
9 1 552 0.0582954 0.506813 0.0779311 1.98887 0.0231693 0.00598407
9 2 546 0.0605527 0.545199 0.147627 1.78934 0.0224248 0.00591344
9 3 597 0.0588639 0.53271 0.230975 1.9958 0.024353 0.00632295
9 4 591 0.0589779 0.572556 0.276768 1.95262 0.0235236 0.00611405
9 5 591 0.0559379 0.582024 0.390517 2.1587 0.0228284 0.00576767
9 6 593 0.0555613 0.598542 0.41858 2.17869 0.0225882 0.0056868
9 7 617 0.0542108 0.584922 0.504329 2.31039 0.0230339 0.00572539
9 8 611 0.0563342 0.613594 0.541307 2.1037 0.0223054 0.00565655
9 9 633 0.058002 0.614682 0.672994 1.96253 0.0220675 0.005684
9 10 608 0.0576919 0.668362 0.748767 1.90002 0.0202421 0.00519881
9 11 611 0.055966 0.632085 0.821313 2.02477 0.0200121 0.00505745
9 12 558 0.0576522 0.669277 0.87312 1.76912 0.0177042 0.00454532
9 13 635 0.0573114 0.696254 0.974602 1.87649 0.0191965 0.00491283
9 14 537 0.0549915 0.736729 1.10301 1.83258 0.0152486 0.0038184
9 15 557 0.0547951 0.787422 1.25891 1.81062 0.0146762 0.00366823
9 16 577 0.0548481 0.788414 1.3358 1.81106 0.0147476 0.00368792
9 17 573 0.0527762 0.799236 1.49391 1.91739 0.0137383 0.00336844
9 18 548 0.0542637 0.8759 1.73423 1.63955 0.0118296 0.00294188
9 19 523 0.0493197 0.89122 1.7712 2.02507 0.0111091 0.00263426
9 20 517 0.0505183 0.945398 2.03846 1.79665 0.00991538 0.00237878
9 21 425 0.0454934 1.06243 2.3266 2.00183 0.00729987 0.00166682
9 22 396 0.0476311 1.08533 2.49372 1.64984 0.00644626 0.00150345
9 23 355 0.0436087 1.11616 2.75343 1.90436 0.00534167 0.00119685
10 0 565 0.0616964 0.629347 0.0373391 1.71351 0.0225445 0.00600732
10 1 559 0.0533508 0.63972 0.105084 2.34375 0.0221253 0.00545469
10 2 635 0.0584188 0.647463 0.167671 2.05144 0.0248975 0.00643777
10 3 617 0.0579157 0.652978 0.223318 2.05115 0.0239535 0.00616484
10 4 625 0.0555814 0.65382 0.277793 2.2391 0.024034 0.00605193
10 5 608 0.0594272 0.67284 0.358426 1.88831 0.0228075 0.00595254
10 6 595 0.0609783 0.689519 0.463457 1.72084 0.0215878 0.0057149
10 7 605 0.0569634 0.665089 0.524619 2.02977 0.0217752 0.00555471
10 8 606 0.059816 0.704039 0.585291 1.7811 0.0210832 0.00552223
10 9 609 0.0610367 0.69086 0.679523 1.67129 0.0206295 0.00546411
10 10 585 0.0567588 0.70065 0.766537 1.91691 0.0191402 0.0048732
10 11 606 0.0580496 0.717035 0.854277 1.81355 0.0190824 0.00491728
10 12 606 0.0580573 0.750429 0.929399 1.77376 0.0183488 0.0047286
10 13 575 0.056423 0.814255 1.07085 1.77561 0.0161808 0.00410678
10 14 641 0.0543335 0.873074 1.18609 1.99537 0.0169846 0.00422668
10 15 597 0.0509587 0.887745 1.2501 2.19475 0.0153837 0.00370646
10 16 527 0.0540403 0.887749 1.41563 1.73461 0.0127654 0.00316787
10 17 577 0.0521619 0.946155 1.57847 1.9163 0.0129947 0.00316741
10 18 542 0.0541769 0.974556 1.64695 1.64781 0.0118404 0.00294216
10 19 491 0.0486321 1.03086 1.92132 1.95254 0.00965506 0.00227411
10 20 448 0.0479639 1.04984 2.00751 1.89632 0.00853358 0.00199681
10 21 430 0.0496206 1.0768 2.17117 1.63406 0.0077365 0.00183992
10 22 339 0.044279 1.23469 2.51762 1.83184 0.00537126 0.00121163
10 23 313 0.0413566 1.24862 2.76199 2.03701 0.00462564 0.00101302
11 0 616 0.0591002 0.705496 0.027183 1.95252 0.0237368 0.00617643
11 1 635 0.0553187 0.725383 0.0826628 2.26712 0.0241916 0.00607654
11 2 589 0.0581898 0.744115 0.190731 1.94661 0.0220328 0.00568496
11 3 589 0.0576144 0.717123 0.245448 1.9957 0.0221415 0.00568254
11 4 602 0.0587385 0.737115 0.292127 1.91493 0.0222507 0.00577043
11 5 638 0.0585078 0.733192 0.35072 1.9807 0.0233537 0.00604357
11 6 629 0.0583919 0.767641 0.395357 1.9503 0.0224566 0.00580519
11 7 585 0.0609708 0.800951 0.538012 1.63785 0.0198578 0.00525656
11 8 644 0.0597313 0.842473 0.632778 1.77915 0.0209118 0.00547308
11 9 622 0.0559865 0.818922 0.722306 2.01323 0.0198152 0.00500866
11 10 637 0.0589571 0.841781 0.766978 1.78316 0.0198261 0.00515204
11 11 630 0.0603961 0.854505 0.874108 1.62518 0.0188163 0.00495478
11 12 617 0.0560887 0.880642 0.975797 1.88769 0.0176218 0.00445851
11 13 640 0.0564013 0.881389 1.00958 1.88687 0.0180537 0.00458122
11 14 589 0.0574939 0.900976 1.132 1.6674 0.0157971 0.00404973
11 15 564 0.0553288 0.954416 1.32006 1.71349 0.0139184 0.00349643
11 16 531 0.0540238 0.938888 1.38754 1.74165 0.0128375 0.00318527
11 17 495 0.0525807 1.01946 1.56149 1.71547 0.0110344 0.00270042
11 18 496 0.0487287 1.13989 1.82327 1.96454 0.00986588 0.00232596
11 19 481 0.0506342 1.12756 1.90916 1.72471 0.00932793 0.00224036
11 20 452 0.049261 1.27992 2.12037 1.70027 0.00798236 0.00189174
11 21 355 0.0491642 1.34665 2.39151 1.37867 0.00573253 0.00135726
11 22 335 0.0459673 1.46069 2.72199 1.54451 0.00486665 0.00111649
11 23 295 0.0394326 1.49871 2.91271 2.1631 0.00406291 0.000872402
12 0 644 0.0592958 0.82939 0.0390709 1.92246 0.0233712 0.0060923
12 1 617 0.0574217 0.815855 0.0906421 2.02649 0.0224954 0.00576301
12 2 603 0.0568446 0.814047 0.156996 2.0447 0.0218969 0.00557955
12 3 660 0.0578335 0.815375 0.252564 2.04593 0.0236787 0.00608946
12 4 622 0.0606533 0.813717 0.304595 1.76967 0.0221476 0.00584572
12 5 610 0.0600884 0.853704 0.40932 1.75224 0.0208946 0.00548654
12 6 645 0.0586635 0.827017 0.455693 1.91473 0.0221211 0.00573286
12 7 599 0.059706 0.880361 0.497434 1.72979 0.0198678 0.00519863
12 8 607 0.0606278 0.883468 0.637315 1.63711 0.0193624 0.0051094
12 9 637 0.0564441 0.946195 0.698154 1.95875 0.0194656 0.00494148
12 10 645 0.0584259 0.965769 0.793277 1.781 0.0190079 0.00491522
12 11 638 0.0571089 0.980547 0.886657 1.83655 0.0181554 0.00463761
12 12 614 0.0552594 1.02826 1.00144 1.89273 0.0165561 0.0041563
12 13 605 0.0529022 0.990267 1.10066 2.05702 0.0159728 0.00392105
12 14 635 0.0554407 1.03849 1.20464 1.84014 0.0159432 0.00400928
12 15 578 0.0558179 1.12588 1.36567 1.63652 0.0134115 0.00338463
12 16 571 0.0540645 1.16775 1.51564 1.70961 0.0124759 0.00309674
12 17 521 0.0524297 1.15571 1.61615 1.73015 0.0110485 0.00269997
12 18 490 0.0508201 1.17979 1.7543 1.76514 0.00988298 0.00237795
12 19 475 0.0516809 1.195 1.8518 1.62062 0.00925791 0.00224615
12 20 425 0.0494422 1.33433 2.1929 1.59011 0.00727702 0.00172763
12 21 367 0.0431089 1.49875 2.44589 2.02845 0.00569852 0.00127038
12 22 339 0.0453672 1.55896 2.74056 1.60366 0.00483431 0.00110245
12 23 222 0.036975 1.72737 3.09439 2.16362 0.00284382 0.000595275
13 0 594 0.0600783 0.90748 0.0380693 1.74558 0.0207407 0.00544562
13 1 659 0.0595824 0.906747 0.11116 1.8831 0.0229501 0.00599833
13 2 643 0.0562471 0.896632 0.167194 2.1153 0.0224091 0.00567819
13 3 622 0.0579704 0.87151 0.235131 1.95179 0.021779 0.00560805
13 4 658 0.0578804 0.961527 0.329193 1.95822 0.0217687 0.0056007
13 5 689 0.0552993 0.936002 0.386815 2.21098 0.0228346 0.00573463
13 6 568 0.0571065 0.975504 0.500537 1.83117 0.0180547 0.00461178
13 7 625 0.0593406 0.941763 0.559439 1.75718 0.0198767 0.00518349
13 8 655 0.0577649 1.03882 0.647768 1.85937 0.0195454 0.00502329
13 9 669 0.0561247 1.03514 0.752285 1.98253 0.0194312 0.00491797
13 10 610 0.0595927 1.00931 0.803364 1.61854 0.0176286 0.00460792
13 11 603 0.0562149 1.07026 0.926552 1.80637 0.016411 0.0041571
13 12 599 0.0605475 1.11135 1.07124 1.41147 0.0153625 0.00405091
13 13 555 0.0544469 1.064 1.085 1.82011 0.0143909 0.00358507
13 14 622 0.0559063 1.19477 1.2727 1.71317 0.014584 0.00368359
13 15 604 0.0533556 1.15054 1.31612 1.8961 0.0141468 0.00348786
13 16 565 0.05413 1.19528 1.41005 1.72036 0.012681 0.00314961
13 17 513 0.0485128 1.40167 1.77538 1.97773 0.0097842 0.00230183
13 18 453 0.0515812 1.37132 1.93572 1.52049 0.00830017 0.00201186
13 19 478 0.0504943 1.33821 1.90313 1.6913 0.00890371 0.00213557
13 20 384 0.0488328 1.62334 2.3466 1.45534 0.00599074 0.00141381
13 21 311 0.0425764 1.63829 2.55815 1.87597 0.00458698 0.00101709
13 22 249 0.043387 1.68146 2.72757 1.50757 0.00349913 0.000782264
13 23 218 0.0371799 1.92254 3.23678 2.05799 0.00263989 0.00055377
14 0 652 0.0569256 1.01935 0.00865868 2.02175 0.0215371 0.00549203
14 1 668 0.0581719 1.01403 0.094303 1.94996 0.0220765 0.00569528
14 2 659 0.0613688 1.03148 0.15949 1.68933 0.021505 0.00571328
14 3 609 0.0588324 1.01259 0.269023 1.7929 0.0198339 0.00514814
14 4 703 0.0601909 1.03786 0.301283 1.81977 0.0225215 0.00591929
14 5 676 0.0576034 1.00436 0.411245 1.97212 0.0216071 0.00554482
14 6 640 0.0569571 1.01111 0.456315 1.95583 0.0202133 0.00515596
14 7 717 0.0596552 1.06484 0.576783 1.81408 0.0215346 0.00563214
14 8 694 0.0565223 1.08331 0.654031 1.99434 0.0202968 0.00515625
14 9 692 0.0572306 1.14883 0.749208 1.88456 0.0192305 0.00491782
14 10 613 0.0572028 1.18052 0.844282 1.72786 0.0164056 0.00419433
14 11 645 0.05449 1.20446 0.923509 1.96764 0.016739 0.00417175
14 12 611 0.0540686 1.24068 1.03176 1.90557 0.0151818 0.00376856
14 13 578 0.0498609 1.28849 1.26082 2.14711 0.0132253 0.00315264
14 14 557 0.0546168 1.30108 1.30238 1.66828 0.0125411 0.0031293
14 15 531 0.051942 1.3843 1.49314 1.77319 0.0110417 0.00268567
14 16 518 0.0527402 1.37562 1.50491 1.67616 0.0107595 0.00263717
14 17 510 0.0477143 1.46873 1.73892 2.04747 0.00967619 0.00225861
14 18 455 0.0495952 1.52728 1.91567 1.68373 0.0081106 0.00192841
14 19 405 0.04402 1.59297 2.09763 2.0948 0.0067807 0.00152559
14 20 344 0.0437227 1.67944 2.30248 1.89673 0.00537254 0.00120515
14 21 276 0.0405436 1.86504 2.65927 1.9542 0.00383072 0.000831986
14 22 249 0.0351232 2.02175 2.9959 2.55571 0.00313203 0.000643009
14 23 179 0.0357345 2.2307 3.4583 2.0037 0.00199368 0.000411942
15 0 702 0.0574142 1.13509 0.051268 1.99918 0.0218768 0.00560414
15 1 718 0.0613529 1.09283 0.114277 1.74874 0.0227957 0.00605532
15 2 673 0.0590464 1.17576 0.188438 1.80579 0.0204154 0.00530956
15 3 635 0.0604286 1.13209 0.249107 1.66187 0.0195654 0.00515355
15 4 645 0.0590045 1.16908 0.330535 1.75455 0.0193352 0.00502667
15 5 591 0.0585996 1.2035 0.448471 1.66363 0.0171264 0.00443581
15 6 641 0.0585992 1.18954 0.53599 1.73502 0.0183931 0.00476388
15 7 611 0.0580824 1.18693 0.558202 1.72298 0.0174739 0.00450417
15 8 648 0.0563812 1.24406 0.707142 1.8578 0.0175085 0.00444204
15 9 654 0.0550858 1.27427 0.830698 1.93034 0.0169464 0.00424732
15 10 640 0.0569842 1.32645 0.935038 1.7097 0.0158368 0.00404064
15 11 594 0.0550551 1.31176 0.966068 1.7878 0.0146577 0.00367264
15 12 630 0.0538916 1.37742 1.07575 1.89234 0.0147583 0.00365725
15 13 621 0.0599605 1.36445 1.1942 1.37151 0.0141461 0.00371015
15 14 571 0.0546103 1.44351 1.36882 1.63276 0.0120969 0.00301826
15 15 515 0.0548743 1.46977 1.45857 1.47528 0.0105643 0.00264247
15 16 479 0.0501848 1.53717 1.62355 1.756 0.00922502 0.002206
15 17 488 0.0487774 1.69383 1.87561 1.80707 0.00846936 0.00199768
15 18 395 0.0458912 1.66137 1.98504 1.87462 0.0067143 0.0015392
15 19 372 0.0453291 1.85211 2.22701 1.77722 0.00572634 0.00130538
15 20 325 0.0398306 1.99723 2.56915 2.21145 0.00450314 0.000970899
15 21 242 0.0403814 2.12037 2.84797 1.76228 0.00309457 0.000670988
15 22 199 0.0362129 2.10124 3.0608 2.12968 0.00244132 0.000506971
15 23 128 0.0318855 2.20165 3.30734 2.38495 0.00147368 0.000292341
16 0 703 0.0578045 1.2401 0.0223535 1.91918 0.0208135 0.00535117
16 1 672 0.0607355 1.21845 0.0939901 1.66548 0.020074 0.00530238
16 2 678 0.0583393 1.26618 0.159032 1.82464 0.019726 0.00509682
16 3 670 0.0601672 1.26093 0.265495 1.67105 0.0193759 0.00509144
16 4 655 0.0576283 1.31049 0.357234 1.80502 0.0183174 0.00470171
16 5 676 0.0587891 1.2401 0.417981 1.77199 0.0193607 0.0050233
16 6 609 0.056582 1.39607 0.56968 1.74401 0.0158771 0.00403573
16 7 644 0.0571707 1.34884 0.595037 1.76904 0.0170524 0.00435838
16 8 653 0.0578978 1.28302 0.68201 1.73647 0.0174626 0.00449354
16 9 607 0.0551989 1.3579 0.793248 1.82296 0.0153636 0.00385472
16 10 595 0.0546269 1.44444 0.897535 1.79353 0.0142264 0.00355016
16 11 595 0.054199 1.47021 1.02412 1.7902 0.013678 0.00339947
16 12 624 0.0536585 1.53697 1.13525 1.83409 0.0136481 0.00337464
16 13 579 0.0552684 1.51753 1.22451 1.60799 0.0124628 0.00312898
16 14 507 0.0498948 1.61576 1.41439 1.87386 0.0100959 0.00240745
16 15 480 0.0520528 1.8008 1.63301 1.51487 0.00861348 0.0020973
16 16 481 0.0470907 1.7118 1.63709 2.01993 0.00882465 0.0020472
16 17 437 0.0500622 1.74874 1.81633 1.57383 0.0075996 0.00181515
16 18 342 0.0412113 2.00928 2.13931 2.17326 0.00520285 0.00113774
16 19 331 0.0386158 2.00538 2.32835 2.45106 0.00483153 0.00102873
16 20 257 0.0389846 2.21249 2.65855 2.03767 0.00336702 0.000719644
16 21 199 0.0358955 2.27528 2.87908 2.19117 0.00246799 0.000510807
16 22 142 0.0283998 2.24036 3.04428 3.28449 0.00171314 0.000327342
16 23 98 0.0276604 2.62932 3.54247 2.94694 0.00102191 0.000193704
17 0 712 0.0590451 1.32843 0.0313471 1.79502 0.0201948 0.00525213
17 1 721 0.0597744 1.36169 0.128044 1.73505 0.020073 0.00525564
17 2 698 0.0577364 1.38202 0.182248 1.8433 0.0191915 0.00493103
17 3 639 0.0594513 1.43219 0.262907 1.59638 0.0170635 0.0044544
17 4 731 0.0606288 1.36694 0.351988 1.66607 0.0199329 0.00525999
17 5 656 0.057256 1.42112 0.45273 1.77284 0.0172319 0.00440777
17 6 697 0.0564605 1.42329 0.50489 1.88756 0.0181517 0.00460862
17 7 675 0.057292 1.43514 0.629028 1.76404 0.0171287 0.00438285
17 8 572 0.0581245 1.3905 0.704346 1.53798 0.0145693 0.00375694
17 9 626 0.0542578 1.49957 0.80779 1.87415 0.0149499 0.00371765
17 10 617 0.0549724 1.57289 0.911368 1.7507 0.0140276 0.00351201
17 11 580 0.0557586 1.63895 1.03278 1.57487 0.0125492 0.00316526
17 12 577 0.0538825 1.63507 1.14193 1.70269 0.0121993 0.00302287
17 13 529 0.0508543 1.76361 1.32757 1.80296 0.0102967 0.00247832
17 14 508 0.0521661 1.89205 1.53169 1.56022 0.00910519 0.00221944
17 15 441 0.0465127 1.94913 1.65061 1.92944 0.00758384 0.00174931
17 16 440 0.0454724 1.92137 1.78546 2.01692 0.00739377 0.0016879
17 17 391 0.0473976 1.99807 1.96453 1.63484 0.0061991 0.00144248
17 18 299 0.0407683 2.17783 2.24414 2.03922 0.0042958 0.000935147
17 19 291 0.038256 2.33557 2.48138 2.27964 0.00386512 0.000819902
17 20 236 0.0381542 2.60017 2.91599 1.9578 0.00276035 0.000584931
17 21 174 0.0339433 2.42828 2.98174 2.34139 0.00206566 0.000418836
17 22 125 0.0279155 2.64059 3.29166 3.16975 0.00135958 0.000258425
17 23 68 0.0239105 2.9564 3.72171 3.56233 0.000660383 0.00012015
18 0 684 0.0600045 1.51685 0.0626069 1.59513 0.0177481 0.00465673
18 1 684 0.060027 1.55266 0.109208 1.57596 0.0174396 0.00457674
18 2 712 0.0565335 1.55844 0.19246 1.87559 0.0180403 0.00458349
18 3 687 0.058179 1.55902 0.33609 1.70068 0.0172149 0.00444139
18 4 692 0.0576344 1.63318 0.392428 1.712 0.0166981 0.0042863
18 5 686 0.0567515 1.50629 0.452236 1.82001 0.0173624 0.00442026
18 6 702 0.0562311 1.56561 0.561695 1.84396 0.0170618 0.0043226
18 7 644 0.0576697 1.67978 0.66579 1.58246 0.0147093 0.00377705
18 8 620 0.0566189 1.66439 0.805466 1.60897 0.0139122 0.00353748
18 9 598 0.056818 1.66331 0.843496 1.55045 0.0133297 0.00339569
18 10 599 0.0547325 1.74215 0.921007 1.67795 0.0127859 0.00319387
18 11 537 0.0517684 1.6897 1.056 1.81747 0.0113619 0.00275895
18 12 530 0.0545979 1.88307 1.23783 1.45737 0.0101404 0.0025298
18 13 498 0.0505406 1.86838 1.30056 1.74622 0.00944752 0.00226703
18 14 470 0.0468591 1.99456 1.48869 1.97878 0.00826539 0.00191307
18 15 396 0.0475438 2.00454 1.66396 1.69652 0.00669384 0.00155985
18 16 343 0.0481426 2.03344 1.79467 1.45643 0.00559714 0.001312
18 17 376 0.041927 2.31393 2.14834 2.11116 0.00535495 0.00117957
18 18 285 0.0421987 2.58332 2.50088 1.68081 0.00360218 0.000795672
18 19 213 0.0347045 2.55333 2.58143 2.46565 0.00266781 0.000545294
18 20 153 0.035781 2.62083 2.78737 1.90779 0.001825 0.000377272
18 21 112 0.0345994 2.67952 2.93452 1.75634 0.00128926 0.00026323
18 22 73 0.0243723 2.88932 3.58666 3.51887 0.000730618 0.000133604
18 23 36 0.0220375 2.90125 3.64997 3.58464 0.000356103 6.34649e-05
19 0 704 0.0576967 1.70712 0.0407541 1.71214 0.0167811 0.00431011
19 1 648 0.0560145 1.65789 0.122451 1.78172 0.0157557 0.0039836
19 2 673 0.0595927 1.62482 0.211919 1.55464 0.0165373 0.00432265
19 3 620 0.054288 1.67448 0.280835 1.86434 0.0148418 0.00369183
19 4 671 0.0565926 1.74192 0.404244 1.71579 0.0154483 0.00392711
19 5 670 0.0574504 1.77608 0.508044 1.622 0.015045 0.00385537
19 6 622 0.0558817 1.74481 0.578758 1.67574 0.0140201 0.00354035
19 7 596 0.0582409 1.73884 0.654067 1.43982 0.0133249 0.00343976
19 8 556 0.0551808 1.89704 0.814963 1.52887 0.0114321 0.00286782
19 9 604 0.0521744 1.88305 0.899921 1.86112 0.0123109 0.0030011
19 10 560 0.0515397 1.91218 1.03269 1.80969 0.0110419 0.00267535
19 11 548 0.0492002 2.04874 1.18664 1.93731 0.0100576 0.00238212
19 12 489 0.0511207 2.10505 1.30101 1.60308 0.00864201 0.00208542
19 13 438 0.0492417 2.1174 1.44062 1.64178 0.00751472 0.00178057
19 14 392 0.0469913 2.12673 1.54851 1.73531 0.00656998 0.00152265
19 15 334 0.0450521 2.24042 1.71406 1.72392 0.00526402 0.00119667
19 16 312 0.041224 2.50783 2.05706 1.98935 0.0043359 0.000948281
19 17 255 0.0441937 2.46592 2.20353 1.40808 0.00348152 0.000784676
19 18 213 0.0401135 2.559 2.27235 1.70447 0.00281797 0.000609335
19 19 177 0.036122 2.81751 2.74381 1.97303 0.00205746 0.000426851
19 20 122 0.0318091 3.19082 3.19573 2.23059 0.00124416 0.00024661
19 21 66 0.0293281 3.04906 3.18113 2.15962 0.000688999 0.000132979
19 22 36 0.0268266 3.83139 4.21974 1.91126 0.000293452 5.5122e-05
19 23 17 0.0192388 3.23521 3.746 3.93467 0.0001588 2.74364e-05
20 0 677 0.0570117 1.87237 0.0469404 1.65595 0.0150405 0.00383847
20 1 605 0.0594062 1.91419 0.141938 1.3419 0.0131856 0.00344065
20 2 647 0.0523494 1.87461 0.216901 1.99455 0.0142899 0.00348938
20 3 622 0.0553203 1.88293 0.308297 1.69251 0.0136199 0.00342114
20 4 614 0.0550416 1.95512 0.432391 1.66427 0.0129401 0.00324185
20 5 621 0.055047 1.93791 0.544286 1.67096 0.0130327 0.00326522
20 6 552 0.0534508 1.93797 0.606837 1.68096 0.0115027 0.00283854
20 7 548 0.0541938 1.9127 0.713087 1.60599 0.0113718 0.00282615
20 8 579 0.0543189 2.10325 0.853391 1.56321 0.0110113 0.00273981
20 9 542 0.0524893 2.07479 0.961706 1.64917 0.0102431 0.00250458
20 10 508 0.0532232 2.1362 1.03924 1.48777 0.0092968 0.00228921
20 11 454 0.0522556 2.22673 1.17988 1.41008 0.00789885 0.00192704
20 12 431 0.0469403 2.32729 1.39005 1.80922 0.00703617 0.00162987
20 13 421 0.0462109 2.23499 1.42539 1.88299 0.00700925 0.00161193
20 14 361 0.0461273 2.45004 1.6754 1.63797 0.00543681 0.00124928
20 15 327 0.0423301 2.62087 1.96001 1.88872 0.00450736 0.000996942
20 16 271 0.0402667 2.62212 2.03562 1.95279 0.00368718 0.000798543
20 17 212 0.0356868 2.82265 2.35677 2.28621 0.00262416 0.000541943
20 18 131 0.0416272 3.00128 2.65192 0.874333 0.00149691 0.00032873
20 19 134 0.032977 3.32889 3.03415 2.10486 0.00136996 0.000274942
20 20 76 0.0286213 3.50614 3.38123 2.36683 0.000720947 0.000138087
20 21 30 0.0233133 3.44222 3.65493 2.88571 0.000276423 4.99627e-05
20 22 18 0.0199477 3.93204 4.04766 3.54487 0.000148151 2.57991e-05
20 23 0 0 0 0 0 0 0
21 0 645 0.0559725 2.08838 0.011545 1.60354 0.0131396 0.00332084
21 1 579 0.0576215 2.02354 0.118173 1.38952 0.0120834 0.00310136
21 2 585 0.0540318 2.1446 0.223991 1.64043 0.0116096 0.00288082
21 3 564 0.0555833 2.04435 0.312951 1.50881 0.0115808 0.00291617
21 4 569 0.052561 2.08269 0.453032 1.74983 0.0114002 0.0027894
21 5 565 0.0538966 2.1396 0.549433 1.59718 0.0109909 0.00272378
21 6 579 0.0525677 2.1522 0.621301 1.72554 0.0111331 0.00272425
21 7 505 0.0501537 2.30876 0.789687 1.73793 0.00903315 0.00215947
21 8 508 0.0535683 2.2946 0.884361 1.42841 0.00902645 0.00222997
21 9 463 0.0464941 2.36626 1.03723 1.97015 0.00788324 0.00181803
21 10 456 0.0499689 2.41163 1.14754 1.57518 0.00754239 0.00179985
21 11 381 0.0458951 2.38763 1.2626 1.80093 0.00623997 0.00143052
21 12 361 0.0475748 2.54141 1.48947 1.49212 0.00547386 0.00127595
21 13 332 0.0462545 2.69614 1.65196 1.48334 0.00472218 0.00108644
21 14 273 0.0409003 2.78907 1.78414 1.87894 0.00372327 0.000811607
21 15 235 0.0365676 2.92582 2.01902 2.28061 0.00300175 0.000625668
21 16 179 0.0332233 2.9475 2.15206 2.54749 0.0022313 0.000448982
21 17 161 0.0308624 3.21189 2.51427 2.79468 0.00180829 0.000354814
21 18 100 0.0271086 3.30275 2.85064 3.11679 0.00105385 0.000198563
21 19 70 0.0276727 3.64202 3.31002 2.5029 0.000657484 0.000124643
21 20 28 0.0246914 3.13246 3.02054 2.51754 0.000295804 5.4282e-05
21 21 11 0.0276444 3.84191 3.74972 0.575531 9.50163e-05 1.80073e-05
21 22 0 0 0 0 0 0 0
21 23 0 0 0 0 0 0 0
22 0 510 0.0495229 2.23289 0.0637623 1.88293 0.00982937 0.00233542
22 1 589 0.0518918 2.47344 0.161222 1.71734 0.0103947 0.00252709
22 2 546 0.0514741 2.30613 0.256424 1.73571 0.0101932 0.00246815
22 3 533 0.0500692 2.31398 0.379378 1.83381 0.00986249 0.00235579
22 4 538 0.0494734 2.45417 0.475898 1.84576 0.00942528 0.00223833
22 5 485 0.0519521 2.37766 0.588057 1.52786 0.00864739 0.00210352
22 6 502 0.0475594 2.38887 0.669633 1.9744 0.00885236 0.00206316
22 7 456 0.045726 2.52734 0.820272 2.01343 0.00757624 0.00173394
22 8 434 0.0447504 2.6379 0.936039 2.0267 0.00688745 0.00156101
22 9 408 0.0471515 2.6714 1.09661 1.67619 0.00629761 0.00146184
22 10 399 0.0475314 2.59605 1.15811 1.62849 0.00624564 0.00145523
22 11 360 0.0457544 2.84383 1.39901 1.61643 0.00510966 0.00116975
22 12 335 0.0435635 2.79163 1.51973 1.79069 0.00474234 0.00106208
22 13 296 0.0400962 2.99014 1.7224 2.02823 0.00388627 0.000840188
22 14 245 0.0376161 3.23013 1.96335 2.10537 0.00295562 0.000622821
22 15 196 0.0355612 3.12112 2.07499 2.2104 0.00238339 0.00049157
22 16 135 0.0317908 3.34133 2.36213 2.42896 0.00151172 0.000299583
22 17 93 0.0280639 3.49062 2.71032 2.79417 0.000968165 0.000184322
22 18 60 0.0273273 3.63279 2.84562 2.49681 0.000599397 0.000113206
22 19 49 0.0234876 4.11446 3.45977 3.25289 0.000422701 7.6549e-05
22 20 16 0.0261209 3.42092 3.04076 1.49996 0.000161093 3.00278e-05
22 21 0 0 0 0 0 0 0
22 22 0 0 0 0 0 0 0
22 23 0 0 0 0 0 0 0
23 0 476 0.0504684 2.52059 0.0611282 1.62085 0.00827784 0.00198496
23 1 500 0.0469539 2.57627 0.166364 1.99901 0.00851888 0.0019736
23 2 455 0.0492606 2.52402 0.263546 1.68593 0.00786837 0.00186471
23 3 426 0.0512779 2.58469 0.376108 1.40393 0.00718476 0.0017364
23 4 416 0.0485085 2.57552 0.492818 1.64216 0.00699197 0.00164486
23 5 409 0.0504534 2.55472 0.586208 1.43685 0.00687692 0.00164879
23 6 424 0.0470179 2.68615 0.741613 1.76033 0.0067553 0.00156601
23 7 400 0.0431315 2.92182 0.891839 2.05536 0.0058698 0.00130887
23 8 365 0.0433051 2.97768 1.06285 1.91191 0.005192 0.00115976
23 9 331 0.0451498 2.93562 1.17937 1.60087 0.00470568 0.00107079
23 10 296 0.043601 2.80623 1.1845 1.70109 0.00435513 0.000975735
23 11 276 0.0406559 3.09964 1.44308 1.89232 0.00365458 0.000794645
23 12 223 0.0373649 3.11822 1.60549 2.11854 0.00288422 0.000606189
23 13 199 0.0349909 3.56127 1.89658 2.25065 0.00225813 0.000462952
23 14 142 0.0306199 3.334 2.01481 2.76268 0.00166544 0.000325936
23 15 115 0.0337808 3.14475 2.04765 1.97882 0.00139678 0.000282726
23 16 79 0.0311808 3.90425 2.76102 1.86647 0.000762778 0.00015018
23 17 58 0.0273843 3.79855 2.76604 2.43122 0.000569475 0.000107621
23 18 37 0.0201967 3.7939 2.89711 4.31896 0.000357846 6.2488e-05
23 19 15 0.0105616 3.84927 3.1096 10.7745 0.000140152 2.19763e-05
23 20 0 0 0 0 0 0 0
23 21 0 0 0 0 0 0 0
23 22 0 0 0 0 0 0 0
23 23 0 0 0 0 0 0 0
