#  ix    iy     NK     E/N         TK    Uxpi    UyK      muK      rho      epsilon
0 0 57 0.719897 0.0116588 0.0161613 -9.19302 0.00180344 0.000961405
0 1 59 0.713317 0.00539545 0.0681183 -9.13132 0.00186274 0.000983944
0 2 55 0.717671 0.027787 0.0725397 -9.22165 0.00173528 0.000922207
0 3 60 0.719997 0.0142207 0.121486 -9.14939 0.00188469 0.00100486
0 4 55 0.715196 0.0552533 0.113322 -9.21549 0.00172684 0.000914556
0 5 48 0.710301 -0.0159679 0.185533 -9.33882 0.00149332 0.000785468
0 6 50 0.711788 -0.0234259 0.197187 -9.30698 0.00155198 0.000818031
0 7 59 0.716317 0.0843222 0.25344 -9.17686 0.00180385 0.000956842
0 8 61 0.721339 0.0187735 0.275325 -9.16808 0.00186082 0.000993982
0 9 54 0.714693 0.00172519 0.260263 -9.25648 0.00165377 0.000875241
0 10 55 0.716621 0.0312117 0.401955 -9.28927 0.00161425 0.000856634
0 11 62 0.713594 0.0150059 0.410114 -9.15846 0.00181512 0.000959159
0 12 66 0.711357 0.00516815 0.417241 -9.08834 0.00192753 0.00101537
0 13 49 0.729477 0.0197497 0.508161 -9.50124 0.00138217 0.000746634
0 14 67 0.71936 0.03591 0.533623 -9.15458 0.00186965 0.000995956
0 15 49 0.718083 0.033172 0.55186 -9.46934 0.00135705 0.000721613
0 16 68 0.716175 0.000566912 0.613718 -9.15963 0.00183405 0.000972665
0 17 64 0.707993 0.0142713 0.596769 -9.17608 0.00173904 0.000911742
0 18 66 0.719228 0.0249475 0.717088 -9.2509 0.00169697 0.000903804
0 19 70 0.719121 -0.0413862 0.795729 -9.22972 0.00173247 0.000922576
0 20 57 0.731148 0.0188712 0.836824 -9.5078 0.00138319 0.000748897
0 21 65 0.722477 0.0464483 0.862077 -9.35138 0.00155699 0.000833
0 22 61 0.719095 0.0492079 0.925667 -9.43153 0.0014157 0.00075386
0 23 89 0.721632 -0.000234886 0.979509 -9.09125 0.00201204 0.00107519
1 0 52 0.702941 0.016835 -0.00586799 -9.20856 0.00164531 0.000856447
1 1 53 0.724342 0.0240992 0.0727572 -9.28815 0.00167231 0.000897004
1 2 66 0.705428 -0.00625498 0.101401 -8.98643 0.00207791 0.00108546
1 3 61 0.718623 0.0509073 0.118476 -9.12758 0.00191453 0.00101882
1 4 52 0.710903 0.0541856 0.164295 -9.25919 0.00162148 0.000853606
1 5 58 0.71064 0.0615616 0.181437 -9.15209 0.00180265 0.000948629
1 6 61 0.717671 0.0523354 0.253464 -9.14752 0.00186881 0.00099317
1 7 57 0.719167 0.0316463 0.247903 -9.21987 0.00174998 0.000931957
1 8 58 0.714391 0.0333927 0.329964 -9.20307 0.00174213 0.000921619
1 9 64 0.713816 0.0522495 0.324702 -9.10123 0.00192394 0.00101698
1 10 52 0.708203 0.021734 0.357185 -9.29252 0.00154936 0.000812537
1 11 52 0.720961 0.00381089 0.421622 -9.37115 0.0015163 0.000809524
1 12 55 0.720834 0.0268612 0.392342 -9.30459 0.00161976 0.000864608
1 13 65 0.714397 0.042059 0.499089 -9.14889 0.00183917 0.000972962
1 14 67 0.723434 0.0806511 0.507732 -9.16408 0.00188566 0.00101017
1 15 55 0.72503 0.0573486 0.531212 -9.37678 0.00153512 0.000824202
1 16 47 0.713176 0.0731758 0.567489 -9.49736 0.00129095 0.000681775
1 17 70 0.714793 0.070201 0.636516 -9.13646 0.00186547 0.000987423
1 18 70 0.713736 0.0471024 0.669637 -9.14591 0.00183921 0.000972085
1 19 66 0.714552 0.0459494 0.701749 -9.22332 0.00170844 0.000903999
1 20 68 0.717716 0.0925775 0.819156 -9.26594 0.00166043 0.000882485
1 21 68 0.727174 0.0254638 0.814753 -9.30322 0.00166795 0.000898165
1 22 66 0.719529 0.0677835 0.90737 -9.34617 0.00154482 0.000823117
1 23 72 0.726972 0.074897 0.942197 -9.30959 0.00165589 0.00089142
2 0 73 0.718117 0.0807632 0.0211747 -8.94097 0.00230212 0.00122421
2 1 51 0.712443 0.0558373 0.0670926 -9.27458 0.00160781 0.00084824
2 2 50 0.70923 0.0852494 0.0812963 -9.28302 0.00157141 0.0008253
2 3 59 0.718822 0.0644828 0.121433 -9.16292 0.00184969 0.000984586
2 4 57 0.715954 0.063554 0.137529 -9.18662 0.00178345 0.000945538
2 5 58 0.702418 0.0644961 0.189905 -9.11654 0.00179961 0.000936067
2 6 54 0.708456 0.13553 0.230873 -9.23028 0.00165073 0.00086601
2 7 56 0.719054 0.101817 0.276 -9.24827 0.00170011 0.000905259
2 8 55 0.714283 0.0354868 0.263651 -9.23771 0.00168201 0.000889675
2 9 67 0.722617 0.0700151 0.317172 -9.09337 0.00201655 0.00107907
2 10 56 0.705242 0.0710286 0.31752 -9.19507 0.00168519 0.00088008
2 11 64 0.718453 0.100826 0.413713 -9.15389 0.00186341 0.000991381
2 12 55 0.718227 0.121316 0.449899 -9.31936 0.00157764 0.00083908
2 13 65 0.715797 0.0992983 0.485919 -9.15319 0.00184277 0.000976776
2 14 60 0.723322 0.0920662 0.534417 -9.28558 0.00166911 0.000894026
2 15 68 0.713158 0.0871906 0.547286 -9.12022 0.00188219 0.000993992
2 16 67 0.724041 0.119281 0.600022 -9.20846 0.00180865 0.000969731
2 17 60 0.713498 0.145317 0.664648 -9.3032 0.00156986 0.000829445
2 18 59 0.710788 0.0406961 0.684022 -9.31011 0.00154019 0.000810677
2 19 55 0.714508 0.0288079 0.729073 -9.41794 0.00140602 0.000743933
2 20 77 0.72819 0.103382 0.792717 -9.17569 0.00190328 0.00102632
2 21 64 0.722704 0.0949985 0.858534 -9.36811 0.0015327 0.000820262
2 22 59 0.711759 0.0844761 0.846019 -9.394 0.00142245 0.000749728
2 23 80 0.71557 0.131893 0.956038 -9.16371 0.00182166 0.000965279
3 0 60 0.720648 0.089082 0.0306227 -9.14927 0.00189037 0.0010088
3 1 66 0.698351 0.106534 0.0204488 -8.95486 0.00207643 0.0010738
3 2 53 0.71061 0.113627 0.0759427 -9.23333 0.00166177 0.000874451
3 3 56 0.710871 0.110815 0.125329 -9.184 0.00174786 0.000920094
3 4 44 0.705225 0.101501 0.175388 -9.40597 0.00136467 0.000712671
3 5 63 0.710221 0.066086 0.228839 -9.07708 0.00193941 0.00102
3 6 53 0.705717 0.111015 0.243641 -9.23659 0.00162015 0.000846682
3 7 40 0.720193 0.116575 0.292218 -9.59549 0.00120747 0.000643963
3 8 69 0.715412 0.106792 0.292106 -9.02796 0.00208503 0.00110459
3 9 69 0.715954 0.14603 0.368286 -9.05711 0.00203003 0.00107627
3 10 76 0.712526 0.127359 0.358641 -8.93988 0.00224778 0.00118601
3 11 67 0.713247 0.100925 0.445317 -9.09621 0.0019287 0.00101868
3 12 57 0.715821 0.153982 0.39457 -9.25718 0.00166096 0.000880434
3 13 67 0.717735 0.127779 0.463652 -9.1256 0.00191076 0.00101556
3 14 57 0.719845 0.150174 0.539629 -9.32903 0.00157373 0.000838889
3 15 64 0.710144 0.135962 0.5482 -9.17183 0.00176347 0.000927363
3 16 63 0.724929 0.113862 0.588676 -9.26853 0.00170987 0.000917895
3 17 56 0.709302 0.115972 0.65574 -9.34664 0.00147503 0.000774759
3 18 59 0.720903 0.107982 0.646242 -9.34138 0.00156173 0.000833712
3 19 92 0.725703 0.12421 0.69563 -8.94223 0.00237767 0.00127775
3 20 67 0.719979 0.148961 0.850759 -9.3102 0.0016046 0.000855504
3 21 72 0.707037 0.120635 0.847515 -9.17646 0.00173088 0.00090624
3 22 74 0.712467 0.167211 0.902964 -9.20443 0.00172483 0.000910008
3 23 61 0.711945 0.13034 1.03533 -9.45782 0.00133562 0.000704149
4 0 55 0.713934 0.176542 -0.0177068 -9.21746 0.00171374 0.00090602
4 1 54 0.709834 0.14056 0.0400873 -9.21246 0.00169089 0.000888807
4 2 56 0.707753 0.161463 0.0616036 -9.17085 0.00174627 0.000915222
4 3 52 0.703857 0.165836 0.126901 -9.23391 0.00161082 0.000839589
4 4 59 0.70494 0.147699 0.203116 -9.12178 0.00181086 0.000945301
4 5 60 0.707013 0.150107 0.192541 -9.11274 0.00184456 0.000965725
4 6 52 0.71251 0.124534 0.217456 -9.28211 0.00159621 0.000842202
4 7 43 0.707635 0.133003 0.219392 -9.45162 0.00131807 0.000690689
4 8 50 0.708417 0.151201 0.29369 -9.32424 0.00150243 0.000788166
4 9 62 0.710344 0.155525 0.315864 -9.12447 0.00185067 0.000973492
4 10 56 0.711087 0.116337 0.370102 -9.24127 0.00165217 0.000869987
4 11 53 0.709922 0.0950452 0.381912 -9.29298 0.0015607 0.000820471
4 12 67 0.718029 0.169072 0.451404 -9.12734 0.00190994 0.00101554
4 13 62 0.714916 0.183943 0.496269 -9.21003 0.00173412 0.000918055
4 14 53 0.717585 0.145007 0.485196 -9.36944 0.0014963 0.000795106
4 15 69 0.717054 0.145518 0.568716 -9.13717 0.00188306 0.000999883
4 16 64 0.720055 0.140779 0.621035 -9.24788 0.00170835 0.000910913
4 17 88 0.721021 0.211297 0.632459 -8.94745 0.00231694 0.00123708
4 18 76 0.71492 0.193842 0.737405 -9.1121 0.00191255 0.00101252
4 19 70 0.730011 0.185416 0.75691 -9.26917 0.00174728 0.000944554
4 20 86 0.726645 0.173662 0.847872 -9.09083 0.00205784 0.0011073
4 21 80 0.714592 0.146655 0.827884 -9.09755 0.00193776 0.0010254
4 22 75 0.722316 0.1659 0.889478 -9.22815 0.00175993 0.00094136
4 23 69 0.712022 0.194183 0.941259 -9.29373 0.00157433 0.000830087
5 0 47 0.713263 0.159103 0.0138254 -9.36873 0.00146873 0.000775757
5 1 58 0.712753 0.207681 0.0843138 -9.16807 0.001791 0.000945301
5 2 48 0.708837 0.196146 0.0907942 -9.33801 0.0014847 0.000779328
5 3 53 0.711507 0.157005 0.120579 -9.24734 0.00164529 0.000866872
5 4 56 0.709308 0.21531 0.138971 -9.19496 0.00171668 0.000901693
5 5 59 0.714311 0.178868 0.176391 -9.16404 0.00181082 0.000957851
5 6 55 0.70662 0.164218 0.203628 -9.20212 0.00168385 0.000881094
5 7 60 0.723609 0.202297 0.282694 -9.21498 0.00179346 0.000961015
5 8 48 0.715548 0.18398 0.262029 -9.3941 0.00144665 0.000766543
5 9 74 0.712844 0.178013 0.305059 -8.95912 0.00220809 0.00116559
5 10 67 0.703549 0.175852 0.362438 -9.03292 0.00196667 0.00102461
5 11 53 0.72824 0.225693 0.46118 -9.41934 0.00149204 0.000804615
5 12 70 0.720613 0.23032 0.448367 -9.10375 0.0019781 0.00105556
5 13 57 0.705775 0.177215 0.469416 -9.24175 0.00161223 0.000842613
5 14 67 0.725757 0.207403 0.542347 -9.20233 0.00183357 0.000985422
5 15 88 0.717459 0.18099 0.577632 -8.90379 0.00238234 0.00126571
5 16 46 0.712114 0.211944 0.659666 -9.56854 0.00119654 0.000630975
5 17 61 0.703869 0.222797 0.649948 -9.24633 0.00159103 0.000829286
5 18 68 0.720145 0.21708 0.678005 -9.22246 0.00175304 0.000934859
5 19 71 0.717283 0.188344 0.739877 -9.19119 0.00178585 0.000948572
5 20 63 0.720358 0.180253 0.820539 -9.36179 0.00152649 0.000814282
5 21 78 0.71244 0.214942 0.84185 -9.1271 0.00186329 0.00098302
5 22 69 0.721806 0.217091 0.921346 -9.33009 0.00158578 0.000847612
5 23 65 0.730155 0.214356 0.99568 -9.46245 0.00144111 0.000779193
6 0 55 0.7076 0.207235 0.0333065 -9.19501 0.00170339 0.000892556
6 1 43 0.706486 0.226967 0.0647782 -9.44166 0.00132437 0.000692862
6 2 49 0.721998 0.245974 0.123313 -9.38984 0.00149507 0.000799341
6 3 58 0.713682 0.218879 0.113842 -9.17726 0.00178201 0.00094178
6 4 63 0.710122 0.252559 0.159902 -9.09183 0.00191016 0.00100447
6 5 55 0.725944 0.187582 0.22163 -9.29571 0.00167147 0.000898539
6 6 66 0.721164 0.230127 0.223109 -9.10073 0.00198894 0.00106216
6 7 64 0.728114 0.214412 0.24494 -9.16357 0.00192585 0.00103838
6 8 62 0.713893 0.170694 0.290073 -9.13563 0.00185953 0.000983036
6 9 64 0.715691 0.251389 0.339432 -9.14035 0.00186571 0.000988791
6 10 57 0.710851 0.226564 0.353735 -9.23366 0.00166303 0.000875411
6 11 58 0.727871 0.244587 0.443822 -9.32487 0.00163722 0.000882463
6 12 71 0.713636 0.219785 0.455016 -9.05898 0.00200535 0.00105974
6 13 54 0.717778 0.256848 0.517003 -9.38128 0.00147996 0.000786634
6 14 51 0.722701 0.25591 0.507431 -9.4564 0.00140316 0.000750931
6 15 67 0.719702 0.22203 0.566527 -9.18781 0.00181129 0.000965327
6 16 59 0.723439 0.268571 0.655547 -9.37736 0.00152352 0.000816178
6 17 56 0.719147 0.211348 0.618999 -9.38527 0.00148307 0.000789796
6 18 80 0.713513 0.248708 0.664835 -9.0294 0.00206442 0.00109077
6 19 66 0.714353 0.201039 0.726818 -9.24663 0.00166759 0.000882138
6 20 73 0.719134 0.22702 0.800394 -9.20503 0.00177588 0.00094571
6 21 64 0.710292 0.206193 0.797717 -9.29311 0.00156309 0.000822158
6 22 71 0.725364 0.261315 0.897256 -9.31121 0.00164158 0.000881762
6 23 66 0.725662 0.230026 0.967976 -9.41572 0.00148062 0.00079563
7 0 46 0.70662 0.207581 -0.0365049 -9.36945 0.0014244 0.000745337
7 1 61 0.711696 0.232149 0.0606512 -9.11637 0.0018771 0.000989274
7 2 45 0.711864 0.28183 0.0818213 -9.43465 0.00136643 0.000720306
7 3 78 0.714945 0.245282 0.088055 -8.88996 0.00238857 0.00126458
7 4 69 0.723492 0.220726 0.172627 -9.05546 0.00210256 0.00112646
7 5 70 0.71274 0.250751 0.139516 -8.99501 0.00212926 0.00112381
7 6 73 0.710767 0.238642 0.171999 -8.94612 0.00221623 0.00116648
7 7 63 0.707412 0.239239 0.248913 -9.09311 0.00188452 0.000987206
7 8 59 0.721764 0.277794 0.282643 -9.23954 0.00173575 0.00092772
7 9 51 0.725779 0.29291 0.349886 -9.42459 0.00146829 0.000789132
7 10 49 0.70875 0.273135 0.425317 -9.40793 0.00138389 0.00072632
7 11 49 0.709501 0.293738 0.384006 -9.40258 0.00139604 0.000733472
7 12 65 0.708306 0.297441 0.413996 -9.1251 0.00183259 0.000961213
7 13 57 0.716861 0.205925 0.513522 -9.31284 0.00157833 0.000837851
7 14 55 0.0314212 0.226645 0.552982 11.8407 0.00149403 0.000813246
7 15 66 0.711159 0.288158 0.545679 -9.16852 0.00177743 0.000936036
7 16 70 0.721022 0.237669 0.603759 -9.16804 0.00185828 0.00099219
7 17 67 0.715882 0.24253 0.663048 -9.21553 0.00173207 0.000918209
7 18 72 0.715768 0.301177 0.664745 -9.15431 0.00184048 0.000975525
7 19 72 0.710562 0.286339 0.693557 -9.14079 0.00182249 0.000958959
7 20 59 0.718024 0.283769 0.889834 -9.4636 0.0013645 0.000725516
7 21 66 0.714923 0.269261 0.860114 -9.32136 0.00155147 0.000821364
7 22 78 0.712552 0.329464 0.94918 -9.19533 0.00174126 0.000918788
7 23 68 0.719 0.26843 0.948334 -9.35175 0.00153262 0.000816015
8 0 43 0.706748 0.308142 0.04095 -9.46186 0.00129943 0.000680065
8 1 63 0.723733 0.274245 0.0495321 -9.1471 0.00192049 0.00102926
8 2 57 0.717133 0.251345 0.0726645 -9.21363 0.00174506 0.000926709
8 3 61 0.704568 0.290979 0.0967126 -9.10111 0.00184557 0.000962912
8 4 62 0.713864 0.261462 0.149841 -9.12531 0.00187858 0.000993067
8 5 60 0.71588 0.317747 0.198418 -9.18931 0.00177807 0.00094259
8 6 61 0.719595 0.280214 0.26658 -9.19335 0.00180041 0.000959388
8 7 59 0.711157 0.273519 0.295245 -9.19436 0.00173207 0.000912147
8 8 76 0.718699 0.350815 0.289746 -8.99389 0.00218911 0.00116506
8 9 55 0.715756 0.237723 0.293501 -9.27678 0.00162824 0.000863013
8 10 66 0.718834 0.191416 0.371507 -9.12198 0.00192709 0.0010258
8 11 65 0.714555 0.307007 0.427107 -9.15981 0.00182048 0.000963289
8 12 49 0.71549 0.318541 0.446155 -9.45581 0.00135972 0.000720424
8 13 68 0.708886 0.308333 0.487707 -9.11078 0.00186388 0.000978428
8 14 69 0.713599 0.31883 0.544296 -9.14118 0.00184681 0.000975912
8 15 68 0.715702 0.296105 0.575683 -9.1727 0.00180641 0.000957378
8 16 71 0.718647 0.32684 0.595015 -9.15715 0.00185894 0.000989272
8 17 59 0.721676 0.27485 0.663391 -9.37412 0.00151659 0.000810484
8 18 65 0.724418 0.314706 0.773341 -9.34593 0.00157897 0.000847025
8 19 71 0.7191 0.290283 0.781165 -9.23334 0.00172605 0.000919129
8 20 79 0.723885 0.312989 0.810718 -9.16536 0.00188701 0.00101153
8 21 70 0.721629 0.319731 0.82963 -9.2863 0.00165547 0.000884648
8 22 68 0.715699 0.332188 0.940382 -9.34292 0.00152365 0.000807516
8 23 90 0.727187 0.352996 1.05111 -9.16909 0.00190747 0.00102716
9 0 51 0.708971 0.308698 0.0188657 -9.30083 0.00154187 0.000809486
9 1 57 0.710425 0.288139 0.0448008 -9.19129 0.00173168 0.000911002
9 2 58 0.713814 0.320707 0.111976 -9.20292 0.00173791 0.000918643
9 3 47 0.707977 0.336729 0.129112 -9.39348 0.00139914 0.000733523
9 4 54 0.714458 0.333985 0.186453 -9.29093 0.00159608 0.000844435
9 5 54 0.703029 0.248209 0.144101 -9.21064 0.00164255 0.000855117
9 6 53 0.706581 0.314414 0.211639 -9.273 0.00156835 0.000820614
9 7 58 0.704698 0.329818 0.242311 -9.18463 0.00169869 0.000886443
9 8 71 0.723645 0.345415 0.328371 -9.09211 0.00202826 0.00108689
9 9 56 0.715371 0.329406 0.36021 -9.29722 0.00159256 0.000843646
9 10 65 0.71282 0.282933 0.397875 -9.1368 0.00184843 0.000975703
9 11 51 0.709323 0.344031 0.414695 -9.3842 0.0014208 0.000746296
9 12 61 0.731605 0.343988 0.43459 -9.31041 0.00168839 0.000914709
9 13 52 0.71259 0.370459 0.4466 -9.39712 0.00142331 0.00075106
9 14 80 0.708401 0.348935 0.508071 -8.96339 0.00215516 0.00113056
9 15 71 0.711486 0.375403 0.565323 -9.12503 0.00185917 0.000979532
9 16 47 0.715175 0.387115 0.592743 -9.56783 0.00121392 0.000642892
9 17 71 0.721625 0.363671 0.658718 -9.20516 0.00179536 0.000959397
9 18 64 0.733005 0.400528 0.734054 -9.39965 0.00155369 0.000843343
9 19 67 0.720014 0.373012 0.763619 -9.30351 0.00161562 0.000861419
9 20 80 0.72173 0.362879 0.829326 -9.16123 0.00187686 0.00100309
9 21 62 0.716766 0.360288 0.842998 -9.39982 0.00144625 0.000767634
9 22 85 0.723432 0.375612 0.913814 -9.14943 0.00191348 0.00102507
9 23 72 0.721709 0.450056 0.945871 -9.33754 0.00157334 0.000840852
10 0 60 0.713864 0.321381 0.0378184 -9.16443 0.0018065 0.000954967
10 1 61 0.716914 0.346306 0.0502767 -9.16949 0.00182204 0.000967296
10 2 67 0.712051 0.395026 0.113015 -9.07415 0.00196117 0.00103409
10 3 66 0.71614 0.407002 0.11616 -9.11189 0.00192342 0.00102001
10 4 40 0.707629 0.304291 0.134177 -9.54449 0.00120114 0.000629411
10 5 53 0.727026 0.357923 0.191237 -9.37325 0.00155412 0.000836699
10 6 68 0.714624 0.367964 0.268848 -9.08722 0.00195815 0.00103624
10 7 48 0.719351 0.338575 0.225423 -9.4388 0.00140704 0.000749519
10 8 81 0.712457 0.357951 0.274844 -8.90091 0.00233639 0.00123264
10 9 58 0.718742 0.366717 0.340498 -9.28203 0.00164139 0.000873615
10 10 47 0.722698 0.409325 0.377656 -9.5332 0.00129941 0.000695404
10 11 62 0.712958 0.349617 0.33377 -9.18277 0.00176649 0.000932631
10 12 64 0.711177 0.312658 0.507461 -9.19004 0.00173972 0.000916202
10 13 77 0.731432 0.35725 0.493502 -9.10062 0.00208093 0.00112711
10 14 63 0.722294 0.394477 0.529449 -9.28425 0.00166375 0.000889888
10 15 52 0.722104 0.372795 0.627527 -9.50793 0.00132916 0.000710742
10 16 75 0.718522 0.389449 0.661529 -9.14392 0.00188266 0.00100172
10 17 70 0.7265 0.387652 0.632626 -9.2358 0.001779 0.000957075
10 18 79 0.720378 0.403906 0.750152 -9.14142 0.00190299 0.00101515
10 19 65 0.723876 0.425367 0.763334 -9.36276 0.0015489 0.000830277
10 20 67 0.724321 0.392775 0.774763 -9.33183 0.00160069 0.000858564
10 21 83 0.721067 0.440725 0.903114 -9.17125 0.00185272 0.000989279
10 22 85 0.720001 0.434792 0.952964 -9.16398 0.00185743 0.000990332
10 23 58 0.725572 0.464609 1.01354 -9.60442 0.0012255 0.00065846
11 0 57 0.706966 0.398229 0.014389 -9.20856 0.00167566 0.000877238
11 1 55 0.716251 0.414302 0.0951432 -9.29537 0.00160179 0.000849582
11 2 64 0.7144 0.434225 0.0896445 -9.14223 0.00185149 0.000979481
11 3 63 0.722037 0.43216 0.119751 -9.19383 0.00181913 0.000972651
11 4 60 0.709975 0.370444 0.130125 -9.16885 0.00176738 0.000929198
11 5 56 0.714119 0.383816 0.179148 -9.26727 0.00163181 0.000862926
11 6 62 0.720826 0.386224 0.219102 -9.20283 0.00179319 0.000957172
11 7 66 0.713717 0.390543 0.275104 -9.12144 0.00188461 0.00099605
11 8 53 0.706401 0.362308 0.277356 -9.29963 0.00152588 0.000798189
11 9 56 0.708449 0.405981 0.337104 -9.2821 0.00156732 0.000822243
11 10 65 0.714436 0.415156 0.365802 -9.1707 0.00179981 0.000952193
11 11 69 0.713609 0.454507 0.373345 -9.12229 0.00188211 0.000994581
11 12 64 0.710315 0.445595 0.510159 -9.22297 0.00167684 0.000882018
11 13 73 0.723661 0.390153 0.475246 -9.1224 0.00196788 0.00105455
11 14 64 0.724219 0.441463 0.571249 -9.30585 0.00164209 0.000880647
11 15 73 0.712243 0.389009 0.572553 -9.10698 0.00189946 0.00100183
11 16 82 0.717756 0.416703 0.631554 -9.04597 0.00206934 0.00109987
11 17 71 0.712105 0.390938 0.653666 -9.16716 0.00178742 0.000942552
11 18 81 0.71552 0.419487 0.743122 -9.09547 0.00194985 0.00103313
11 19 82 0.714878 0.439142 0.745742 -9.08631 0.00196216 0.00103873
11 20 83 0.731138 0.457561 0.849982 -9.1957 0.00188976 0.00102315
11 21 80 0.71798 0.472245 0.886867 -9.19428 0.00178589 0.000949511
11 22 87 0.0312284 0.465175 0.96867 12.1751 0.00187559 0.00102032
11 23 65 0.723058 0.473724 0.972655 -9.46294 0.0013962 0.000747577
12 0 47 0.724202 0.456349 0.0365679 -9.4999 0.00135236 0.000725246
12 1 40 0.718527 0.485194 0.0214178 -9.64679 0.00113864 0.000605848
12 2 62 0.712173 0.44178 0.0757132 -9.1658 0.0017904 0.000944215
12 3 46 0.707662 0.404933 0.127316 -9.43526 0.00133997 0.000702193
12 4 64 0.720295 0.387553 0.155748 -9.15915 0.00186885 0.000996826
12 5 56 0.723017 0.422974 0.200706 -9.32342 0.00160496 0.000859306
12 6 61 0.714739 0.406618 0.206286 -9.19646 0.00175642 0.00092963
12 7 51 0.712838 0.420906 0.185778 -9.36855 0.00146619 0.000773953
12 8 71 0.715267 0.40784 0.295474 -9.0656 0.00200671 0.00106289
12 9 70 0.725554 0.464763 0.335492 -9.15441 0.00192185 0.00103258
12 10 61 0.709982 0.427233 0.396232 -9.22683 0.00166789 0.000876897
12 11 69 0.721086 0.497646 0.45016 -9.19292 0.00181315 0.000968178
12 12 78 0.723902 0.495796 0.503618 -9.09942 0.00201578 0.00108058
12 13 63 0.71317 0.42479 0.487411 -9.23736 0.00167422 0.000884179
12 14 54 0.71277 0.457575 0.549929 -9.42174 0.00138982 0.000733573
12 15 73 0.715686 0.477481 0.600887 -9.15823 0.00183259 0.000971232
12 16 80 0.714377 0.477682 0.642922 -9.07706 0.00197596 0.0010453
12 17 85 0.714095 0.495607 0.714116 -9.04876 0.00203011 0.00107352
12 18 80 0.71496 0.497111 0.741254 -9.1248 0.00188877 0.000999991
12 19 77 0.71982 0.490162 0.797357 -9.2063 0.00177903 0.00094829
12 20 73 0.719849 0.487191 0.814963 -9.26652 0.00167527 0.000893019
12 21 75 0.724957 0.563933 0.938551 -9.33472 0.00160056 0.000859247
12 22 69 0.716385 0.548489 0.961707 -9.38618 0.00146361 0.000776439
12 23 87 0.717778 0.508589 1.05131 -9.1907 0.00179068 0.000951791
13 0 59 0.727656 0.52026 0.0526784 -9.31341 0.00165453 0.000891528
13 1 67 0.725029 0.501644 0.107916 -9.17071 0.00188641 0.0010128
13 2 65 0.713268 0.51794 0.0629324 -9.1523 0.00182366 0.000963234
13 3 61 0.720812 0.484474 0.10362 -9.2388 0.00172973 0.000923284
13 4 56 0.719273 0.457208 0.184035 -9.31647 0.00158958 0.000846661
13 5 59 0.713812 0.444045 0.166273 -9.23261 0.00168705 0.000891757
13 6 61 0.726591 0.5061 0.249145 -9.29267 0.00168132 0.000904637
13 7 52 0.718257 0.502654 0.252526 -9.4148 0.00143423 0.000762837
13 8 73 0.712669 0.42011 0.306797 -9.03291 0.00204941 0.00108156
13 9 75 0.719546 0.5047 0.312132 -9.06767 0.00204109 0.00108756
13 10 61 0.715858 0.485623 0.369499 -9.26529 0.00164782 0.000873514
13 11 61 0.712231 0.524857 0.37677 -9.26521 0.00162141 0.000855159
13 12 63 0.720356 0.515075 0.551994 -9.32031 0.00159112 0.00084876
13 13 74 0.717965 0.458993 0.52518 -9.12143 0.00192072 0.00102118
13 14 72 0.716249 0.488239 0.507932 -9.14449 0.00186263 0.000987924
13 15 74 0.718604 0.503153 0.619417 -9.17245 0.00183038 0.000974015
13 16 78 0.718142 0.524525 0.663881 -9.14132 0.00188437 0.0010021
13 17 78 0.718727 0.525517 0.703304 -9.15968 0.00185491 0.000987234
13 18 82 0.714277 0.494645 0.74018 -9.09593 0.00193817 0.00102516
13 19 80 0.725246 0.541847 0.795694 -9.20538 0.00182387 0.000979517
13 20 78 0.710411 0.543636 0.785966 -9.16118 0.00178451 0.000938776
13 21 83 0.716205 0.539294 0.889806 -9.16741 0.00182007 0.000965295
13 22 81 0.720117 0.581942 0.92678 -9.23607 0.00172912 0.000922069
13 23 86 0.725596 0.605851 1.05902 -9.26255 0.00172519 0.000926968
14 0 79 0.709127 0.511911 -0.00821105 -8.93464 0.00222531 0.00116855
14 1 58 0.709204 0.530562 0.0599378 -9.25301 0.0016191 0.000850315
14 2 65 0.722363 0.470318 0.071499 -9.17441 0.00185749 0.000993609
14 3 54 0.722817 0.523887 0.142319 -9.38895 0.00150183 0.000803865
14 4 72 0.71483 0.547277 0.190416 -9.08139 0.00197142 0.00104356
14 5 71 0.718947 0.506535 0.217776 -9.10169 0.00196758 0.00104752
14 6 56 0.70813 0.528802 0.247695 -9.30454 0.00153034 0.000802484
14 7 49 0.722544 0.496497 0.296027 -9.49991 0.00134248 0.000718301
14 8 74 0.724719 0.520994 0.312254 -9.11013 0.00200149 0.00107413
14 9 60 0.724202 0.523276 0.411617 -9.344 0.0015805 0.000847594
14 10 85 0.71859 0.5005 0.441581 -8.97164 0.0022373 0.00119053
14 11 75 0.712676 0.564674 0.445478 -9.09463 0.0019268 0.00101687
14 12 81 0.731881 0.541895 0.436893 -9.09164 0.0021038 0.00114019
14 13 71 0.729888 0.591018 0.516871 -9.25729 0.00176721 0.000955167
14 14 73 0.722026 0.558866 0.5679 -9.20061 0.00180675 0.000966017
14 15 66 0.715586 0.545981 0.609449 -9.28329 0.00161644 0.000856558
14 16 81 0.712604 0.593285 0.699208 -9.114 0.00188923 0.000996937
14 17 75 0.732404 0.580209 0.689739 -9.27066 0.00176299 0.000956167
14 18 86 0.717912 0.549822 0.727713 -9.07537 0.00201078 0.00106898
14 19 78 0.715871 0.55964 0.770933 -9.18415 0.00178719 0.000947415
14 20 89 0.71385 0.642088 0.856111 -9.10189 0.00192295 0.00101651
14 21 102 0.72392 0.585797 0.876031 -9.00217 0.00222183 0.00119107
14 22 88 0.722037 0.594877 0.963831 -9.18072 0.00184313 0.000985486
14 23 84 0.72392 0.642267 1.07013 -9.29239 0.00166215 0.000891034
15 0 86 0.716275 0.552613 0.0360331 -8.89915 0.00238082 0.00126282
15 1 65 0.719311 0.538907 0.0419094 -9.18704 0.00180953 0.000963865
15 2 57 0.715723 0.575162 0.0751344 -9.31925 0.00156031 0.00082697
15 3 74 0.716146 0.505239 0.10738 -9.03336 0.00208061 0.00110338
15 4 68 0.717295 0.564312 0.170527 -9.15393 0.00185376 0.000984657
15 5 60 0.714643 0.491273 0.217005 -9.24483 0.00167275 0.000885228
15 6 64 0.704499 0.534888 0.22646 -9.15321 0.00175131 0.000913646
15 7 57 0.710645 0.540334 0.24356 -9.302 0.00155172 0.000816585
15 8 83 0.717864 0.553697 0.317944 -8.97896 0.00221381 0.00117684
15 9 76 0.714773 0.566911 0.369771 -9.07089 0.00199173 0.00105422
15 10 68 0.72908 0.591599 0.457569 -9.27895 0.00172325 0.000930376
15 11 61 0.713875 0.570509 0.44346 -9.30821 0.00156464 0.000827127
15 12 73 0.720733 0.596706 0.520219 -9.19239 0.00181127 0.000966701
15 13 88 0.711551 0.564515 0.5539 -8.96417 0.00218426 0.00115092
15 14 76 0.719553 0.608443 0.58306 -9.1719 0.00183911 0.000979953
15 15 85 0.719336 0.624341 0.635529 -9.08287 0.00200843 0.00106985
15 16 70 0.714152 0.615003 0.615366 -9.24355 0.00167123 0.000883816
15 17 76 0.718464 0.606074 0.735753 -9.22197 0.00174085 0.000926193
15 18 74 0.722629 0.638066 0.749418 -9.2826 0.00166897 0.000893096
15 19 93 0.713021 0.631794 0.836777 -9.04342 0.0020312 0.00107248
15 20 84 0.716228 0.654555 0.842205 -9.16861 0.00181808 0.000964271
15 21 93 0.713048 0.637649 0.882325 -9.06355 0.00199095 0.00105127
15 22 88 0.719507 0.695608 0.954226 -9.19337 0.00179968 0.000958881
15 23 90 0.722953 0.690382 1.04255 -9.22028 0.00177883 0.000952311
16 0 58 0.710865 0.643539 0.00302053 -9.30834 0.00154345 0.000812483
16 1 74 0.708424 0.563703 0.0430921 -9.01912 0.00203855 0.00106942
16 2 59 0.705943 0.561552 0.128372 -9.23902 0.00161786 0.000845757
16 3 68 0.715715 0.544842 0.129409 -9.13413 0.00187754 0.000995095
16 4 54 0.705973 0.570246 0.131925 -9.33174 0.00147481 0.000771006
16 5 61 0.710532 0.574709 0.177623 -9.23756 0.00165417 0.000870357
16 6 76 0.716536 0.564018 0.234545 -9.04873 0.00205244 0.00108904
16 7 76 0.720417 0.562742 0.252576 -9.06865 0.00204698 0.00109202
16 8 88 0.712943 0.605602 0.339795 -8.92428 0.00228739 0.00120762
16 9 71 0.708006 0.577491 0.331928 -9.10354 0.00186998 0.00098041
16 10 73 0.717841 0.634126 0.405491 -9.16071 0.00184572 0.000981133
16 11 76 0.713583 0.572088 0.458139 -9.09196 0.00193983 0.00102505
16 12 79 0.718468 0.63519 0.497989 -9.1109 0.00194539 0.00103502
16 13 80 0.719818 0.65964 0.508902 -9.11707 0.00194506 0.00103679
16 14 79 0.726298 0.657494 0.598168 -9.18581 0.00186853 0.00100496
16 15 74 0.707403 0.620282 0.603395 -9.15531 0.0017708 0.000927623
16 16 77 0.725558 0.707445 0.672533 -9.25169 0.00174372 0.000936878
16 17 86 0.72561 0.680158 0.762126 -9.16407 0.00190383 0.00102298
16 18 88 0.718158 0.696406 0.777687 -9.11933 0.0019264 0.00102447
16 19 80 0.713638 0.714907 0.84417 -9.22553 0.00169771 0.000897171
16 20 79 0.727544 0.694006 0.87653 -9.3056 0.00166669 0.000897939
16 21 110 0.725125 0.721422 0.938801 -8.99659 0.00224614 0.0012061
16 22 82 0.715617 0.719836 0.932165 -9.24514 0.00167955 0.000890035
16 23 88 0.71831 0.748882 1.07555 -9.25136 0.00168927 0.000898557
17 0 65 0.714411 0.654245 0.0492802 -9.21604 0.00171984 0.00090985
17 1 72 0.726089 0.649704 0.0469859 -9.16339 0.00190915 0.00102651
17 2 66 0.723915 0.672203 0.0623645 -9.25174 0.00173107 0.000927974
17 3 60 0.70594 0.678497 0.119846 -9.27316 0.00156354 0.000817356
17 4 68 0.712791 0.651667 0.205717 -9.17627 0.00177668 0.000937788
17 5 78 0.72353 0.619305 0.209212 -9.07312 0.00206609 0.00110698
17 6 70 0.71224 0.624912 0.257169 -9.14127 0.00183541 0.000968041
17 7 67 0.715451 0.650582 0.294272 -9.21739 0.00172552 0.000914185
17 8 79 0.722906 0.647311 0.323245 -9.09024 0.00202544 0.00108426
17 9 83 0.715327 0.63359 0.327142 -9.00223 0.00213857 0.00113283
17 10 78 0.715057 0.669655 0.403784 -9.09618 0.00194444 0.0010296
17 11 71 0.721524 0.65677 0.450117 -9.2259 0.00175773 0.000939153
17 12 78 0.714141 0.64338 0.426442 -9.08719 0.00195398 0.00103333
17 13 84 0.72029 0.749653 0.5399 -9.11532 0.00195254 0.00104145
17 14 85 0.718534 0.663318 0.54387 -9.06289 0.00204166 0.00108634
17 15 85 0.716447 0.700577 0.648553 -9.10179 0.0019456 0.00103222
17 16 65 0.722714 0.741778 0.689456 -9.42688 0.00144528 0.000773485
17 17 85 0.717294 0.686657 0.739196 -9.13268 0.00189357 0.0010058
17 18 87 0.711812 0.723011 0.777831 -9.1114 0.00188743 0.000994877
17 19 78 0.730619 0.773494 0.826478 -9.33872 0.00163422 0.00088417
17 20 96 0.720417 0.771196 0.917196 -9.119 0.00194646 0.0010384
17 21 75 0.723209 0.759603 0.985596 -9.40077 0.00148676 0.00079623
17 22 82 0.724451 0.853311 1.10046 -9.38834 0.00151361 0.000812004
17 23 71 0.730134 0.832693 1.1365 -9.56505 0.00130046 0.000703129
18 0 55 0.720388 0.674011 0.0421734 -9.41858 0.0014424 0.000769459
18 1 86 0.719947 0.7026 0.0650701 -8.98377 0.00222368 0.00118552
18 2 81 0.70686 0.711028 0.125825 -8.99281 0.00207815 0.00108779
18 3 64 0.718751 0.672472 0.199903 -9.27202 0.00165799 0.00088246
18 4 58 0.716157 0.760957 0.173447 -9.39663 0.00144692 0.000767337
18 5 68 0.722196 0.652 0.214285 -9.21952 0.00177424 0.000948859
18 6 77 0.718837 0.6868 0.249267 -9.10124 0.0019675 0.00104732
18 7 71 0.715365 0.693238 0.330161 -9.18475 0.00178209 0.000944041
18 8 67 0.725419 0.740491 0.362821 -9.31496 0.00163583 0.000878741
18 9 80 0.713999 0.662524 0.406959 -9.06398 0.0019986 0.00105671
18 10 63 0.719647 0.675617 0.415042 -9.33552 0.00156218 0.0008325
18 11 81 0.716715 0.755977 0.483168 -9.12254 0.00190794 0.00101262
18 12 75 0.716685 0.76872 0.499621 -9.20913 0.00174944 0.000928459
18 13 69 0.715425 0.730983 0.534261 -9.28121 0.00161865 0.000857535
18 14 88 0.720452 0.772201 0.590383 -9.09359 0.00199688 0.00106535
18 15 81 0.720994 0.756215 0.653496 -9.19259 0.00181301 0.00096798
18 16 84 0.711872 0.776186 0.618842 -9.11214 0.00188654 0.000994491
18 17 74 0.72119 0.808797 0.736453 -9.33097 0.00158007 0.000843842
18 18 101 0.726806 0.78543 0.806085 -9.06039 0.00212295 0.0011426
18 19 65 0.727208 0.857705 0.895345 -9.55928 0.00129134 0.000695397
18 20 77 0.721549 0.741286 0.86333 -9.31471 0.00160852 0.000859462
18 21 91 0.725926 0.827181 0.990168 -9.24167 0.00176414 0.000948331
18 22 99 0.72531 0.884329 1.03566 -9.18913 0.00185427 0.000995937
18 23 83 0.717595 0.873636 1.14419 -9.36803 0.00149848 0.000796279
19 0 87 0.717059 0.778467 -0.00215999 -8.99422 0.00217249 0.00115358
19 1 83 0.713426 0.727757 0.0752645 -9.00254 0.0021198 0.0011199
19 2 74 0.716671 0.735337 0.121287 -9.13833 0.00187767 0.00099649
19 3 79 0.712467 0.734704 0.126637 -9.05427 0.00200428 0.00105745
19 4 70 0.718477 0.753042 0.154182 -9.2132 0.00175629 0.000934425
19 5 72 0.70897 0.735411 0.186142 -9.13759 0.00181526 0.000953018
19 6 95 0.720042 0.744579 0.229317 -8.91981 0.00237154 0.00126451
19 7 72 0.721424 0.801914 0.355293 -9.25126 0.00171295 0.000915103
19 8 79 0.71544 0.753505 0.325641 -9.10413 0.00193235 0.00102375
19 9 74 0.725112 0.834357 0.436867 -9.27234 0.00170474 0.000915372
19 10 61 0.72254 0.765316 0.412009 -9.41806 0.00145696 0.000779549
19 11 78 0.717106 0.705925 0.478886 -9.14014 0.00187792 0.000997231
19 12 77 0.723327 0.810418 0.503115 -9.23077 0.00176319 0.000944424
19 13 91 0.709964 0.733647 0.519006 -8.97661 0.00214192 0.00112609
19 14 80 0.718129 0.829261 0.624153 -9.21151 0.00175655 0.000934105
19 15 75 0.719997 0.818955 0.622539 -9.27975 0.00165434 0.000882045
19 16 93 0.72272 0.825261 0.734186 -9.11454 0.0019752 0.0010571
19 17 100 0.715785 0.799557 0.732329 -9.00105 0.00214548 0.00113721
19 18 71 0.728792 0.895181 0.846477 -9.47409 0.00141597 0.000764174
19 19 87 0.727579 0.890468 0.885299 -9.27709 0.00171515 0.000924093
19 20 87 0.716357 0.860675 0.950098 -9.24025 0.00169335 0.000898277
19 21 85 0.718705 0.928728 0.980566 -9.30701 0.00160065 0.000851885
19 22 83 0.719525 0.88978 1.08266 -9.35862 0.00152568 0.00081291
19 23 97 0.712233 0.905685 1.10614 -9.18351 0.00175945 0.000927967
20 0 81 0.714497 0.709456 0.00909969 -9.02123 0.00209054 0.0011061
20 1 80 0.714472 0.786128 0.0724622 -9.07189 0.00198706 0.00105131
20 2 79 0.719859 0.808046 0.0795088 -9.11944 0.00194081 0.00103458
20 3 93 0.70706 0.827054 0.16167 -8.91404 0.0022505 0.00117833
20 4 71 0.724753 0.787758 0.174955 -9.24539 0.00174854 0.000938424
20 5 81 0.720112 0.789551 0.270828 -9.10673 0.00196784 0.00104936
20 6 68 0.721156 0.798072 0.268621 -9.28992 0.00164604 0.000879032
20 7 77 0.716268 0.88695 0.309833 -9.19226 0.00177589 0.000941945
20 8 77 0.718568 0.839385 0.361848 -9.18982 0.00179857 0.000957037
20 9 78 0.717219 0.808471 0.380006 -9.1606 0.00184081 0.000977676
20 10 69 0.71376 0.81137 0.40414 -9.27428 0.00161782 0.000855098
20 11 82 0.721445 0.793004 0.476941 -9.14531 0.00190458 0.00101751
20 12 87 0.713459 0.856083 0.504279 -9.08461 0.00195305 0.00103185
20 13 84 0.711938 0.844294 0.532438 -9.11518 0.00188138 0.000991867
20 14 77 0.714051 0.812018 0.591641 -9.21493 0.00171897 0.000908935
20 15 86 0.721985 0.917303 0.710351 -9.21713 0.00177682 0.000949961
20 16 87 0.722425 0.901205 0.671408 -9.18949 0.00183018 0.000979085
20 17 77 0.725576 0.915131 0.759716 -9.35792 0.00156812 0.000842549
20 18 72 0.727698 0.940635 0.877959 -9.48194 0.00139818 0.00075344
20 19 88 0.725647 0.927218 0.893612 -9.27276 0.00170803 0.000917814
20 20 72 0.723125 0.965773 0.901794 -9.47855 0.00137499 0.000736286
20 21 93 0.7297 0.932061 0.982475 -9.26727 0.00174822 0.000944658
20 22 84 0.729433 1.06012 1.11109 -9.45278 0.00145053 0.000783515
20 23 88 0.729534 1.07821 1.2653 -9.46365 0.00143549 0.000775495
21 0 66 0.721584 0.801085 0.0095674 -9.30159 0.00163002 0.000870992
21 1 83 0.726499 0.909182 0.0746469 -9.14892 0.00194047 0.00104394
21 2 64 0.719588 0.755652 0.0903661 -9.30407 0.00161168 0.000858807
21 3 81 0.719554 0.830503 0.162795 -9.10997 0.00195663 0.00104257
21 4 83 0.721427 0.842396 0.21445 -9.10522 0.00198233 0.00105901
21 5 72 0.717689 0.907975 0.222427 -9.2634 0.00166446 0.000884593
21 6 77 0.715741 0.829759 0.21766 -9.14932 0.00184946 0.000980245
21 7 75 0.716757 0.878853 0.279504 -9.21215 0.00174473 0.000926052
21 8 83 0.722161 0.85066 0.331345 -9.13014 0.00193982 0.00103736
21 9 73 0.718722 0.923066 0.429908 -9.2959 0.00161865 0.000861487
21 10 70 0.728313 0.860825 0.43414 -9.3531 0.00159474 0.000860084
21 11 66 0.714696 0.910801 0.516241 -9.39308 0.00144263 0.000763502
21 12 69 0.722024 0.927749 0.511617 -9.38747 0.00149879 0.000801358
21 13 88 0.719146 0.90395 0.552782 -9.13154 0.0019114 0.0010179
21 14 81 0.727867 0.909001 0.652461 -9.28247 0.00170811 0.000920663
21 15 81 0.724463 0.923752 0.689472 -9.28425 0.00167974 0.00090114
21 16 76 0.727027 0.912828 0.710583 -9.36128 0.00157285 0.000846783
21 17 77 0.729875 0.962956 0.783475 -9.40229 0.00152859 0.000826178
21 18 90 0.72427 0.970254 0.85206 -9.24594 0.00174386 0.00093529
21 19 88 0.032411 1.01733 1.01149 11.3747 0.00159247 0.00086954
21 20 81 0.731979 1.02467 0.97359 -9.44347 0.00148046 0.000802469
21 21 80 0.723265 1.08243 1.06326 -9.46603 0.00139317 0.000746165
21 22 73 0.725518 1.09719 1.14561 -9.59893 0.00123196 0.000661878
21 23 84 0.725544 1.06696 1.16679 -9.45635 0.00142093 0.00076343
22 0 78 0.716119 0.910055 0.0221438 -9.16415 0.00182531 0.000967958
22 1 95 0.722901 0.947001 0.0180483 -9.01546 0.00218267 0.00116842
22 2 81 0.719359 0.919444 0.100579 -9.14811 0.00188178 0.00100242
22 3 80 0.715295 0.871263 0.160314 -9.12301 0.001895 0.00100375
22 4 90 0.726206 0.883047 0.181542 -9.06133 0.00211538 0.00113758
22 5 64 0.716507 0.896838 0.209733 -9.36904 0.00148972 0.000790425
22 6 88 0.719375 0.939242 0.294698 -9.09498 0.00198459 0.00105721
22 7 95 0.724235 0.920083 0.332517 -9.03691 0.00214896 0.0011525
22 8 87 0.719224 0.905497 0.340607 -9.09727 0.00197873 0.00105386
22 9 102 0.723098 0.928883 0.406836 -8.97867 0.00226643 0.0012136
22 10 73 0.732281 0.929828 0.457635 -9.36457 0.0016041 0.000869846
22 11 79 0.721193 1.03936 0.577234 -9.3127 0.00160923 0.000859418
22 12 64 0.7312 1.01598 0.53265 -9.5466 0.00133085 0.00072061
22 13 80 0.728972 1.02891 0.63299 -9.34377 0.00161433 0.000871442
22 14 86 0.731212 0.901522 0.56025 -9.20855 0.00186623 0.00101052
22 15 89 0.729667 1.03633 0.734042 -9.27046 0.00174241 0.000941476
22 16 89 0.723756 1.03052 0.745772 -9.24553 0.00174063 0.000932894
22 17 75 0.720502 1.05089 0.811621 -9.42924 0.00142783 0.000761808
22 18 91 0.720791 1.03805 0.833781 -9.23889 0.00172942 0.000923088
22 19 92 0.728386 1.10951 0.942049 -9.32017 0.00164866 0.000889254
22 20 86 0.722081 1.04121 0.913163 -9.32664 0.0015932 0.000851904
22 21 88 0.724127 1.14243 1.1026 -9.40659 0.00148413 0.000795829
22 22 81 0.725626 1.22347 1.19146 -9.54931 0.00129525 0.000695983
22 23 86 0.0308435 1.18223 1.23089 12.0825 0.00137585 0.000747549
23 0 86 0.716265 0.957418 -0.00975982 -9.09068 0.00196575 0.00104265
23 1 76 0.723939 0.989615 0.0975499 -9.26679 0.0017054 0.000914243
23 2 76 0.720008 0.933719 0.128834 -9.2235 0.00175015 0.000933142
23 3 87 0.726083 0.97443 0.177076 -9.13904 0.00195616 0.00105178
23 4 92 0.718911 0.949843 0.193748 -9.04098 0.0020904 0.00111285
23 5 96 0.713775 0.965772 0.22273 -8.98636 0.00215773 0.00114049
23 6 83 0.716581 0.991859 0.23491 -9.1585 0.00183944 0.00097608
23 7 90 0.726565 1.00881 0.303722 -9.13882 0.00196074 0.00105494
23 8 78 0.719301 0.950347 0.323894 -9.2251 0.00174188 0.00092782
23 9 90 0.725043 1.01768 0.389373 -9.15013 0.00192576 0.00103395
23 10 88 0.708323 0.998612 0.415582 -9.09407 0.00189048 0.000991603
23 11 97 0.714593 1.05101 0.522905 -9.07067 0.00199055 0.00105333
23 12 98 0.72963 1.01568 0.565665 -9.1213 0.00202237 0.00109269
23 13 71 0.730724 1.06449 0.572237 -9.47102 0.00143236 0.000775066
23 14 100 0.72239 1.08484 0.651468 -9.11974 0.00196209 0.0010496
23 15 106 0.727474 1.1014 0.718909 -9.10798 0.00203023 0.0010937
23 16 94 0.720778 1.02917 0.715249 -9.16858 0.00185528 0.000990251
23 17 92 0.719556 1.12657 0.870746 -9.26641 0.00167328 0.000891595
23 18 95 0.0325808 1.17389 0.899367 11.3428 0.00168404 0.000920033
23 19 82 0.725659 1.13678 0.934733 -9.43083 0.00145839 0.00078368
23 20 87 0.727243 1.12184 1.01203 -9.3967 0.00151955 0.000818331
23 21 64 0.717829 1.16846 1.08436 -9.70002 0.00107627 0.000572106
23 22 82 0.716699 1.19908 1.09962 -9.46187 0.00135882 0.000721162
23 23 90 0.721934 1.26841 1.24064 -9.4564 0.00139841 0.000747593
