#  ix    iy     Npi     E/N       Tpi    Uxpi    Uypi     mupi     rho    epsilon
0 0 235 0.0352086 -0.0147491 0.0214505 3.5127 0.00827185 0.00169974
0 1 240 0.0348246 0.00816417 0.0940973 3.59388 0.00841326 0.00172183
0 2 240 0.0351907 0.0405916 0.150095 3.52512 0.00835037 0.00171556
0 3 256 0.0345403 0.0487248 0.16871 3.69597 0.00887823 0.00181155
0 4 207 0.0353608 0.0244044 0.178286 3.3451 0.00717351 0.00147641
0 5 260 0.037752 0.0162622 0.257608 3.18353 0.00886439 0.00187058
0 6 239 0.0351914 0.0419575 0.324863 3.48181 0.00799738 0.00164305
0 7 239 0.0336541 -0.0119855 0.365633 3.73446 0.00790324 0.00159757
0 8 264 0.0340086 -0.0188177 0.391648 3.76253 0.00865429 0.00175596
0 9 240 0.0340495 -0.007207 0.445949 3.64084 0.00771787 0.00156664
0 10 243 0.0355563 -0.00524956 0.500428 3.37759 0.00765163 0.00157805
0 11 238 0.0365211 0.0299287 0.559816 3.17791 0.00730993 0.0015229
0 12 286 0.0399956 0.034489 0.648715 2.81789 0.00844491 0.00182385
0 13 283 0.0400023 0.0211983 0.668136 2.79779 0.0082843 0.00178929
0 14 274 0.0374842 0.00929913 0.734026 3.09258 0.00777732 0.00163662
0 15 250 0.0386489 0.0208206 0.771451 2.81262 0.00696889 0.00148433
0 16 316 0.03662 0.0557854 0.905744 3.28224 0.00823982 0.0017184
0 17 279 0.0367951 -0.0237264 0.937078 3.11567 0.00716737 0.00149748
0 18 291 0.0395999 0.017061 1.08811 2.67448 0.006933 0.00149124
0 19 306 0.0358742 0.0125139 1.15208 3.246 0.00706258 0.00146144
0 20 300 0.0369783 2.8985e-05 1.22064 3.01922 0.00669433 0.00140132
0 21 341 0.0381937 0.0160125 1.25056 2.95137 0.00749832 0.00158958
0 22 306 0.0367934 0.00931294 1.27678 3.04004 0.00664362 0.00138802
0 23 355 0.0415964 -0.000198902 1.42893 2.44432 0.00716709 0.00157344
1 0 239 0.0360926 0.083138 0.0580013 3.38121 0.00837258 0.00173648
1 1 256 0.033557 0.0748881 0.0746537 3.87778 0.00896411 0.00181015
1 2 220 0.034575 0.0332207 0.0919275 3.54893 0.00770974 0.0015737
1 3 223 0.0366291 0.0423521 0.157981 3.21943 0.00774915 0.00161622
1 4 226 0.0323875 0.080284 0.218805 3.94819 0.00775004 0.00154567
1 5 228 0.0356138 0.109897 0.286488 3.37126 0.00767498 0.00158383
1 6 259 0.0350523 0.0548733 0.292532 3.59384 0.00874078 0.00179315
1 7 242 0.0348013 0.0850003 0.381608 3.53944 0.00793617 0.00162379
1 8 278 0.034417 0.0715714 0.431043 3.72738 0.00896985 0.00182786
1 9 263 0.0361644 0.0873932 0.457818 3.37231 0.00839364 0.00174216
1 10 268 0.0356853 0.0699239 0.487233 3.45781 0.00846654 0.00174848
1 11 264 0.0403471 0.0777411 0.563311 2.72667 0.00808065 0.00175149
1 12 268 0.0334907 0.0740064 0.645507 3.76498 0.00791303 0.00159678
1 13 254 0.0393769 0.0679256 0.653597 2.78038 0.00747435 0.001604
1 14 291 0.0407292 0.0675608 0.752393 2.68789 0.00817586 0.00177908
1 15 294 0.0363298 0.0807893 0.808982 3.30216 0.00803243 0.00167007
1 16 315 0.0380489 0.0367073 0.887968 3.07292 0.00829059 0.0017549
1 17 350 0.038462 0.0531871 0.953646 3.08532 0.008912 0.00189453
1 18 329 0.0368123 0.127227 1.04827 3.2186 0.00796555 0.00166454
1 19 294 0.0372872 0.0526405 1.07397 3.02402 0.00704994 0.00148052
1 20 329 0.0367137 0.0859779 1.22789 3.14722 0.00730465 0.00152486
1 21 334 0.0391176 0.117536 1.33052 2.75778 0.00704833 0.00150853
1 22 345 0.0379545 0.10825 1.42318 2.91333 0.00697054 0.00147404
1 23 386 0.0397418 0.0764218 1.44681 2.76266 0.00772059 0.00166308
2 0 242 0.0336823 0.113254 0.0250131 3.79804 0.00846439 0.00171151
2 1 235 0.0373979 0.143944 0.0644351 3.15523 0.00817363 0.00171848
2 2 234 0.0345958 0.129468 0.146586 3.59304 0.00808624 0.00165092
2 3 237 0.0350929 0.0852704 0.151335 3.52588 0.00822195 0.00168744
2 4 243 0.0349467 0.137448 0.180209 3.56515 0.0083447 0.00171
2 5 222 0.0349137 0.08849 0.257646 3.46956 0.00754205 0.00154498
2 6 254 0.0350014 0.141034 0.329617 3.56483 0.00841894 0.0017262
2 7 274 0.0345113 0.130311 0.351827 3.71823 0.00903305 0.00184257
2 8 240 0.0358246 0.112706 0.402316 3.35296 0.00779749 0.00161267
2 9 237 0.0360111 0.0692625 0.446506 3.29802 0.00760479 0.00157589
2 10 246 0.0355279 0.133045 0.566654 3.36036 0.00748616 0.00154347
2 11 265 0.0396012 0.0772405 0.599351 2.81569 0.00798604 0.00171777
2 12 311 0.0396524 0.11625 0.596037 2.96743 0.00936001 0.00201437
2 13 294 0.0347939 0.100967 0.706487 3.60062 0.00842633 0.00172394
2 14 298 0.0346927 0.170778 0.744757 3.60718 0.00833766 0.00170398
2 15 291 0.0355679 0.139612 0.81496 3.40723 0.00789676 0.00162881
2 16 345 0.0367876 0.106844 0.881907 3.35357 0.00908185 0.00189732
2 17 286 0.0365847 0.142516 1.00354 3.13497 0.00707256 0.00147442
2 18 313 0.0382989 0.151895 1.07087 2.93393 0.0074819 0.00158783
2 19 315 0.0374245 0.119736 1.06866 3.0723 0.00755318 0.00158847
2 20 357 0.0392812 0.121091 1.22162 2.85397 0.00793909 0.00170205
2 21 337 0.0401021 0.140569 1.26089 2.66408 0.00734555 0.00158816
2 22 318 0.0364896 0.1596 1.43142 3.0477 0.00638597 0.00132997
2 23 365 0.0407009 0.154545 1.49906 2.55136 0.00710607 0.00154584
3 0 235 0.0380618 0.171151 -0.0282198 3.05429 0.0081529 0.00172599
3 1 208 0.0327272 0.11538 0.0448196 3.82002 0.00726847 0.00145487
3 2 236 0.0348385 0.133405 0.0871357 3.56662 0.00820633 0.00167973
3 3 245 0.0365859 0.157087 0.157709 3.30926 0.00842067 0.00175549
3 4 242 0.0372628 0.151264 0.180217 3.1903 0.00829463 0.00174147
3 5 255 0.037446 0.17996 0.25442 3.19563 0.00857227 0.00180319
3 6 242 0.0335603 0.187935 0.363163 3.74921 0.0078872 0.00159275
3 7 257 0.0390239 0.161529 0.349236 2.95176 0.00844565 0.00180585
3 8 267 0.0347292 0.195183 0.401628 3.63015 0.00858441 0.00175509
3 9 271 0.0356916 0.178248 0.47145 3.46322 0.0085211 0.00175987
3 10 272 0.0333062 0.128901 0.543081 3.85362 0.00836292 0.00168427
3 11 276 0.0351517 0.173793 0.553123 3.5384 0.00840743 0.00172657
3 12 292 0.0382912 0.168217 0.560707 3.10559 0.00887313 0.00188293
3 13 304 0.0366386 0.182028 0.689809 3.33528 0.00871394 0.00181763
3 14 296 0.037984 0.175893 0.760971 3.07315 0.00821407 0.00173753
3 15 272 0.0384435 0.154618 0.847721 2.88232 0.00725537 0.00154206
3 16 271 0.0368028 0.189829 0.897261 3.09548 0.00703252 0.00146942
3 17 289 0.0380276 0.163117 0.934314 2.96015 0.00738336 0.00156252
3 18 307 0.0389108 0.195379 1.02321 2.84707 0.00748605 0.0015988
3 19 340 0.0387701 0.215592 1.12859 2.91566 0.00785955 0.00167613
3 20 318 0.0366047 0.215606 1.12072 3.1743 0.0073792 0.00153867
3 21 331 0.0377779 0.186559 1.345 2.93081 0.00691125 0.00145882
3 22 346 0.0379677 0.194056 1.34461 2.94685 0.00722217 0.00152746
3 23 366 0.0400039 0.202515 1.45442 2.66474 0.00725388 0.00156676
4 0 208 0.0357609 0.208877 0.0191688 3.27907 0.00716796 0.00148148
4 1 229 0.0349775 0.218511 0.0418841 3.50153 0.00787092 0.00161343
4 2 224 0.0349889 0.184264 0.139741 3.47566 0.00768451 0.00157541
4 3 240 0.0381479 0.213988 0.190401 3.03819 0.00812401 0.00172141
4 4 253 0.0344072 0.168918 0.209385 3.68726 0.00860258 0.00175284
4 5 239 0.0353198 0.220016 0.234253 3.46238 0.00801192 0.00164826
4 6 244 0.0337518 0.224262 0.30071 3.73474 0.00804418 0.00162775
4 7 247 0.0369503 0.20666 0.395841 3.19435 0.0079414 0.00166188
4 8 263 0.0358548 0.178687 0.366104 3.4433 0.00857621 0.00177429
4 9 286 0.0340979 0.22647 0.48083 3.77403 0.00889245 0.00180599
4 10 286 0.0347098 0.213228 0.521812 3.65514 0.00877264 0.00179321
4 11 280 0.0373027 0.224664 0.575194 3.19553 0.00838865 0.00176194
4 12 265 0.034992 0.236883 0.611853 3.49026 0.00780166 0.00159948
4 13 319 0.037598 0.211146 0.706974 3.22585 0.00903843 0.00190426
4 14 280 0.0369708 0.25414 0.727094 3.17463 0.00781083 0.00163491
4 15 301 0.034654 0.237925 0.84174 3.56959 0.00797736 0.00162969
4 16 314 0.0387863 0.245418 0.913899 2.93491 0.00803075 0.00171293
4 17 307 0.0362805 0.240898 0.974167 3.25858 0.00763032 0.00158565
4 18 354 0.0397729 0.269983 1.03597 2.8556 0.00850857 0.0018334
4 19 326 0.0382486 0.236966 1.108 2.95631 0.00759572 0.00161115
4 20 321 0.0394976 0.226877 1.22214 2.71021 0.00708491 0.00152231
4 21 354 0.0378676 0.266862 1.39155 2.95675 0.00718743 0.00151853
4 22 350 0.0401786 0.239169 1.37914 2.62879 0.00716409 0.00155014
4 23 336 0.0390679 0.337133 1.48062 2.68481 0.00650694 0.00139195
5 0 253 0.0334638 0.277737 0.0153915 3.85106 0.0085826 0.0017314
5 1 250 0.032167 0.251899 0.0883906 4.08332 0.00850498 0.00169225
5 2 229 0.0346125 0.247075 0.128182 3.55006 0.00776807 0.00158624
5 3 243 0.0345516 0.293355 0.171461 3.60247 0.00810143 0.00165325
5 4 245 0.035514 0.242921 0.241542 3.44896 0.00816117 0.00168239
5 5 239 0.0361566 0.262387 0.307796 3.30038 0.00780154 0.00161913
5 6 264 0.03543 0.214055 0.357262 3.51292 0.00858128 0.00176744
5 7 238 0.037327 0.201472 0.377012 3.10696 0.00770577 0.00161892
5 8 294 0.0369132 0.269655 0.445979 3.345 0.00918019 0.00192038
5 9 293 0.0340973 0.277142 0.422752 3.80895 0.00920738 0.00186994
5 10 251 0.034668 0.213148 0.565239 3.51411 0.00756486 0.00154564
5 11 257 0.0382746 0.245353 0.545104 2.97489 0.00776732 0.00164799
5 12 293 0.0386314 0.245114 0.593656 3.03476 0.00868068 0.00184859
5 13 285 0.0356889 0.315266 0.71724 3.3879 0.00789947 0.00163144
5 14 306 0.0395466 0.287059 0.779744 2.86022 0.0082872 0.00178155
5 15 295 0.0364781 0.24611 0.80207 3.26953 0.00795762 0.00165709
5 16 300 0.0379273 0.317307 0.957673 2.98201 0.00743638 0.0015721
5 17 304 0.0376743 0.31572 0.996153 3.01459 0.00740073 0.00156046
5 18 307 0.0375788 0.313088 1.09671 2.99106 0.00712658 0.00150116
5 19 342 0.0370464 0.295309 1.11161 3.17457 0.00790121 0.00165513
5 20 338 0.0396192 0.330841 1.27495 2.70914 0.00719655 0.00154824
5 21 377 0.0403921 0.309245 1.29111 2.70899 0.00798666 0.00173192
5 22 329 0.0389416 0.328709 1.38167 2.72722 0.00666938 0.00142484
5 23 337 0.0403413 0.362734 1.51792 2.49457 0.00640188 0.00138753
6 0 236 0.0357536 0.378088 0.0387581 3.36061 0.00776774 0.00160532
6 1 219 0.0358095 0.307712 0.0861029 3.29568 0.0073454 0.00151893
6 2 267 0.0357428 0.297526 0.114939 3.50479 0.00895684 0.00185086
6 3 244 0.0334165 0.268619 0.142259 3.81643 0.00822019 0.00165746
6 4 250 0.035459 0.288138 0.1722 3.48027 0.00834521 0.00171934
6 5 214 0.0320844 0.336315 0.277332 3.89117 0.00690746 0.00137318
6 6 258 0.0357839 0.263836 0.308414 3.43606 0.00841761 0.00174018
6 7 260 0.035583 0.331646 0.339804 3.45094 0.00827001 0.00170607
6 8 249 0.0346761 0.343332 0.396754 3.5387 0.00776384 0.00158643
6 9 259 0.0364048 0.330256 0.445365 3.28329 0.00797579 0.0016596
6 10 245 0.0364167 0.346275 0.585366 3.16978 0.00713331 0.00148448
6 11 254 0.0350607 0.288697 0.615118 3.42559 0.00739748 0.00151771
6 12 289 0.0362403 0.285783 0.667728 3.34102 0.00823349 0.00171028
6 13 289 0.0352757 0.37181 0.777911 3.43085 0.00770695 0.00158478
6 14 337 0.0381601 0.314091 0.760429 3.15681 0.00916341 0.00194189
6 15 279 0.0385614 0.30084 0.853018 2.86959 0.00728571 0.0015504
6 16 287 0.0382904 0.345561 0.910256 2.90237 0.00724055 0.00153648
6 17 323 0.0383729 0.375657 0.978021 2.9716 0.00785269 0.0016678
6 18 329 0.0357053 0.357472 1.05686 3.36382 0.00773204 0.00159713
6 19 319 0.0414878 0.348005 1.14331 2.46386 0.00720816 0.0015807
6 20 331 0.0384874 0.380476 1.22598 2.86314 0.00716256 0.00152303
6 21 374 0.0385763 0.388194 1.29615 2.93914 0.0078272 0.00166589
6 22 353 0.0382092 0.451031 1.43445 2.86349 0.00688298 0.00145937
6 23 337 0.0385216 0.375848 1.49012 2.75683 0.00647188 0.00137665
7 0 281 0.0349922 0.334101 0.0379835 3.67431 0.00937837 0.00192273
7 1 261 0.0332044 0.309572 0.0960666 3.91653 0.00874236 0.00175878
7 2 273 0.0349352 0.386679 0.113259 3.63332 0.00891612 0.00182687
7 3 227 0.0327155 0.352895 0.168907 3.84601 0.00744356 0.00148973
7 4 259 0.0342672 0.336166 0.21248 3.69641 0.00847419 0.00172413
7 5 238 0.03665 0.381071 0.26345 3.19726 0.00760393 0.00158628
7 6 248 0.0357648 0.345614 0.303271 3.37996 0.00793388 0.00163985
7 7 264 0.0358852 0.339865 0.389722 3.40049 0.00825715 0.00170882
7 8 254 0.0388833 0.282327 0.447781 2.90534 0.00790449 0.00168769
7 9 276 0.0369332 0.374142 0.463314 3.24712 0.00834984 0.00174705
7 10 264 0.0373772 0.39867 0.558011 3.09424 0.00766621 0.00161145
7 11 283 0.0337953 0.378569 0.610806 3.73297 0.00809211 0.0016382
7 12 299 0.0363375 0.348426 0.663899 3.34848 0.00842345 0.00175151
7 13 276 0.0340026 0.436102 0.711507 3.61526 0.00746145 0.00151384
7 14 294 0.0382863 0.35357 0.707713 3.01743 0.00811869 0.00172275
7 15 304 0.0359959 0.377984 0.853164 3.32914 0.00782611 0.0016215
7 16 305 0.0370954 0.393907 0.972282 3.10293 0.00741004 0.00155304
7 17 321 0.0409213 0.373953 0.941385 2.63361 0.00794076 0.00173132
7 18 342 0.0384887 0.424246 1.05282 2.96859 0.00796051 0.00169273
7 19 337 0.0377207 0.428904 1.16698 3.01259 0.00743701 0.00156886
7 20 345 0.0383384 0.432034 1.21897 2.92137 0.00743086 0.00157765
7 21 376 0.0382722 0.506872 1.38848 2.92931 0.00741871 0.00157399
7 22 364 0.0376548 0.466179 1.43789 2.97201 0.00707172 0.00149078
7 23 364 0.0369737 0.4847 1.55716 3.02076 0.00669979 0.0014024
8 0 217 0.0357344 0.362566 0.0174047 3.28536 0.00718232 0.00148404
8 1 273 0.033337 0.393495 0.113057 3.90983 0.00889597 0.00179221
8 2 254 0.0347423 0.452182 0.171535 3.56385 0.0080515 0.00164636
8 3 258 0.0361359 0.370197 0.174361 3.37852 0.00840781 0.00174458
8 4 248 0.0353059 0.404216 0.231348 3.45264 0.00791596 0.00162828
8 5 280 0.0344682 0.400198 0.24383 3.71385 0.00892748 0.00182021
8 6 273 0.0334598 0.429498 0.335856 3.83499 0.00843975 0.00170251
8 7 259 0.0359802 0.420228 0.41715 3.33434 0.00784724 0.00162561
8 8 263 0.0357118 0.408874 0.417991 3.39612 0.00799426 0.00165141
8 9 279 0.0343782 0.440811 0.513477 3.63649 0.008136 0.00165727
8 10 294 0.0376927 0.456974 0.533851 3.1468 0.00846992 0.00178624
8 11 294 0.034242 0.416215 0.596083 3.68878 0.00837316 0.00170312
8 12 300 0.0413265 0.410786 0.616113 2.64805 0.00848926 0.00185858
8 13 298 0.0392631 0.430059 0.727949 2.86573 0.00801278 0.00171753
8 14 319 0.0355347 0.390679 0.760741 3.49055 0.00853648 0.00176014
8 15 333 0.0370687 0.499696 0.904103 3.20284 0.0081554 0.00170878
8 16 320 0.036682 0.437213 0.881483 3.247 0.00803157 0.00167606
8 17 332 0.0385138 0.528315 1.02661 2.92565 0.00765346 0.00162786
8 18 320 0.0409694 0.451891 1.03468 2.56634 0.00747073 0.00162964
8 19 324 0.0374754 0.462126 1.13147 3.02013 0.00722433 0.00152012
8 20 350 0.0368914 0.518976 1.24527 3.12447 0.00733875 0.00153482
8 21 324 0.040737 0.546869 1.4254 2.41842 0.00625102 0.00136034
8 22 356 0.0376817 0.552733 1.45193 2.92657 0.00678459 0.00143065
8 23 366 0.0382731 0.564052 1.61197 2.79881 0.0065119 0.00138161
9 0 270 0.0351072 0.457187 0.00454439 3.57381 0.0086462 0.00177477
9 1 247 0.0386776 0.428347 0.035483 2.94532 0.00799037 0.0017024
9 2 269 0.0375093 0.440835 0.144889 3.18842 0.00859186 0.00180851
9 3 236 0.0366407 0.428393 0.147391 3.19414 0.0075693 0.00157891
9 4 257 0.0362016 0.476984 0.202555 3.32269 0.00803456 0.00166828
9 5 228 0.0348643 0.481166 0.276748 3.40605 0.00701931 0.00143715
9 6 263 0.0362476 0.46167 0.378553 3.30497 0.00795128 0.00165178
9 7 243 0.0392649 0.435806 0.361777 2.79199 0.00744505 0.00159587
9 8 258 0.0350912 0.489996 0.413908 3.45363 0.0076467 0.00156935
9 9 268 0.0373085 0.440982 0.525906 3.1194 0.00778043 0.00163429
9 10 269 0.0368123 0.500331 0.5813 3.16049 0.00751581 0.00157056
9 11 267 0.0349483 0.482233 0.528982 3.47727 0.00764476 0.00156659
9 12 280 0.0347115 0.475802 0.653843 3.52004 0.00766629 0.00156709
9 13 293 0.0358955 0.512638 0.74444 3.32295 0.00765373 0.00158411
9 14 276 0.038493 0.489194 0.810508 2.84755 0.0070574 0.00150076
9 15 347 0.0395391 0.514899 0.859049 2.90212 0.00863299 0.00185574
9 16 338 0.0391688 0.519581 0.891296 2.91207 0.00828332 0.00177379
9 17 330 0.0406111 0.482483 0.923948 2.68719 0.00804432 0.00174834
9 18 322 0.0379954 0.561306 1.0459 2.95419 0.00730501 0.00154542
9 19 345 0.0384247 0.571195 1.23704 2.87564 0.00718754 0.00152735
9 20 356 0.0374546 0.599495 1.3274 3.00521 0.0070951 0.0014926
9 21 338 0.0379407 0.575881 1.33502 2.88238 0.00674443 0.00142602
9 22 398 0.0365508 0.596989 1.48011 3.19103 0.00744094 0.00155067
9 23 357 0.0415419 0.684049 1.64109 2.30022 0.00616235 0.00135211
10 0 262 0.0365269 0.569396 0.0213065 3.26914 0.00801548 0.00166999
10 1 260 0.0349743 0.502759 0.0564088 3.53924 0.008169 0.00167448
10 2 263 0.0347718 0.543621 0.130653 3.56276 0.00808299 0.00165332
10 3 246 0.0353422 0.54271 0.132612 3.40089 0.00756188 0.00155604
10 4 252 0.0357761 0.477602 0.253938 3.36171 0.00780463 0.00161333
10 5 258 0.033231 0.519175 0.32845 3.78995 0.00774048 0.00155767
10 6 267 0.0387539 0.497664 0.29967 2.9517 0.00812925 0.00173336
10 7 293 0.0315943 0.453976 0.34344 4.24789 0.00896598 0.0017731
10 8 272 0.0355791 0.480795 0.422653 3.42665 0.00806626 0.00166396
10 9 313 0.0348414 0.518165 0.475574 3.6601 0.00901476 0.00184525
10 10 312 0.0347015 0.489331 0.566478 3.65907 0.00879481 0.00179758
10 11 318 0.0356568 0.594846 0.644108 3.45684 0.00841937 0.00173822
10 12 277 0.0380022 0.585734 0.720517 2.93138 0.00714735 0.00151217
10 13 301 0.0399117 0.500743 0.723678 2.76964 0.00795638 0.00171687
10 14 335 0.0357013 0.586015 0.847841 3.42493 0.00821403 0.00169662
10 15 310 0.0367379 0.587929 0.918381 3.15341 0.00737755 0.00154047
10 16 322 0.0389448 0.579257 0.905275 2.87349 0.00772339 0.00165007
10 17 339 0.0368253 0.5879 1.05798 3.17 0.00760287 0.00158897
10 18 342 0.0381421 0.601954 1.10337 2.95878 0.00749749 0.00158856
10 19 371 0.0361467 0.643556 1.18922 3.29759 0.00776755 0.00161191
10 20 349 0.0412316 0.619813 1.21735 2.50365 0.00725872 0.00158764
10 21 372 0.0421367 0.659194 1.39238 2.37153 0.0071318 0.00157432
10 22 338 0.0382776 0.714971 1.48554 2.74458 0.00617224 0.0013096
10 23 339 0.03785 0.732523 1.5995 2.76174 0.00589869 0.00124602
11 0 263 0.0342068 0.506505 0.00361552 3.68143 0.00826125 0.00167973
11 1 277 0.0391182 0.517302 0.0264889 2.96369 0.00866064 0.00185362
11 2 247 0.0350064 0.593204 0.120839 3.44039 0.00744004 0.00152557
11 3 276 0.0357054 0.565532 0.197067 3.43918 0.00833748 0.0017222
11 4 267 0.0380776 0.511582 0.189723 3.06417 0.00825285 0.00174743
11 5 297 0.0361388 0.481138 0.268698 3.46363 0.00915905 0.00190051
11 6 291 0.039581 0.54925 0.35827 2.88886 0.00856844 0.00184266
11 7 305 0.0356192 0.605834 0.40258 3.494 0.00868486 0.00179233
11 8 282 0.0361883 0.613215 0.436465 3.31212 0.00793343 0.00164705
11 9 301 0.0341334 0.600066 0.476184 3.71249 0.00841362 0.00170939
11 10 309 0.0377102 0.556667 0.539216 3.15944 0.00859992 0.00181399
11 11 276 0.0390625 0.58075 0.61317 2.81751 0.00742473 0.00158819
11 12 299 0.038937 0.575887 0.727803 2.87374 0.00771684 0.00164854
11 13 298 0.0402164 0.622563 0.764848 2.66569 0.00747104 0.00161719
11 14 320 0.0396404 0.613282 0.757048 2.82084 0.00807048 0.00173663
11 15 337 0.0369573 0.62144 0.874636 3.21188 0.00809047 0.0016932
11 16 310 0.0380847 0.705393 0.974789 2.89516 0.00697679 0.00147735
11 17 381 0.0359238 0.667676 1.05825 3.40851 0.0083754 0.001734
11 18 352 0.0385899 0.666821 1.10606 2.90617 0.00758805 0.00161522
11 19 355 0.0381237 0.672188 1.17195 2.9533 0.00743665 0.00157536
11 20 381 0.0371102 0.74663 1.33216 3.09244 0.00734931 0.00154054
11 21 328 0.0378954 0.731513 1.33987 2.82541 0.00632864 0.00133747
11 22 362 0.0397382 0.761051 1.50902 2.58965 0.00649087 0.00139813
11 23 392 0.0374215 0.854613 1.67919 2.91808 0.00647082 0.0013608
12 0 272 0.038612 0.623424 0.0189064 2.97155 0.00812638 0.0017302
12 1 302 0.0367688 0.590321 0.0517785 3.36374 0.00914819 0.00191081
12 2 248 0.0337401 0.609513 0.162082 3.65147 0.00738609 0.00149439
12 3 266 0.035985 0.594358 0.200108 3.34468 0.00793488 0.00164385
12 4 243 0.0344695 0.63516 0.219086 3.48489 0.00710216 0.00144807
12 5 297 0.036263 0.620674 0.285707 3.38499 0.00863462 0.00179402
12 6 308 0.0336426 0.607991 0.370563 3.8479 0.00883446 0.00178559
12 7 281 0.0347638 0.611796 0.385551 3.55599 0.00801763 0.00163981
12 8 325 0.035968 0.607927 0.426616 3.49393 0.0091871 0.00190293
12 9 304 0.0374957 0.607729 0.492319 3.17164 0.00843163 0.00177453
12 10 290 0.0365332 0.700892 0.562688 3.2142 0.00759445 0.00158237
12 11 313 0.0396452 0.656934 0.599457 2.84042 0.00823548 0.00177223
12 12 356 0.0347443 0.622767 0.638515 3.71354 0.00935479 0.0019129
12 13 338 0.0394024 0.655205 0.749104 2.89786 0.00843573 0.00181078
12 14 309 0.0383628 0.699634 0.83035 2.90973 0.0073708 0.00156529
12 15 324 0.037446 0.725376 0.978504 3.02658 0.00723906 0.00152275
12 16 343 0.0394275 0.723896 0.97431 2.80047 0.00767957 0.0016489
12 17 348 0.0380497 0.743925 0.992448 2.99774 0.007691 0.001628
12 18 351 0.0394352 0.755866 1.12324 2.75457 0.00734288 0.00157673
12 19 348 0.0416464 0.787336 1.2408 2.3991 0.0068937 0.00151419
12 20 349 0.0408161 0.814944 1.30097 2.47854 0.0067074 0.00146084
12 21 328 0.0360839 0.834188 1.43637 3.04217 0.00595686 0.00123534
12 22 381 0.0395868 0.873787 1.58111 2.61135 0.00649722 0.00139732
12 23 365 0.0393244 0.929321 1.71177 2.54603 0.00586996 0.00125901
13 0 302 0.0397302 0.631413 0.0222315 2.91645 0.00898985 0.00193625
13 1 271 0.0348 0.680221 0.120463 3.52888 0.00785108 0.00160636
13 2 238 0.0361666 0.679625 0.10619 3.17665 0.00690451 0.00143311
13 3 279 0.0401213 0.658311 0.204382 2.75785 0.00808851 0.00174914
13 4 255 0.0354012 0.706849 0.236928 3.34195 0.00719862 0.00148221
13 5 290 0.034953 0.712214 0.28657 3.53429 0.00809966 0.00165989
13 6 299 0.0375017 0.658203 0.310289 3.18033 0.00851288 0.00179174
13 7 280 0.0355131 0.688602 0.426372 3.38593 0.00766151 0.00157937
13 8 315 0.0382692 0.70488 0.469868 3.06146 0.00846305 0.0017955
13 9 307 0.0388064 0.731939 0.530701 2.93055 0.00801858 0.00171069
13 10 302 0.037691 0.667941 0.587244 3.08318 0.00794586 0.00167569
13 11 306 0.0370536 0.701324 0.623146 3.16797 0.00785787 0.00164618
13 12 325 0.0389109 0.764786 0.703505 2.90532 0.0079351 0.00169471
13 13 341 0.0374553 0.769036 0.756359 3.14533 0.00816315 0.0017173
13 14 341 0.0372799 0.73257 0.842833 3.15279 0.00800999 0.00168201
13 15 347 0.0373378 0.736004 0.915225 3.13288 0.00792105 0.00166433
13 16 378 0.0363069 0.814151 1.03048 3.3096 0.00806327 0.00167608
13 17 359 0.0390297 0.826829 1.05914 2.83845 0.00754704 0.00161381
13 18 350 0.0399087 0.883344 1.19489 2.6248 0.00688063 0.00148469
13 19 363 0.039653 0.859002 1.23282 2.6884 0.00708159 0.00152404
13 20 356 0.0382422 0.908669 1.41221 2.78808 0.00641356 0.00136031
13 21 379 0.0397519 0.939085 1.52035 2.59179 0.00651688 0.00140393
13 22 366 0.0408972 0.988931 1.57905 2.37213 0.00609456 0.00132847
13 23 368 0.0367866 0.97552 1.69591 2.92195 0.00589735 0.00123202
14 0 254 0.0404097 0.677934 0.0270343 2.63049 0.007401 0.00160521
14 1 270 0.0365658 0.690178 0.101956 3.23543 0.007797 0.00162513
14 2 306 0.0431599 0.707616 0.103747 2.45278 0.00876398 0.00195478
14 3 288 0.0381039 0.685004 0.19581 3.06109 0.00825914 0.00174924
14 4 291 0.0381348 0.748648 0.234158 3.03245 0.00806209 0.00170805
14 5 335 0.038468 0.769185 0.314851 3.1022 0.00907159 0.00192858
14 6 274 0.0376772 0.735145 0.344869 3.0261 0.00748963 0.00157925
14 7 293 0.0377295 0.79244 0.387362 3.05085 0.00773717 0.00163233
14 8 291 0.036914 0.760032 0.453818 3.16544 0.00767231 0.00160496
14 9 300 0.0364615 0.73692 0.542055 3.25135 0.00779405 0.00162274
14 10 323 0.0395261 0.813306 0.552691 2.84135 0.00810941 0.00174296
14 11 303 0.0389509 0.744791 0.570183 2.88014 0.00778155 0.0016626
14 12 346 0.0401471 0.79484 0.757363 2.76854 0.00820384 0.00177455
14 13 320 0.0400648 0.840486 0.818557 2.66413 0.00730915 0.00157969
14 14 342 0.0377339 0.896155 0.88151 3.01867 0.00749696 0.00158173
14 15 344 0.0379292 0.858239 0.933241 2.9904 0.00750113 0.00158582
14 16 344 0.0415499 0.840034 1.02349 2.46861 0.00729999 0.00160186
14 17 319 0.0402072 0.89484 1.12913 2.51292 0.00640475 0.00138625
14 18 361 0.0409908 0.950332 1.25786 2.47077 0.00680872 0.00148556
14 19 362 0.037302 0.987183 1.3121 2.96038 0.00663005 0.00139255
14 20 326 0.0377616 0.923445 1.35202 2.78903 0.00598321 0.00126272
14 21 382 0.0392608 1.012 1.51325 2.6531 0.00647593 0.00138807
14 22 398 0.0372175 1.10696 1.7442 2.89081 0.00610604 0.00128136
14 23 372 0.0390446 1.15206 1.75784 2.54291 0.00562774 0.00120358
15 0 270 0.0376928 0.753893 0.0656583 3.03592 0.00758101 0.00159878
15 1 276 0.0378885 0.796279 0.0872219 3.00749 0.00758487 0.00160285
15 2 304 0.0353122 0.792811 0.145155 3.50307 0.00833419 0.00171442
15 3 314 0.0370433 0.775685 0.149198 3.26861 0.00867611 0.0018174
15 4 309 0.0354539 0.773649 0.239755 3.49416 0.00845489 0.00174184
15 5 314 0.037583 0.787535 0.294583 3.16225 0.00846245 0.00178263
15 6 319 0.0388527 0.807225 0.32672 2.97884 0.00847069 0.00180801
15 7 306 0.0371324 0.820692 0.426182 3.16267 0.00791064 0.00165859
15 8 323 0.0374868 0.813448 0.41588 3.16881 0.00839667 0.00176701
15 9 314 0.0424388 0.795268 0.493869 2.45796 0.00807148 0.00178723
15 10 301 0.0390701 0.834779 0.565356 2.82167 0.00746364 0.00159664
15 11 354 0.0381777 0.882054 0.696537 3.05354 0.00828562 0.00175619
15 12 368 0.0364566 0.850977 0.735542 3.35161 0.00860949 0.00179243
15 13 343 0.0404629 0.857859 0.806605 2.67824 0.00781794 0.00169656
15 14 316 0.0370755 0.95447 0.895171 3.01357 0.0067561 0.00141569
15 15 365 0.0385818 0.976947 0.981013 2.89902 0.00752524 0.00160171
15 16 325 0.0373739 0.938206 1.02679 2.95709 0.00668029 0.00140416
15 17 353 0.0389524 1.02123 1.15249 2.74062 0.00676966 0.00144642
15 18 400 0.0422931 0.912369 1.12225 2.46827 0.00800999 0.00177099
15 19 378 0.0404757 1.02852 1.25682 2.56299 0.00697872 0.00151464
15 20 364 0.0382712 1.04144 1.38941 2.78119 0.00639643 0.00135708
15 21 364 0.0367635 1.09212 1.59015 2.92572 0.00589865 0.001232
15 22 383 0.0385406 1.12287 1.68694 2.67303 0.00596781 0.00126968
15 23 371 0.0395178 1.19292 1.83416 2.44145 0.00543026 0.00116703
16 0 303 0.0371159 0.823258 -0.00541492 3.20558 0.00823676 0.00172667
16 1 304 0.0384457 0.847345 0.110758 2.99677 0.00813766 0.00172963
16 2 311 0.0411972 0.886796 0.131192 2.62437 0.00815398 0.00178283
16 3 305 0.0375546 0.857128 0.20998 3.1168 0.00805235 0.00169574
16 4 300 0.038081 0.813926 0.225434 3.0413 0.00807025 0.00170883
16 5 324 0.0344103 0.826007 0.23438 3.69287 0.00865564 0.00176371
16 6 323 0.0402324 0.861238 0.325854 2.77674 0.00836649 0.00181132
16 7 341 0.0374871 0.888886 0.394967 3.19351 0.00860699 0.00181127
16 8 336 0.0403851 0.855457 0.476567 2.76667 0.00845303 0.00183292
16 9 329 0.0359176 0.938267 0.57694 3.33667 0.00778694 0.00161206
16 10 365 0.0363384 0.917342 0.571941 3.38378 0.00872733 0.00181472
16 11 337 0.0387528 0.912015 0.622351 2.93154 0.0079657 0.00169846
16 12 361 0.0422142 0.894119 0.777191 2.50137 0.00819915 0.00181136
16 13 335 0.0391374 0.940929 0.840866 2.79367 0.00732614 0.00156831
16 14 347 0.0378209 1.02239 0.883716 2.97476 0.00726786 0.00153478
16 15 375 0.0376237 1.02917 1.0189 3.0358 0.0075027 0.00158113
16 16 361 0.0382165 1.04684 1.09537 2.87957 0.00700187 0.00148469
16 17 388 0.0395274 1.04124 1.09985 2.76672 0.00752767 0.00161795
16 18 389 0.0366988 1.09024 1.24611 3.11848 0.00708131 0.00147801
16 19 352 0.0397969 1.13606 1.36127 2.51772 0.00608878 0.00131232
16 20 374 0.039883 1.16251 1.47941 2.52096 0.00618048 0.00133326
16 21 361 0.0370549 1.11258 1.51827 2.89195 0.00596373 0.00124938
16 22 357 0.0398925 1.1777 1.65773 2.41158 0.00554726 0.00119678
16 23 337 0.0390833 1.26875 1.8819 2.37515 0.00478442 0.00102363
17 0 301 0.0348833 0.908099 0.00697379 3.51418 0.00784609 0.00160675
17 1 330 0.0408165 0.926885 0.094842 2.71552 0.00850147 0.00185159
17 2 302 0.0383289 0.917401 0.123436 2.9717 0.00780367 0.00165663
17 3 313 0.0387378 0.879669 0.190743 2.96161 0.00819148 0.00174634
17 4 313 0.0364146 0.958358 0.262366 3.26177 0.007818 0.00162693
17 5 306 0.0365567 1.01452 0.338209 3.17906 0.00735916 0.00153372
17 6 307 0.0373525 0.932452 0.368939 3.09365 0.00763308 0.00160407
17 7 310 0.0370181 0.963902 0.483129 3.11643 0.00742272 0.00155444
17 8 340 0.0373268 0.972235 0.483246 3.1582 0.00811064 0.00170397
17 9 347 0.0377014 1.04309 0.566142 3.07241 0.00787287 0.00166048
17 10 321 0.0398169 0.980467 0.628744 2.70498 0.00736276 0.00158722
17 11 352 0.0390775 1.08594 0.679589 2.84224 0.00762661 0.00163163
17 12 373 0.0395677 0.9896 0.710611 2.86279 0.00833279 0.00179174
17 13 374 0.0381674 1.05081 0.798268 3.01415 0.00795363 0.00168564
17 14 342 0.0378173 1.04583 0.891384 2.94991 0.00708574 0.00149626
17 15 373 0.0411449 1.05754 1.01183 2.53534 0.00740924 0.00161913
17 16 386 0.0406004 1.07138 1.00724 2.63743 0.00764296 0.00166093
17 17 365 0.0411238 1.18224 1.19861 2.41684 0.0065634 0.00143398
17 18 399 0.0411591 1.16441 1.26675 2.48516 0.00705959 0.00154294
17 19 385 0.0373568 1.23199 1.3793 2.92426 0.00644791 0.00135507
17 20 406 0.0388753 1.30126 1.49528 2.70143 0.00643906 0.00137469
17 21 394 0.0401595 1.34337 1.63706 2.44126 0.00592386 0.00128153
17 22 367 0.0359824 1.32143 1.7791 2.94436 0.005315 0.00110106
17 23 341 0.0397418 1.35906 1.76397 2.31184 0.00491884 0.00105956
18 0 316 0.0363057 0.992739 0.037392 3.28854 0.00789365 0.0016408
18 1 333 0.0394123 0.991651 0.0726809 2.88203 0.00831469 0.00178499
18 2 336 0.0390753 1.00801 0.137766 2.92636 0.00829341 0.00177424
18 3 371 0.0379777 1.00667 0.191001 3.17915 0.00912415 0.00192992
18 4 332 0.0374476 1.06039 0.303088 3.10769 0.00785247 0.00165181
18 5 310 0.0373763 1.00353 0.340189 3.07137 0.00749183 0.00157478
18 6 369 0.0398689 1.05637 0.413126 2.85236 0.0085924 0.00185329
18 7 365 0.0391283 1.00087 0.415596 2.96861 0.00871561 0.00186558
18 8 334 0.0380679 1.07856 0.560014 2.96627 0.00747262 0.00158207
18 9 323 0.0371528 1.02436 0.596079 3.08393 0.00733432 0.00153809
18 10 331 0.0381304 1.11954 0.648069 2.90998 0.00712821 0.00151013
18 11 387 0.0406175 1.19307 0.767122 2.66214 0.00785187 0.00170662
18 12 362 0.0380342 1.05502 0.750768 3.01292 0.00779093 0.00164888
18 13 395 0.0388409 1.0699 0.841116 2.95236 0.00823554 0.0017576
18 14 374 0.0372022 1.25782 0.977025 3.03014 0.00700253 0.00146926
18 15 403 0.0380029 1.16892 0.981488 3.01565 0.00777652 0.0016453
18 16 413 0.0399059 1.27271 1.16795 2.68239 0.0072858 0.00157207
18 17 358 0.0396356 1.28343 1.21442 2.55926 0.00620884 0.00133597
18 18 402 0.0383937 1.36299 1.36726 2.78115 0.00651041 0.00138302
18 19 417 0.0373957 1.34284 1.43693 2.95 0.00665493 0.00139914
18 20 380 0.0357678 1.30251 1.48382 3.10768 0.00604567 0.00124962
18 21 337 0.035495 1.49543 1.72113 2.91421 0.00476612 0.000982321
18 22 346 0.0363726 1.51379 1.83396 2.76431 0.00472264 0.000982354
18 23 340 0.0346154 1.55909 1.99802 2.97981 0.00439415 0.000897311
19 0 331 0.0387407 1.04426 0.00410974 2.94514 0.00806091 0.00171855
19 1 326 0.0386724 1.01116 0.0816221 2.95453 0.00805838 0.0017168
19 2 371 0.0370034 1.10443 0.136998 3.28103 0.0087312 0.00182818
19 3 334 0.0383533 1.04243 0.190708 3.00192 0.00807143 0.00171391
19 4 355 0.0391566 1.1003 0.301287 2.9085 0.0082397 0.00176423
19 5 340 0.0402363 1.08511 0.308053 2.72413 0.00794184 0.00171945
19 6 365 0.0404047 1.10553 0.364432 2.75478 0.00837488 0.00181634
19 7 384 0.0375415 1.17571 0.489184 3.15516 0.00835085 0.00175836
19 8 328 0.04167 1.13115 0.466074 2.45464 0.00730919 0.00160584
19 9 359 0.0390071 1.15614 0.564417 2.86914 0.00775758 0.00165844
19 10 377 0.0385025 1.19197 0.670384 2.95077 0.0078355 0.00166638
19 11 368 0.0398749 1.19942 0.713551 2.72183 0.00754714 0.00162794
19 12 384 0.0400669 1.24823 0.834103 2.68906 0.00749578 0.00162006
19 13 374 0.0405544 1.28459 0.851666 2.57931 0.00716777 0.00155693
19 14 361 0.0399864 1.25835 0.966332 2.59922 0.00677777 0.00146366
19 15 407 0.0399554 1.26336 0.997193 2.71304 0.00756312 0.00163274
19 16 399 0.0392686 1.35572 1.21051 2.69681 0.00677257 0.00145177
19 17 400 0.0370428 1.41273 1.30772 2.97877 0.0064926 0.00136001
19 18 368 0.0376346 1.38707 1.29443 2.81763 0.0060419 0.00127342
19 19 368 0.0370709 1.5286 1.49718 2.80608 0.00548635 0.00114956
19 20 385 0.0351895 1.54914 1.67923 3.09602 0.00543575 0.00111674
19 21 384 0.0393001 1.5479 1.73726 2.45456 0.00533884 0.00114481
19 22 382 0.0403883 1.59485 1.78351 2.27788 0.00518699 0.00112476
19 23 340 0.0372054 1.75737 2.1371 2.48683 0.00406925 0.000853832
20 0 333 0.0388828 1.18807 0.0546314 2.85899 0.00754593 0.00161112
20 1 352 0.0385891 1.14386 0.126424 2.97522 0.0081296 0.00173048
20 2 351 0.0364677 1.20554 0.178302 3.25626 0.00783997 0.00163241
20 3 379 0.0387635 1.20964 0.213287 2.98612 0.00842548 0.0017967
20 4 374 0.0385939 1.21647 0.27577 2.9877 0.00823733 0.0017535
20 5 349 0.0380997 1.24107 0.33803 2.97094 0.00754248 0.00159739
20 6 351 0.0400033 1.16308 0.365349 2.74231 0.00783823 0.00169296
20 7 376 0.0372124 1.25092 0.431223 3.15958 0.00798258 0.00167507
20 8 360 0.0386377 1.261 0.538623 2.88356 0.00746914 0.00159069
20 9 391 0.0402387 1.35253 0.623064 2.68968 0.00767532 0.00166179
20 10 388 0.03868 1.24055 0.654236 2.93758 0.00793148 0.0016899
20 11 390 0.0403134 1.37367 0.792515 2.63293 0.00732455 0.00158706
20 12 391 0.0368415 1.28033 0.783605 3.17147 0.00763304 0.00159554
20 13 443 0.0393611 1.32087 0.879494 2.8893 0.0083162 0.00178437
20 14 375 0.0407429 1.3785 0.995135 2.48617 0.00669433 0.0014569
20 15 395 0.039466 1.38523 1.06646 2.68897 0.00690588 0.00148336
20 16 432 0.0401744 1.41408 1.18059 2.64227 0.00725713 0.00157021
20 17 366 0.0397296 1.40737 1.20935 2.53099 0.00611385 0.00131681
20 18 357 0.0401606 1.55599 1.38375 2.35625 0.00544186 0.00117728
20 19 392 0.0373124 1.57708 1.48226 2.82322 0.00578935 0.00121611
20 20 372 0.0397152 1.58971 1.57066 2.39951 0.00535009 0.00115214
20 21 390 0.0369435 1.76342 1.86271 2.73034 0.00498804 0.00104377
20 22 342 0.0383387 1.7943 1.96582 2.35916 0.00423541 0.000899223
20 23 349 0.0361886 1.87256 2.10262 2.65511 0.00411284 0.000853864
21 0 379 0.0396428 1.31599 0.0595018 2.82031 0.00806888 0.00173633
21 1 386 0.040727 1.21628 0.0446494 2.74204 0.00862833 0.00187749
21 2 395 0.0391436 1.25689 0.1619 2.95494 0.00861574 0.0018445
21 3 375 0.0393568 1.29972 0.191188 2.85083 0.00799769 0.00171595
21 4 380 0.0400158 1.27322 0.26685 2.78018 0.00815461 0.00176152
21 5 368 0.0392762 1.22677 0.333114 2.86375 0.00801156 0.0017175
21 6 377 0.040582 1.36106 0.412555 2.63885 0.00763529 0.00165895
21 7 431 0.0391916 1.29577 0.493942 2.97806 0.00887657 0.00190128
21 8 383 0.0407351 1.30409 0.52523 2.6422 0.00781676 0.00170104
21 9 393 0.0396886 1.40139 0.6221 2.74883 0.00755951 0.00162749
21 10 408 0.0399185 1.30984 0.674301 2.78271 0.00806839 0.00174116
21 11 410 0.0415193 1.35513 0.738159 2.54527 0.00785101 0.00172223
21 12 417 0.0403466 1.48403 0.8623 2.63763 0.0073917 0.00160215
21 13 415 0.0393099 1.46204 0.925725 2.76762 0.00731135 0.00156793
21 14 378 0.039013 1.55894 1.04065 2.65464 0.00626512 0.00133946
21 15 375 0.0406344 1.44852 1.05671 2.4604 0.00643164 0.00139818
21 16 360 0.040917 1.56679 1.20383 2.30685 0.00572411 0.00124797
21 17 398 0.0376643 1.61349 1.34532 2.81013 0.00602333 0.0012699
21 18 390 0.0390981 1.70539 1.48171 2.52301 0.00555835 0.0011894
21 19 389 0.0353849 1.75257 1.59338 3.04361 0.00532744 0.00109674
21 20 375 0.0361399 1.83103 1.74113 2.82959 0.00485916 0.00100829
21 21 328 0.0365996 1.74427 1.71044 2.65238 0.00437521 0.000912248
21 22 326 0.0345685 1.98681 2.04326 2.84269 0.00380055 0.00077571
21 23 331 0.032264 2.0685 2.21422 3.2195 0.00365262 0.000727519
22 0 414 0.0398148 1.41813 0.0394876 2.8369 0.00839862 0.00181049
22 1 397 0.0387647 1.38236 0.121728 2.95547 0.0081725 0.00174277
22 2 393 0.0426183 1.37127 0.170456 2.44107 0.00811278 0.00179964
22 3 400 0.0403252 1.34679 0.235276 2.75818 0.00831499 0.00180188
22 4 353 0.0388282 1.41332 0.305939 2.80152 0.0070697 0.00150859
22 5 383 0.0415672 1.45146 0.364483 2.49246 0.00749264 0.00164442
22 6 414 0.0403065 1.36833 0.409645 2.76614 0.00836055 0.00181141
22 7 401 0.040642 1.44118 0.486324 2.64673 0.00775679 0.00168638
22 8 394 0.0387367 1.49257 0.550827 2.85783 0.00738274 0.0015739
22 9 377 0.0422258 1.39936 0.588221 2.38417 0.00730281 0.00161353
22 10 393 0.0383835 1.57026 0.743975 2.8411 0.00690246 0.00146615
22 11 444 0.039115 1.50507 0.743416 2.88494 0.00800115 0.00171242
22 12 376 0.0410345 1.65025 0.948687 2.36453 0.00615733 0.00134403
22 13 415 0.0411682 1.63394 1.00431 2.44002 0.00675588 0.0014767
22 14 425 0.0375493 1.56074 1.02277 2.9873 0.00706865 0.0014885
22 15 416 0.039101 1.68251 1.15771 2.67005 0.00644143 0.00137841
22 16 394 0.0396653 1.68571 1.26808 2.51141 0.00594284 0.00127913
22 17 408 0.0365877 1.77425 1.40145 2.93803 0.00581097 0.00121146
22 18 366 0.0377854 1.81069 1.4762 2.62015 0.00507132 0.00107053
22 19 332 0.0401284 1.779 1.51976 2.19126 0.00459427 0.000993582
22 20 328 0.0383518 2.00358 1.80545 2.30387 0.00401512 0.000852567
22 21 329 0.0388089 2.0344 1.93284 2.2065 0.00388868 0.000829634
22 22 288 0.0336266 2.32782 2.24323 2.76965 0.00299678 0.000605597
22 23 280 0.0335125 2.22705 2.2977 2.77126 0.00294084 0.000593574
23 0 430 0.0378751 1.52168 0.0159127 3.10136 0.00831494 0.00175688
23 1 417 0.0420336 1.53802 0.137766 2.4969 0.00798125 0.00175999
23 2 437 0.0399593 1.52624 0.157856 2.81765 0.00840156 0.00181381
23 3 404 0.0400663 1.50511 0.222549 2.73062 0.00781321 0.00168865
23 4 380 0.0390121 1.49215 0.334303 2.81082 0.00732327 0.00156567
23 5 421 0.0419443 1.47358 0.326764 2.53357 0.00818737 0.00180381
23 6 394 0.0420317 1.5469 0.450861 2.41007 0.00731571 0.0016132
23 7 409 0.040336 1.50183 0.482389 2.68131 0.00771088 0.00167115
23 8 379 0.0422714 1.53398 0.611202 2.32366 0.00691291 0.00152809
23 9 404 0.0393285 1.65355 0.629505 2.72143 0.00699942 0.00150133
23 10 398 0.0424859 1.55225 0.708022 2.32203 0.00708654 0.00156989
23 11 399 0.040577 1.60082 0.751991 2.54039 0.0069148 0.00150233
23 12 428 0.0388154 1.68451 0.915212 2.7891 0.00696988 0.0014871
23 13 405 0.0391463 1.81127 0.987178 2.62885 0.00622074 0.0013318
23 14 409 0.0363121 1.68363 1.08236 3.08347 0.00643656 0.00133802
23 15 375 0.0380204 1.82082 1.2619 2.65438 0.00543253 0.00114958
23 16 393 0.0365445 1.81427 1.28083 2.92224 0.00568159 0.00118395
23 17 384 0.0394762 1.90111 1.44264 2.40872 0.00522545 0.00112253
23 18 366 0.0384295 2.07438 1.63994 2.41959 0.00455851 0.000968731
23 19 371 0.0381294 2.05333 1.71388 2.46664 0.0045749 0.000969195
23 20 348 0.0339026 2.13568 1.84569 3.03211 0.00409186 0.000829312
23 21 308 0.0367975 2.22644 2.00806 2.37871 0.00343135 0.000716928
23 22 320 0.0318903 2.32297 2.17317 3.21386 0.0033791 0.000670363
23 23 249 0.0311376 2.51686 2.38666 3.03344 0.00242883 0.000477981
