#  ix    iy     NB       E/N    TB    UxB       UyB       muB       rhoB     epsilonB
0 0 37 0.005 0.0607561 -0.0613708 208.525 0.00214319 0.00223454
0 1 27 0.005 0.0117355 0.148251 211.806 0.00155269 0.00164435
0 2 28 0.005 -0.0437201 0.155203 206.567 0.00160715 0.00165992
0 3 20 0.005 0.0950939 0.266169 203.722 0.00111895 0.00113978
0 4 33 0.005 -0.00137209 0.163145 212.725 0.00189357 0.00201404
0 5 31 0.005 -0.0181491 0.338616 212.574 0.00170686 0.00181417
0 6 30 0.005 0.0143053 0.383786 210.644 0.00162824 0.00171489
0 7 22 0.005 -0.0375465 0.458078 204.867 0.00116219 0.00119047
0 8 25 0.005 0.00479119 0.506477 205.199 0.00129665 0.00133036
0 9 35 0.005 -0.00349597 0.605911 206.044 0.00174034 0.00179293
0 10 29 0.005 -0.0297004 0.766936 208.499 0.00133751 0.00139435
0 11 27 0.005 0.0103595 0.698238 205.284 0.00128702 0.00132102
0 12 42 0.005 0.0487682 0.781618 204.978 0.00192248 0.00197033
0 13 29 0.005 -0.061681 0.891799 206.089 0.00125702 0.00129528
0 14 40 0.005 0.065484 0.993991 203.84 0.00164761 0.00167924
0 15 35 0.005 0.0867179 0.912821 208.137 0.00149983 0.00156084
0 16 24 0.005 0.0662104 1.035 201.925 0.000968521 0.000977842
0 17 36 0.005 0.0378354 1.30689 206.352 0.00127157 0.00131195
0 18 17 0.005 -0.0282381 1.25165 198.27 0.000616838 0.000611504
0 19 30 0.005 0.0367322 1.42516 202.498 0.00100161 0.00101412
0 20 20 0.005 -0.0263602 1.62658 205.458 0.000608928 0.000625545
0 21 0 0 0 0 0 0 0
0 22 14 0.005 0.157718 1.8179 195.282 0.000391178 0.00038195
0 23 0 0 0 0 0 0 0
1 0 40 0.005 0.0734775 0.00540126 211.217 0.0023193 0.00244938
1 1 24 0.005 0.049382 -0.00202363 204.297 0.00139365 0.00142359
1 2 33 0.005 0.133521 0.100378 206.695 0.00189238 0.00195573
1 3 33 0.005 0.139903 0.191688 207.597 0.00186676 0.00193767
1 4 29 0.005 0.114746 0.298655 205.119 0.00160586 0.00164697
1 5 31 0.005 -0.00419746 0.370992 207.975 0.00168977 0.00175715
1 6 26 0.005 0.109281 0.311273 214.78 0.00143553 0.00154162
1 7 25 0.005 0.050839 0.479193 205.44 0.00130939 0.00134501
1 8 26 0.005 0.0311953 0.43539 212.155 0.00138539 0.00146959
1 9 33 0.005 0.0771065 0.621932 212.253 0.00162573 0.00172533
1 10 33 0.005 0.0441298 0.67082 205.737 0.00159225 0.00163792
1 11 43 0.005 0.174764 0.614031 203.683 0.00210719 0.002146
1 12 32 0.005 0.119588 0.77092 206.888 0.00146688 0.0015174
1 13 37 0.005 0.089275 0.855951 201.228 0.0016305 0.00164051
1 14 27 0.005 0.0416543 0.961032 205.806 0.00113132 0.00116416
1 15 30 0.005 0.126057 1.00643 202.811 0.00122454 0.00124175
1 16 30 0.005 0.103273 1.1034 202.013 0.00116847 0.00118023
1 17 28 0.005 0.137435 1.18539 199.718 0.00104559 0.00104411
1 18 18 0.005 0.139293 1.36317 207.07 0.000616915 0.000638723
1 19 33 0.005 0.0167272 1.42253 199.257 0.00110333 0.00109923
1 20 15 0.005 0.0956598 1.59345 199.075 0.000462974 0.000460832
1 21 0 0 0 0 0 0 0
1 22 0 0 0 0 0 0 0
1 23 0 0 0 0 0 0 0
2 0 26 0.005 0.131697 0.00154373 206.323 0.00149869 0.00154606
2 1 34 0.005 0.139386 0.0700335 208.566 0.00195312 0.00203677
2 2 30 0.005 0.134461 0.138338 208.416 0.00171261 0.00178467
2 3 40 0.005 0.152005 0.203815 204.341 0.00225387 0.00230279
2 4 21 0.005 0.0972167 0.226776 211.673 0.00118538 0.00125456
2 5 21 0.005 0.139923 0.335037 223.357 0.00114763 0.00128165
2 6 27 0.005 0.130658 0.296199 207.394 0.00149346 0.00154867
2 7 30 0.005 0.0747005 0.444824 211.871 0.00158993 0.0016843
2 8 36 0.005 0.0485586 0.45617 212.614 0.0019024 0.00202238
2 9 32 0.005 0.164418 0.607831 208.229 0.00157435 0.00163913
2 10 42 0.005 0.140189 0.638802 209.65 0.00204362 0.00214222
2 11 29 0.005 0.126431 0.747976 207.292 0.00134328 0.00139226
2 12 33 0.005 0.0978937 0.816539 210.078 0.00148186 0.00155653
2 13 24 0.005 0.209333 0.921276 206.402 0.00101428 0.00104674
2 14 40 0.005 0.179095 0.912141 207.113 0.00170333 0.00176391
2 15 36 0.005 0.207002 1.13361 204.71 0.0013718 0.0014041
2 16 26 0.005 0.214647 1.21285 208.841 0.000952786 0.000994906
2 17 36 0.005 0.193662 1.3735 205.47 0.00122401 0.00125748
2 18 27 0.005 0.200461 1.42908 202.131 0.000894101 0.000903627
2 19 23 0.005 0.123261 1.4223 199.187 0.000767178 0.000764061
2 20 17 0.005 0.2125 1.5952 199.795 0.000521657 0.000521122
2 21 18 0.005 0.200615 1.76119 200.581 0.000514205 0.000515699
2 22 0 0 0 0 0 0 0
2 23 0 0 0 0 0 0 0
3 0 29 0.005 0.222493 0.0475996 207.365 0.00164403 0.00170457
3 1 28 0.005 0.15372 0.0298306 205.453 0.00160831 0.00165216
3 2 44 0.005 0.210935 0.116203 208.464 0.00248704 0.00259229
3 3 31 0.005 0.136784 0.208468 213.845 0.00174879 0.00186985
3 4 30 0.005 0.133486 0.188797 208.535 0.00169935 0.00177187
3 5 22 0.005 0.263871 0.291152 206.599 0.00119047 0.00122974
3 6 35 0.005 0.168368 0.383159 204.625 0.00187712 0.00192053
3 7 29 0.005 0.252461 0.48236 208.365 0.00148081 0.00154274
3 8 39 0.005 0.253142 0.521826 204.634 0.00196142 0.00200686
3 9 53 0.005 0.214839 0.531993 205.904 0.00267274 0.00275165
3 10 37 0.005 0.213239 0.604024 210.158 0.0018114 0.0019034
3 11 38 0.005 0.27364 0.587617 206.115 0.00185389 0.00191058
3 12 38 0.005 0.209411 0.745534 208.79 0.00174678 0.00182356
3 13 29 0.005 0.228811 0.953471 204.556 0.00120387 0.00123129
3 14 34 0.005 0.260575 0.942411 205.009 0.00141339 0.00144879
3 15 42 0.005 0.260331 1.03643 202.068 0.00166846 0.00168571
3 16 29 0.005 0.248826 1.04193 202.981 0.00115053 0.00116768
3 17 30 0.005 0.354602 1.23521 202.825 0.00107114 0.00108627
3 18 26 0.005 0.18437 1.4169 200.77 0.000866752 0.000870088
3 19 18 0.005 0.239601 1.44574 205.766 0.000589869 0.000606874
3 20 17 0.005 0.260375 1.61199 197.402 0.000516186 0.000509479
3 21 0 0 0 0 0 0 0
3 22 0 0 0 0 0 0 0
3 23 0 0 0 0 0 0 0
4 0 38 0.005 0.227657 0.0123004 217.528 0.00215403 0.00234281
4 1 36 0.005 0.244506 0.0140499 211.687 0.00203294 0.00215174
4 2 33 0.005 0.334566 0.170259 210.118 0.00179621 0.00188708
4 3 31 0.005 0.228133 0.207899 209.785 0.00172216 0.00180642
4 4 27 0.005 0.20658 0.22554 206.073 0.00150113 0.00154671
4 5 30 0.005 0.331713 0.181189 208.935 0.00163153 0.00170442
4 6 38 0.005 0.247572 0.362774 210.831 0.0020228 0.00213234
4 7 18 0.005 0.305501 0.595626 207.462 0.00086965 0.000902099
4 8 31 0.005 0.207898 0.526825 207.343 0.00156827 0.00162585
4 9 40 0.005 0.264585 0.621608 207.853 0.00192704 0.0020027
4 10 43 0.005 0.306352 0.667862 211.451 0.00201463 0.00212997
4 11 29 0.005 0.341361 0.674346 205.273 0.00134507 0.00138053
4 12 32 0.005 0.324185 0.711077 200.135 0.00146592 0.00146691
4 13 28 0.005 0.243631 0.971615 207.975 0.00115013 0.00119599
4 14 29 0.005 0.237565 0.93603 207.575 0.00121283 0.00125876
4 15 25 0.005 0.313619 1.06591 203.542 0.000972342 0.000989564
4 16 23 0.005 0.379136 1.20043 203.362 0.000831741 0.000845723
4 17 35 0.005 0.366069 1.23834 196.785 0.00124591 0.00122589
4 18 24 0.005 0.335165 1.39499 202.306 0.000797884 0.000807082
4 19 27 0.005 0.381632 1.49446 204.446 0.000853961 0.000872944
4 20 12 0.005 0.404546 1.86734 196.858 0.000323517 0.000318435
4 21 14 0.005 0.370117 1.86329 199.98 0.000379144 0.000379106
4 22 0 0 0 0 0 0 0
4 23 0 0 0 0 0 0 0
5 0 34 0.005 0.266711 0.0115609 206.797 0.00190986 0.00197477
5 1 34 0.005 0.3031 0.129559 210.615 0.00187738 0.00197702
5 2 30 0.005 0.295812 0.157955 210.901 0.00165368 0.00174381
5 3 38 0.005 0.311582 0.217313 202.766 0.0020653 0.00209386
5 4 37 0.005 0.334478 0.275527 210.499 0.0019738 0.00207742
5 5 31 0.005 0.407937 0.320536 204.836 0.00159984 0.00163852
5 6 25 0.005 0.370547 0.347045 211.262 0.00129603 0.00136901
5 7 28 0.005 0.342649 0.375515 211.513 0.00145117 0.0015347
5 8 46 0.005 0.268446 0.556174 206.985 0.00227547 0.00235494
5 9 32 0.005 0.391317 0.494033 206.657 0.00157396 0.00162634
5 10 32 0.005 0.273268 0.636834 202.259 0.00152917 0.00154644
5 11 34 0.005 0.334922 0.752613 202.081 0.00152573 0.0015416
5 12 39 0.005 0.361996 0.842349 205.784 0.00167131 0.00171964
5 13 30 0.005 0.352395 0.856084 202.542 0.00127991 0.00129618
5 14 43 0.005 0.342496 0.898612 200.264 0.00180196 0.00180434
5 15 24 0.005 0.422164 1.16238 205.788 0.00087736 0.00090275
5 16 49 0.005 0.40231 1.14191 203.529 0.00181421 0.00184622
5 17 25 0.005 0.508194 1.39086 203.829 0.000813447 0.000829021
5 18 34 0.005 0.454481 1.37209 203.838 0.00112468 0.00114626
5 19 18 0.005 0.363263 1.45192 203.36 0.000581391 0.000591158
5 20 16 0.005 0.444597 1.4896 201.267 0.000503265 0.000506453
5 21 11 0.005 0.61123 2.17425 198.327 0.00025892 0.000256754
5 22 0 0 0 0 0 0 0
5 23 0 0 0 0 0 0 0
6 0 25 0.005 0.30362 0.0381837 210.701 0.00138987 0.00146424
6 1 41 0.005 0.358937 0.0384909 208.396 0.0022421 0.00233622
6 2 34 0.005 0.396054 0.166939 210.051 0.00181611 0.00190737
6 3 33 0.005 0.385674 0.179309 208.499 0.00176555 0.00184057
6 4 32 0.005 0.253674 0.306357 215.341 0.00172874 0.00186134
6 5 32 0.005 0.386943 0.323313 207.914 0.00166122 0.00172696
6 6 27 0.005 0.361352 0.40729 204.548 0.00137866 0.00141001
6 7 32 0.005 0.41169 0.4475 210.761 0.00158965 0.00167518
6 8 39 0.005 0.425542 0.494933 208.95 0.00189876 0.00198373
6 9 35 0.005 0.468738 0.58221 201.47 0.0016299 0.00164188
6 10 34 0.005 0.380135 0.633272 209.093 0.00159005 0.00166234
6 11 32 0.005 0.42823 0.684842 205.127 0.00144732 0.00148442
6 12 34 0.005 0.428936 0.822864 204.847 0.00144899 0.00148411
6 13 36 0.005 0.45113 0.940021 201.256 0.00144876 0.00145786
6 14 32 0.005 0.451637 0.945794 210.208 0.0012843 0.00134985
6 15 34 0.005 0.459514 1.07593 203.203 0.00128436 0.00130493
6 16 36 0.005 0.482765 1.23392 204.979 0.00126085 0.00129224
6 17 29 0.005 0.442572 1.22955 200.055 0.00102464 0.00102492
6 18 25 0.005 0.391681 1.39531 201.469 0.000825485 0.000831547
6 19 18 0.005 0.487267 1.40692 197.77 0.000583483 0.000576976
6 20 0 0 0 0 0 0 0
6 21 0 0 0 0 0 0 0
6 22 0 0 0 0 0 0 0
6 23 0 0 0 0 0 0 0
7 0 45 0.005 0.422797 0.0668085 211.547 0.0024052 0.00254407
7 1 30 0.005 0.458666 0.09119 205.961 0.00157996 0.00162705
7 2 31 0.005 0.433899 0.143797 214.058 0.00163919 0.00175441
7 3 33 0.005 0.417752 0.264101 211.323 0.00172 0.00181738
7 4 35 0.005 0.389667 0.342503 205.924 0.00180627 0.00185977
7 5 39 0.005 0.430994 0.33525 207.574 0.0019901 0.00206546
7 6 38 0.005 0.402956 0.365678 212.301 0.0019406 0.00205996
7 7 28 0.005 0.444304 0.498478 203.983 0.00135382 0.00138079
7 8 32 0.005 0.486617 0.537536 205.983 0.00150619 0.00155125
7 9 41 0.005 0.469141 0.551764 211.988 0.00193057 0.00204629
7 10 41 0.005 0.461035 0.617178 204.854 0.00188836 0.00193419
7 11 37 0.005 0.431153 0.714363 206.136 0.00165171 0.00170238
7 12 27 0.005 0.433956 0.785418 202.55 0.00116835 0.00118324
7 13 32 0.005 0.571277 1.01675 206.475 0.00121103 0.00125024
7 14 35 0.005 0.564787 1.07206 205.233 0.00129521 0.0013291
7 15 37 0.005 0.547227 1.06782 207.151 0.00137723 0.00142647
7 16 18 0.005 0.632979 1.44997 201.636 0.000559138 0.000563712
7 17 25 0.005 0.612453 1.28784 204.283 0.000834506 0.000852377
7 18 19 0.005 0.675338 1.5565 198.876 0.00056089 0.000557738
7 19 17 0.005 0.51036 1.46004 196.101 0.000536637 0.000526177
7 20 13 0.005 0.651749 1.57845 205.796 0.000381924 0.000392992
7 21 0 0 0 0 0 0 0
7 22 0 0 0 0 0 0 0
7 23 0 0 0 0 0 0 0
8 0 40 0.005 0.562434 0.0385274 211.253 0.00202584 0.00213982
8 1 39 0.005 0.456942 0.0832363 207.933 0.00205645 0.00213802
8 2 32 0.005 0.51834 0.179304 206.136 0.00163122 0.00168126
8 3 35 0.005 0.496191 0.213291 207.756 0.00179044 0.00185987
8 4 35 0.005 0.466677 0.198924 209.845 0.00181472 0.00190406
8 5 36 0.005 0.530848 0.339927 208.994 0.0017706 0.00185023
8 6 42 0.005 0.484979 0.37451 206.564 0.00208208 0.00215041
8 7 28 0.005 0.478545 0.469577 206.942 0.00135213 0.00139906
8 8 31 0.005 0.54582 0.564806 203.27 0.00141739 0.00144056
8 9 30 0.005 0.477521 0.563366 204.774 0.00140304 0.00143653
8 10 41 0.005 0.530453 0.625042 209.704 0.00184344 0.00193289
8 11 50 0.005 0.537229 0.812857 209.475 0.00208208 0.00218071
8 12 29 0.005 0.58057 0.771676 206.961 0.00121284 0.00125505
8 13 32 0.005 0.573193 0.916848 204.849 0.00126321 0.00129383
8 14 32 0.005 0.641941 0.931225 202.269 0.00123232 0.0012463
8 15 29 0.005 0.611151 1.00877 203.896 0.00109036 0.0011116
8 16 23 0.005 0.637186 1.31795 204.263 0.000754272 0.00077035
8 17 28 0.005 0.61448 1.26878 200.479 0.000941856 0.000944111
8 18 19 0.005 0.609059 1.26352 200.064 0.00064126 0.000641467
8 19 18 0.005 0.769093 1.59955 196.406 0.000513709 0.000504479
8 20 0 0 0 0 0 0 0
8 21 0 0 0 0 0 0 0
8 22 0 0 0 0 0 0 0
8 23 0 0 0 0 0 0 0
9 0 39 0.005 0.551788 -0.0101052 206.886 0.00198519 0.00205354
9 1 21 0.005 0.527271 0.0465926 205.164 0.00107908 0.00110694
9 2 47 0.005 0.598987 0.107278 206.292 0.00233433 0.00240776
9 3 38 0.005 0.573315 0.157426 210.795 0.00189902 0.00200153
9 4 27 0.005 0.492075 0.272441 211.044 0.00136819 0.00144375
9 5 31 0.005 0.677179 0.372322 212.377 0.00142611 0.00151437
9 6 35 0.005 0.547867 0.35425 204.966 0.00170425 0.00174656
9 7 45 0.005 0.521997 0.48749 210.672 0.00212901 0.00224261
9 8 41 0.005 0.597682 0.555815 208.619 0.00184671 0.00192629
9 9 28 0.005 0.584663 0.6873 205.399 0.00120861 0.00124124
9 10 30 0.005 0.562148 0.63441 204.468 0.00133051 0.00136024
9 11 37 0.005 0.63191 0.750072 202.442 0.00153579 0.00155455
9 12 41 0.005 0.682444 0.828827 206.455 0.00162467 0.00167711
9 13 37 0.005 0.651682 0.9653 204.976 0.00140133 0.0014362
9 14 28 0.005 0.70777 0.95127 201.199 0.00104953 0.00105582
9 15 29 0.005 0.764517 1.01936 197.633 0.00104093 0.00102862
9 16 24 0.005 0.821391 1.30459 201.195 0.000759347 0.000763886
9 17 15 0.005 0.778027 1.38576 199.341 0.000464455 0.000462924
9 18 16 0.005 0.7812 1.42018 199.74 0.000488435 0.000487799
9 19 18 0.005 0.792839 1.54344 197.739 0.000522551 0.000516644
9 20 0 0 0 0 0 0 0
9 21 0 0 0 0 0 0 0
9 22 0 0 0 0 0 0 0
9 23 0 0 0 0 0 0 0
10 0 53 0.005 0.608903 0.00724167 209.959 0.00263183 0.00276289
10 1 35 0.005 0.57651 0.101184 208.173 0.00175617 0.00182793
10 2 36 0.005 0.697104 0.13134 209.036 0.00170712 0.00178425
10 3 42 0.005 0.729898 0.28623 213.052 0.00192167 0.00204707
10 4 40 0.005 0.607128 0.311081 211.601 0.00192113 0.00203257
10 5 44 0.005 0.65648 0.292034 209.446 0.00207749 0.00217561
10 6 50 0.005 0.698845 0.407428 209.646 0.00226008 0.00236909
10 7 36 0.005 0.660526 0.469651 205.517 0.00162604 0.00167089
10 8 32 0.005 0.722347 0.503229 205.032 0.00139643 0.00143157
10 9 37 0.005 0.690148 0.555442 203.85 0.00161019 0.00164118
10 10 39 0.005 0.661295 0.741919 203.778 0.00160825 0.00163863
10 11 36 0.005 0.792129 0.793741 200.674 0.00139303 0.00139773
10 12 33 0.005 0.711599 0.849666 204.087 0.00128528 0.00131154
10 13 31 0.005 0.779294 0.947113 203.567 0.00113891 0.00115922
10 14 29 0.005 0.777385 1.05154 199.196 0.00102419 0.00102007
10 15 24 0.005 0.73306 1.00356 204.24 0.000874744 0.00089329
10 16 29 0.005 0.793887 1.28085 202.47 0.000932268 0.000943783
10 17 24 0.005 0.858645 1.23614 198.756 0.000772184 0.000767381
10 18 10 0.005 0.775205 1.31699 196.502 0.000318345 0.000312778
10 19 0 0 0 0 0 0 0
10 20 0 0 0 0 0 0 0
10 21 0 0 0 0 0 0 0
10 22 0 0 0 0 0 0 0
10 23 0 0 0 0 0 0 0
11 0 49 0.005 0.787602 -0.00102122 209.296 0.00223804 0.00234207
11 1 40 0.005 0.748732 0.0845269 210.963 0.00185735 0.00195916
11 2 42 0.005 0.856385 0.185482 210.165 0.00183656 0.0019299
11 3 40 0.005 0.742774 0.262139 206.067 0.00182691 0.00188233
11 4 37 0.005 0.805971 0.345315 209.693 0.00161745 0.00169584
11 5 52 0.005 0.731524 0.361942 209.205 0.00234218 0.00244999
11 6 39 0.005 0.671345 0.452281 212.42 0.00176239 0.00187184
11 7 42 0.005 0.755444 0.554177 211.228 0.00178195 0.00188198
11 8 27 0.005 0.817209 0.543519 207.07 0.00112034 0.00115994
11 9 36 0.005 0.747635 0.558318 200.624 0.00153029 0.00153507
11 10 40 0.005 0.758728 0.793528 205.264 0.001566 0.00160722
11 11 32 0.005 0.812807 0.760628 205.152 0.00124329 0.00127532
11 12 32 0.005 0.843714 0.961851 205.541 0.00114569 0.00117742
11 13 29 0.005 0.858122 0.871732 206.748 0.00106714 0.00110315
11 14 19 0.005 0.928624 1.21099 209.054 0.00060545 0.00063286
11 15 20 0.005 0.957372 1.24875 197.1 0.000623686 0.000614644
11 16 24 0.005 0.895406 1.18122 200.375 0.000780387 0.000781852
11 17 12 0.005 1.09987 1.61905 202.867 0.000317419 0.000321969
11 18 0 0 0 0 0 0 0
11 19 0 0 0 0 0 0 0
11 20 0 0 0 0 0 0 0
11 21 0 0 0 0 0 0 0
11 22 0 0 0 0 0 0 0
11 23 0 0 0 0 0 0 0
12 0 42 0.005 0.85401 0.0792475 211.837 0.00185351 0.00196321
12 1 41 0.005 0.91577 0.131263 209.311 0.00174978 0.00183124
12 2 44 0.005 0.826775 0.178634 210.766 0.00195314 0.00205827
12 3 36 0.005 0.757416 0.273286 208.099 0.00163022 0.00169624
12 4 37 0.005 0.737631 0.254635 204.137 0.00169591 0.001731
12 5 46 0.005 0.855499 0.325152 212.188 0.00197289 0.00209313
12 6 34 0.005 0.84914 0.470956 212.678 0.00141818 0.00150808
12 7 37 0.005 0.896952 0.535923 203.341 0.00148737 0.00151222
12 8 42 0.005 0.823685 0.587176 207.253 0.00171671 0.00177897
12 9 30 0.005 0.84514 0.648173 205.189 0.00119387 0.00122484
12 10 38 0.005 0.931821 0.753957 205.377 0.00141531 0.00145336
12 11 35 0.005 0.98174 0.846719 205.892 0.00124283 0.00127944
12 12 32 0.005 0.958338 0.89969 205.031 0.00112645 0.00115478
12 13 32 0.005 0.977506 0.923369 203.318 0.00111023 0.00112865
12 14 19 0.005 0.967627 1.03704 202.867 0.000636525 0.00064565
12 15 19 0.005 1.00395 1.22773 201.173 0.00058918 0.000592636
12 16 18 0.005 1.11167 1.30539 201.365 0.000527236 0.000530834
12 17 10 0.005 1.12813 1.58034 202.84 0.000266199 0.000269979
12 18 0 0 0 0 0 0 0
12 19 0 0 0 0 0 0 0
12 20 0 0 0 0 0 0 0
12 21 0 0 0 0 0 0 0
12 22 0 0 0 0 0 0 0
12 23 0 0 0 0 0 0 0
13 0 52 0.005 0.9703 0.0637808 210.053 0.00216747 0.00227642
13 1 37 0.005 0.830119 0.11058 209.251 0.00164922 0.00172551
13 2 53 0.005 0.98316 0.115684 205.401 0.00218986 0.002249
13 3 46 0.005 0.912239 0.195174 206.344 0.00195559 0.00201762
13 4 31 0.005 0.864278 0.284549 201.518 0.00133307 0.00134318
13 5 44 0.005 0.956289 0.415349 207.108 0.00177077 0.00183371
13 6 35 0.005 0.9104 0.438569 207.839 0.00143132 0.00148742
13 7 31 0.005 1.06376 0.529582 205.404 0.00116049 0.00119184
13 8 34 0.005 0.923946 0.528378 204.29 0.00135353 0.00138257
13 9 38 0.005 0.997125 0.693467 206.232 0.00140428 0.00144804
13 10 25 0.005 0.957899 0.71984 203.928 0.000931314 0.000949604
13 11 27 0.005 0.931385 0.84166 205.243 0.000978078 0.00100372
13 12 26 0.005 1.0779 0.922337 196.049 0.000870915 0.000853709
13 13 33 0.005 1.03216 1.02316 203.919 0.00108755 0.00110886
13 14 21 0.005 1.01364 1.0021 199.11 0.000701213 0.000698094
13 15 11 0.005 1.24968 1.5024 203.432 0.000291333 0.000296333
13 16 22 0.005 1.16675 1.31467 198.79 0.000632486 0.00062866
13 17 0 0 0 0 0 0 0
13 18 10 0.005 1.11026 1.51404 194.072 0.000273314 0.000265213
13 19 0 0 0 0 0 0 0
13 20 0 0 0 0 0 0 0
13 21 0 0 0 0 0 0 0
13 22 0 0 0 0 0 0 0
13 23 0 0 0 0 0 0 0
14 0 39 0.005 1.00683 0.0335943 208.13 0.00159741 0.00166235
14 1 47 0.005 1.08273 0.0675464 209.78 0.00185206 0.00194262
14 2 36 0.005 1.08206 0.180799 208.565 0.00140998 0.00147036
14 3 50 0.005 0.99937 0.223416 204.238 0.00203099 0.00207402
14 4 48 0.005 1.02914 0.308538 212.24 0.00190133 0.00201769
14 5 37 0.005 1.05075 0.405978 207.141 0.00142813 0.00147911
14 6 25 0.005 1.12791 0.547542 213.403 0.000906313 0.000967048
14 7 34 0.005 0.996655 0.515755 205.188 0.00131511 0.00134922
14 8 34 0.005 1.04537 0.617559 202.784 0.00125671 0.00127421
14 9 28 0.005 0.953359 0.710863 199.74 0.00104771 0.00104635
14 10 35 0.005 1.13387 0.759024 205.415 0.00120288 0.00123545
14 11 32 0.005 1.20901 0.884199 204.83 0.00103303 0.00105798
14 12 29 0.005 1.22355 1.02497 205.5 0.000895161 0.000919779
14 13 19 0.005 1.16463 1.02835 200.021 0.000597864 0.000597927
14 14 12 0.005 1.17565 1.17736 197.558 0.0003594 0.000355011
14 15 12 0.005 1.31083 1.26321 201.251 0.000335904 0.000338005
14 16 10 0.005 1.35739 1.40347 204.463 0.000265032 0.000270946
14 17 0 0 0 0 0 0 0
14 18 0 0 0 0 0 0 0
14 19 0 0 0 0 0 0 0
14 20 0 0 0 0 0 0 0
14 21 0 0 0 0 0 0 0
14 22 0 0 0 0 0 0 0
14 23 0 0 0 0 0 0 0
15 0 40 0.005 1.05802 0.0107531 206.493 0.00159739 0.00164925
15 1 46 0.005 1.10369 0.0663129 202.915 0.00179393 0.00182007
15 2 33 0.005 1.01783 0.133283 207.715 0.00133879 0.00139043
15 3 40 0.005 1.13426 0.252742 209.491 0.00151691 0.00158889
15 4 40 0.005 1.15732 0.343665 206.184 0.00148349 0.00152936
15 5 30 0.005 1.19817 0.444197 201.465 0.00107492 0.00108279
15 6 28 0.005 1.04584 0.393762 204.166 0.00108555 0.00110817
15 7 31 0.005 1.14593 0.452005 205.893 0.00113593 0.0011694
15 8 30 0.005 1.26896 0.65465 205.955 0.00100055 0.00103034
15 9 26 0.005 1.18663 0.663087 201.167 0.00089576 0.000900989
15 10 27 0.005 1.13926 0.760434 202.038 0.00092561 0.000935043
15 11 29 0.005 1.24587 0.87463 200.728 0.000925734 0.000929105
15 12 23 0.005 1.25593 0.95349 197.661 0.000716152 0.000707778
15 13 15 0.005 1.285 1.01606 194.252 0.000454387 0.000441329
15 14 10 0.005 1.33246 1.10725 204.493 0.000290645 0.000297174
15 15 0 0 0 0 0 0 0
15 16 0 0 0 0 0 0 0
15 17 0 0 0 0 0 0 0
15 18 0 0 0 0 0 0 0
15 19 0 0 0 0 0 0 0
15 20 0 0 0 0 0 0 0
15 21 0 0 0 0 0 0 0
15 22 0 0 0 0 0 0 0
15 23 0 0 0 0 0 0 0
16 0 40 0.005 1.11705 0.0526607 208.286 0.00155019 0.00161442
16 1 44 0.005 1.23739 0.102018 204.795 0.00160463 0.0016431
16 2 37 0.005 1.2034 0.174473 203.482 0.00136637 0.00139016
16 3 34 0.005 1.15118 0.235324 203.448 0.00128117 0.00130326
16 4 43 0.005 1.13242 0.284901 208.325 0.00162614 0.00169383
16 5 26 0.005 1.27882 0.432262 202.158 0.000899806 0.000909514
16 6 27 0.005 1.17906 0.489689 205.199 0.000967965 0.000993127
16 7 38 0.005 1.39217 0.572895 199.141 0.00122243 0.00121718
16 8 26 0.005 1.38205 0.668647 202.232 0.000825009 0.000834217
16 9 27 0.005 1.32269 0.736621 202.865 0.000865161 0.000877556
16 10 22 0.005 1.33876 0.938199 199.504 0.000667442 0.000665785
16 11 16 0.005 1.19893 0.83939 201.059 0.000524794 0.000527573
16 12 27 0.005 1.31398 0.998791 203.898 0.000813436 0.000829288
16 13 14 0.005 1.20875 1.0181 196.314 0.000435225 0.000427205
16 14 0 0 0 0 0 0 0
16 15 0 0 0 0 0 0 0
16 16 0 0 0 0 0 0 0
16 17 0 0 0 0 0 0 0
16 18 0 0 0 0 0 0 0
16 19 0 0 0 0 0 0 0
16 20 0 0 0 0 0 0 0
16 21 0 0 0 0 0 0 0
16 22 0 0 0 0 0 0 0
16 23 0 0 0 0 0 0 0
17 0 36 0.005 1.33604 -0.000582539 202.891 0.00125418 0.00127231
17 1 44 0.005 1.37882 0.154322 203.371 0.00149577 0.00152098
17 2 40 0.005 1.32628 0.229906 203.624 0.00138686 0.00141199
17 3 40 0.005 1.3212 0.228547 203.76 0.00139035 0.00141649
17 4 42 0.005 1.1986 0.320072 203.452 0.00153243 0.00155888
17 5 30 0.005 1.16198 0.331677 200.071 0.00111201 0.0011124
17 6 26 0.005 1.38113 0.514289 204.417 0.000848746 0.000867489
17 7 30 0.005 1.23729 0.441429 202.639 0.00105645 0.00107039
17 8 31 0.005 1.38565 0.627119 201.703 0.000990156 0.000998585
17 9 15 0.005 1.40181 0.654271 199.487 0.000473437 0.000472223
17 10 14 0.005 1.47727 0.823082 195.95 0.000414303 0.000405912
17 11 12 0.005 1.32183 0.919671 196.538 0.000368063 0.000361692
17 12 13 0.005 1.60335 1.08206 196.85 0.0003471 0.000341633
17 13 0 0 0 0 0 0 0
17 14 0 0 0 0 0 0 0
17 15 0 0 0 0 0 0 0
17 16 0 0 0 0 0 0 0
17 17 0 0 0 0 0 0 0
17 18 0 0 0 0 0 0 0
17 19 0 0 0 0 0 0 0
17 20 0 0 0 0 0 0 0
17 21 0 0 0 0 0 0 0
17 22 0 0 0 0 0 0 0
17 23 0 0 0 0 0 0 0
18 0 34 0.005 1.34647 0.0401202 204.648 0.00117827 0.00120565
18 1 22 0.005 1.45331 0.105556 206.006 0.000723754 0.00074549
18 2 31 0.005 1.45654 0.202201 207.172 0.0010135 0.00104985
18 3 35 0.005 1.46932 0.180948 203.711 0.00113903 0.00116016
18 4 20 0.005 1.50989 0.214959 201.688 0.00063759 0.000642971
18 5 26 0.005 1.5048 0.451008 204.294 0.00081174 0.000829169
18 6 19 0.005 1.62769 0.545309 202.87 0.000556039 0.000564018
18 7 23 0.005 1.55164 0.612323 207.961 0.000687557 0.000714926
18 8 17 0.005 1.63236 0.691141 204.015 0.000485624 0.000495374
18 9 14 0.005 1.53538 0.755037 195.205 0.000410717 0.000400869
18 10 10 0.005 1.49246 0.718002 199.6 0.000300513 0.000299912
18 11 10 0.005 1.7573 1.06756 193.877 0.00025428 0.000246495
18 12 0 0 0 0 0 0 0
18 13 0 0 0 0 0 0 0
18 14 0 0 0 0 0 0 0
18 15 0 0 0 0 0 0 0
18 16 0 0 0 0 0 0 0
18 17 0 0 0 0 0 0 0
18 18 0 0 0 0 0 0 0
18 19 0 0 0 0 0 0 0
18 20 0 0 0 0 0 0 0
18 21 0 0 0 0 0 0 0
18 22 0 0 0 0 0 0 0
18 23 0 0 0 0 0 0 0
19 0 21 0.005 1.31386 0.0176021 197.829 0.000739408 0.000731383
19 1 21 0.005 1.63599 0.183819 203.33 0.000633853 0.000644407
19 2 34 0.005 1.4522 0.200275 201.418 0.00111395 0.00112185
19 3 29 0.005 1.65524 0.251511 201.147 0.000864574 0.000869533
19 4 17 0.005 1.60252 0.328536 203.201 0.000515504 0.000523754
19 5 0 0 0 0 0 0 0
19 6 14 0.005 1.77952 0.467155 203.694 0.000388704 0.000395884
19 7 20 0.005 1.67009 0.581621 200.474 0.000572346 0.000573702
19 8 11 0.005 1.86169 0.699449 201.496 0.000287301 0.000289449
19 9 0 0 0 0 0 0 0
19 10 13 0.005 1.84213 1.0107 198.719 0.000324801 0.00032272
19 11 0 0 0 0 0 0 0
19 12 0 0 0 0 0 0 0
19 13 0 0 0 0 0 0 0
19 14 0 0 0 0 0 0 0
19 15 0 0 0 0 0 0 0
19 16 0 0 0 0 0 0 0
19 17 0 0 0 0 0 0 0
19 18 0 0 0 0 0 0 0
19 19 0 0 0 0 0 0 0
19 20 0 0 0 0 0 0 0
19 21 0 0 0 0 0 0 0
19 22 0 0 0 0 0 0 0
19 23 0 0 0 0 0 0 0
20 0 14 0.005 2.00259 0.043503 196.91 0.000363566 0.000357949
20 1 12 0.005 1.74058 0.0367915 199.141 0.000347494 0.000346001
20 2 13 0.005 1.51818 0.2128 197.985 0.000412937 0.000408776
20 3 18 0.005 1.66295 0.37196 198.904 0.000529666 0.000526763
20 4 15 0.005 1.85576 0.323483 203.478 0.000408912 0.000416023
20 5 15 0.005 1.91082 0.525651 205.965 0.000392868 0.000404586
20 6 0 0 0 0 0 0 0
20 7 0 0 0 0 0 0 0
20 8 0 0 0 0 0 0 0
20 9 0 0 0 0 0 0 0
20 10 0 0 0 0 0 0 0
20 11 0 0 0 0 0 0 0
20 12 0 0 0 0 0 0 0
20 13 0 0 0 0 0 0 0
20 14 0 0 0 0 0 0 0
20 15 0 0 0 0 0 0 0
20 16 0 0 0 0 0 0 0
20 17 0 0 0 0 0 0 0
20 18 0 0 0 0 0 0 0
20 19 0 0 0 0 0 0 0
20 20 0 0 0 0 0 0 0
20 21 0 0 0 0 0 0 0
20 22 0 0 0 0 0 0 0
20 23 0 0 0 0 0 0 0
21 0 0 0 0 0 0 0 0
21 1 11 0.005 1.84647 0.116848 195.263 0.000304088 0.000296886
21 2 12 0.005 2.07071 0.174895 200.915 0.000302525 0.000303909
21 3 12 0.005 1.78169 0.235937 199.281 0.000339217 0.000337997
21 4 0 0 0 0 0 0 0
21 5 0 0 0 0 0 0 0
21 6 0 0 0 0 0 0 0
21 7 0 0 0 0 0 0 0
21 8 0 0 0 0 0 0 0
21 9 0 0 0 0 0 0 0
21 10 0 0 0 0 0 0 0
21 11 0 0 0 0 0 0 0
21 12 0 0 0 0 0 0 0
21 13 0 0 0 0 0 0 0
21 14 0 0 0 0 0 0 0
21 15 0 0 0 0 0 0 0
21 16 0 0 0 0 0 0 0
21 17 0 0 0 0 0 0 0
21 18 0 0 0 0 0 0 0
21 19 0 0 0 0 0 0 0
21 20 0 0 0 0 0 0 0
21 21 0 0 0 0 0 0 0
21 22 0 0 0 0 0 0 0
21 23 0 0 0 0 0 0 0
22 0 0 0 0 0 0 0 0
22 1 0 0 0 0 0 0 0
22 2 0 0 0 0 0 0 0
22 3 0 0 0 0 0 0 0
22 4 0 0 0 0 0 0 0
22 5 0 0 0 0 0 0 0
22 6 0 0 0 0 0 0 0
22 7 0 0 0 0 0 0 0
22 8 0 0 0 0 0 0 0
22 9 0 0 0 0 0 0 0
22 10 0 0 0 0 0 0 0
22 11 0 0 0 0 0 0 0
22 12 0 0 0 0 0 0 0
22 13 0 0 0 0 0 0 0
22 14 0 0 0 0 0 0 0
22 15 0 0 0 0 0 0 0
22 16 0 0 0 0 0 0 0
22 17 0 0 0 0 0 0 0
22 18 0 0 0 0 0 0 0
22 19 0 0 0 0 0 0 0
22 20 0 0 0 0 0 0 0
22 21 0 0 0 0 0 0 0
22 22 0 0 0 0 0 0 0
22 23 0 0 0 0 0 0 0
23 0 0 0 0 0 0 0 0
23 1 0 0 0 0 0 0 0
23 2 0 0 0 0 0 0 0
23 3 0 0 0 0 0 0 0
23 4 0 0 0 0 0 0 0
23 5 0 0 0 0 0 0 0
23 6 0 0 0 0 0 0 0
23 7 0 0 0 0 0 0 0
23 8 0 0 0 0 0 0 0
23 9 0 0 0 0 0 0 0
23 10 0 0 0 0 0 0 0
23 11 0 0 0 0 0 0 0
23 12 0 0 0 0 0 0 0
23 13 0 0 0 0 0 0 0
23 14 0 0 0 0 0 0 0
23 15 0 0 0 0 0 0 0
23 16 0 0 0 0 0 0 0
23 17 0 0 0 0 0 0 0
23 18 0 0 0 0 0 0 0
23 19 0 0 0 0 0 0 0
23 20 0 0 0 0 0 0 0
23 21 0 0 0 0 0 0 0
23 22 0 0 0 0 0 0 0
23 23 0 0 0 0 0 0 0
