#  ix    iy     Npi     E/N       Tpi    Uxpi    Uypi     mupi     rho    epsilon
0 0 254 0.0376131 0.00626288 0.023643 3.24134 0.00920015 0.00193863
0 1 267 0.0359714 0.042694 0.0663933 3.54191 0.00964391 0.00199762
0 2 239 0.0356879 -0.0175447 0.129887 3.47139 0.00858599 0.0017732
0 3 273 0.0372688 0.0229726 0.138957 3.35561 0.00979463 0.00205652
0 4 237 0.0397289 0.00855721 0.2223 2.84662 0.00838204 0.00180532
0 5 279 0.0372187 -0.00434142 0.284863 3.35574 0.00972185 0.00204018
0 6 263 0.0369616 0.0386439 0.355978 3.31455 0.00897121 0.00187761
0 7 247 0.034731 0.0363492 0.39317 3.59904 0.0083239 0.00170186
0 8 287 0.0352561 0.0336223 0.426638 3.64955 0.00955989 0.0019654
0 9 281 0.0367524 0.0735416 0.417268 3.3907 0.00937442 0.00195772
0 10 249 0.0382941 0.0284266 0.5195 3.00199 0.00800333 0.00169841
0 11 281 0.0399226 0.0510734 0.609747 2.85573 0.00868442 0.00187417
0 12 313 0.0426836 0.0454471 0.646424 2.59274 0.00951704 0.00211255
0 13 280 0.0414079 0.00748156 0.703231 2.61488 0.00829828 0.00181828
0 14 316 0.0416048 0.0671901 0.740735 2.69153 0.00918679 0.00201701
0 15 314 0.0393001 0.0310851 0.812475 2.9574 0.00882724 0.00189283
0 16 315 0.0404904 -0.006356 0.900128 2.7562 0.00848261 0.00184132
0 17 302 0.0399733 0.0485167 1.03479 2.71543 0.00759948 0.00164089
0 18 338 0.0386371 0.0543567 1.06254 2.99958 0.00838727 0.00178621
0 19 313 0.0366764 0.00488902 1.17179 3.16078 0.00736166 0.00153617
0 20 358 0.0400618 0.054275 1.24217 2.77087 0.00812924 0.00175687
0 21 339 0.0388219 0.0223405 1.28649 2.86644 0.00753725 0.00160826
0 22 369 0.0424728 0.0304655 1.33589 2.44621 0.00801059 0.00177436
0 23 369 0.0404742 0.0134788 1.462 2.64157 0.00754775 0.00163812
1 0 253 0.0359416 0.0724284 0.0105256 3.49326 0.00914221 0.00189311
1 1 262 0.0385194 0.0541162 0.103214 3.13347 0.00942894 0.00200561
1 2 267 0.0354628 0.0794113 0.0816648 3.62094 0.00961176 0.00198036
1 3 243 0.0367521 0.0191412 0.158623 3.31542 0.00869408 0.00181564
1 4 256 0.0361517 0.0815727 0.200473 3.45132 0.00906546 0.00188135
1 5 252 0.0372614 0.0906576 0.289914 3.24238 0.00873628 0.00183417
1 6 280 0.0388024 0.0818486 0.295622 3.12136 0.00969889 0.00206908
1 7 285 0.035346 0.0847867 0.359199 3.64797 0.00968737 0.00199349
1 8 282 0.0369842 0.0521479 0.416847 3.3599 0.00941993 0.00197199
1 9 261 0.0366273 0.0735585 0.538215 3.28954 0.00830964 0.00173309
1 10 275 0.0408644 0.0575131 0.503342 2.75375 0.00888822 0.00193676
1 11 298 0.0372808 0.0815606 0.619378 3.28649 0.00915706 0.00192289
1 12 268 0.0401708 0.0506598 0.635724 2.7633 0.00818697 0.00177133
1 13 298 0.0407353 0.0309283 0.69318 2.76867 0.0088708 0.00193042
1 14 333 0.0373986 0.0903238 0.813843 3.28798 0.00933495 0.00196266
1 15 318 0.0368436 0.0443472 0.839628 3.31553 0.00881878 0.00184344
1 16 355 0.0387869 0.0793141 0.96637 3.07446 0.00923422 0.00196964
1 17 345 0.0396585 0.0613858 0.97931 2.91869 0.00892216 0.00192026
1 18 314 0.0393596 0.0854102 1.01499 2.84701 0.00797026 0.00171012
1 19 353 0.0388335 0.0626127 1.17615 2.95854 0.00827782 0.00176649
1 20 352 0.0397415 0.0846989 1.3149 2.76135 0.00771018 0.00166083
1 21 364 0.0394947 0.138457 1.34905 2.81023 0.00782713 0.00168174
1 22 375 0.0389333 0.0628107 1.50685 2.84687 0.0075084 0.00160395
1 23 367 0.0412144 0.0769125 1.51091 2.51594 0.00733229 0.00160345
2 0 275 0.0383228 0.125985 0.0376221 3.20838 0.00987874 0.00209702
2 1 236 0.0380642 0.106338 0.0809298 3.09274 0.00847538 0.0017943
2 2 272 0.0367912 0.126846 0.0963337 3.42219 0.00973239 0.0020333
2 3 250 0.0364206 0.126422 0.204717 3.37991 0.00880664 0.00183278
2 4 257 0.0360444 0.168554 0.239162 3.45411 0.00893691 0.00185259
2 5 270 0.0384977 0.150119 0.258778 3.13054 0.00937218 0.00199309
2 6 266 0.0364661 0.123933 0.315287 3.40863 0.00912811 0.00190059
2 7 284 0.0372204 0.150612 0.376474 3.33616 0.00953575 0.00200116
2 8 273 0.0350164 0.0851421 0.395041 3.64788 0.00917079 0.00188065
2 9 281 0.0369754 0.127225 0.504539 3.31916 0.00903167 0.00189054
2 10 284 0.0380368 0.102935 0.578035 3.14263 0.00887347 0.00187804
2 11 297 0.0408055 0.106108 0.604909 2.79261 0.00916965 0.00199689
2 12 334 0.0375019 0.133922 0.626817 3.35995 0.0101882 0.00214436
2 13 324 0.0361052 0.137549 0.654517 3.53231 0.00975787 0.00202406
2 14 323 0.0367892 0.142666 0.759243 3.37288 0.00926121 0.00193482
2 15 324 0.0385939 0.0996368 0.838214 3.07297 0.0089705 0.00190957
2 16 326 0.0390817 0.0879984 0.934866 2.96299 0.00861056 0.00184221
2 17 307 0.038329 0.171016 1.06237 2.94156 0.0075721 0.00160747
2 18 326 0.0402243 0.132459 1.06999 2.73705 0.00803225 0.00173881
2 19 368 0.0389655 0.13994 1.17814 2.97727 0.00859302 0.00183625
2 20 365 0.0412136 0.130079 1.27194 2.62145 0.00814732 0.00178167
2 21 330 0.0393449 0.170503 1.33411 2.73821 0.00713402 0.00153046
2 22 379 0.0422712 0.19508 1.46457 2.43109 0.00769679 0.00170136
2 23 375 0.0394999 0.140372 1.59462 2.7258 0.00719854 0.00154677
3 0 251 0.0348746 0.106219 0.0150075 3.65755 0.00904232 0.00185155
3 1 223 0.0382672 0.174343 0.0292289 3.00001 0.00795635 0.00168797
3 2 256 0.0355975 0.157651 0.0934455 3.5468 0.00912342 0.00188241
3 3 266 0.0384375 0.168518 0.162953 3.14038 0.00938331 0.00199422
3 4 265 0.0387651 0.161109 0.187317 3.08693 0.00932116 0.00198773
3 5 273 0.0394549 0.183858 0.280268 2.99654 0.00937847 0.00201424
3 6 244 0.0352688 0.189424 0.307789 3.50785 0.00831425 0.00170954
3 7 294 0.0411601 0.129207 0.349096 2.83153 0.00998297 0.0021819
3 8 289 0.0386478 0.180694 0.409478 3.12865 0.0095574 0.00203564
3 9 306 0.0397292 0.195022 0.486766 3.00479 0.00981887 0.00211479
3 10 290 0.0387149 0.169159 0.525823 3.0807 0.00919743 0.00196033
3 11 303 0.0385659 0.154167 0.547231 3.13891 0.00954368 0.002031
3 12 319 0.0401573 0.20991 0.637578 2.92396 0.00959649 0.00207601
3 13 318 0.0380924 0.147713 0.71271 3.18312 0.00931546 0.00197273
3 14 299 0.0405131 0.195343 0.753065 2.76115 0.00855045 0.00185648
3 15 294 0.0372666 0.178654 0.881107 3.14369 0.00792149 0.00166319
3 16 334 0.0377349 0.189505 0.915774 3.18316 0.0088387 0.00186483
3 17 339 0.0393795 0.201147 0.96493 2.93732 0.00874756 0.00187728
3 18 337 0.037665 0.208859 1.12217 3.09958 0.00804606 0.00169636
3 19 334 0.0407991 0.191246 1.09472 2.66875 0.00809468 0.00176267
3 20 354 0.0392003 0.201007 1.26473 2.85954 0.00789399 0.00169097
3 21 362 0.0370274 0.222085 1.40564 3.13081 0.00754094 0.00157935
3 22 357 0.0412367 0.228763 1.4367 2.51236 0.00732707 0.00160267
3 23 366 0.0405319 0.210682 1.53845 2.58397 0.00717988 0.0015592
4 0 235 0.0372763 0.278974 0.0389705 3.17623 0.00819556 0.00172091
4 1 268 0.0346401 0.217905 0.06411 3.74336 0.00946895 0.00193412
4 2 248 0.0393035 0.20754 0.185434 2.93739 0.0086565 0.00185628
4 3 270 0.0366696 0.222402 0.194761 3.40427 0.00938126 0.00195746
4 4 273 0.035932 0.169075 0.224078 3.53563 0.00952322 0.0019718
4 5 264 0.0370506 0.21273 0.259184 3.31178 0.00906898 0.00189984
4 6 268 0.0345508 0.223584 0.332116 3.70941 0.00901451 0.00183956
4 7 268 0.0372297 0.182951 0.401052 3.26408 0.00888519 0.00186481
4 8 320 0.0370271 0.252946 0.433766 3.44859 0.0103613 0.00217003
4 9 305 0.0348371 0.187079 0.460617 3.75401 0.00989529 0.0020254
4 10 269 0.0368693 0.190016 0.527196 3.27504 0.00850234 0.00177777
4 11 287 0.036329 0.246575 0.60344 3.38341 0.00871113 0.00181117
4 12 307 0.0391323 0.184896 0.637465 3.02944 0.00926756 0.00198381
4 13 333 0.03826 0.232247 0.68232 3.20821 0.0097878 0.00207636
4 14 305 0.0379997 0.222283 0.782263 3.11369 0.00857355 0.00181387
4 15 331 0.0399466 0.259794 0.883632 2.86812 0.00882131 0.00190419
4 16 328 0.0386555 0.250443 0.900998 3.03125 0.00868 0.00184891
4 17 358 0.0396629 0.262291 1.03366 2.9125 0.00887249 0.00190966
4 18 336 0.042249 0.265796 1.06384 2.49755 0.00820317 0.00181289
4 19 336 0.0385904 0.281066 1.21038 2.91194 0.00763255 0.0016247
4 20 367 0.0410957 0.260364 1.27528 2.63098 0.00810117 0.00176944
4 21 336 0.0408983 0.229354 1.34785 2.53686 0.00718691 0.00156659
4 22 360 0.0417862 0.27087 1.39707 2.46564 0.00749924 0.00164954
4 23 371 0.0386354 0.287706 1.66266 2.79781 0.00685318 0.00145948
5 0 300 0.0374802 0.290724 -0.000198854 3.38736 0.0104374 0.00219631
5 1 246 0.0342391 0.209609 0.100177 3.72548 0.00868184 0.00176585
5 2 238 0.0363872 0.240669 0.136655 3.32719 0.00831077 0.00172898
5 3 243 0.0338578 0.23501 0.161101 3.76724 0.00846735 0.0017153
5 4 263 0.0383492 0.288531 0.234073 3.10385 0.00893239 0.00189665
5 5 275 0.0397352 0.242119 0.315783 2.94514 0.00925775 0.00199406
5 6 268 0.0345207 0.207097 0.323356 3.72013 0.00906482 0.00184924
5 7 270 0.0404985 0.250134 0.425967 2.78853 0.00877086 0.00190405
5 8 287 0.0386408 0.281655 0.428616 3.09723 0.00925261 0.00197058
5 9 314 0.0371199 0.280175 0.46087 3.40027 0.0100132 0.00209916
5 10 294 0.0375562 0.253742 0.539316 3.24437 0.00915017 0.00192696
5 11 272 0.0382849 0.23038 0.600675 3.03828 0.00828806 0.00175866
5 12 319 0.0397425 0.304232 0.655944 2.95577 0.00936607 0.00201754
5 13 327 0.0392428 0.289718 0.743584 3.01326 0.00926049 0.00198456
5 14 324 0.0367008 0.286828 0.804748 3.3496 0.00892538 0.00186294
5 15 317 0.0402738 0.295571 0.822707 2.80421 0.00864719 0.00187288
5 16 288 0.0390021 0.29065 0.978576 2.80933 0.00730207 0.00156098
5 17 339 0.0393188 0.347358 1.01884 2.9004 0.0083598 0.00179294
5 18 337 0.039694 0.325764 1.15459 2.78173 0.00781802 0.00168324
5 19 387 0.0420793 0.337061 1.1791 2.5958 0.00886125 0.00195495
5 20 372 0.0412674 0.30406 1.31587 2.59884 0.00802057 0.00175491
5 21 412 0.0422827 0.358166 1.34735 2.55225 0.00870053 0.00192346
5 22 349 0.0407534 0.355194 1.42576 2.54567 0.00711449 0.00154851
5 23 358 0.03819 0.373197 1.55681 2.86466 0.00687179 0.00145671
6 0 244 0.0339674 0.337002 0.0446031 3.73637 0.00837017 0.00169758
6 1 251 0.03694 0.369896 0.0914446 3.26368 0.0084982 0.00177821
6 2 304 0.035637 0.30194 0.119427 3.67863 0.0104761 0.00216239
6 3 251 0.0373019 0.294745 0.138351 3.22603 0.00864737 0.00181626
6 4 243 0.0344021 0.282332 0.217893 3.65146 0.00829276 0.00168962
6 5 260 0.0374212 0.309908 0.30121 3.20807 0.00864731 0.00181851
6 6 267 0.0367518 0.311746 0.291769 3.33851 0.00889684 0.00185797
6 7 261 0.0368135 0.298285 0.348248 3.29458 0.00859595 0.00179629
6 8 240 0.036767 0.327415 0.459555 3.17508 0.00757321 0.00158181
6 9 296 0.0387867 0.315902 0.480169 3.0814 0.00929819 0.00198328
6 10 274 0.0371568 0.336697 0.587185 3.19748 0.0082213 0.00172417
6 11 297 0.0374995 0.316426 0.604684 3.2238 0.00888822 0.00187069
6 12 301 0.0396182 0.294933 0.685296 2.9037 0.00874111 0.00188051
6 13 342 0.0378188 0.33678 0.783978 3.23511 0.00942627 0.00199053
6 14 319 0.0426911 0.327496 0.786981 2.51305 0.00879603 0.00195265
6 15 303 0.0393102 0.336784 0.914327 2.8403 0.00786287 0.00168621
6 16 349 0.0370887 0.400658 0.987994 3.25875 0.00865065 0.00181292
6 17 342 0.0395587 0.363219 1.01535 2.87511 0.00842561 0.00181153
6 18 346 0.040833 0.385054 1.11753 2.6646 0.00809692 0.00176377
6 19 335 0.0406267 0.37201 1.18436 2.6302 0.00761422 0.00165513
6 20 397 0.0408669 0.447177 1.2997 2.70432 0.0084624 0.00184403
6 21 370 0.0394378 0.416713 1.33198 2.81563 0.00780805 0.00167666
6 22 368 0.0392563 0.386602 1.45052 2.78604 0.00739206 0.00158437
6 23 365 0.0404767 0.477483 1.64135 2.51877 0.00667774 0.00144933
7 0 297 0.0366173 0.320577 0.044637 3.49978 0.0102379 0.00213504
7 1 282 0.0352773 0.35241 0.0799289 3.6512 0.00960924 0.00197599
7 2 285 0.0376783 0.368995 0.137583 3.27501 0.0096079 0.00202593
7 3 282 0.0345859 0.346295 0.201726 3.7542 0.0094841 0.0019361
7 4 267 0.0366353 0.351467 0.235151 3.35805 0.00891 0.00185846
7 5 272 0.0381292 0.36446 0.265287 3.14157 0.00898441 0.00190335
7 6 268 0.0357746 0.343343 0.370626 3.46674 0.00866684 0.00179153
7 7 304 0.0389189 0.36336 0.399897 3.10402 0.00969041 0.00206976
7 8 288 0.038454 0.332422 0.443099 3.11041 0.00912792 0.00194027
7 9 289 0.0389914 0.404536 0.493952 3.00033 0.00882558 0.00188646
7 10 300 0.0358575 0.387009 0.534323 3.49915 0.00907286 0.00187709
7 11 313 0.03834 0.371983 0.656389 3.1186 0.00905302 0.00192208
7 12 305 0.0421112 0.427387 0.64437 2.5783 0.00874218 0.00192931
7 13 327 0.0374737 0.362815 0.690405 3.27749 0.00934235 0.00196575
7 14 336 0.0382426 0.372334 0.755419 3.16086 0.00931155 0.00197497
7 15 321 0.0408544 0.396373 0.855709 2.70583 0.00846135 0.00184356
7 16 336 0.0389976 0.406767 0.944998 2.96012 0.0084851 0.00181379
7 17 347 0.0406771 0.445789 0.990378 2.73549 0.00851597 0.0018521
7 18 362 0.0390737 0.412447 1.07633 2.96233 0.00859514 0.00183876
7 19 376 0.0374758 0.411612 1.20661 3.17181 0.0084079 0.00176917
7 20 359 0.0404527 0.470291 1.28491 2.66114 0.00767504 0.00166538
7 21 356 0.0402657 0.46609 1.4144 2.62083 0.00719057 0.00155726
7 22 415 0.0385303 0.53938 1.61245 2.91927 0.00762277 0.00162161
7 23 380 0.0369302 0.506234 1.59122 3.08174 0.00707383 0.00148002
8 0 288 0.0375131 0.393889 0.0199898 3.3099 0.0097071 0.00204333
8 1 280 0.0371247 0.437121 0.097688 3.32119 0.00925863 0.00194106
8 2 271 0.039229 0.422059 0.150972 2.98219 0.00895988 0.00191986
8 3 268 0.0385468 0.420928 0.180069 3.06378 0.00882885 0.0018785
8 4 271 0.0363037 0.421816 0.214111 3.40612 0.00887585 0.00184493
8 5 293 0.0339608 0.417824 0.236932 3.87143 0.0095693 0.00194064
8 6 308 0.0390169 0.387816 0.345573 3.11194 0.00990308 0.00211733
8 7 265 0.0397427 0.396721 0.396766 2.84371 0.00837346 0.00180373
8 8 282 0.0392474 0.406849 0.43872 2.95795 0.00876779 0.00187906
8 9 287 0.0356508 0.444763 0.538972 3.47013 0.00852367 0.00175965
8 10 299 0.0379683 0.404592 0.56779 3.15417 0.00888671 0.00187951
8 11 315 0.0381149 0.441551 0.610271 3.15822 0.00911616 0.00193097
8 12 334 0.0383217 0.446768 0.674089 3.15987 0.00940958 0.0019974
8 13 309 0.0395382 0.430634 0.714711 2.89796 0.00859614 0.0018478
8 14 331 0.0394201 0.480215 0.825825 2.92301 0.00867177 0.00186179
8 15 349 0.0365958 0.498134 0.934766 3.33811 0.00868063 0.00180987
8 16 364 0.0444584 0.4754 0.916564 2.34671 0.00917524 0.00207344
8 17 351 0.0393008 0.4811 1.03148 2.90697 0.00839399 0.00179994
8 18 346 0.0403503 0.475597 1.10526 2.7178 0.00801273 0.00173683
8 19 401 0.0375195 0.561646 1.25127 3.18315 0.00855961 0.00180191
8 20 343 0.0389603 0.538509 1.40013 2.75758 0.00689317 0.00147293
8 21 368 0.0411837 0.571783 1.39228 2.52618 0.00737856 0.00161306
8 22 370 0.040528 0.577016 1.58418 2.53582 0.00683882 0.00148507
8 23 383 0.0376388 0.627882 1.69122 2.92452 0.00672772 0.00141803
9 0 269 0.0387597 0.454655 0.0215085 3.03816 0.00887071 0.00189157
9 1 292 0.0381687 0.446346 0.0413583 3.20772 0.00965415 0.00204607
9 2 285 0.0387257 0.432848 0.1354 3.10138 0.00940411 0.00200461
9 3 265 0.0379625 0.462677 0.141951 3.12715 0.00864252 0.00182776
9 4 261 0.0371418 0.45048 0.239321 3.22409 0.00842385 0.00176637
9 5 263 0.0399815 0.483715 0.327174 2.79386 0.00822865 0.00177689
9 6 284 0.0378419 0.47038 0.319407 3.17931 0.00894507 0.00188937
9 7 280 0.0351357 0.492975 0.384705 3.5639 0.00860165 0.00176616
9 8 289 0.0396945 0.442771 0.450694 2.9059 0.00885224 0.00190591
9 9 317 0.0366446 0.521847 0.560867 3.37962 0.0091175 0.00190193
9 10 296 0.0378564 0.487634 0.545773 3.14412 0.00865437 0.00182825
9 11 305 0.0394263 0.51822 0.565041 2.93339 0.0087698 0.00188296
9 12 302 0.0389881 0.505522 0.701516 2.93662 0.00827689 0.00176911
9 13 330 0.0377066 0.477798 0.757931 3.19484 0.00890506 0.00187828
9 14 329 0.0400549 0.520784 0.846948 2.81087 0.00845318 0.00182675
9 15 343 0.0412125 0.488685 0.884614 2.69193 0.00874105 0.00191149
9 16 330 0.0389806 0.531137 0.904355 2.93451 0.00825085 0.00176341
9 17 342 0.0395508 0.514077 0.991392 2.85708 0.00826614 0.0017771
9 18 366 0.0409299 0.559187 1.15722 2.65767 0.00814324 0.00177562
9 19 375 0.0397812 0.606889 1.22133 2.79711 0.0080342 0.00173133
9 20 393 0.0405205 0.629893 1.34404 2.68811 0.00795594 0.00172753
9 21 406 0.0386307 0.601359 1.42598 2.95114 0.0079835 0.00170011
9 22 347 0.0396361 0.679627 1.57005 2.5808 0.00634442 0.00136515
9 23 358 0.039123 0.661751 1.65705 2.65134 0.00634151 0.00135733
10 0 260 0.0366 0.547637 0.0266144 3.28781 0.00826019 0.00172229
10 1 286 0.0385675 0.540287 0.0190205 3.09277 0.00911549 0.0019399
10 2 289 0.0379604 0.544695 0.107324 3.18505 0.00915482 0.00193606
10 3 287 0.0359078 0.513338 0.158613 3.50064 0.00916012 0.00189614
10 4 290 0.0384374 0.522726 0.26434 3.10604 0.00906634 0.00192685
10 5 300 0.0360879 0.559043 0.313369 3.4709 0.00915146 0.00189793
10 6 301 0.0391033 0.529299 0.345374 3.02824 0.00921892 0.00197281
10 7 332 0.0343476 0.54036 0.361373 3.85656 0.0100853 0.00205367
10 8 330 0.0381393 0.543715 0.413879 3.23431 0.00987191 0.00209158
10 9 333 0.0372091 0.572972 0.49537 3.34643 0.0096178 0.00201814
10 10 332 0.0392085 0.538467 0.573114 3.03889 0.00945551 0.00202564
10 11 306 0.0376648 0.563127 0.713037 3.11926 0.00820573 0.00173002
10 12 323 0.0428442 0.575445 0.719617 2.47266 0.0086065 0.00191354
10 13 328 0.0385184 0.5977 0.762275 3.03412 0.00853598 0.00181565
10 14 342 0.0381557 0.588503 0.850773 3.09541 0.00861224 0.001825
10 15 359 0.0414597 0.638673 0.904716 2.65753 0.00871731 0.00191111
10 16 348 0.0383691 0.576753 1.01712 3.01484 0.00819512 0.00174046
10 17 371 0.0407094 0.62239 1.09031 2.71455 0.00837491 0.00182202
10 18 379 0.0365436 0.645913 1.14673 3.30232 0.00830758 0.00173115
10 19 381 0.0419334 0.635128 1.21447 2.52872 0.00813666 0.00179243
10 20 360 0.0415114 0.685637 1.34802 2.45889 0.00719411 0.001578
10 21 331 0.0436469 0.737021 1.452 2.06105 0.00627599 0.00140674
10 22 397 0.0408391 0.715652 1.51387 2.57042 0.00737502 0.00160662
10 23 397 0.0388543 0.740738 1.68079 2.77032 0.00687788 0.00146806
11 0 289 0.0385273 0.568365 -0.000882516 3.09719 0.00910337 0.00193652
11 1 313 0.0401129 0.556242 0.0508827 2.96114 0.00990078 0.00214086
11 2 254 0.0383116 0.514816 0.153534 3.01234 0.00810708 0.00172073
11 3 273 0.036526 0.591757 0.182316 3.31729 0.00840964 0.00175209
11 4 292 0.0366366 0.538973 0.247227 3.37896 0.00910013 0.00189814
11 5 329 0.0393631 0.51568 0.292669 3.09842 0.0102534 0.00220006
11 6 310 0.036769 0.54474 0.354568 3.39271 0.00941743 0.00196705
11 7 294 0.0378364 0.580607 0.414808 3.149 0.008671 0.00183138
11 8 331 0.037342 0.586183 0.435249 3.33341 0.00968591 0.00203524
11 9 314 0.039747 0.594961 0.514393 2.90886 0.00894239 0.00192637
11 10 350 0.0382888 0.598358 0.560602 3.20592 0.00980621 0.00208088
11 11 294 0.0399636 0.621613 0.632019 2.76446 0.00797105 0.00172095
11 12 371 0.0405264 0.57817 0.650212 2.92997 0.0101408 0.00220208
11 13 310 0.0423726 0.62685 0.743109 2.46385 0.00805334 0.00178201
11 14 347 0.0410428 0.657234 0.828039 2.70219 0.00863969 0.00188605
11 15 349 0.0377788 0.698836 0.966163 3.09251 0.00812538 0.00171511
11 16 385 0.0389401 0.712386 1.03393 2.9921 0.00869033 0.00185656
11 17 380 0.0398213 0.686627 1.07376 2.84786 0.00849882 0.00183221
11 18 396 0.0417402 0.720557 1.11883 2.61063 0.00861924 0.00189501
11 19 378 0.0392533 0.740229 1.28843 2.82031 0.00764657 0.00163887
11 20 366 0.0402825 0.701178 1.28589 2.6577 0.00747738 0.00161966
11 21 395 0.0416137 0.75672 1.50218 2.46239 0.00731369 0.00160591
11 22 379 0.0389022 0.861171 1.63395 2.71287 0.00653796 0.00139619
11 23 370 0.0420901 0.845728 1.65954 2.25983 0.0063412 0.00139914
12 0 304 0.0400342 0.634665 0.0404977 2.90852 0.00929422 0.00200807
12 1 332 0.0369248 0.573419 0.0531512 3.47028 0.010424 0.00218084
12 2 268 0.0351352 0.633448 0.107928 3.51239 0.00816901 0.00167732
12 3 277 0.0383876 0.651571 0.207206 3.02306 0.00828485 0.00175985
12 4 287 0.0386434 0.690968 0.275183 2.99348 0.00834381 0.00177707
12 5 324 0.0370156 0.595226 0.301096 3.39115 0.00976583 0.00204507
12 6 316 0.038333 0.649269 0.34035 3.1394 0.00923392 0.00196034
12 7 300 0.0384985 0.678898 0.424766 3.0309 0.00848427 0.00180428
12 8 338 0.0376334 0.666328 0.472964 3.2686 0.0094831 0.00199868
12 9 318 0.0414758 0.678314 0.520502 2.66004 0.0087572 0.00192017
12 10 316 0.0369345 0.634608 0.57128 3.28882 0.00870702 0.0018218
12 11 334 0.038941 0.704297 0.668571 2.99097 0.00868158 0.00185471
12 12 392 0.0392132 0.673834 0.709765 3.10917 0.0101506 0.00217464
12 13 351 0.0381253 0.703972 0.793239 3.11278 0.00872446 0.0018482
12 14 328 0.0389051 0.77512 0.91828 2.86321 0.00760168 0.0016234
12 15 361 0.0397576 0.739753 1.00749 2.81722 0.00817119 0.00176043
12 16 383 0.0392837 0.761025 0.998906 2.93874 0.0086444 0.00185331
12 17 383 0.0416529 0.792235 1.05003 2.59571 0.00839831 0.0018448
12 18 346 0.0399978 0.773883 1.15136 2.67609 0.0073306 0.00158323
12 19 378 0.0388141 0.826388 1.23264 2.88283 0.00765333 0.0016329
12 20 379 0.0362566 0.887118 1.44558 3.17245 0.00697428 0.00144896
12 21 395 0.0429474 0.889302 1.52667 2.26063 0.00704946 0.00156899
12 22 382 0.039852 0.955607 1.63327 2.57044 0.00646675 0.00139457
12 23 375 0.0382332 0.914559 1.77625 2.7362 0.00608145 0.00128975
13 0 303 0.043597 0.651287 -0.0193738 2.4492 0.00919803 0.00206066
13 1 270 0.0363678 0.670714 0.0740284 3.30569 0.0081091 0.00168669
13 2 324 0.0434529 0.719241 0.165169 2.49278 0.0094456 0.00211306
13 3 307 0.036971 0.689308 0.201834 3.32013 0.00903434 0.00189101
13 4 279 0.0366881 0.715305 0.232988 3.25184 0.00807806 0.00168586
13 5 335 0.038819 0.727388 0.26913 3.10784 0.00959111 0.00204644
13 6 317 0.039087 0.703202 0.361503 3.00754 0.00900948 0.00192767
13 7 306 0.0372139 0.720534 0.422111 3.22332 0.00850995 0.00178576
13 8 334 0.0404005 0.697213 0.443607 2.86316 0.00932844 0.00202306
13 9 319 0.0380385 0.724037 0.582372 3.0955 0.00846701 0.00179205
13 10 315 0.0392497 0.77377 0.604188 2.88387 0.00814436 0.00174549
13 11 331 0.0420798 0.726571 0.601774 2.58006 0.00872336 0.00192454
13 12 320 0.0409414 0.773035 0.723251 2.63362 0.00796166 0.00173623
13 13 337 0.0423002 0.778533 0.826632 2.47482 0.00806969 0.00178432
13 14 390 0.0392989 0.74529 0.848457 3.01698 0.00936769 0.00200869
13 15 375 0.0389762 0.807024 0.966683 2.95891 0.00844944 0.00180577
13 16 377 0.0382394 0.879726 1.1325 2.98586 0.00781307 0.00165709
13 17 345 0.0447783 0.859261 1.13865 2.06448 0.00717531 0.0016267
13 18 371 0.0430121 0.904217 1.25884 2.28603 0.00728751 0.00162303
13 19 355 0.0417795 0.881973 1.26617 2.39688 0.00699509 0.00153855
13 20 363 0.0410641 0.905441 1.43005 2.44368 0.00669006 0.00146076
13 21 406 0.0408478 0.988535 1.55443 2.51966 0.00701801 0.00152898
13 22 358 0.0411068 1.0604 1.70374 2.29282 0.00578512 0.00126372
13 23 373 0.0396833 1.07216 1.78389 2.49367 0.0058528 0.00125998
14 0 271 0.0388681 0.69144 0.0169116 2.92889 0.00807547 0.00172392
14 1 302 0.0398075 0.748396 0.0951028 2.87716 0.00873508 0.00188288
14 2 304 0.0395685 0.737253 0.147844 2.91762 0.00880343 0.00189295
14 3 329 0.0382035 0.736856 0.187481 3.1854 0.00948896 0.00201179
14 4 353 0.0379351 0.745979 0.265511 3.27977 0.0100271 0.00211996
14 5 314 0.0414362 0.741162 0.280058 2.68319 0.00891715 0.00195445
14 6 329 0.0389378 0.805206 0.32944 3.02669 0.00899321 0.00192122
14 7 321 0.0402949 0.782303 0.391223 2.8137 0.00875421 0.00189647
14 8 341 0.0389267 0.756085 0.487232 3.04945 0.00918584 0.00196215
14 9 318 0.0386049 0.770459 0.504082 3.01471 0.00847621 0.00180455
14 10 345 0.0417736 0.792228 0.548661 2.64973 0.00900084 0.00197958
14 11 376 0.0422472 0.792928 0.671608 2.6389 0.00944645 0.00208762
14 12 390 0.0392066 0.83487 0.769471 3.0268 0.0093395 0.00200074
14 13 368 0.0404124 0.874489 0.808 2.7774 0.00857525 0.00185994
14 14 393 0.0393967 0.920808 0.928588 2.92365 0.00864939 0.00185654
14 15 344 0.0426036 0.852759 0.968775 2.38201 0.00763382 0.00169314
14 16 360 0.0410167 0.904185 1.02094 2.5921 0.00771295 0.00168329
14 17 372 0.0422887 0.930576 1.18378 2.39722 0.00745657 0.00164856
14 18 392 0.0394366 0.980382 1.21649 2.79621 0.00765657 0.00164411
14 19 396 0.0380687 1.02363 1.42758 2.91475 0.00709818 0.00150281
14 20 386 0.0396531 1.06007 1.52925 2.62108 0.00662059 0.00142483
14 21 383 0.040543 1.03904 1.60876 2.4711 0.00642299 0.00139499
14 22 377 0.0392676 1.17799 1.8536 2.51755 0.00566032 0.00121334
14 23 399 0.0385952 1.16159 1.86749 2.6679 0.00598378 0.0012738
15 0 291 0.0399521 0.808227 0.0242376 2.79417 0.00819861 0.00176987
15 1 323 0.0386105 0.787324 0.0890124 3.09287 0.00917261 0.00195293
15 2 351 0.0406696 0.809718 0.153853 2.87831 0.00981368 0.00213417
15 3 327 0.0396139 0.791224 0.160935 2.95743 0.00921811 0.00198304
15 4 310 0.0375102 0.792384 0.277715 3.18945 0.00860183 0.00181062
15 5 331 0.0396808 0.80718 0.276302 2.93795 0.00912351 0.00196404
15 6 354 0.0385184 0.860789 0.361556 3.1279 0.00937515 0.00199415
15 7 342 0.0411113 0.895156 0.397959 2.71755 0.00885166 0.00193367
15 8 350 0.0407041 0.837111 0.4984 2.79642 0.00908313 0.00197599
15 9 331 0.0414761 0.860899 0.570798 2.61139 0.00834167 0.00182906
15 10 355 0.0388566 0.905338 0.606189 3.00469 0.00869731 0.00185645
15 11 420 0.0423597 0.864163 0.683008 2.70457 0.0102287 0.00226308
15 12 358 0.040816 0.894427 0.76684 2.70282 0.00839369 0.0018281
15 13 319 0.0380444 0.969817 0.887887 2.90389 0.00699663 0.00148093
15 14 374 0.0398933 1.01469 0.981544 2.75647 0.00783263 0.00168984
15 15 364 0.0393778 1.01096 0.985912 2.7998 0.00762187 0.00163567
15 16 364 0.0397906 1.04931 1.13309 2.68179 0.00716829 0.00154488
15 17 429 0.0401175 1.00482 1.1974 2.79332 0.0083763 0.0018113
15 18 411 0.0403935 1.06011 1.22031 2.68954 0.00783429 0.0016989
15 19 340 0.0403633 1.00058 1.26813 2.50442 0.00648421 0.00140569
15 20 396 0.038184 1.11193 1.47126 2.86079 0.0068393 0.00144973
15 21 398 0.0399316 1.12521 1.64797 2.55871 0.00646064 0.00139439
15 22 380 0.0402646 1.16094 1.71596 2.43743 0.00598483 0.00129612
15 23 373 0.0392088 1.26439 1.95408 2.46652 0.00533494 0.0011429
16 0 353 0.0377554 0.846032 0.0338468 3.27938 0.00976093 0.00205985
16 1 336 0.0447282 0.876245 0.0662396 2.31269 0.00914481 0.00207217
16 2 315 0.0405253 0.89894 0.139564 2.74682 0.00844237 0.00183324
16 3 325 0.0388901 0.908782 0.18461 2.99268 0.0086342 0.00184362
16 4 343 0.0397647 0.841505 0.226484 2.95307 0.00936913 0.00201866
16 5 339 0.0389162 0.911725 0.294794 3.01577 0.00886849 0.00189416
16 6 338 0.0404253 0.90107 0.383999 2.79573 0.00874879 0.00189783
16 7 358 0.0376131 0.882283 0.497337 3.23187 0.00911337 0.00192035
16 8 363 0.0395397 0.933799 0.470765 2.95359 0.00908972 0.00195393
16 9 363 0.0405909 0.942407 0.554096 2.78835 0.00887698 0.00192891
16 10 366 0.0389922 0.925625 0.646722 2.99639 0.00879181 0.00187925
16 11 379 0.0412281 0.995885 0.70259 2.68639 0.00871024 0.00190505
16 12 418 0.0422807 0.921451 0.740949 2.66945 0.00977993 0.00216205
16 13 359 0.0401048 0.99622 0.814574 2.74671 0.00798128 0.00172566
16 14 389 0.0393135 0.997933 0.903753 2.90639 0.00840395 0.00180231
16 15 415 0.03968 1.05776 1.04738 2.85363 0.00838476 0.001805
16 16 378 0.0394622 1.10625 1.10418 2.75603 0.00738099 0.00158535
16 17 397 0.0423596 1.09493 1.18203 2.40557 0.00758522 0.00167821
16 18 387 0.0412711 1.11297 1.25502 2.48766 0.00717998 0.00157105
16 19 417 0.04143 1.18448 1.43402 2.46378 0.00715464 0.00156804
16 20 430 0.040236 1.20743 1.49892 2.62372 0.00718284 0.00155512
16 21 370 0.0398004 1.23227 1.68302 2.46782 0.00579525 0.0012491
16 22 373 0.0416755 1.25734 1.7207 2.21242 0.00574088 0.00126135
16 23 381 0.0365471 1.39807 2.00278 2.83909 0.00523037 0.00108995
17 0 318 0.0369198 0.922538 0.01541 3.26322 0.00846794 0.00177151
17 1 355 0.0410145 0.925668 0.110516 2.79106 0.00940818 0.00205322
17 2 357 0.0412397 0.941845 0.0946802 2.76043 0.00939368 0.00205477
17 3 381 0.0385953 0.986241 0.207797 3.15328 0.0097227 0.00206972
17 4 345 0.0403952 0.998904 0.249709 2.79514 0.00870882 0.00188858
17 5 342 0.0396886 0.976101 0.363976 2.87559 0.008581 0.0018474
17 6 374 0.0407033 0.974566 0.395651 2.82408 0.00933685 0.00203117
17 7 363 0.0375329 0.989963 0.446853 3.22108 0.00890838 0.00187559
17 8 338 0.0408698 0.980507 0.519198 2.67232 0.00819901 0.00178669
17 9 354 0.0384785 1.08535 0.656277 2.96762 0.00794116 0.00168843
17 10 338 0.0406526 1.03385 0.666539 2.64124 0.00772504 0.00167966
17 11 392 0.0418606 1.02986 0.673839 2.63385 0.00895646 0.00197157
17 12 378 0.0398886 1.09404 0.774687 2.8016 0.00818902 0.00176664
17 13 374 0.0401628 1.10889 0.851418 2.72659 0.00788345 0.00170552
17 14 375 0.0391472 1.09511 0.938964 2.84734 0.00774074 0.00165723
17 15 410 0.0414059 1.10133 0.984333 2.6187 0.00832791 0.00182474
17 16 428 0.0415955 1.16448 1.13139 2.5708 0.00813241 0.00178535
17 17 434 0.0421456 1.24932 1.25008 2.45275 0.00774369 0.00170955
17 18 432 0.0401919 1.19826 1.28797 2.7037 0.00773508 0.00167392
17 19 400 0.038352 1.31593 1.46531 2.79496 0.00656135 0.00139324
17 20 381 0.0376642 1.42706 1.65245 2.76342 0.00574827 0.00121191
17 21 357 0.0392191 1.3652 1.73904 2.46427 0.00533058 0.00114208
17 22 356 0.0389899 1.44789 1.83615 2.44659 0.00507179 0.00108407
17 23 361 0.0370142 1.46574 1.9501 2.71408 0.00496096 0.00103886
18 0 348 0.0392696 1.02699 0.0407895 2.9577 0.00879264 0.00188482
18 1 346 0.0410062 1.0093 0.0980446 2.72558 0.00880238 0.00192085
18 2 378 0.0387213 1.05297 0.144678 3.09996 0.00938481 0.0020004
18 3 371 0.0399995 1.01513 0.203459 2.91796 0.00933861 0.00201695
18 4 354 0.0402637 1.06988 0.290805 2.79898 0.00859051 0.00186041
18 5 350 0.0426697 1.06381 0.353479 2.47453 0.00844164 0.00187357
18 6 387 0.0419203 1.11427 0.375112 2.64055 0.00908455 0.00200098
18 7 401 0.0401245 1.11441 0.470698 2.89232 0.0092568 0.00200185
18 8 346 0.0421263 1.08374 0.489865 2.49614 0.00806782 0.00178076
18 9 404 0.0380743 1.17884 0.590987 3.13391 0.00884469 0.00187268
18 10 357 0.0411873 1.19555 0.662319 2.56025 0.00763783 0.0016698
18 11 421 0.0419023 1.17702 0.778133 2.61327 0.00882014 0.00194239
18 12 417 0.0419948 1.10824 0.800457 2.61296 0.00892007 0.00196624
18 13 397 0.0412948 1.29658 0.929208 2.54673 0.00764013 0.00167214
18 14 417 0.0420216 1.25034 1.00783 2.49903 0.00798625 0.00176088
18 15 436 0.0400923 1.23786 1.05549 2.78426 0.0082727 0.00178844
18 16 392 0.040581 1.41292 1.26817 2.49612 0.00661882 0.00143808
18 17 364 0.039627 1.36512 1.29151 2.55827 0.0061954 0.00133296
18 18 381 0.0392011 1.37286 1.38738 2.633 0.00629452 0.00134836
18 19 413 0.0359449 1.36477 1.51293 3.16582 0.00659283 0.00136524
18 20 393 0.0395914 1.48104 1.62213 2.51427 0.00589989 0.00126892
18 21 381 0.0380951 1.60005 1.82869 2.60996 0.00525361 0.00111258
18 22 373 0.0399269 1.60695 1.93705 2.3011 0.00499018 0.00107697
18 23 342 0.0356447 1.64737 2.12432 2.79159 0.00432024 0.000891824
19 0 350 0.0402898 1.13139 0.0522624 2.77226 0.00839321 0.00181817
19 1 378 0.0398301 1.10156 0.121975 2.92321 0.00917477 0.00197812
19 2 371 0.0401209 1.12046 0.140548 2.85481 0.0089116 0.00192712
19 3 391 0.0415498 1.13823 0.224762 2.70527 0.00924902 0.00202954
19 4 396 0.0398205 1.17331 0.290742 2.92133 0.00914565 0.00197164
19 5 372 0.0398423 1.13341 0.326396 2.87028 0.00871626 0.00187949
19 6 404 0.041529 1.12037 0.402618 2.72566 0.00941465 0.00206544
19 7 403 0.038499 1.25757 0.483374 3.05624 0.00870255 0.00185071
19 8 380 0.0408333 1.27086 0.55002 2.66006 0.00806049 0.00175584
19 9 401 0.0441082 1.28925 0.650201 2.28338 0.00827204 0.00186277
19 10 398 0.0403953 1.20844 0.669966 2.7655 0.00845451 0.00183343
19 11 401 0.0396113 1.23047 0.728967 2.85594 0.00832549 0.00179097
19 12 418 0.0406488 1.2724 0.845341 2.71291 0.00829489 0.00180349
19 13 440 0.0413091 1.29409 0.8636 2.66554 0.00861986 0.00188684
19 14 375 0.0396812 1.34191 1.01611 2.66431 0.00693971 0.00149394
19 15 446 0.0433438 1.36069 1.10416 2.34079 0.00800928 0.00178977
19 16 398 0.040443 1.31822 1.14958 2.59259 0.00715735 0.00155289
19 17 391 0.0377966 1.4739 1.30174 2.85455 0.00642157 0.00135572
19 18 405 0.039394 1.56094 1.47075 2.59126 0.00620106 0.00133098
19 19 427 0.0394364 1.54365 1.51021 2.63262 0.0065009 0.00139595
19 20 386 0.0385987 1.63091 1.75077 2.56344 0.00539299 0.00114807
19 21 385 0.0403764 1.63474 1.81009 2.29945 0.00529172 0.00114733
19 22 384 0.039364 1.70663 1.96299 2.37864 0.00499259 0.00107127
19 23 288 0.0341228 1.83734 2.16001 2.82872 0.00347027 0.000704972
20 0 409 0.0414711 1.23432 0.0579754 2.72317 0.00932221 0.00204396
20 1 399 0.0405335 1.21593 0.0900204 2.82817 0.00916772 0.00199092
20 2 404 0.0398213 1.25923 0.135663 2.91301 0.00907081 0.00195552
20 3 408 0.0396267 1.23567 0.212544 2.9556 0.00921746 0.00198317
20 4 395 0.0393455 1.25288 0.265931 2.94885 0.00880746 0.00188947
20 5 384 0.0406086 1.27235 0.347832 2.73143 0.00840539 0.00182677
20 6 384 0.0431891 1.23798 0.397693 2.41655 0.00848173 0.00189238
20 7 418 0.0394584 1.2992 0.482867 2.93933 0.00886125 0.00190322
20 8 396 0.0410756 1.24871 0.550768 2.6793 0.00848015 0.00185184
20 9 411 0.0401651 1.39543 0.665569 2.75185 0.0080876 0.00174973
20 10 430 0.0419088 1.28611 0.692991 2.61019 0.0088001 0.0019381
20 11 439 0.0412388 1.35242 0.77365 2.67127 0.00859137 0.00187926
20 12 423 0.0409296 1.37674 0.855379 2.64586 0.00804735 0.00175471
20 13 419 0.0395907 1.41842 0.936355 2.78047 0.00769848 0.00165574
20 14 387 0.0408113 1.48074 1.10396 2.47447 0.00667601 0.00145393
20 15 429 0.0440825 1.44453 1.10306 2.18741 0.00749276 0.00168685
20 16 395 0.0407842 1.57855 1.27415 2.42445 0.00632781 0.00137771
20 17 380 0.0389826 1.55672 1.31475 2.62658 0.0060658 0.00129644
20 18 406 0.0389058 1.60075 1.45743 2.65423 0.00616871 0.00131739
20 19 374 0.0383442 1.73074 1.59984 2.58123 0.00529271 0.00112376
20 20 360 0.0395464 1.62823 1.65504 2.38643 0.00515981 0.00110923
20 21 354 0.0358023 1.79513 1.85638 2.83567 0.00463164 0.000957688
20 22 329 0.0367147 1.90877 2.04941 2.54695 0.00400844 0.00083678
20 23 303 0.0343515 1.95775 2.23389 2.79835 0.00350276 0.000713294
21 0 446 0.0429131 1.3119 0.0524003 2.59329 0.00979119 0.00217846
21 1 408 0.0406834 1.35579 0.106987 2.76258 0.00875706 0.00190465
21 2 388 0.0444393 1.31749 0.159477 2.26774 0.00846003 0.00191145
21 3 414 0.0421783 1.34887 0.193565 2.58498 0.00887448 0.00195984
21 4 384 0.0417355 1.28243 0.270319 2.59016 0.00843957 0.00185542
21 5 426 0.0431747 1.37737 0.364659 2.46268 0.00886685 0.00197802
21 6 405 0.042502 1.34853 0.420703 2.49938 0.00847833 0.00187852
21 7 424 0.0403637 1.37685 0.469698 2.79858 0.00870233 0.00188656
21 8 435 0.0417934 1.41773 0.564224 2.60622 0.00863909 0.00190041
21 9 397 0.0429503 1.30404 0.57781 2.41844 0.00825746 0.0018379
21 10 452 0.0427943 1.45547 0.710332 2.47841 0.00860394 0.001912
21 11 426 0.0415171 1.51633 0.804234 2.53517 0.00776997 0.00170442
21 12 427 0.0433115 1.52587 0.906756 2.29138 0.00759397 0.00169641
21 13 422 0.0401788 1.56523 0.959495 2.64942 0.00731366 0.00158251
21 14 421 0.037666 1.57141 1.05806 2.97725 0.00712069 0.00150128
21 15 422 0.0420548 1.64154 1.19261 2.32807 0.00675922 0.00149084
21 16 424 0.0405214 1.61761 1.26516 2.52 0.00672566 0.0014604
21 17 389 0.0379914 1.73158 1.43704 2.71084 0.00572375 0.00121084
21 18 389 0.0396665 1.82418 1.54397 2.42292 0.00544041 0.001171
21 19 365 0.038649 1.90408 1.73615 2.43656 0.00478459 0.00101909
21 20 354 0.0391946 1.97403 1.8647 2.28314 0.00443232 0.00094939
21 21 332 0.0394109 1.94324 1.84163 2.20142 0.00420898 0.000903566
21 22 330 0.0324556 2.14464 2.22109 3.1916 0.00368412 0.000735294
21 23 282 0.0356868 2.17466 2.34855 2.43558 0.00304693 0.000629254
22 0 453 0.0395575 1.41631 0.0297828 2.99163 0.00946533 0.00203505
22 1 443 0.0427939 1.52389 0.132487 2.49905 0.00878285 0.00195175
22 2 474 0.0405798 1.45405 0.189828 2.876 0.00967593 0.00210228
22 3 399 0.0428354 1.40681 0.219202 2.43855 0.00830893 0.00184721
22 4 389 0.0407205 1.41205 0.323422 2.66816 0.00800693 0.00174216
22 5 416 0.0430367 1.4674 0.360558 2.41537 0.00831823 0.00185305
22 6 421 0.0413339 1.53455 0.441109 2.59973 0.00809646 0.00177272
22 7 416 0.044356 1.47951 0.51345 2.23524 0.00811172 0.00183123
22 8 402 0.0416671 1.49301 0.572677 2.51005 0.00772276 0.00169665
22 9 422 0.0434314 1.53028 0.641492 2.31566 0.00789221 0.00176517
22 10 419 0.0437798 1.53523 0.719683 2.25152 0.00771216 0.00173097
22 11 446 0.0409505 1.6152 0.797203 2.6175 0.00784365 0.00171066
22 12 422 0.0411444 1.63408 0.908738 2.50827 0.00721089 0.00157578
22 13 434 0.0410564 1.72796 1.0278 2.49036 0.00700277 0.00152892
22 14 423 0.0400994 1.62908 1.13202 2.60168 0.00689878 0.00149152
22 15 383 0.036861 1.74545 1.2203 2.91058 0.00589796 0.00123311
22 16 403 0.0380844 1.93205 1.40579 2.682 0.00563721 0.00119369
22 17 373 0.0418391 1.915 1.46586 2.0883 0.0051765 0.00113925
22 18 428 0.0385425 1.99298 1.63569 2.6105 0.00560759 0.00119306
22 19 347 0.0403309 1.89009 1.64152 2.17919 0.00466382 0.00101072
22 20 340 0.0363384 2.04383 1.86 2.65043 0.00419172 0.000871606
22 21 296 0.0364778 2.26395 2.08211 2.39417 0.00331591 0.0006905
22 22 302 0.0345771 2.49246 2.40778 2.61584 0.00303363 0.000619235
22 23 265 0.0318748 2.37162 2.45526 2.99224 0.00269924 0.000535401
23 0 436 0.0407067 1.59817 0.0232353 2.71536 0.00837872 0.0018228
23 1 504 0.0426221 1.68439 0.110516 2.57796 0.00930734 0.00206471
23 2 457 0.0444243 1.54999 0.141744 2.32578 0.00895019 0.0020219
23 3 456 0.0427927 1.58791 0.243016 2.49331 0.00873139 0.00194029
23 4 444 0.0444921 1.64535 0.359638 2.23208 0.00821307 0.00185664
23 5 415 0.0424406 1.48003 0.380055 2.47763 0.00823371 0.00182318
23 6 394 0.0407974 1.6633 0.449423 2.5471 0.00716591 0.0015604
23 7 408 0.040706 1.60872 0.525364 2.60736 0.00752027 0.00163603
23 8 447 0.039005 1.6506 0.619421 2.89902 0.00799052 0.0017082
23 9 430 0.0414806 1.77116 0.743797 2.46278 0.00719385 0.00157745
23 10 420 0.0420005 1.71856 0.779046 2.38768 0.0071259 0.00157084
23 11 391 0.04246 1.78699 0.872206 2.2178 0.00636481 0.00140963
23 12 411 0.0418764 1.86784 1.02087 2.28508 0.00633185 0.00139404
23 13 428 0.0398197 1.84928 1.00932 2.60271 0.00664955 0.00143351
23 14 417 0.0415042 1.79131 1.05349 2.36622 0.0065513 0.0014369
23 15 425 0.0408291 1.88533 1.22067 2.40832 0.00626326 0.00136429
23 16 401 0.0396923 1.87907 1.34739 2.47774 0.00576731 0.00124169
23 17 384 0.0384457 2.0685 1.54536 2.51465 0.00502474 0.00106799
23 18 366 0.0374868 2.14301 1.65923 2.56493 0.00459034 0.000965997
23 19 361 0.037961 2.16921 1.77411 2.45137 0.00439596 0.000929661
23 20 338 0.0358271 2.20934 1.89893 2.67902 0.00397594 0.000822322
23 21 294 0.030622 2.31025 2.10264 3.43006 0.00324762 0.000635592
23 22 272 0.0329926 2.65349 2.46282 2.75186 0.00262392 0.000526693
23 23 266 0.0314903 2.65173 2.58709 2.99601 0.00251159 0.000496137
