  0.50     107   26.58  0.0404 51.7603  0.0000  0.0155
  1.50     197   22.50  0.0624 63.5131  0.0000  0.0154
  2.50     494   23.17  0.1061 61.4128  0.0000  0.0169
  3.50     472   23.61  0.1422 60.3968  0.0000  0.0129
  4.50     699   22.82  0.1911 62.8830  0.0000  0.0146
  5.50     846   23.92  0.2208 59.5476  0.0000  0.0155
  6.50    1160   22.62  0.2655 63.5414  0.0000  0.0130
  7.50    1420   24.22  0.3159 58.4147  0.0000  0.0142
  8.50    1317   24.92  0.3516 56.3085  0.0000  0.0142
  9.50    1698   24.93  0.3973 56.2488  0.0000  0.0149
 10.50    2011   24.91  0.4404 56.5918  0.0000  0.0157
 11.50    2013   25.16  0.4887 55.8686  0.0000  0.0164
 12.50    3021   26.63  0.5484 52.1417  0.0000  0.0159
 13.50    2570   26.89  0.6045 51.3834  0.0000  0.0157
 14.50    3538   26.94  0.6535 51.2131  0.0000  0.0180
 15.50    3645   27.43  0.7113 50.2021  0.0000  0.0199
 16.50    3886   27.97  0.7690 48.9331  0.0000  0.0191
 17.50    4376   29.10  0.8264 46.6152  0.0000  0.0165
 18.50    4439   29.54  0.8904 45.6083  0.0000  0.0173
 19.50    6155   30.37  0.9524 44.1641  0.0000  0.0214
 20.50    6184   30.83  1.0270 43.3677  0.0000  0.0180
 21.50    6117   31.21  1.1017 42.7981  0.0000  0.0200
 22.50    6362   31.12  1.1726 42.7574  0.0000  0.0189
 23.50    6497   30.96  1.2441 43.2492  0.0000  0.0173
 24.50    5711   30.95  1.3324 42.9924  0.0000  0.0182
 25.50    2997   30.42  1.4231 43.7675  0.0000  0.0134
 26.50    2396   28.92  1.5268 46.4310  0.0000  0.0103
 27.50    1445   26.93  1.6525 50.4216  0.0000  0.0079
 28.50     693   26.99  1.7966 51.3044  0.0000  0.0032
 29.50     369   24.83  1.9636 55.1689  0.0000  0.0012
 30.50      33   23.11  2.1547 60.5183  0.0000  0.0007
 31.50       0    0.00  0.0000  0.0000  0.0000  0.0000
 32.50       0    0.00  0.0000  0.0000  0.0000  0.0000
 33.50       0    0.00  0.0000  0.0000  0.0000  0.0000
 34.50       0    0.00  0.0000  0.0000  0.0000  0.0000
 35.50       0    0.00  0.0000  0.0000  0.0000  0.0000
