  0.50   10721   30.35  0.0325 24.9897  0.0009  0.8663
  1.50   21730   30.53  0.0695 24.8064  0.0009  0.8690
  2.50   54048   30.62  0.1117 24.7056  0.0009  0.8709
  3.50   55192   30.56  0.1581 24.7871  0.0009  0.8883
  4.50   78617   30.47  0.1985 24.8881  0.0009  0.8831
  5.50   91207   30.52  0.2398 24.8444  0.0009  0.9044
  6.50  129398   30.60  0.2869 24.7810  0.0009  0.9202
  7.50  157693   30.72  0.3355 24.6659  0.0009  0.9344
  8.50  150267   30.91  0.3822 24.4881  0.0010  0.9481
  9.50  194791   31.06  0.4282 24.3588  0.0010  0.9749
 10.50  228832   31.30  0.4787 24.1291  0.0010  0.9963
 11.50  222528   31.58  0.5280 23.8552  0.0010  1.0125
 12.50  334782   31.86  0.5828 23.6113  0.0011  1.0406
 13.50  290588   32.20  0.6408 23.3004  0.0011  1.0657
 14.50  401606   32.51  0.6994 23.0354  0.0011  1.1016
 15.50  406004   32.97  0.7629 22.6254  0.0012  1.1535
 16.50  444738   33.26  0.8261 22.3885  0.0012  1.1667
 17.50  503287   33.73  0.8920 21.9863  0.0012  1.2010
 18.50  508996   34.09  0.9590 21.6915  0.0012  1.2283
 19.50  719116   34.34  1.0357 21.4935  0.0013  1.2471
 20.50  710149   34.72  1.1206 21.1877  0.0013  1.2592
 21.50  734084   34.94  1.2037 20.9970  0.0013  1.2508
 22.50  773545   34.92  1.2864 21.0024  0.0012  1.2286
 23.50  806559   34.90  1.3741 21.0006  0.0012  1.2059
 24.50  754482   34.43  1.4634 21.3331  0.0011  1.0935
 25.50  440449   33.81  1.5677 21.7689  0.0010  1.0146
 26.50  392564   32.99  1.6694 22.3909  0.0009  0.8904
 27.50  274499   31.77  1.7839 23.3653  0.0007  0.7322
 28.50  167559   30.27  1.9096 24.6690  0.0005  0.5137
 29.50  134083   28.65  2.0632 26.1303  0.0003  0.3119
 30.50   34012   26.82  2.2335 27.9027  0.0002  0.2057
 31.50   23311   25.42  2.4222 29.1097  0.0001  0.0598
 32.50    1683   23.13  2.6347 31.5047  0.0000  0.0236
 33.50     220   21.87  2.6974 32.5571  0.0000  0.0061
 34.50       0    0.00  0.0000  0.0000  0.0000  0.0000
 35.50       0    0.00  0.0000  0.0000  0.0000  0.0000
