  0.50   34139   81.82  0.0579  5.6523  0.0049  5.2292
  1.50   68712   81.57  0.1214  5.6940  0.0049  5.2134
  2.50  174795   81.84  0.1978  5.6566  0.0049  5.2614
  3.50  181133   81.46  0.2807  5.7347  0.0051  5.4265
  4.50  259005   81.45  0.3540  5.7356  0.0051  5.4651
  5.50  304931   81.50  0.4307  5.7310  0.0051  5.4979
  6.50  435615   81.26  0.5164  5.7760  0.0052  5.6001
  7.50  535697   80.74  0.6091  5.8631  0.0052  5.5616
  8.50  512762   79.94  0.7006  5.9922  0.0052  5.6041
  9.50  664576   78.81  0.7900  6.1790  0.0052  5.6044
 10.50  767605   77.40  0.8885  6.3983  0.0050  5.4061
 11.50  732078   75.30  0.9864  6.7509  0.0049  5.2558
 12.50 1052547   72.49  1.0944  7.2451  0.0046  4.8992
 13.50  842569   69.15  1.2079  7.8604  0.0042  4.3928
 14.50 1046912   65.18  1.3189  8.6721  0.0036  3.7843
 15.50  905522   60.66  1.4378  9.6976  0.0029  3.0484
 16.50  796408   55.80  1.5584 10.9582  0.0022  2.2387
 17.50  651413   50.79  1.6876 12.4302  0.0013  1.3387
 18.50  395401   45.82  1.8270 14.0595  0.0006  0.6097
 19.50  233504   40.32  1.9835 16.1286  0.0002  0.1715
 20.50   51206   35.31  2.1432 18.0367  0.0000  0.0191
 21.50    6455   29.29  2.2932 21.9243  0.0000  0.0017
 22.50     465   23.22  2.4806 34.7413  0.0000  0.0005
 23.50       0    0.00  0.0000  0.0000  0.0000  0.0000
 24.50       0    0.00  0.0000  0.0000  0.0000  0.0000
 25.50       0    0.00  0.0000  0.0000  0.0000  0.0000
 26.50       0    0.00  0.0000  0.0000  0.0000  0.0000
 27.50       0    0.00  0.0000  0.0000  0.0000  0.0000
 28.50       0    0.00  0.0000  0.0000  0.0000  0.0000
 29.50       0    0.00  0.0000  0.0000  0.0000  0.0000
 30.50       0    0.00  0.0000  0.0000  0.0000  0.0000
 31.50       0    0.00  0.0000  0.0000  0.0000  0.0000
 32.50       0    0.00  0.0000  0.0000  0.0000  0.0000
 33.50       0    0.00  0.0000  0.0000  0.0000  0.0000
 34.50       0    0.00  0.0000  0.0000  0.0000  0.0000
 35.50       0    0.00  0.0000  0.0000  0.0000  0.0000
