  0.50   35262  143.56  0.0728  1.1328  0.0070 10.3769
  1.50   70616  142.58  0.1593  1.1947  0.0071 10.4904
  2.50  175544  141.60  0.2640  1.2387  0.0069 10.0899
  3.50  175535  140.36  0.3658  1.3028  0.0068 10.0514
  4.50  245139  138.16  0.4630  1.4340  0.0067  9.8218
  5.50  276160  135.46  0.5576  1.5930  0.0065  9.5359
  6.50  366804  131.26  0.6661  1.8558  0.0058  8.4133
  7.50  406063  125.72  0.7825  2.2210  0.0052  7.4703
  8.50  343860  118.35  0.9022  2.7857  0.0044  6.3248
  9.50  378843  110.49  1.0197  3.4587  0.0036  5.0349
 10.50  352536  101.03  1.1524  4.3875  0.0026  3.6284
 11.50  254627   92.00  1.2851  5.4090  0.0017  2.3732
 12.50  245271   81.66  1.4301  6.8354  0.0008  1.1093
 13.50  105351   71.20  1.5889  8.5219  0.0003  0.4003
 14.50   51872   60.24  1.7489 10.8710  0.0001  0.0868
 15.50    9460   48.46  1.9160 14.7936  0.0000  0.0104
 16.50     819   36.70  2.0428 27.7318  0.0000  0.0017
 17.50      13   67.87  2.1956  3.1480  0.0000  0.0014
 18.50       0    0.00  0.0000  0.0000  0.0000  0.0000
 19.50       0    0.00  0.0000  0.0000  0.0000  0.0000
 20.50       0    0.00  0.0000  0.0000  0.0000  0.0000
 21.50       0    0.00  0.0000  0.0000  0.0000  0.0000
 22.50       0    0.00  0.0000  0.0000  0.0000  0.0000
 23.50       0    0.00  0.0000  0.0000  0.0000  0.0000
 24.50       0    0.00  0.0000  0.0000  0.0000  0.0000
 25.50       0    0.00  0.0000  0.0000  0.0000  0.0000
 26.50       0    0.00  0.0000  0.0000  0.0000  0.0000
 27.50       0    0.00  0.0000  0.0000  0.0000  0.0000
 28.50       0    0.00  0.0000  0.0000  0.0000  0.0000
 29.50       0    0.00  0.0000  0.0000  0.0000  0.0000
 30.50       0    0.00  0.0000  0.0000  0.0000  0.0000
 31.50       0    0.00  0.0000  0.0000  0.0000  0.0000
 32.50       0    0.00  0.0000  0.0000  0.0000  0.0000
 33.50       0    0.00  0.0000  0.0000  0.0000  0.0000
 34.50       0    0.00  0.0000  0.0000  0.0000  0.0000
 35.50       0    0.00  0.0000  0.0000  0.0000  0.0000
