  0.50     130   30.98  0.0211 42.8940  0.0000  0.0211
  1.50     260   29.23  0.0681 46.4005  0.0000  0.0235
  2.50     608   30.25  0.1111 44.3917  0.0000  0.0197
  3.50     666   29.20  0.1720 46.5863  0.0000  0.0193
  4.50     895   28.80  0.2139 47.1897  0.0000  0.0204
  5.50    1102   29.90  0.2542 45.1808  0.0000  0.0219
  6.50    1540   29.92  0.3039 45.2111  0.0000  0.0235
  7.50    1797   30.57  0.3501 44.1009  0.0000  0.0177
  8.50    1699   31.21  0.4037 42.7972  0.0000  0.0212
  9.50    2317   31.85  0.4553 41.6905  0.0000  0.0224
 10.50    2804   32.26  0.5135 41.0099  0.0000  0.0231
 11.50    2608   32.97  0.5639 39.7972  0.0000  0.0218
 12.50    4049   33.24  0.6290 39.4207  0.0000  0.0241
 13.50    3486   34.14  0.6879 38.0876  0.0000  0.0245
 14.50    4757   34.00  0.7510 38.3376  0.0000  0.0258
 15.50    4808   34.88  0.8217 37.0317  0.0000  0.0268
 16.50    5200   35.93  0.8901 35.4809  0.0000  0.0263
 17.50    5803   36.50  0.9531 34.8324  0.0000  0.0257
 18.50    5821   36.66  1.0241 34.6960  0.0000  0.0252
 19.50    7820   36.22  1.1001 35.2714  0.0000  0.0283
 20.50    7271   36.70  1.1833 34.5578  0.0000  0.0261
 21.50    7015   35.69  1.2676 35.8965  0.0000  0.0227
 22.50    6679   35.59  1.3571 36.0608  0.0000  0.0213
 23.50    5793   34.72  1.4507 36.9845  0.0000  0.0144
 24.50    4304   33.37  1.5619 38.6825  0.0000  0.0092
 25.50    1796   30.58  1.7075 43.1128  0.0000  0.0059
 26.50     889   29.00  1.8425 45.9723  0.0000  0.0019
 27.50     227   26.60  1.9903 50.9671  0.0000  0.0014
 28.50       0    0.00  0.0000  0.0000  0.0000  0.0000
 29.50       0    0.00  0.0000  0.0000  0.0000  0.0000
 30.50       0    0.00  0.0000  0.0000  0.0000  0.0000
 31.50       0    0.00  0.0000  0.0000  0.0000  0.0000
 32.50       0    0.00  0.0000  0.0000  0.0000  0.0000
 33.50       0    0.00  0.0000  0.0000  0.0000  0.0000
 34.50       0    0.00  0.0000  0.0000  0.0000  0.0000
 35.50       0    0.00  0.0000  0.0000  0.0000  0.0000
