  0.50       0    0.00  0.0000  0.0000  0.0000  0.0000
  1.50       0    0.00  0.0000  0.0000  0.0000  0.0000
  2.50       0    0.00  0.0000  0.0000  0.0000  0.0000
  3.50       0    0.00  0.0000  0.0000  0.0000  0.0000
  4.50       0    0.00  0.0000  0.0000  0.0000  0.0000
  5.50  116486  145.36  0.5758  1.0461  0.0075 11.1892
  6.50  304124  140.23  0.6880  1.3467  0.0073 10.7864
  7.50  467937  134.19  0.8151  1.7041  0.0062  9.0578
  8.50  375665  124.25  0.9423  2.3627  0.0050  7.1346
  9.50  391507  113.96  1.0675  3.1574  0.0037  5.2581
 10.50  340128  102.19  1.2090  4.2525  0.0024  3.4057
 11.50  223705   91.04  1.3440  5.4921  0.0014  1.9397
 12.50  181028   79.36  1.4945  7.0549  0.0005  0.6310
 13.50   55287   66.31  1.6602  9.2923  0.0001  0.1413
 14.50   16860   54.48  1.8112 12.1160  0.0000  0.0176
 15.50    1391   38.88  1.9458 42.2887  0.0000  0.0021
 16.50      18   42.09  2.2605 15.4067  0.0000  0.0021
 17.50       0    0.00  0.0000  0.0000  0.0000  0.0000
 18.50       0    0.00  0.0000  0.0000  0.0000  0.0000
 19.50       0    0.00  0.0000  0.0000  0.0000  0.0000
 20.50       0    0.00  0.0000  0.0000  0.0000  0.0000
 21.50       0    0.00  0.0000  0.0000  0.0000  0.0000
 22.50       0    0.00  0.0000  0.0000  0.0000  0.0000
 23.50       0    0.00  0.0000  0.0000  0.0000  0.0000
 24.50       0    0.00  0.0000  0.0000  0.0000  0.0000
 25.50       0    0.00  0.0000  0.0000  0.0000  0.0000
 26.50       0    0.00  0.0000  0.0000  0.0000  0.0000
 27.50       0    0.00  0.0000  0.0000  0.0000  0.0000
 28.50       0    0.00  0.0000  0.0000  0.0000  0.0000
 29.50       0    0.00  0.0000  0.0000  0.0000  0.0000
 30.50       0    0.00  0.0000  0.0000  0.0000  0.0000
 31.50       0    0.00  0.0000  0.0000  0.0000  0.0000
 32.50       0    0.00  0.0000  0.0000  0.0000  0.0000
 33.50       0    0.00  0.0000  0.0000  0.0000  0.0000
 34.50       0    0.00  0.0000  0.0000  0.0000  0.0000
 35.50       0    0.00  0.0000  0.0000  0.0000  0.0000
