  0.50  104415   38.19  0.0358  3.0836  0.0086  1.8131
  1.50  209720   38.18  0.0799  3.0867  0.0086  1.8233
  2.50  528560   38.32  0.1334  3.0682  0.0087  1.8411
  3.50  534947   38.50  0.1874  3.0468  0.0087  1.8417
  4.50  761578   38.64  0.2371  3.0330  0.0087  1.8583
  5.50  884491   38.86  0.2884  3.0051  0.0087  1.8653
  6.50 1248069   39.13  0.3438  2.9776  0.0088  1.8952
  7.50 1514598   39.50  0.4048  2.9328  0.0089  1.9214
  8.50 1444604   39.86  0.4642  2.8948  0.0090  1.9488
  9.50 1864430   40.25  0.5233  2.8502  0.0092  1.9843
 10.50 2194831   40.69  0.5880  2.8020  0.0092  2.0044
 11.50 2151093   41.18  0.6542  2.7496  0.0093  2.0404
 12.50 3244127   41.71  0.7267  2.6955  0.0095  2.1071
 13.50 2813499   42.26  0.8057  2.6373  0.0097  2.1455
 14.50 3899631   42.79  0.8869  2.5846  0.0098  2.2002
 15.50 3958029   43.43  0.9758  2.5196  0.0100  2.2433
 16.50 4350542   44.04  1.0686  2.4548  0.0102  2.2998
 17.50 4965093   44.60  1.1654  2.3978  0.0103  2.3443
 18.50 5045674   45.09  1.2692  2.3452  0.0105  2.4010
 19.50 7179955   45.62  1.3909  2.2834  0.0105  2.4172
 20.50 7144132   46.06  1.5292  2.2246  0.0104  2.4256
 21.50 7453837   46.27  1.6720  2.1800  0.0103  2.3930
 22.50 7924767   46.35  1.8192  2.1399  0.0099  2.3172
 23.50 8325186   46.18  1.9810  2.1111  0.0094  2.1970
 24.50 7855840   45.63  2.1641  2.1007  0.0085  1.9748
 25.50 4685916   44.76  2.3826  2.1017  0.0078  1.7830
 26.50 4273172   43.49  2.6082  2.1301  0.0068  1.5416
 27.50 3150387   41.80  2.8723  2.1826  0.0057  1.2666
 28.50 2088841   39.54  3.1688  2.2909  0.0045  0.9616
 29.50 1952314   36.69  3.5292  2.4556  0.0032  0.6525
 30.50  653220   33.36  3.9321  2.6910  0.0026  0.5152
 31.50  673384   29.60  4.3549  3.0441  0.0014  0.2695
 32.50  115075   25.21  4.7966  3.5440  0.0010  0.1762
 33.50   35310   22.68  5.0315  3.8163  0.0006  0.1013
 34.50       0    0.00  0.0000  0.0000  0.0000  0.0000
 35.50       0    0.00  0.0000  0.0000  0.0000  0.0000
