  0.50    5588   58.12  0.0476 12.4929  0.0007  0.8724
  1.50   11326   58.88  0.1010 12.2193  0.0007  0.8835
  2.50   28481   58.48  0.1646 12.3639  0.0007  0.9111
  3.50   29175   58.25  0.2294 12.4639  0.0007  0.9077
  4.50   41956   59.07  0.2941 12.1693  0.0007  0.9091
  5.50   49496   59.01  0.3558 12.2062  0.0007  0.9186
  6.50   70535   59.11  0.4259 12.1820  0.0007  0.9476
  7.50   87846   59.53  0.5040 12.0508  0.0007  0.9623
  8.50   84526   60.07  0.5787 11.8676  0.0008  0.9850
  9.50  111375   60.28  0.6533 11.8149  0.0008  1.0291
 10.50  130954   60.39  0.7336 11.7806  0.0008  1.0186
 11.50  127870   60.42  0.8149 11.7692  0.0008  1.0328
 12.50  192006   59.94  0.9018 11.9464  0.0008  1.0362
 13.50  161559   59.01  0.9933 12.2540  0.0008  1.0245
 14.50  215145   58.16  1.0834 12.5427  0.0008  0.9941
 15.50  204016   56.88  1.1802 12.9858  0.0007  0.9276
 16.50  204170   55.15  1.2725 13.6182  0.0006  0.8166
 17.50  206051   52.70  1.3657 14.5664  0.0005  0.6923
 18.50  174059   50.08  1.4640 15.6609  0.0004  0.5421
 19.50  186589   46.87  1.5823 17.1046  0.0003  0.3781
 20.50  115583   42.98  1.7309 19.0315  0.0001  0.1630
 21.50   59041   39.39  1.8838 20.9221  0.0000  0.0579
 22.50   21448   36.36  2.0442 22.3944  0.0000  0.0117
 23.50    4432   32.91  2.1849 24.3772  0.0000  0.0011
 24.50     422   30.04  2.3315 26.9279  0.0000  0.0011
 25.50       0    0.00  0.0000  0.0000  0.0000  0.0000
 26.50       0    0.00  0.0000  0.0000  0.0000  0.0000
 27.50       0    0.00  0.0000  0.0000  0.0000  0.0000
 28.50       0    0.00  0.0000  0.0000  0.0000  0.0000
 29.50       0    0.00  0.0000  0.0000  0.0000  0.0000
 30.50       0    0.00  0.0000  0.0000  0.0000  0.0000
 31.50       0    0.00  0.0000  0.0000  0.0000  0.0000
 32.50       0    0.00  0.0000  0.0000  0.0000  0.0000
 33.50       0    0.00  0.0000  0.0000  0.0000  0.0000
 34.50       0    0.00  0.0000  0.0000  0.0000  0.0000
 35.50       0    0.00  0.0000  0.0000  0.0000  0.0000
