  0.50     446   37.54  0.0356 30.0383  0.0000  0.0668
  1.50     883   36.01  0.0744 31.8251  0.0000  0.0673
  2.50    2302   33.67  0.1155 35.0172  0.0000  0.0680
  3.50    2317   35.46  0.1612 32.6255  0.0000  0.0707
  4.50    3267   34.92  0.2133 33.2722  0.0000  0.0705
  5.50    3762   35.61  0.2544 32.4004  0.0000  0.0657
  6.50    5385   35.31  0.3045 32.8059  0.0000  0.0721
  7.50    6664   35.95  0.3621 32.0403  0.0000  0.0712
  8.50    6287   35.95  0.4091 32.0249  0.0000  0.0777
  9.50    8113   36.87  0.4644 30.9347  0.0000  0.0752
 10.50    9688   37.31  0.5206 30.4860  0.0000  0.0755
 11.50    9445   38.11  0.5733 29.5829  0.0000  0.0789
 12.50   13974   38.24  0.6371 29.4752  0.0000  0.0772
 13.50   12346   39.11  0.7088 28.5874  0.0001  0.0850
 14.50   17007   38.87  0.7696 28.8200  0.0001  0.0866
 15.50   17308   40.22  0.8420 27.5125  0.0001  0.0921
 16.50   18597   40.66  0.9144 27.0228  0.0001  0.0892
 17.50   20326   40.75  0.9861 26.9502  0.0001  0.0891
 18.50   20155   41.23  1.0558 26.4852  0.0001  0.0925
 19.50   27112   41.21  1.1448 26.4811  0.0001  0.0854
 20.50   24883   41.09  1.2321 26.5672  0.0001  0.0807
 21.50   23983   40.59  1.3206 26.9650  0.0000  0.0674
 22.50   22370   39.91  1.4092 27.4768  0.0000  0.0593
 23.50   19529   39.16  1.5093 28.0464  0.0000  0.0438
 24.50   14712   37.28  1.6214 29.8777  0.0000  0.0265
 25.50    5856   35.26  1.7624 31.7784  0.0000  0.0157
 26.50    3067   33.72  1.9072 33.3509  0.0000  0.0079
 27.50     938   31.93  2.0761 35.9512  0.0000  0.0022
 28.50     133   29.51  2.2003 41.2463  0.0000  0.0011
 29.50       0    0.00  0.0000  0.0000  0.0000  0.0000
 30.50       0    0.00  0.0000  0.0000  0.0000  0.0000
 31.50       0    0.00  0.0000  0.0000  0.0000  0.0000
 32.50       0    0.00  0.0000  0.0000  0.0000  0.0000
 33.50       0    0.00  0.0000  0.0000  0.0000  0.0000
 34.50       0    0.00  0.0000  0.0000  0.0000  0.0000
 35.50       0    0.00  0.0000  0.0000  0.0000  0.0000
