  0.50       0    0.00  0.0000  0.0000  0.0000  0.0000
  1.50       0    0.00  0.0000  0.0000  0.0000  0.0000
  2.50       0    0.00  0.0000  0.0000  0.0000  0.0000
  3.50       0    0.00  0.0000  0.0000  0.0000  0.0000
  4.50       0    0.00  0.0000  0.0000  0.0000  0.0000
  5.50       0    0.00  0.0000  0.0000  0.0000  0.0000
  6.50       0    0.00  0.0000  0.0000  0.0000  0.0000
  7.50       0    0.00  0.0000  0.0000  0.0000  0.0000
  8.50  590690  122.35  0.5883  0.8272  0.1105 44.2930
  9.50 1498317   99.31  0.8850  1.0326  0.0595 20.4539
 10.50 1016575   88.43  0.9970  0.8864  0.0353 11.4247
 11.50  561957   83.33  1.0345  0.5632  0.0205  6.4151
 12.50  431627   81.55  1.0492 -0.0005  0.0094  2.8876
 13.50  164213   85.00  1.0350 -0.9154  0.0048  1.5210
 14.50   92218   93.70  0.9930 -2.1362  0.0021  0.6903
 15.50   30564  105.49  0.9431 -3.6176  0.0008  0.2880
 16.50    9781  119.03  0.9093 -5.2552  0.0002  0.0955
 17.50    2514  137.44  0.8795 -7.3416  0.0001  0.0341
 18.50     270  144.06  0.8948 -8.7013  0.0000  0.0043
 19.50       0    0.00  0.0000  0.0000  0.0000  0.0000
 20.50       0    0.00  0.0000  0.0000  0.0000  0.0000
 21.50       0    0.00  0.0000  0.0000  0.0000  0.0000
 22.50       0    0.00  0.0000  0.0000  0.0000  0.0000
 23.50       0    0.00  0.0000  0.0000  0.0000  0.0000
 24.50       0    0.00  0.0000  0.0000  0.0000  0.0000
 25.50       0    0.00  0.0000  0.0000  0.0000  0.0000
 26.50       0    0.00  0.0000  0.0000  0.0000  0.0000
 27.50       0    0.00  0.0000  0.0000  0.0000  0.0000
 28.50       0    0.00  0.0000  0.0000  0.0000  0.0000
 29.50       0    0.00  0.0000  0.0000  0.0000  0.0000
 30.50       0    0.00  0.0000  0.0000  0.0000  0.0000
 31.50       0    0.00  0.0000  0.0000  0.0000  0.0000
 32.50       0    0.00  0.0000  0.0000  0.0000  0.0000
 33.50       0    0.00  0.0000  0.0000  0.0000  0.0000
 34.50       0    0.00  0.0000  0.0000  0.0000  0.0000
 35.50       0    0.00  0.0000  0.0000  0.0000  0.0000
