  0.50   79429   63.90  0.0491  4.5464  0.0097  5.8357
  1.50  159972   63.98  0.1100  4.5364  0.0097  5.8429
  2.50  403063   64.21  0.1789  4.5008  0.0097  5.8506
  3.50  411171   64.10  0.2538  4.5215  0.0098  5.9289
  4.50  590486   64.40  0.3232  4.4847  0.0099  5.9993
  5.50  693080   64.44  0.3928  4.4826  0.0099  6.0073
  6.50  988541   64.77  0.4720  4.4424  0.0102  6.1922
  7.50 1214981   65.08  0.5598  4.4021  0.0102  6.1809
  8.50 1166581   65.27  0.6461  4.3771  0.0102  6.2151
  9.50 1514956   65.36  0.7326  4.3612  0.0104  6.2961
 10.50 1781014   65.41  0.8279  4.3463  0.0103  6.2823
 11.50 1724422   65.28  0.9240  4.3458  0.0102  6.2138
 12.50 2545215   64.83  1.0304  4.3838  0.0099  6.0415
 13.50 2128063   63.99  1.1463  4.4626  0.0095  5.7572
 14.50 2796354   62.79  1.2614  4.5852  0.0090  5.4421
 15.50 2626406   61.09  1.3885  4.7696  0.0082  4.9564
 16.50 2614794   58.98  1.5152  5.0140  0.0073  4.3651
 17.50 2621764   56.46  1.6465  5.3273  0.0062  3.6914
 18.50 2261947   53.50  1.7827  5.7326  0.0050  2.9061
 19.50 2546178   49.74  1.9455  6.3075  0.0036  2.1004
 20.50 1797731   45.34  2.1327  7.0586  0.0021  1.1993
 21.50 1166595   40.95  2.3260  7.8783  0.0011  0.5884
 22.50  627741   36.72  2.5170  8.7035  0.0004  0.2097
 23.50  238025   32.69  2.6992  9.4458  0.0001  0.0497
 24.50   54272   27.59  2.8728 11.0293  0.0000  0.0080
 25.50    3745   21.02  3.2135 14.9977  0.0000  0.0012
 26.50     185   16.71  3.7031 22.0309  0.0000  0.0002
 27.50       0    0.00  0.0000  0.0000  0.0000  0.0000
 28.50       0    0.00  0.0000  0.0000  0.0000  0.0000
 29.50       0    0.00  0.0000  0.0000  0.0000  0.0000
 30.50       0    0.00  0.0000  0.0000  0.0000  0.0000
 31.50       0    0.00  0.0000  0.0000  0.0000  0.0000
 32.50       0    0.00  0.0000  0.0000  0.0000  0.0000
 33.50       0    0.00  0.0000  0.0000  0.0000  0.0000
 34.50       0    0.00  0.0000  0.0000  0.0000  0.0000
 35.50       0    0.00  0.0000  0.0000  0.0000  0.0000
