  0.50    1222   71.10  0.0444 11.1674  0.0002  0.2710
  1.50    2470   67.90  0.1014 12.2620  0.0002  0.2696
  2.50    6253   69.00  0.1771 11.8874  0.0002  0.2746
  3.50    6681   69.96  0.2508 11.6187  0.0002  0.2975
  4.50    9266   69.99  0.3174 11.5740  0.0002  0.2785
  5.50   10877   70.23  0.3866 11.4955  0.0002  0.2925
  6.50   15855   70.94  0.4622 11.2983  0.0002  0.3044
  7.50   18831   71.15  0.5477 11.1988  0.0002  0.3005
  8.50   18537   71.24  0.6308 11.2020  0.0002  0.2914
  9.50   23507   71.17  0.7096 11.2094  0.0002  0.3010
 10.50   27511   71.12  0.7990 11.2236  0.0002  0.2985
 11.50   26222   68.86  0.8803 11.9592  0.0002  0.2972
 12.50   36869   68.00  0.9765 12.2025  0.0002  0.2756
 13.50   30174   65.98  1.0704 12.8914  0.0002  0.2595
 14.50   36760   63.86  1.1674 13.5839  0.0001  0.2173
 15.50   32158   60.57  1.2652 14.8249  0.0001  0.1880
 16.50   28351   57.44  1.3606 16.0819  0.0001  0.1407
 17.50   23715   53.70  1.4673 17.7352  0.0001  0.0845
 18.50   15168   50.17  1.5765 19.3936  0.0000  0.0448
 19.50   10128   45.41  1.7245 21.9594  0.0000  0.0135
 20.50    2712   40.35  1.8824 25.4830  0.0000  0.0015
 21.50     364   34.13  2.0075 32.2001  0.0000  0.0012
 22.50       0    0.00  0.0000  0.0000  0.0000  0.0000
 23.50       0    0.00  0.0000  0.0000  0.0000  0.0000
 24.50       0    0.00  0.0000  0.0000  0.0000  0.0000
 25.50       0    0.00  0.0000  0.0000  0.0000  0.0000
 26.50       0    0.00  0.0000  0.0000  0.0000  0.0000
 27.50       0    0.00  0.0000  0.0000  0.0000  0.0000
 28.50       0    0.00  0.0000  0.0000  0.0000  0.0000
 29.50       0    0.00  0.0000  0.0000  0.0000  0.0000
 30.50       0    0.00  0.0000  0.0000  0.0000  0.0000
 31.50       0    0.00  0.0000  0.0000  0.0000  0.0000
 32.50       0    0.00  0.0000  0.0000  0.0000  0.0000
 33.50       0    0.00  0.0000  0.0000  0.0000  0.0000
 34.50       0    0.00  0.0000  0.0000  0.0000  0.0000
 35.50       0    0.00  0.0000  0.0000  0.0000  0.0000
