  0.50    9307   86.61  0.0555  5.8481  0.0014  1.8730
  1.50   18459   87.01  0.1224  5.7638  0.0014  1.8799
  2.50   47321   87.74  0.2069  5.6474  0.0014  1.8875
  3.50   48590   87.63  0.2893  5.6741  0.0014  1.8977
  4.50   69705   87.33  0.3701  5.7264  0.0014  1.8996
  5.50   82356   87.82  0.4481  5.6498  0.0015  1.9880
  6.50  117510   87.40  0.5367  5.7273  0.0015  1.9775
  7.50  143658   86.62  0.6338  5.8577  0.0015  1.9489
  8.50  135945   85.33  0.7249  6.0758  0.0015  1.9526
  9.50  174490   83.80  0.8172  6.3458  0.0014  1.9150
 10.50  198621   81.08  0.9140  6.8305  0.0014  1.8671
 11.50  185987   78.73  1.0104  7.2663  0.0013  1.7661
 12.50  259184   74.91  1.1143  8.0365  0.0012  1.5453
 13.50  198801   70.95  1.2192  8.8850  0.0010  1.3193
 14.50  236670   66.02  1.3171 10.1036  0.0008  1.0843
 15.50  187568   60.88  1.4267 11.5082  0.0006  0.7768
 16.50  144375   55.29  1.5446 13.2724  0.0004  0.4616
 17.50   93317   50.08  1.6762 15.0844  0.0001  0.1894
 18.50   38799   44.91  1.8089 17.0481  0.0000  0.0475
 19.50   12101   39.83  1.9595 18.9869  0.0000  0.0070
 20.50    1079   34.41  2.1135 23.3211  0.0000  0.0009
 21.50       0    0.00  0.0000  0.0000  0.0000  0.0000
 22.50       0    0.00  0.0000  0.0000  0.0000  0.0000
 23.50       0    0.00  0.0000  0.0000  0.0000  0.0000
 24.50       0    0.00  0.0000  0.0000  0.0000  0.0000
 25.50       0    0.00  0.0000  0.0000  0.0000  0.0000
 26.50       0    0.00  0.0000  0.0000  0.0000  0.0000
 27.50       0    0.00  0.0000  0.0000  0.0000  0.0000
 28.50       0    0.00  0.0000  0.0000  0.0000  0.0000
 29.50       0    0.00  0.0000  0.0000  0.0000  0.0000
 30.50       0    0.00  0.0000  0.0000  0.0000  0.0000
 31.50       0    0.00  0.0000  0.0000  0.0000  0.0000
 32.50       0    0.00  0.0000  0.0000  0.0000  0.0000
 33.50       0    0.00  0.0000  0.0000  0.0000  0.0000
 34.50       0    0.00  0.0000  0.0000  0.0000  0.0000
 35.50       0    0.00  0.0000  0.0000  0.0000  0.0000
