  0.50   21447  113.29  0.0672  3.1770  0.0037  5.2382
  1.50   42913  114.37  0.1406  3.0518  0.0037  5.3146
  2.50  108576  114.42  0.2323  3.0412  0.0037  5.2239
  3.50  111315  114.26  0.3290  3.0585  0.0038  5.3979
  4.50  157125  114.50  0.4138  3.0129  0.0037  5.3248
  5.50  181458  113.31  0.5033  3.1223  0.0038  5.3546
  6.50  253070  111.10  0.6028  3.3452  0.0036  5.0849
  7.50  295841  108.20  0.7112  3.6274  0.0034  4.8445
  8.50  264710  104.86  0.8193  3.9605  0.0031  4.4356
  9.50  314520  100.73  0.9266  4.4033  0.0028  3.9830
 10.50  323571   95.05  1.0462  5.0787  0.0024  3.3528
 11.50  265419   89.33  1.1662  5.8101  0.0019  2.6495
 12.50  307511   82.33  1.2992  6.8368  0.0012  1.6816
 13.50  184916   75.09  1.4432  8.0432  0.0008  1.0549
 14.50  154818   66.79  1.5911  9.7484  0.0004  0.5209
 15.50   70831   58.83  1.7600 11.6003  0.0001  0.1602
 16.50   24571   49.47  1.9237 14.6748  0.0000  0.0316
 17.50    5157   40.88  2.0827 19.1754  0.0000  0.0035
 18.50     382   31.73  2.1994 38.1125  0.0000  0.0016
 19.50       0    0.00  0.0000  0.0000  0.0000  0.0000
 20.50       0    0.00  0.0000  0.0000  0.0000  0.0000
 21.50       0    0.00  0.0000  0.0000  0.0000  0.0000
 22.50       0    0.00  0.0000  0.0000  0.0000  0.0000
 23.50       0    0.00  0.0000  0.0000  0.0000  0.0000
 24.50       0    0.00  0.0000  0.0000  0.0000  0.0000
 25.50       0    0.00  0.0000  0.0000  0.0000  0.0000
 26.50       0    0.00  0.0000  0.0000  0.0000  0.0000
 27.50       0    0.00  0.0000  0.0000  0.0000  0.0000
 28.50       0    0.00  0.0000  0.0000  0.0000  0.0000
 29.50       0    0.00  0.0000  0.0000  0.0000  0.0000
 30.50       0    0.00  0.0000  0.0000  0.0000  0.0000
 31.50       0    0.00  0.0000  0.0000  0.0000  0.0000
 32.50       0    0.00  0.0000  0.0000  0.0000  0.0000
 33.50       0    0.00  0.0000  0.0000  0.0000  0.0000
 34.50       0    0.00  0.0000  0.0000  0.0000  0.0000
 35.50       0    0.00  0.0000  0.0000  0.0000  0.0000
