  0.50   17319  103.12  0.0626  4.1239  0.0028  3.9075
  1.50   34755  103.68  0.1337  4.0481  0.0028  3.9167
  2.50   87713  103.60  0.2182  4.0527  0.0028  3.9011
  3.50   90245  103.00  0.3088  4.1383  0.0029  4.0481
  4.50  127663  103.25  0.3908  4.0907  0.0029  4.0213
  5.50  148586  103.12  0.4765  4.0956  0.0029  4.0441
  6.50  208869  101.95  0.5712  4.2366  0.0028  3.9669
  7.50  247505  100.02  0.6758  4.4589  0.0027  3.7779
  8.50  225950   97.77  0.7792  4.7181  0.0026  3.6179
  9.50  274448   94.91  0.8814  5.0717  0.0024  3.3680
 10.50  292701   90.90  0.9955  5.6002  0.0021  2.9753
 11.50  250335   86.39  1.1100  6.2408  0.0018  2.4878
 12.50  308166   80.82  1.2371  7.1148  0.0013  1.8057
 13.50  202466   74.60  1.3744  8.2216  0.0009  1.2318
 14.50  191663   68.46  1.5124  9.4459  0.0006  0.7627
 15.50  112216   61.03  1.6685 11.2440  0.0003  0.3453
 16.50   55725   53.94  1.8352 13.2624  0.0001  0.1033
 17.50   19728   45.72  2.0016 16.4324  0.0000  0.0185
 18.50    3636   38.48  2.1550 22.0011  0.0000  0.0019
 19.50     331   28.12  2.3029 55.7262  0.0000  0.0012
 20.50       0    0.00  0.0000  0.0000  0.0000  0.0000
 21.50       0    0.00  0.0000  0.0000  0.0000  0.0000
 22.50       0    0.00  0.0000  0.0000  0.0000  0.0000
 23.50       0    0.00  0.0000  0.0000  0.0000  0.0000
 24.50       0    0.00  0.0000  0.0000  0.0000  0.0000
 25.50       0    0.00  0.0000  0.0000  0.0000  0.0000
 26.50       0    0.00  0.0000  0.0000  0.0000  0.0000
 27.50       0    0.00  0.0000  0.0000  0.0000  0.0000
 28.50       0    0.00  0.0000  0.0000  0.0000  0.0000
 29.50       0    0.00  0.0000  0.0000  0.0000  0.0000
 30.50       0    0.00  0.0000  0.0000  0.0000  0.0000
 31.50       0    0.00  0.0000  0.0000  0.0000  0.0000
 32.50       0    0.00  0.0000  0.0000  0.0000  0.0000
 33.50       0    0.00  0.0000  0.0000  0.0000  0.0000
 34.50       0    0.00  0.0000  0.0000  0.0000  0.0000
 35.50       0    0.00  0.0000  0.0000  0.0000  0.0000
