  0.50  334375   78.62  0.0544  1.3582  0.0428 13.2020
  1.50  672749   78.64  0.1230  1.3573  0.0429 13.2321
  2.50 1702646   78.72  0.2038  1.3525  0.0428 13.2241
  3.50 1732224   78.93  0.2863  1.3402  0.0429 13.2788
  4.50 2481445   79.08  0.3653  1.3325  0.0432 13.3996
  5.50 2908608   79.32  0.4469  1.3176  0.0434 13.4874
  6.50 4126886   79.54  0.5400  1.3009  0.0432 13.4950
  7.50 5057710   79.76  0.6433  1.2812  0.0432 13.5383
  8.50 4834377   79.80  0.7467  1.2657  0.0430 13.5101
  9.50 6232133   79.78  0.8525  1.2458  0.0424 13.3782
 10.50 7270682   79.50  0.9714  1.2295  0.0416 13.0821
 11.50 6985161   78.89  1.0932  1.2190  0.0401 12.6028
 12.50 10133553   77.92  1.2327  1.2075  0.0374 11.6355
 13.50 8348555   76.47  1.3877  1.2042  0.0346 10.6586
 14.50 10726574   74.53  1.5524  1.2062  0.0310  9.3808
 15.50 9822890   72.02  1.7420  1.2128  0.0268  7.9269
 16.50 9495616   68.98  1.9478  1.2288  0.0223  6.3850
 17.50 9203387   65.27  2.1816  1.2599  0.0174  4.7856
 18.50 7636381   60.94  2.4507  1.3068  0.0126  3.2813
 19.50 8180297   55.30  2.8043  1.3929  0.0083  2.0449
 20.50 5461401   48.33  3.2449  1.5470  0.0043  0.9803
 21.50 3387722   41.12  3.6866  1.7649  0.0021  0.4380
 22.50 1805250   34.31  4.0538  2.0182  0.0008  0.1578
 23.50  728056   27.74  4.3435  2.3492  0.0002  0.0426
 24.50  194613   20.95  4.7059  3.1392  0.0000  0.0063
 25.50   15004   13.54  5.7022  5.3141  0.0000  0.0006
 26.50     270    7.80  7.4100 13.3710  0.0000  0.0000
 27.50       0    0.00  0.0000  0.0000  0.0000  0.0000
 28.50       0    0.00  0.0000  0.0000  0.0000  0.0000
 29.50       0    0.00  0.0000  0.0000  0.0000  0.0000
 30.50       0    0.00  0.0000  0.0000  0.0000  0.0000
 31.50       0    0.00  0.0000  0.0000  0.0000  0.0000
 32.50       0    0.00  0.0000  0.0000  0.0000  0.0000
 33.50       0    0.00  0.0000  0.0000  0.0000  0.0000
 34.50       0    0.00  0.0000  0.0000  0.0000  0.0000
 35.50       0    0.00  0.0000  0.0000  0.0000  0.0000
