  0.50     282   26.72  0.0224 46.4632  0.0000  0.0363
  1.50     583   28.33  0.0629 43.1579  0.0000  0.0347
  2.50    1466   27.68  0.1005 44.5093  0.0000  0.0381
  3.50    1479   26.78  0.1401 46.4536  0.0000  0.0353
  4.50    2030   26.92  0.1765 46.1898  0.0000  0.0367
  5.50    2396   26.19  0.2209 47.9025  0.0000  0.0371
  6.50    3292   27.75  0.2536 44.4740  0.0000  0.0387
  7.50    4058   26.92  0.3059 46.1299  0.0000  0.0380
  8.50    3942   28.32  0.3473 43.3202  0.0000  0.0407
  9.50    5113   27.84  0.3865 44.3321  0.0000  0.0438
 10.50    5884   28.15  0.4332 43.6731  0.0000  0.0447
 11.50    5857   28.49  0.4819 43.0244  0.0000  0.0393
 12.50    8806   29.38  0.5297 41.4202  0.0000  0.0446
 13.50    7384   29.67  0.5894 40.8471  0.0000  0.0434
 14.50   10249   30.28  0.6371 39.8472  0.0000  0.0459
 15.50   10169   30.52  0.6988 39.4062  0.0000  0.0487
 16.50   11483   31.20  0.7527 38.3781  0.0000  0.0477
 17.50   13163   31.63  0.8115 37.7379  0.0000  0.0573
 18.50   13090   32.37  0.8715 36.5140  0.0000  0.0562
 19.50   18397   32.83  0.9436 35.8725  0.0000  0.0539
 20.50   17887   33.42  1.0124 35.0549  0.0000  0.0544
 21.50   18449   33.99  1.0906 34.2063  0.0000  0.0571
 22.50   19101   34.59  1.1648 33.4296  0.0000  0.0526
 23.50   19709   34.51  1.2388 33.4842  0.0000  0.0515
 24.50   17889   34.69  1.3222 33.2119  0.0000  0.0470
 25.50   10159   34.14  1.4184 33.8162  0.0000  0.0396
 26.50    8431   33.75  1.5115 34.1688  0.0000  0.0308
 27.50    5579   33.38  1.6229 34.4453  0.0000  0.0260
 28.50    3099   31.92  1.7369 36.3259  0.0000  0.0164
 29.50    2164   29.48  1.8758 40.1891  0.0000  0.0083
 30.50     441   30.15  2.0674 39.0791  0.0000  0.0046
 31.50     227   25.78  2.2466 47.9764  0.0000  0.0006
 32.50       0    0.00  0.0000  0.0000  0.0000  0.0000
 33.50       0    0.00  0.0000  0.0000  0.0000  0.0000
 34.50       0    0.00  0.0000  0.0000  0.0000  0.0000
 35.50       0    0.00  0.0000  0.0000  0.0000  0.0000
