  0.50   50400   24.25  0.0250  5.0306  0.0032  0.5823
  1.50  100971   24.25  0.0600  5.0292  0.0032  0.5812
  2.50  254650   24.31  0.0981  5.0182  0.0032  0.5847
  3.50  256593   24.25  0.1370  5.0398  0.0032  0.5897
  4.50  362971   24.46  0.1736  4.9786  0.0032  0.5896
  5.50  418959   24.52  0.2093  4.9646  0.0032  0.5936
  6.50  584679   24.74  0.2502  4.9041  0.0033  0.6011
  7.50  704475   24.84  0.2932  4.8838  0.0033  0.6082
  8.50  663322   25.05  0.3344  4.8290  0.0033  0.6140
  9.50  848147   25.23  0.3755  4.7862  0.0034  0.6199
 10.50  984953   25.49  0.4185  4.7198  0.0034  0.6276
 11.50  951383   25.72  0.4625  4.6648  0.0034  0.6410
 12.50 1413103   25.99  0.5101  4.6041  0.0035  0.6529
 13.50 1207209   26.27  0.5603  4.5415  0.0035  0.6601
 14.50 1646432   26.60  0.6114  4.4667  0.0036  0.6735
 15.50 1646430   26.94  0.6660  4.3916  0.0037  0.6927
 16.50 1787433   27.33  0.7206  4.3097  0.0037  0.7070
 17.50 2014720   27.69  0.7772  4.2333  0.0038  0.7256
 18.50 2031736   28.11  0.8362  4.1490  0.0039  0.7374
 19.50 2882461   28.55  0.9037  4.0643  0.0040  0.7582
 20.50 2875937   29.08  0.9788  3.9610  0.0041  0.7841
 21.50 3048227   29.58  1.0539  3.8693  0.0041  0.8050
 22.50 3317383   30.08  1.1316  3.7763  0.0042  0.8299
 23.50 3619009   30.60  1.2143  3.6833  0.0043  0.8542
 24.50 3623339   31.12  1.3068  3.5894  0.0044  0.8734
 25.50 2346344   31.71  1.4137  3.4876  0.0044  0.8833
 26.50 2366695   32.25  1.5237  3.3917  0.0045  0.8948
 27.50 1985854   32.74  1.6415  3.3059  0.0045  0.9019
 28.50 1544237   33.24  1.7703  3.2162  0.0045  0.9043
 29.50 1777253   33.72  1.9165  3.1226  0.0044  0.8960
 30.50  774672   33.94  2.0746  3.0648  0.0043  0.8734
 31.50 1123237   34.11  2.2422  3.0070  0.0041  0.8345
 32.50  329431   33.98  2.4511  2.9809  0.0040  0.8039
 33.50  165529   33.85  2.5858  2.9620  0.0038  0.7654
 34.50       0    0.00  0.0000  0.0000  0.0000  0.0000
 35.50       0    0.00  0.0000  0.0000  0.0000  0.0000
