  0.50       0    0.00  0.0000  0.0000  0.0000  0.0000
  1.50       0    0.00  0.0000  0.0000  0.0000  0.0000
  2.50       0    0.00  0.0000  0.0000  0.0000  0.0000
  3.50       0    0.00  0.0000  0.0000  0.0000  0.0000
  4.50       0    0.00  0.0000  0.0000  0.0000  0.0000
  5.50       0    0.00  0.0000  0.0000  0.0000  0.0000
  6.50       0    0.00  0.0000  0.0000  0.0000  0.0000
  7.50       0    0.00  0.0000  0.0000  0.0000  0.0000
  8.50  686484  109.65  0.9116  1.7162  0.1952 74.8556
  9.50 1876606  101.39  0.9705  1.6472  0.1237 44.0552
 10.50 1358087   92.45  1.0299  1.5060  0.0785 26.2877
 11.50  803420   86.70  1.0620  1.2676  0.0482 15.4815
 12.50  681466   83.47  1.0771  0.8695  0.0255  7.9831
 13.50  299896   83.44  1.0720  0.2511  0.0140  4.3868
 14.50  199123   87.74  1.0461 -0.6225  0.0074  2.3968
 15.50   83192   96.48  0.9970 -1.7825  0.0034  1.1609
 16.50   34249  105.98  0.9543 -3.0441  0.0014  0.5320
 17.50   13628  117.80  0.9196 -4.4259  0.0005  0.2124
 18.50    3829  131.79  0.8963 -6.0948  0.0002  0.0744
 19.50     861  147.16  0.8788 -7.8942  0.0000  0.0169
 20.50      15  137.91  0.8790 -8.4050  0.0000  0.0087
 21.50       0    0.00  0.0000  0.0000  0.0000  0.0000
 22.50       0    0.00  0.0000  0.0000  0.0000  0.0000
 23.50       0    0.00  0.0000  0.0000  0.0000  0.0000
 24.50       0    0.00  0.0000  0.0000  0.0000  0.0000
 25.50       0    0.00  0.0000  0.0000  0.0000  0.0000
 26.50       0    0.00  0.0000  0.0000  0.0000  0.0000
 27.50       0    0.00  0.0000  0.0000  0.0000  0.0000
 28.50       0    0.00  0.0000  0.0000  0.0000  0.0000
 29.50       0    0.00  0.0000  0.0000  0.0000  0.0000
 30.50       0    0.00  0.0000  0.0000  0.0000  0.0000
 31.50       0    0.00  0.0000  0.0000  0.0000  0.0000
 32.50       0    0.00  0.0000  0.0000  0.0000  0.0000
 33.50       0    0.00  0.0000  0.0000  0.0000  0.0000
 34.50       0    0.00  0.0000  0.0000  0.0000  0.0000
 35.50       0    0.00  0.0000  0.0000  0.0000  0.0000
