  0.50     921   33.98  0.0294 29.7607  0.0001  0.1188
  1.50    2009   33.75  0.0674 30.1326  0.0001  0.1291
  2.50    4748   33.25  0.1225 30.7053  0.0001  0.1230
  3.50    4844   32.92  0.1679 31.1087  0.0001  0.1288
  4.50    7059   33.20  0.2145 30.7936  0.0001  0.1234
  5.50    8329   33.27  0.2562 30.7510  0.0001  0.1312
  6.50   11651   33.54  0.3089 30.4161  0.0001  0.1293
  7.50   14223   34.24  0.3630 29.5967  0.0001  0.1396
  8.50   13795   34.71  0.4160 29.0778  0.0001  0.1350
  9.50   17867   34.66  0.4687 29.1414  0.0001  0.1403
 10.50   20915   35.18  0.5240 28.5758  0.0001  0.1475
 11.50   20776   35.76  0.5794 27.9712  0.0001  0.1561
 12.50   31510   35.99  0.6422 27.7531  0.0001  0.1530
 13.50   27365   36.83  0.7083 26.9123  0.0001  0.1634
 14.50   37788   37.16  0.7733 26.5855  0.0001  0.1672
 15.50   37848   37.90  0.8443 25.8818  0.0001  0.1664
 16.50   41274   38.28  0.9142 25.5529  0.0001  0.1658
 17.50   46282   39.13  0.9871 24.7701  0.0001  0.1721
 18.50   46006   39.12  1.0573 24.7873  0.0001  0.1707
 19.50   62483   39.28  1.1414 24.6191  0.0001  0.1742
 20.50   58965   39.02  1.2253 24.8364  0.0001  0.1606
 21.50   57764   38.60  1.3162 25.1345  0.0001  0.1476
 22.50   55606   38.00  1.4040 25.6303  0.0001  0.1263
 23.50   50788   36.90  1.5026 26.5340  0.0001  0.0981
 24.50   39194   35.43  1.6159 27.8133  0.0000  0.0644
 25.50   17079   33.25  1.7597 29.9211  0.0000  0.0435
 26.50    9542   31.25  1.9181 31.9267  0.0000  0.0224
 27.50    3194   30.21  2.0889 32.6145  0.0000  0.0085
 28.50     577   26.61  2.2495 38.8642  0.0000  0.0015
 29.50      63   26.55  2.2112 37.1736  0.0000  0.0009
 30.50       0    0.00  0.0000  0.0000  0.0000  0.0000
 31.50       0    0.00  0.0000  0.0000  0.0000  0.0000
 32.50       0    0.00  0.0000  0.0000  0.0000  0.0000
 33.50       0    0.00  0.0000  0.0000  0.0000  0.0000
 34.50       0    0.00  0.0000  0.0000  0.0000  0.0000
 35.50       0    0.00  0.0000  0.0000  0.0000  0.0000
