  0.50     118   28.71  0.0360 47.1314  0.0000  0.0184
  1.50     239   27.45  0.0630 49.9727  0.0000  0.0198
  2.50     562   27.76  0.1086 49.3455  0.0000  0.0179
  3.50     588   26.83  0.1580 51.5277  0.0000  0.0162
  4.50     836   26.92  0.2094 51.2512  0.0000  0.0186
  5.50     980   27.24  0.2371 50.9411  0.0000  0.0207
  6.50    1421   27.15  0.2912 50.9575  0.0000  0.0187
  7.50    1674   28.98  0.3403 47.0459  0.0000  0.0186
  8.50    1549   28.86  0.3811 47.2359  0.0000  0.0186
  9.50    2050   29.12  0.4368 46.6842  0.0000  0.0187
 10.50    2462   29.06  0.4814 46.6819  0.0000  0.0198
 11.50    2507   30.12  0.5419 44.7296  0.0000  0.0207
 12.50    3585   30.79  0.6013 43.4092  0.0000  0.0220
 13.50    3181   31.91  0.6562 41.4935  0.0000  0.0198
 14.50    4297   31.21  0.7153 42.7116  0.0000  0.0230
 15.50    4360   32.17  0.7814 41.1120  0.0000  0.0220
 16.50    4679   33.00  0.8480 39.7271  0.0000  0.0223
 17.50    5337   33.69  0.9113 38.6791  0.0000  0.0212
 18.50    5265   34.29  0.9728 37.8477  0.0000  0.0243
 19.50    7350   34.71  1.0496 37.2524  0.0000  0.0254
 20.50    6935   34.65  1.1300 37.3815  0.0000  0.0219
 21.50    6840   34.42  1.2080 37.5682  0.0000  0.0220
 22.50    6840   33.84  1.2854 38.3788  0.0000  0.0210
 23.50    6276   33.80  1.3813 38.5312  0.0000  0.0184
 24.50    5057   33.06  1.4698 39.3440  0.0000  0.0120
 25.50    2277   31.34  1.6014 41.9076  0.0000  0.0084
 26.50    1525   29.71  1.7350 44.9243  0.0000  0.0054
 27.50     598   27.64  1.8970 49.8943  0.0000  0.0020
 28.50     124   25.76  2.0854 55.5109  0.0000  0.0009
 29.50       0    0.00  0.0000  0.0000  0.0000  0.0000
 30.50       0    0.00  0.0000  0.0000  0.0000  0.0000
 31.50       0    0.00  0.0000  0.0000  0.0000  0.0000
 32.50       0    0.00  0.0000  0.0000  0.0000  0.0000
 33.50       0    0.00  0.0000  0.0000  0.0000  0.0000
 34.50       0    0.00  0.0000  0.0000  0.0000  0.0000
 35.50       0    0.00  0.0000  0.0000  0.0000  0.0000
