  0.50    3232   48.44  0.0433 15.8997  0.0004  0.4277
  1.50    6729   49.70  0.0926 15.3145  0.0004  0.4479
  2.50   16844   49.06  0.1492 15.6277  0.0004  0.4569
  3.50   17168   49.09  0.2101 15.6149  0.0004  0.4573
  4.50   24639   48.80  0.2660 15.7725  0.0004  0.4481
  5.50   28814   48.95  0.3218 15.7040  0.0004  0.4580
  6.50   41301   49.71  0.3838 15.3545  0.0004  0.4796
  7.50   51225   49.69  0.4517 15.3883  0.0004  0.4794
  8.50   49044   49.73  0.5193 15.3761  0.0004  0.4941
  9.50   64836   50.78  0.5861 14.9161  0.0004  0.5149
 10.50   76509   50.75  0.6577 14.9325  0.0004  0.5152
 11.50   74942   51.13  0.7309 14.7630  0.0004  0.5197
 12.50  113787   50.93  0.8072 14.8784  0.0005  0.5533
 13.50   97972   51.06  0.8929 14.8204  0.0005  0.5530
 14.50  133150   50.96  0.9753 14.8613  0.0004  0.5371
 15.50  131925   50.38  1.0625 15.1285  0.0005  0.5425
 16.50  138641   49.67  1.1496 15.4362  0.0004  0.5193
 17.50  148788   48.52  1.2366 15.9638  0.0004  0.4974
 18.50  139511   47.00  1.3261 16.7010  0.0004  0.4473
 19.50  173757   45.07  1.4253 17.6522  0.0003  0.3655
 20.50  141703   42.48  1.5434 19.0548  0.0002  0.2744
 21.50  110268   39.59  1.6724 20.7637  0.0001  0.1718
 22.50   75986   36.59  1.8140 22.7239  0.0001  0.0820
 23.50   40330   33.66  1.9735 24.7360  0.0000  0.0277
 24.50   13146   31.49  2.1418 26.0379  0.0000  0.0046
 25.50    1314   28.46  2.3173 28.6647  0.0000  0.0006
 26.50      55   21.37  2.3907 46.3834  0.0000  0.0007
 27.50       0    0.00  0.0000  0.0000  0.0000  0.0000
 28.50       0    0.00  0.0000  0.0000  0.0000  0.0000
 29.50       0    0.00  0.0000  0.0000  0.0000  0.0000
 30.50       0    0.00  0.0000  0.0000  0.0000  0.0000
 31.50       0    0.00  0.0000  0.0000  0.0000  0.0000
 32.50       0    0.00  0.0000  0.0000  0.0000  0.0000
 33.50       0    0.00  0.0000  0.0000  0.0000  0.0000
 34.50       0    0.00  0.0000  0.0000  0.0000  0.0000
 35.50       0    0.00  0.0000  0.0000  0.0000  0.0000
