  0.50    3691   41.27  0.0348 20.7972  0.0004  0.4720
  1.50    7543   41.74  0.0823 20.4695  0.0004  0.4834
  2.50   18916   42.21  0.1364 20.1363  0.0004  0.4870
  3.50   19304   41.63  0.1895 20.5737  0.0004  0.4897
  4.50   27355   41.88  0.2388 20.3832  0.0004  0.4911
  5.50   32169   41.77  0.2898 20.4837  0.0004  0.4880
  6.50   46004   42.49  0.3465 19.9953  0.0004  0.5044
  7.50   56610   42.35  0.4084 20.1142  0.0004  0.5233
  8.50   54042   42.98  0.4681 19.6875  0.0004  0.5201
  9.50   71155   43.29  0.5266 19.5050  0.0004  0.5481
 10.50   85017   43.81  0.5907 19.1922  0.0004  0.5532
 11.50   83363   44.21  0.6555 18.9442  0.0005  0.5915
 12.50  126175   44.81  0.7281 18.5855  0.0005  0.6039
 13.50  109746   45.35  0.8031 18.2659  0.0005  0.6121
 14.50  151677   45.58  0.8793 18.1344  0.0005  0.6443
 15.50  152144   45.79  0.9586 18.0263  0.0005  0.6408
 16.50  163457   45.82  1.0388 17.9962  0.0005  0.6379
 17.50  179719   45.68  1.1198 18.0639  0.0005  0.6207
 18.50  173807   45.36  1.2021 18.2291  0.0005  0.6067
 19.50  229793   44.78  1.2951 18.5331  0.0004  0.5458
 20.50  205581   43.60  1.3957 19.2068  0.0004  0.4661
 21.50  184533   42.04  1.4989 20.1084  0.0003  0.3809
 22.50  160196   40.07  1.6063 21.3562  0.0002  0.2795
 23.50  125479   38.02  1.7327 22.7171  0.0001  0.1683
 24.50   75730   35.71  1.8821 24.3112  0.0001  0.0737
 25.50   20668   32.93  2.0607 26.3593  0.0000  0.0333
 26.50    5944   30.90  2.2373 27.5224  0.0000  0.0090
 27.50     720   26.80  2.4334 32.2096  0.0000  0.0008
 28.50      15   22.58  2.2650 39.1609  0.0000  0.0008
 29.50       0    0.00  0.0000  0.0000  0.0000  0.0000
 30.50       0    0.00  0.0000  0.0000  0.0000  0.0000
 31.50       0    0.00  0.0000  0.0000  0.0000  0.0000
 32.50       0    0.00  0.0000  0.0000  0.0000  0.0000
 33.50       0    0.00  0.0000  0.0000  0.0000  0.0000
 34.50       0    0.00  0.0000  0.0000  0.0000  0.0000
 35.50       0    0.00  0.0000  0.0000  0.0000  0.0000
