  0.50     169   40.26  0.0388 30.4205  0.0000  0.0312
  1.50     334   37.55  0.0815 33.7081  0.0000  0.0328
  2.50     842   38.65  0.1389 32.2713  0.0000  0.0269
  3.50     875   38.23  0.1895 32.8732  0.0000  0.0297
  4.50    1253   38.45  0.2471 32.8671  0.0000  0.0314
  5.50    1425   38.23  0.2887 32.8544  0.0000  0.0339
  6.50    2023   39.82  0.3462 30.9839  0.0000  0.0278
  7.50    2515   40.09  0.4114 30.7932  0.0000  0.0339
  8.50    2451   40.74  0.4759 30.0480  0.0000  0.0338
  9.50    3204   41.41  0.5267 29.5341  0.0000  0.0364
 10.50    3754   42.08  0.5992 28.7723  0.0000  0.0366
 11.50    3660   42.28  0.6564 28.5798  0.0000  0.0330
 12.50    5559   42.79  0.7285 28.1299  0.0000  0.0406
 13.50    4755   43.48  0.8028 27.4862  0.0000  0.0387
 14.50    6467   44.24  0.8787 26.7961  0.0000  0.0367
 15.50    6272   44.24  0.9578 26.8459  0.0000  0.0401
 16.50    6883   43.94  1.0276 27.1260  0.0000  0.0376
 17.50    7316   43.42  1.1070 27.5401  0.0000  0.0341
 18.50    6874   42.75  1.1854 28.1933  0.0000  0.0320
 19.50    8793   42.17  1.2720 28.5951  0.0000  0.0268
 20.50    7073   40.47  1.3715 30.3029  0.0000  0.0243
 21.50    5811   38.28  1.4769 32.2924  0.0000  0.0151
 22.50    4246   35.92  1.6051 35.1402  0.0000  0.0094
 23.50    2565   33.15  1.7320 38.5989  0.0000  0.0029
 24.50     996   31.44  1.8886 41.2812  0.0000  0.0012
 25.50      47   28.50  2.0202 46.9809  0.0000  0.0010
 26.50       0    0.00  0.0000  0.0000  0.0000  0.0000
 27.50       0    0.00  0.0000  0.0000  0.0000  0.0000
 28.50       0    0.00  0.0000  0.0000  0.0000  0.0000
 29.50       0    0.00  0.0000  0.0000  0.0000  0.0000
 30.50       0    0.00  0.0000  0.0000  0.0000  0.0000
 31.50       0    0.00  0.0000  0.0000  0.0000  0.0000
 32.50       0    0.00  0.0000  0.0000  0.0000  0.0000
 33.50       0    0.00  0.0000  0.0000  0.0000  0.0000
 34.50       0    0.00  0.0000  0.0000  0.0000  0.0000
 35.50       0    0.00  0.0000  0.0000  0.0000  0.0000
