  0.50    1817   23.00  0.0264 43.5727  0.0001  0.1660
  1.50    3652   23.39  0.0573 42.7042  0.0001  0.1672
  2.50    9262   23.26  0.0946 42.9820  0.0001  0.1679
  3.50    9269   22.82  0.1312 44.0011  0.0001  0.1698
  4.50   13351   23.07  0.1673 43.4612  0.0001  0.1665
  5.50   15348   22.90  0.2015 43.8581  0.0001  0.1716
  6.50   21395   23.44  0.2413 42.6163  0.0001  0.1695
  7.50   26187   23.46  0.2808 42.6018  0.0001  0.1734
  8.50   24861   23.47  0.3183 42.5909  0.0001  0.1794
  9.50   31784   23.64  0.3571 42.2582  0.0002  0.1856
 10.50   37540   23.73  0.3985 42.0536  0.0002  0.1863
 11.50   36448   24.07  0.4370 41.3571  0.0002  0.1931
 12.50   54442   24.32  0.4827 40.8528  0.0002  0.1976
 13.50   47114   24.64  0.5295 40.2279  0.0002  0.2013
 14.50   64735   24.77  0.5754 39.9882  0.0002  0.2073
 15.50   65262   25.29  0.6265 38.9873  0.0002  0.2173
 16.50   71000   25.60  0.6766 38.4296  0.0002  0.2222
 17.50   80544   26.15  0.7289 37.4348  0.0002  0.2418
 18.50   81438   26.62  0.7809 36.6290  0.0002  0.2437
 19.50  115937   27.17  0.8402 35.7231  0.0002  0.2451
 20.50  115616   27.70  0.9059 34.8806  0.0002  0.2532
 21.50  121819   28.27  0.9715 33.9988  0.0002  0.2606
 22.50  131424   28.64  1.0349 33.4556  0.0002  0.2657
 23.50  140859   29.27  1.1033 32.5511  0.0002  0.2800
 24.50  135579   29.66  1.1730 31.9807  0.0002  0.2628
 25.50   83932   30.12  1.2532 31.3195  0.0002  0.2558
 26.50   80131   30.32  1.3336 31.0006  0.0002  0.2504
 27.50   61787   30.33  1.4200 30.9313  0.0002  0.2280
 28.50   43370   30.37  1.5152 30.7936  0.0002  0.2055
 29.50   42181   29.59  1.6164 31.7030  0.0001  0.1659
 30.50   15029   28.80  1.7329 32.6250  0.0001  0.1342
 31.50   16382   28.36  1.8629 32.9722  0.0001  0.0847
 32.50    3083   26.96  2.0286 34.7567  0.0001  0.0631
 33.50    1019   26.15  2.1610 35.6956  0.0000  0.0393
 34.50       0    0.00  0.0000  0.0000  0.0000  0.0000
 35.50       0    0.00  0.0000  0.0000  0.0000  0.0000
