  0.50      80   18.47  0.0359 79.5059  0.0000  0.0101
  1.50     151   17.25  0.0561 86.7942  0.0000  0.0092
  2.50     362   18.26  0.0926 83.1551  0.0000  0.0082
  3.50     344   17.54  0.1270 85.2437  0.0000  0.0084
  4.50     503   17.39  0.1610 86.2104  0.0000  0.0089
  5.50     617   17.35  0.1943 86.2038  0.0000  0.0094
  6.50     878   18.42  0.2253 80.3813  0.0000  0.0109
  7.50    1034   17.74  0.2693 84.0158  0.0000  0.0089
  8.50     966   18.08  0.3042 82.3732  0.0000  0.0111
  9.50    1256   18.31  0.3460 80.8084  0.0000  0.0105
 10.50    1476   19.57  0.3812 74.9907  0.0000  0.0107
 11.50    1359   19.03  0.4114 77.8860  0.0000  0.0088
 12.50    2072   19.04  0.4576 77.5422  0.0000  0.0109
 13.50    1847   19.30  0.5096 76.2517  0.0000  0.0099
 14.50    2487   20.96  0.5522 69.2775  0.0000  0.0106
 15.50    2503   20.26  0.5973 72.3609  0.0000  0.0120
 16.50    2652   21.26  0.6518 68.0048  0.0000  0.0127
 17.50    3148   21.20  0.6986 68.4831  0.0000  0.0131
 18.50    3135   21.40  0.7386 67.4497  0.0000  0.0130
 19.50    4264   22.45  0.8003 63.7461  0.0000  0.0111
 20.50    4244   22.95  0.8579 62.1195  0.0000  0.0118
 21.50    4610   23.75  0.9174 59.8495  0.0000  0.0133
 22.50    4838   24.86  0.9783 56.5048  0.0000  0.0143
 23.50    5188   24.98  1.0355 56.1915  0.0000  0.0132
 24.50    4907   25.46  1.1045 54.8845  0.0000  0.0139
 25.50    3077   25.80  1.1734 53.8385  0.0000  0.0137
 26.50    2881   25.58  1.2535 54.3890  0.0000  0.0129
 27.50    2124   26.12  1.3365 52.8043  0.0000  0.0111
 28.50    1440   26.15  1.4164 52.9273  0.0000  0.0106
 29.50    1249   25.31  1.5115 54.7591  0.0000  0.0066
 30.50     458   23.61  1.6164 59.9349  0.0000  0.0063
 31.50     471   24.88  1.7580 55.1322  0.0000  0.0040
 32.50      66   20.70  1.9006 68.2828  0.0000  0.0023
 33.50      23   29.06  1.9651 43.8053  0.0000  0.0013
 34.50       0    0.00  0.0000  0.0000  0.0000  0.0000
 35.50       0    0.00  0.0000  0.0000  0.0000  0.0000
