  0.50     399   27.35  0.0279 39.8711  0.0000  0.0452
  1.50     823   24.48  0.0667 46.0165  0.0000  0.0465
  2.50    2041   25.82  0.1049 43.3065  0.0000  0.0445
  3.50    2059   24.34  0.1447 46.4672  0.0000  0.0469
  4.50    2911   25.55  0.1824 43.6674  0.0000  0.0462
  5.50    3283   26.15  0.2223 42.3494  0.0000  0.0436
  6.50    4678   25.45  0.2632 43.9481  0.0000  0.0458
  7.50    5704   27.02  0.3071 40.7455  0.0000  0.0446
  8.50    5363   26.70  0.3505 41.2749  0.0000  0.0482
  9.50    6897   27.13  0.3940 40.4753  0.0000  0.0504
 10.50    8232   26.86  0.4416 41.0457  0.0000  0.0560
 11.50    8181   27.82  0.4885 39.2470  0.0000  0.0542
 12.50   12192   28.16  0.5404 38.6235  0.0000  0.0522
 13.50   10761   29.14  0.5898 37.0045  0.0000  0.0578
 14.50   14989   29.35  0.6458 36.5940  0.0000  0.0610
 15.50   15235   29.88  0.7072 35.8226  0.0000  0.0655
 16.50   16639   30.52  0.7613 34.7906  0.0000  0.0609
 17.50   19271   31.21  0.8263 33.7841  0.0000  0.0712
 18.50   19684   31.43  0.8871 33.4865  0.0001  0.0730
 19.50   28083   32.09  0.9542 32.5830  0.0001  0.0741
 20.50   27965   32.66  1.0344 31.8449  0.0001  0.0766
 21.50   29267   33.40  1.1121 30.8581  0.0001  0.0750
 22.50   30536   33.80  1.1903 30.3249  0.0001  0.0816
 23.50   32021   34.05  1.2668 30.0155  0.0001  0.0772
 24.50   29339   34.22  1.3546 29.7054  0.0000  0.0703
 25.50   16988   34.26  1.4549 29.5675  0.0000  0.0631
 26.50   14832   33.97  1.5506 29.8241  0.0000  0.0531
 27.50   10137   33.11  1.6629 30.6974  0.0000  0.0414
 28.50    6021   32.78  1.7756 30.8410  0.0000  0.0297
 29.50    4818   30.41  1.9102 34.0296  0.0000  0.0169
 30.50    1193   30.98  2.0850 32.6169  0.0000  0.0113
 31.50     854   27.33  2.2367 38.0569  0.0000  0.0029
 32.50      75   20.57  2.3920 55.2774  0.0000  0.0014
 33.50       0    0.00  0.0000  0.0000  0.0000  0.0000
 34.50       0    0.00  0.0000  0.0000  0.0000  0.0000
 35.50       0    0.00  0.0000  0.0000  0.0000  0.0000
