  0.50    2144   29.75  0.0274 30.4468  0.0002  0.2110
  1.50    4188   29.35  0.0648 30.9565  0.0002  0.2035
  2.50   10704   29.68  0.1092 30.5430  0.0002  0.2063
  3.50   10879   29.36  0.1552 30.9769  0.0002  0.2167
  4.50   15710   29.88  0.1951 30.3111  0.0002  0.2154
  5.50   17836   29.84  0.2377 30.3573  0.0002  0.2107
  6.50   25653   29.70  0.2812 30.5650  0.0002  0.2291
  7.50   30593   29.82  0.3302 30.4009  0.0002  0.2198
  8.50   29512   30.13  0.3747 30.0398  0.0002  0.2337
  9.50   37809   30.20  0.4205 29.9583  0.0002  0.2295
 10.50   44713   30.47  0.4713 29.6387  0.0002  0.2400
 11.50   43079   31.09  0.5207 28.8828  0.0002  0.2372
 12.50   65581   31.05  0.5742 28.9642  0.0002  0.2565
 13.50   56575   31.51  0.6311 28.4385  0.0002  0.2633
 14.50   77776   31.87  0.6885 28.0317  0.0002  0.2600
 15.50   78549   32.40  0.7521 27.4587  0.0002  0.2725
 16.50   85785   32.75  0.8150 27.0912  0.0002  0.2737
 17.50   96671   33.18  0.8783 26.6362  0.0002  0.2788
 18.50   96876   33.60  0.9430 26.2109  0.0002  0.2841
 19.50  136639   33.97  1.0174 25.8440  0.0002  0.2926
 20.50  133646   34.43  1.0980 25.3847  0.0003  0.2950
 21.50  136811   34.43  1.1768 25.3771  0.0002  0.2915
 22.50  142869   34.37  1.2549 25.4262  0.0002  0.2784
 23.50  146156   34.31  1.3398 25.4491  0.0002  0.2653
 24.50  133251   33.72  1.4280 25.9438  0.0002  0.2364
 25.50   75080   32.95  1.5304 26.6303  0.0002  0.2047
 26.50   62709   31.85  1.6380 27.6888  0.0001  0.1683
 27.50   40602   30.47  1.7645 29.0810  0.0001  0.1236
 28.50   21150   28.76  1.9056 30.9295  0.0001  0.0750
 29.50   13251   27.00  2.0818 32.9433  0.0000  0.0321
 30.50    2329   25.31  2.2583 34.9130  0.0000  0.0161
 31.50     916   24.86  2.4182 34.5951  0.0000  0.0024
 32.50      17   16.68  2.5329 54.8870  0.0000  0.0006
 33.50       0    0.00  0.0000  0.0000  0.0000  0.0000
 34.50       0    0.00  0.0000  0.0000  0.0000  0.0000
 35.50       0    0.00  0.0000  0.0000  0.0000  0.0000
