  0.50    2655   31.80  0.0355 29.3011  0.0002  0.2883
  1.50    5347   31.02  0.0687 30.2895  0.0002  0.2888
  2.50   13361   31.38  0.1132 29.8327  0.0002  0.2975
  3.50   13448   31.33  0.1598 29.8972  0.0002  0.2847
  4.50   19453   31.30  0.2020 29.9595  0.0002  0.2968
  5.50   22467   31.83  0.2452 29.3009  0.0002  0.2951
  6.50   31519   31.47  0.2889 29.7471  0.0002  0.2892
  7.50   39115   31.72  0.3397 29.4765  0.0003  0.3112
  8.50   36954   32.18  0.3897 28.9324  0.0003  0.3186
  9.50   48183   32.23  0.4359 28.8926  0.0003  0.3300
 10.50   56942   32.65  0.4879 28.4261  0.0003  0.3329
 11.50   56015   32.92  0.5394 28.1319  0.0003  0.3473
 12.50   84656   33.46  0.5969 27.5481  0.0003  0.3521
 13.50   73438   34.13  0.6577 26.8520  0.0003  0.3692
 14.50  101551   34.37  0.7182 26.6113  0.0003  0.3802
 15.50  102971   35.01  0.7843 25.9691  0.0003  0.3861
 16.50  112888   35.66  0.8498 25.3425  0.0003  0.4028
 17.50  128381   36.03  0.9170 25.0108  0.0003  0.4114
 18.50  129413   36.46  0.9848 24.6222  0.0003  0.4197
 19.50  179842   36.89  1.0627 24.2191  0.0003  0.4307
 20.50  175207   37.04  1.1452 24.0808  0.0003  0.4201
 21.50  177198   37.22  1.2290 23.8850  0.0003  0.4124
 22.50  181447   37.27  1.3124 23.8058  0.0003  0.3755
 23.50  182151   36.92  1.3999 24.0791  0.0003  0.3405
 24.50  159484   36.09  1.4945 24.7177  0.0002  0.2953
 25.50   84961   34.83  1.6075 25.7698  0.0002  0.2337
 26.50   65278   33.58  1.7273 26.8184  0.0001  0.1814
 27.50   36720   31.61  1.8656 28.7382  0.0001  0.1112
 28.50   16294   30.77  2.0316 29.2415  0.0000  0.0534
 29.50    7542   28.93  2.2203 30.8299  0.0000  0.0134
 30.50     717   26.89  2.4015 32.7027  0.0000  0.0039
 31.50     145   26.98  2.5740 31.3073  0.0000  0.0011
 32.50       0    0.00  0.0000  0.0000  0.0000  0.0000
 33.50       0    0.00  0.0000  0.0000  0.0000  0.0000
 34.50       0    0.00  0.0000  0.0000  0.0000  0.0000
 35.50       0    0.00  0.0000  0.0000  0.0000  0.0000
