  0.50    2261   55.15  0.0427 15.3622  0.0003  0.3866
  1.50    4681   55.50  0.0895 15.2303  0.0003  0.4062
  2.50   11593   55.28  0.1535 15.3158  0.0003  0.3806
  3.50   11827   54.83  0.2155 15.5468  0.0003  0.3987
  4.50   16732   56.48  0.2754 14.7613  0.0003  0.3877
  5.50   19647   56.46  0.3346 14.7924  0.0003  0.4111
  6.50   27534   56.99  0.4013 14.5328  0.0003  0.4049
  7.50   33717   57.06  0.4761 14.5131  0.0003  0.4174
  8.50   32372   57.17  0.5470 14.4731  0.0003  0.4320
  9.50   42150   57.94  0.6185 14.1388  0.0003  0.4273
 10.50   49216   58.38  0.6963 13.9421  0.0003  0.4368
 11.50   47923   58.76  0.7723 13.7717  0.0003  0.4471
 12.50   71154   58.58  0.8606 13.8483  0.0003  0.4361
 13.50   59330   58.06  0.9523 14.0454  0.0003  0.4310
 14.50   77796   57.83  1.0435 14.0960  0.0003  0.4075
 15.50   72928   56.68  1.1419 14.5491  0.0003  0.3840
 16.50   72589   55.77  1.2367 14.8902  0.0002  0.3557
 17.50   70787   54.29  1.3384 15.4529  0.0002  0.2824
 18.50   59566   52.26  1.4407 16.3432  0.0001  0.2155
 19.50   63720   49.35  1.5593 17.7036  0.0001  0.1550
 20.50   41316   46.63  1.6975 19.0010  0.0001  0.0757
 21.50   23377   42.98  1.8487 20.9897  0.0000  0.0331
 22.50   10703   38.87  2.0042 23.8282  0.0000  0.0083
 23.50    3151   35.00  2.1750 28.4785  0.0000  0.0011
 24.50     343   33.67  2.3047 29.6639  0.0000  0.0017
 25.50       0    0.00  0.0000  0.0000  0.0000  0.0000
 26.50       0    0.00  0.0000  0.0000  0.0000  0.0000
 27.50       0    0.00  0.0000  0.0000  0.0000  0.0000
 28.50       0    0.00  0.0000  0.0000  0.0000  0.0000
 29.50       0    0.00  0.0000  0.0000  0.0000  0.0000
 30.50       0    0.00  0.0000  0.0000  0.0000  0.0000
 31.50       0    0.00  0.0000  0.0000  0.0000  0.0000
 32.50       0    0.00  0.0000  0.0000  0.0000  0.0000
 33.50       0    0.00  0.0000  0.0000  0.0000  0.0000
 34.50       0    0.00  0.0000  0.0000  0.0000  0.0000
 35.50       0    0.00  0.0000  0.0000  0.0000  0.0000
