  0.50       0    0.00  0.0000  0.0000  0.0000  0.0000
  1.50       0    0.00  0.0000  0.0000  0.0000  0.0000
  2.50       0    0.00  0.0000  0.0000  0.0000  0.0000
  3.50       0    0.00  0.0000  0.0000  0.0000  0.0000
  4.50       0    0.00  0.0000  0.0000  0.0000  0.0000
  5.50   20850  149.90  0.5693  0.1820  0.0013  2.0923
  6.50   55189  143.76  0.6803  0.5739  0.0013  2.1028
  7.50   85481  136.68  0.8036  1.0304  0.0011  1.7138
  8.50   71145  124.40  0.9251  1.9732  0.0010  1.5001
  9.50   77877  112.83  1.0410  3.0277  0.0008  1.1619
 10.50   73976  100.53  1.1529  4.4143  0.0006  0.8620
 11.50   55484   88.48  1.2483  6.1338  0.0004  0.5978
 12.50   54462   76.21  1.3488  8.3535  0.0002  0.2637
 13.50   21962   64.07  1.4667 11.0723  0.0001  0.0760
 14.50    8347   56.71  1.5821 12.5833  0.0000  0.0106
 15.50     967   45.76  1.7037 17.2526  0.0000  0.0017
 16.50      14   25.15  1.8173 39.7331  0.0000  0.0020
 17.50       0    0.00  0.0000  0.0000  0.0000  0.0000
 18.50       0    0.00  0.0000  0.0000  0.0000  0.0000
 19.50       0    0.00  0.0000  0.0000  0.0000  0.0000
 20.50       0    0.00  0.0000  0.0000  0.0000  0.0000
 21.50       0    0.00  0.0000  0.0000  0.0000  0.0000
 22.50       0    0.00  0.0000  0.0000  0.0000  0.0000
 23.50       0    0.00  0.0000  0.0000  0.0000  0.0000
 24.50       0    0.00  0.0000  0.0000  0.0000  0.0000
 25.50       0    0.00  0.0000  0.0000  0.0000  0.0000
 26.50       0    0.00  0.0000  0.0000  0.0000  0.0000
 27.50       0    0.00  0.0000  0.0000  0.0000  0.0000
 28.50       0    0.00  0.0000  0.0000  0.0000  0.0000
 29.50       0    0.00  0.0000  0.0000  0.0000  0.0000
 30.50       0    0.00  0.0000  0.0000  0.0000  0.0000
 31.50       0    0.00  0.0000  0.0000  0.0000  0.0000
 32.50       0    0.00  0.0000  0.0000  0.0000  0.0000
 33.50       0    0.00  0.0000  0.0000  0.0000  0.0000
 34.50       0    0.00  0.0000  0.0000  0.0000  0.0000
 35.50       0    0.00  0.0000  0.0000  0.0000  0.0000
