  0.50    1417   76.81  0.0491  9.6492  0.0002  0.3340
  1.50    2851   76.03  0.1098  9.8742  0.0002  0.3353
  2.50    7413   77.53  0.1910  9.4813  0.0002  0.3504
  3.50    7598   77.52  0.2634  9.4975  0.0002  0.3491
  4.50   10851   78.36  0.3397  9.2619  0.0002  0.3565
  5.50   12633   78.43  0.4071  9.2471  0.0002  0.3571
  6.50   18133   78.07  0.4903  9.3539  0.0002  0.3692
  7.50   22065   78.46  0.5829  9.2418  0.0002  0.3540
  8.50   21190   78.12  0.6667  9.3434  0.0002  0.3701
  9.50   27108   78.02  0.7531  9.3598  0.0002  0.3566
 10.50   30987   75.61  0.8410 10.0096  0.0002  0.3608
 11.50   28646   73.97  0.9329 10.4238  0.0002  0.3470
 12.50   40512   71.89  1.0281 11.0261  0.0002  0.3182
 13.50   31250   69.21  1.1273 11.7899  0.0002  0.2638
 14.50   37776   65.59  1.2253 12.9551  0.0001  0.2214
 15.50   30802   61.74  1.3256 14.2936  0.0001  0.1714
 16.50   24899   57.56  1.4274 15.9061  0.0001  0.1090
 17.50   18317   52.83  1.5415 17.9989  0.0000  0.0574
 18.50    9249   48.21  1.6712 20.1829  0.0000  0.0180
 19.50    4206   44.12  1.8235 22.2553  0.0000  0.0036
 20.50     536   36.25  1.9402 28.5774  0.0000  0.0016
 21.50       0    0.00  0.0000  0.0000  0.0000  0.0000
 22.50       0    0.00  0.0000  0.0000  0.0000  0.0000
 23.50       0    0.00  0.0000  0.0000  0.0000  0.0000
 24.50       0    0.00  0.0000  0.0000  0.0000  0.0000
 25.50       0    0.00  0.0000  0.0000  0.0000  0.0000
 26.50       0    0.00  0.0000  0.0000  0.0000  0.0000
 27.50       0    0.00  0.0000  0.0000  0.0000  0.0000
 28.50       0    0.00  0.0000  0.0000  0.0000  0.0000
 29.50       0    0.00  0.0000  0.0000  0.0000  0.0000
 30.50       0    0.00  0.0000  0.0000  0.0000  0.0000
 31.50       0    0.00  0.0000  0.0000  0.0000  0.0000
 32.50       0    0.00  0.0000  0.0000  0.0000  0.0000
 33.50       0    0.00  0.0000  0.0000  0.0000  0.0000
 34.50       0    0.00  0.0000  0.0000  0.0000  0.0000
 35.50       0    0.00  0.0000  0.0000  0.0000  0.0000
