  0.50   17013   19.81  0.0218 21.4871  0.0011  0.5796
  1.50   34186   19.83  0.0539 21.4554  0.0011  0.5803
  2.50   85827   19.80  0.0881 21.5061  0.0011  0.5849
  3.50   86829   19.90  0.1245 21.3758  0.0011  0.5909
  4.50  122615   19.96  0.1553 21.3021  0.0011  0.5925
  5.50  141947   20.05  0.1887 21.1921  0.0011  0.5911
  6.50  198060   20.08  0.2237 21.1560  0.0011  0.5984
  7.50  238652   20.14  0.2622 21.0978  0.0012  0.6090
  8.50  224486   20.30  0.2985 20.9017  0.0012  0.6168
  9.50  288017   20.38  0.3331 20.8142  0.0012  0.6282
 10.50  335525   20.53  0.3716 20.6337  0.0012  0.6316
 11.50  324431   20.74  0.4089 20.3930  0.0012  0.6479
 12.50  480547   20.93  0.4500 20.1730  0.0013  0.6651
 13.50  410021   21.22  0.4923 19.8481  0.0013  0.6675
 14.50  560692   21.41  0.5346 19.6474  0.0013  0.6937
 15.50  559723   21.67  0.5808 19.3706  0.0013  0.6887
 16.50  607375   21.97  0.6262 19.0563  0.0014  0.7169
 17.50  683549   22.27  0.6718 18.7589  0.0014  0.7385
 18.50  685167   22.63  0.7204 18.3994  0.0014  0.7547
 19.50  971285   22.98  0.7745 18.0620  0.0015  0.7724
 20.50  963722   23.47  0.8351 17.6011  0.0015  0.7917
 21.50 1014960   23.93  0.8956 17.1956  0.0015  0.8210
 22.50 1099889   24.39  0.9562 16.7913  0.0016  0.8436
 23.50 1192435   24.91  1.0202 16.3547  0.0016  0.8656
 24.50 1182944   25.41  1.0904 15.9531  0.0016  0.8777
 25.50  759300   26.01  1.1704 15.4825  0.0017  0.8922
 26.50  754886   26.60  1.2491 15.0333  0.0017  0.9020
 27.50  625329   27.12  1.3343 14.6531  0.0017  0.8987
 28.50  476937   27.71  1.4239 14.2238  0.0017  0.8968
 29.50  536230   28.21  1.5241 13.8653  0.0016  0.8681
 30.50  228150   28.66  1.6278 13.5383  0.0016  0.8566
 31.50  320267   28.89  1.7367 13.3474  0.0015  0.7931
 32.50   90847   28.87  1.8631 13.2947  0.0014  0.7578
 33.50   44280   29.11  1.9586 13.0788  0.0013  0.7065
 34.50       0    0.00  0.0000  0.0000  0.0000  0.0000
 35.50       0    0.00  0.0000  0.0000  0.0000  0.0000
