  0.50    5013   52.88  0.0469 14.5134  0.0006  0.7412
  1.50   10099   53.71  0.0953 14.1473  0.0006  0.7458
  2.50   25561   53.47  0.1550 14.2580  0.0006  0.7751
  3.50   26141   53.39  0.2191 14.3082  0.0006  0.7678
  4.50   37422   53.77  0.2770 14.1449  0.0006  0.7719
  5.50   44227   54.02  0.3383 14.0549  0.0006  0.7871
  6.50   62787   54.08  0.4030 14.0391  0.0006  0.8084
  7.50   77892   54.46  0.4768 13.8971  0.0006  0.8093
  8.50   75727   55.03  0.5481 13.6768  0.0007  0.8331
  9.50   98917   55.47  0.6167 13.5061  0.0007  0.8794
 10.50  117070   55.84  0.6950 13.3676  0.0007  0.8746
 11.50  115068   55.87  0.7705 13.3604  0.0007  0.8952
 12.50  172786   55.95  0.8536 13.3367  0.0007  0.9005
 13.50  148433   55.66  0.9436 13.4561  0.0007  0.9207
 14.50  199442   55.01  1.0266 13.7027  0.0007  0.8897
 15.50  193308   54.20  1.1205 14.0222  0.0007  0.8756
 16.50  198444   53.23  1.2123 14.3947  0.0006  0.8065
 17.50  206242   51.83  1.3014 14.9727  0.0006  0.7171
 18.50  184727   49.81  1.3940 15.8371  0.0005  0.6060
 19.50  214374   46.94  1.5019 17.1978  0.0004  0.4614
 20.50  155290   44.20  1.6298 18.5393  0.0002  0.2798
 21.50  102017   40.72  1.7744 20.4678  0.0001  0.1340
 22.50   54158   37.88  1.9249 22.0088  0.0000  0.0467
 23.50   19184   34.79  2.0868 23.7432  0.0000  0.0091
 24.50    3602   31.30  2.2462 26.2298  0.0000  0.0010
 25.50      77   28.57  2.3326 31.5430  0.0000  0.0013
 26.50       0    0.00  0.0000  0.0000  0.0000  0.0000
 27.50       0    0.00  0.0000  0.0000  0.0000  0.0000
 28.50       0    0.00  0.0000  0.0000  0.0000  0.0000
 29.50       0    0.00  0.0000  0.0000  0.0000  0.0000
 30.50       0    0.00  0.0000  0.0000  0.0000  0.0000
 31.50       0    0.00  0.0000  0.0000  0.0000  0.0000
 32.50       0    0.00  0.0000  0.0000  0.0000  0.0000
 33.50       0    0.00  0.0000  0.0000  0.0000  0.0000
 34.50       0    0.00  0.0000  0.0000  0.0000  0.0000
 35.50       0    0.00  0.0000  0.0000  0.0000  0.0000
