  0.50   99717   76.68  0.0536  3.2726  0.0135  8.4489
  1.50  198746   76.42  0.1188  3.2912  0.0134  8.3797
  2.50  504963   76.73  0.1966  3.2625  0.0134  8.4323
  3.50  517430   76.55  0.2804  3.2875  0.0136  8.5103
  4.50  742742   76.61  0.3567  3.2832  0.0137  8.6385
  5.50  872826   76.85  0.4345  3.2589  0.0138  8.6536
  6.50 1243785   76.85  0.5237  3.2604  0.0138  8.6999
  7.50 1524350   76.78  0.6219  3.2618  0.0138  8.7152
  8.50 1454219   76.54  0.7190  3.2770  0.0139  8.7445
  9.50 1867638   76.06  0.8158  3.3089  0.0137  8.6358
 10.50 2159584   75.31  0.9225  3.3601  0.0134  8.4603
 11.50 2055738   74.13  1.0292  3.4503  0.0129  8.0686
 12.50 2942607   72.38  1.1485  3.5900  0.0119  7.3983
 13.50 2383649   70.12  1.2773  3.7835  0.0109  6.7612
 14.50 2992773   67.33  1.4063  4.0360  0.0097  5.9207
 15.50 2659790   63.92  1.5476  4.3739  0.0082  4.9710
 16.50 2472336   60.02  1.6891  4.8056  0.0066  3.9437
 17.50 2266983   55.85  1.8397  5.3147  0.0049  2.8705
 18.50 1721450   51.18  1.9996  5.9631  0.0032  1.8372
 19.50 1555770   45.92  2.1898  6.7727  0.0017  0.9799
 20.50  740107   40.41  2.3946  7.6599  0.0005  0.2996
 21.50  262444   35.46  2.5802  8.4373  0.0001  0.0740
 22.50   65352   29.95  2.7503  9.7809  0.0000  0.0116
 23.50   10343   23.27  3.0458 13.1666  0.0000  0.0009
 24.50     666   18.22  3.4611 18.0916  0.0000  0.0003
 25.50       0    0.00  0.0000  0.0000  0.0000  0.0000
 26.50       0    0.00  0.0000  0.0000  0.0000  0.0000
 27.50       0    0.00  0.0000  0.0000  0.0000  0.0000
 28.50       0    0.00  0.0000  0.0000  0.0000  0.0000
 29.50       0    0.00  0.0000  0.0000  0.0000  0.0000
 30.50       0    0.00  0.0000  0.0000  0.0000  0.0000
 31.50       0    0.00  0.0000  0.0000  0.0000  0.0000
 32.50       0    0.00  0.0000  0.0000  0.0000  0.0000
 33.50       0    0.00  0.0000  0.0000  0.0000  0.0000
 34.50       0    0.00  0.0000  0.0000  0.0000  0.0000
 35.50       0    0.00  0.0000  0.0000  0.0000  0.0000
