  0.50     865   31.43  0.0281 32.9328  0.0001  0.1072
  1.50    1854   31.58  0.0647 32.8263  0.0001  0.1126
  2.50    4397   30.54  0.1164 34.2399  0.0001  0.1100
  3.50    4489   30.67  0.1605 34.0488  0.0001  0.1158
  4.50    6485   31.04  0.2053 33.5311  0.0001  0.1093
  5.50    7649   30.82  0.2444 33.9128  0.0001  0.1142
  6.50   10805   31.21  0.2954 33.3287  0.0001  0.1144
  7.50   13104   31.57  0.3466 32.8376  0.0001  0.1249
  8.50   12751   32.39  0.3981 31.7791  0.0001  0.1227
  9.50   16304   32.04  0.4467 32.2550  0.0001  0.1198
 10.50   19044   32.54  0.5005 31.6230  0.0001  0.1323
 11.50   18896   33.26  0.5520 30.7265  0.0001  0.1363
 12.50   28711   33.37  0.6110 30.6272  0.0001  0.1414
 13.50   24894   34.16  0.6745 29.6938  0.0001  0.1397
 14.50   34451   34.64  0.7362 29.1701  0.0001  0.1465
 15.50   34658   35.25  0.8020 28.4992  0.0001  0.1490
 16.50   37620   35.74  0.8692 27.9785  0.0001  0.1506
 17.50   42660   36.17  0.9371 27.5400  0.0001  0.1536
 18.50   42526   37.10  1.0082 26.5957  0.0001  0.1545
 19.50   58791   37.11  1.0847 26.5963  0.0001  0.1565
 20.50   56163   37.27  1.1701 26.4104  0.0001  0.1572
 21.50   55973   37.06  1.2504 26.5863  0.0001  0.1410
 22.50   56413   36.92  1.3363 26.6771  0.0001  0.1353
 23.50   53705   36.16  1.4264 27.3458  0.0001  0.1112
 24.50   44904   35.35  1.5273 28.0073  0.0001  0.0843
 25.50   21837   33.71  1.6525 29.5905  0.0000  0.0629
 26.50   14684   31.78  1.7891 31.7170  0.0000  0.0430
 27.50    6767   29.90  1.9506 33.8243  0.0000  0.0199
 28.50    2029   29.39  2.1316 33.7148  0.0000  0.0059
 29.50     562   26.95  2.2746 37.4563  0.0000  0.0007
 30.50       0    0.00  0.0000  0.0000  0.0000  0.0000
 31.50       0    0.00  0.0000  0.0000  0.0000  0.0000
 32.50       0    0.00  0.0000  0.0000  0.0000  0.0000
 33.50       0    0.00  0.0000  0.0000  0.0000  0.0000
 34.50       0    0.00  0.0000  0.0000  0.0000  0.0000
 35.50       0    0.00  0.0000  0.0000  0.0000  0.0000
