  0.50       0    0.00  0.0000  0.0000  0.0000  0.0000
  1.50       0    0.00  0.0000  0.0000  0.0000  0.0000
  2.50       0    0.00  0.0000  0.0000  0.0000  0.0000
  3.50       0    0.00  0.0000  0.0000  0.0000  0.0000
  4.50       0    0.00  0.0000  0.0000  0.0000  0.0000
  5.50   12369  152.15  0.5728  0.0233  0.0008  1.4526
  6.50   32885  146.02  0.6787  0.4740  0.0008  1.4259
  7.50   51130  138.89  0.7981  1.0031  0.0007  1.1894
  8.50   42310  126.47  0.9154  2.0583  0.0006  0.9806
  9.50   45596  114.77  1.0270  3.2487  0.0004  0.7673
 10.50   42409  101.68  1.1386  4.9306  0.0003  0.5631
 11.50   30606   91.05  1.2357  6.5315  0.0002  0.3627
 12.50   28327   78.17  1.3355  9.0784  0.0001  0.1495
 13.50   10274   67.17  1.4517 11.5969  0.0000  0.0415
 14.50    3619   57.25  1.5649 14.4251  0.0000  0.0041
 15.50     316   43.36  1.6555 23.1707  0.0000  0.0025
 16.50       0    0.00  0.0000  0.0000  0.0000  0.0000
 17.50       0    0.00  0.0000  0.0000  0.0000  0.0000
 18.50       0    0.00  0.0000  0.0000  0.0000  0.0000
 19.50       0    0.00  0.0000  0.0000  0.0000  0.0000
 20.50       0    0.00  0.0000  0.0000  0.0000  0.0000
 21.50       0    0.00  0.0000  0.0000  0.0000  0.0000
 22.50       0    0.00  0.0000  0.0000  0.0000  0.0000
 23.50       0    0.00  0.0000  0.0000  0.0000  0.0000
 24.50       0    0.00  0.0000  0.0000  0.0000  0.0000
 25.50       0    0.00  0.0000  0.0000  0.0000  0.0000
 26.50       0    0.00  0.0000  0.0000  0.0000  0.0000
 27.50       0    0.00  0.0000  0.0000  0.0000  0.0000
 28.50       0    0.00  0.0000  0.0000  0.0000  0.0000
 29.50       0    0.00  0.0000  0.0000  0.0000  0.0000
 30.50       0    0.00  0.0000  0.0000  0.0000  0.0000
 31.50       0    0.00  0.0000  0.0000  0.0000  0.0000
 32.50       0    0.00  0.0000  0.0000  0.0000  0.0000
 33.50       0    0.00  0.0000  0.0000  0.0000  0.0000
 34.50       0    0.00  0.0000  0.0000  0.0000  0.0000
 35.50       0    0.00  0.0000  0.0000  0.0000  0.0000
