  0.50    2333   28.15  0.0314 34.1411  0.0002  0.2356
  1.50    4560   27.68  0.0646 34.8666  0.0002  0.2313
  2.50   11411   27.38  0.1044 35.3683  0.0002  0.2320
  3.50   11398   27.66  0.1483 34.9023  0.0002  0.2250
  4.50   16805   27.19  0.1863 35.7071  0.0002  0.2412
  5.50   19050   27.90  0.2260 34.5377  0.0002  0.2408
  6.50   26806   27.96  0.2677 34.4597  0.0002  0.2362
  7.50   32932   27.69  0.3127 34.9143  0.0002  0.2345
  8.50   31135   28.21  0.3586 34.1056  0.0002  0.2475
  9.50   40476   28.31  0.4011 33.9762  0.0002  0.2600
 10.50   47777   28.55  0.4473 33.6319  0.0002  0.2639
 11.50   46559   28.92  0.4936 33.0936  0.0002  0.2713
 12.50   70346   29.16  0.5451 32.7670  0.0002  0.2788
 13.50   61097   29.57  0.5999 32.2124  0.0002  0.2876
 14.50   84248   30.15  0.6551 31.4299  0.0002  0.2988
 15.50   85124   30.60  0.7136 30.8523  0.0002  0.3076
 16.50   92929   31.09  0.7726 30.2390  0.0003  0.3155
 17.50  105926   31.68  0.8331 29.5155  0.0003  0.3305
 18.50  107286   32.26  0.8951 28.8392  0.0003  0.3329
 19.50  152746   32.70  0.9639 28.3458  0.0003  0.3501
 20.50  150242   33.20  1.0420 27.7935  0.0003  0.3497
 21.50  155733   33.60  1.1158 27.3402  0.0003  0.3550
 22.50  163441   33.86  1.1901 27.0441  0.0003  0.3474
 23.50  170098   34.20  1.2701 26.6621  0.0003  0.3318
 24.50  159210   34.09  1.3532 26.7209  0.0002  0.3088
 25.50   92836   33.86  1.4491 26.8962  0.0002  0.2803
 26.50   80488   33.23  1.5480 27.4406  0.0002  0.2424
 27.50   55487   32.25  1.6581 28.3774  0.0002  0.1975
 28.50   32337   31.13  1.7798 29.4671  0.0001  0.1323
 29.50   24763   29.50  1.9293 31.2732  0.0001  0.0718
 30.50    5812   28.61  2.1044 31.9004  0.0000  0.0436
 31.50    3473   27.14  2.2876 33.2977  0.0000  0.0103
 32.50     194   29.18  2.5006 28.4404  0.0000  0.0038
 33.50      17   21.93  2.8071 40.5004  0.0000  0.0006
 34.50       0    0.00  0.0000  0.0000  0.0000  0.0000
 35.50       0    0.00  0.0000  0.0000  0.0000  0.0000
