  0.50   58500  141.48  0.0718  0.7601  0.0117 13.8375
  1.50  118158  141.57  0.1571  0.7552  0.0118 14.0270
  2.50  299746  140.58  0.2584  0.8089  0.0116 13.7176
  3.50  306266  139.29  0.3604  0.8803  0.0117 13.8143
  4.50  440243  137.13  0.4540  1.0093  0.0117 13.8807
  5.50  507964  133.91  0.5472  1.1894  0.0115 13.5727
  6.50  708855  128.83  0.6539  1.5043  0.0111 12.8981
  7.50  833015  122.40  0.7696  1.9149  0.0104 11.9622
  8.50  752135  115.07  0.8864  2.4296  0.0096 10.8949
  9.50  902851  106.60  1.0022  3.1098  0.0086  9.6554
 10.50  940898   97.11  1.1301  3.9807  0.0071  7.8699
 11.50  787332   87.74  1.2503  5.0055  0.0057  6.2079
 12.50  929995   77.40  1.3785  6.3925  0.0038  4.0232
 13.50  531607   67.09  1.5145  8.0432  0.0020  2.0806
 14.50  372354   57.44  1.6525  9.9363  0.0007  0.7501
 15.50  111729   48.78  1.7900 11.7891  0.0001  0.1466
 16.50   19758   40.92  1.9263 13.9078  0.0000  0.0162
 17.50    2092   30.58  2.1648 20.8291  0.0000  0.0008
 18.50      31   19.72  2.3096 42.7647  0.0000  0.0011
 19.50       0    0.00  0.0000  0.0000  0.0000  0.0000
 20.50       0    0.00  0.0000  0.0000  0.0000  0.0000
 21.50       0    0.00  0.0000  0.0000  0.0000  0.0000
 22.50       0    0.00  0.0000  0.0000  0.0000  0.0000
 23.50       0    0.00  0.0000  0.0000  0.0000  0.0000
 24.50       0    0.00  0.0000  0.0000  0.0000  0.0000
 25.50       0    0.00  0.0000  0.0000  0.0000  0.0000
 26.50       0    0.00  0.0000  0.0000  0.0000  0.0000
 27.50       0    0.00  0.0000  0.0000  0.0000  0.0000
 28.50       0    0.00  0.0000  0.0000  0.0000  0.0000
 29.50       0    0.00  0.0000  0.0000  0.0000  0.0000
 30.50       0    0.00  0.0000  0.0000  0.0000  0.0000
 31.50       0    0.00  0.0000  0.0000  0.0000  0.0000
 32.50       0    0.00  0.0000  0.0000  0.0000  0.0000
 33.50       0    0.00  0.0000  0.0000  0.0000  0.0000
 34.50       0    0.00  0.0000  0.0000  0.0000  0.0000
 35.50       0    0.00  0.0000  0.0000  0.0000  0.0000
