  0.50    2820   43.89  0.0382 19.3825  0.0003  0.3899
  1.50    5837   43.73  0.0871 19.5257  0.0003  0.3965
  2.50   15105   43.27  0.1497 19.8834  0.0003  0.4024
  3.50   15326   44.08  0.2100 19.3278  0.0003  0.4188
  4.50   21894   44.85  0.2659 18.8265  0.0003  0.4248
  5.50   25337   44.30  0.3211 19.1894  0.0003  0.4274
  6.50   36242   45.78  0.3850 18.2566  0.0003  0.4279
  7.50   43776   46.13  0.4564 18.0327  0.0003  0.4300
  8.50   42499   46.34  0.5242 17.9332  0.0004  0.4575
  9.50   54644   47.05  0.5956 17.5131  0.0004  0.4725
 10.50   64854   47.93  0.6691 17.0136  0.0004  0.4679
 11.50   63672   48.77  0.7477 16.5412  0.0004  0.4826
 12.50   95114   48.89  0.8306 16.4775  0.0004  0.5013
 13.50   81011   48.89  0.9212 16.4723  0.0004  0.5004
 14.50  109852   49.04  1.0133 16.3761  0.0004  0.4980
 15.50  105170   49.03  1.1140 16.3337  0.0004  0.4917
 16.50  107742   48.43  1.2155 16.6102  0.0003  0.4425
 17.50  111241   47.68  1.3177 16.9478  0.0003  0.4160
 18.50   98700   46.47  1.4245 17.5296  0.0003  0.3402
 19.50  114896   45.04  1.5474 18.2313  0.0002  0.2737
 20.50   86877   42.48  1.6854 19.6897  0.0001  0.1875
 21.50   63563   39.76  1.8229 21.4091  0.0001  0.1098
 22.50   42771   36.84  1.9707 23.5620  0.0000  0.0563
 23.50   23866   33.02  2.1495 27.0108  0.0000  0.0201
 24.50    8865   29.81  2.3283 30.7447  0.0000  0.0042
 25.50    1161   23.19  2.5529 51.0281  0.0000  0.0005
 26.50      87   19.82  2.6827 95.5827  0.0000  0.0005
 27.50       0    0.00  0.0000  0.0000  0.0000  0.0000
 28.50       0    0.00  0.0000  0.0000  0.0000  0.0000
 29.50       0    0.00  0.0000  0.0000  0.0000  0.0000
 30.50       0    0.00  0.0000  0.0000  0.0000  0.0000
 31.50       0    0.00  0.0000  0.0000  0.0000  0.0000
 32.50       0    0.00  0.0000  0.0000  0.0000  0.0000
 33.50       0    0.00  0.0000  0.0000  0.0000  0.0000
 34.50       0    0.00  0.0000  0.0000  0.0000  0.0000
 35.50       0    0.00  0.0000  0.0000  0.0000  0.0000
