  0.50   58406   26.59  0.0268  4.5587  0.0039  0.7292
  1.50  116356   26.53  0.0644  4.5685  0.0039  0.7244
  2.50  295148   26.59  0.1040  4.5635  0.0039  0.7366
  3.50  297233   26.69  0.1463  4.5383  0.0039  0.7318
  4.50  420239   26.83  0.1856  4.5064  0.0039  0.7419
  5.50  486243   26.97  0.2241  4.4738  0.0040  0.7492
  6.50  679654   27.07  0.2669  4.4565  0.0040  0.7532
  7.50  820564   27.30  0.3138  4.4067  0.0040  0.7638
  8.50  774871   27.53  0.3581  4.3584  0.0041  0.7689
  9.50  991618   27.76  0.4018  4.3098  0.0041  0.7783
 10.50 1155793   28.03  0.4490  4.2532  0.0041  0.7895
 11.50 1118247   28.30  0.4964  4.1984  0.0042  0.8062
 12.50 1666054   28.63  0.5481  4.1349  0.0043  0.8243
 13.50 1429782   28.94  0.6036  4.0771  0.0044  0.8389
 14.50 1956166   29.34  0.6590  4.0001  0.0044  0.8565
 15.50 1963743   29.75  0.7187  3.9262  0.0045  0.8746
 16.50 2140147   30.19  0.7806  3.8474  0.0046  0.9000
 17.50 2422628   30.62  0.8435  3.7725  0.0047  0.9171
 18.50 2449951   31.08  0.9090  3.6944  0.0048  0.9391
 19.50 3487768   31.60  0.9847  3.6076  0.0049  0.9645
 20.50 3496398   32.17  1.0693  3.5166  0.0050  1.0001
 21.50 3705500   32.72  1.1561  3.4272  0.0051  1.0286
 22.50 4051464   33.27  1.2447  3.3401  0.0052  1.0521
 23.50 4430841   33.81  1.3397  3.2585  0.0053  1.0890
 24.50 4437310   34.38  1.4475  3.1683  0.0053  1.0957
 25.50 2859000   34.92  1.5727  3.0795  0.0054  1.1017
 26.50 2878237   35.42  1.6988  2.9994  0.0053  1.1044
 27.50 2394989   35.82  1.8388  2.9262  0.0053  1.0928
 28.50 1832509   36.16  1.9875  2.8530  0.0051  1.0688
 29.50 2073407   36.26  2.1579  2.8081  0.0049  1.0126
 30.50  884748   36.22  2.3475  2.7669  0.0047  0.9756
 31.50 1243394   35.87  2.5439  2.7586  0.0042  0.8787
 32.50  351516   35.19  2.7916  2.7768  0.0040  0.8173
 33.50  171004   34.54  2.9680  2.8041  0.0036  0.7427
 34.50       0    0.00  0.0000  0.0000  0.0000  0.0000
 35.50       0    0.00  0.0000  0.0000  0.0000  0.0000
