  0.50      66    5.00  0.0237 243.4240  0.0000  0.0052
  1.50     148    5.00  0.0437 243.5275  0.0000  0.0065
  2.50     364    5.00  0.0886 244.0444  0.0000  0.0050
  3.50     346    5.00  0.1057 242.7862  0.0000  0.0053
  4.50     497    5.00  0.1526 243.7893  0.0000  0.0054
  5.50     585    5.00  0.1867 243.8054  0.0000  0.0051
  6.50     798    5.00  0.2213 244.1495  0.0000  0.0049
  7.50    1024    5.00  0.2645 243.6581  0.0000  0.0061
  8.50     959    5.00  0.2980 244.0575  0.0000  0.0065
  9.50    1188    5.00  0.3319 244.0980  0.0000  0.0070
 10.50    1368    5.00  0.3672 244.2655  0.0000  0.0059
 11.50    1404    5.00  0.4106 244.5929  0.0000  0.0068
 12.50    2256    5.00  0.4550 244.8787  0.0000  0.0076
 13.50    1913    5.00  0.4958 244.9999  0.0000  0.0084
 14.50    2604    5.00  0.5384 244.8269  0.0000  0.0084
 15.50    2782    5.12  0.5866 241.2851  0.0000  0.0091
 16.50    3088    5.07  0.6346 243.0111  0.0000  0.0102
 17.50    3669    5.00  0.6826 246.1335  0.0000  0.0088
 18.50    3818    5.00  0.7303 246.1310  0.0000  0.0108
 19.50    5573    5.15  0.7825 240.9277  0.0000  0.0107
 20.50    5938    5.00  0.8418 246.6610  0.0000  0.0124
 21.50    6506    5.20  0.9019 239.3580  0.0000  0.0143
 22.50    7520    5.24  0.9642 238.6935  0.0000  0.0153
 23.50    8369    6.05  1.0236 215.0918  0.0000  0.0146
 24.50    8668    6.45  1.0906 200.1226  0.0000  0.0165
 25.50    5790    6.94  1.1731 182.2972  0.0000  0.0178
 26.50    6048    8.24  1.2496 152.6130  0.0000  0.0199
 27.50    5275    9.16  1.3271 137.2573  0.0000  0.0191
 28.50    3964   10.04  1.4112 114.4161  0.0000  0.0178
 29.50    4457   11.89  1.4995 95.6246  0.0000  0.0180
 30.50    1872   13.56  1.6051 82.7718  0.0000  0.0183
 31.50    2601   13.76  1.6993 85.7577  0.0000  0.0157
 32.50     715   14.84  1.8267 72.6995  0.0000  0.0146
 33.50     333   17.15  1.8753 61.2091  0.0000  0.0128
 34.50       0    0.00  0.0000  0.0000  0.0000  0.0000
 35.50       0    0.00  0.0000  0.0000  0.0000  0.0000
