  0.50     316   24.71  0.0331 45.1639  0.0000  0.0346
  1.50     699   23.54  0.0586 48.1832  0.0000  0.0374
  2.50    1709   23.70  0.1025 48.0977  0.0000  0.0359
  3.50    1665   22.97  0.1342 49.6403  0.0000  0.0381
  4.50    2481   23.57  0.1799 48.3657  0.0000  0.0384
  5.50    2755   24.66  0.2130 45.5562  0.0000  0.0343
  6.50    3866   23.35  0.2534 48.7195  0.0000  0.0368
  7.50    4766   25.25  0.2962 44.2277  0.0000  0.0351
  8.50    4501   24.21  0.3396 46.6304  0.0000  0.0383
  9.50    5750   25.49  0.3808 43.6337  0.0000  0.0402
 10.50    6790   25.63  0.4249 43.5837  0.0000  0.0435
 11.50    6790   25.59  0.4684 43.5282  0.0000  0.0432
 12.50   10212   26.01  0.5186 42.6625  0.0000  0.0434
 13.50    8930   27.03  0.5714 40.5548  0.0000  0.0426
 14.50   12384   27.49  0.6190 39.8142  0.0000  0.0465
 15.50   12612   27.95  0.6757 38.9080  0.0000  0.0501
 16.50   14013   28.28  0.7332 38.3520  0.0000  0.0511
 17.50   15821   28.85  0.7889 37.3215  0.0000  0.0526
 18.50   16533   29.38  0.8499 36.5342  0.0000  0.0619
 19.50   23440   29.93  0.9145 35.5929  0.0000  0.0613
 20.50   23665   30.79  0.9869 34.3209  0.0000  0.0631
 21.50   25185   31.01  1.0614 34.0422  0.0000  0.0671
 22.50   26540   32.02  1.1350 32.5060  0.0000  0.0679
 23.50   28185   32.45  1.2126 31.9356  0.0001  0.0724
 24.50   26816   32.61  1.2920 31.7123  0.0000  0.0627
 25.50   15592   33.02  1.3860 31.0769  0.0000  0.0603
 26.50   14238   32.74  1.4775 31.3867  0.0000  0.0518
 27.50   10276   32.25  1.5755 31.9361  0.0000  0.0423
 28.50    6597   32.19  1.6902 31.8426  0.0000  0.0342
 29.50    5731   31.02  1.8015 33.2407  0.0000  0.0239
 30.50    1670   29.93  1.9543 34.4363  0.0000  0.0150
 31.50    1444   29.32  2.1155 35.0152  0.0000  0.0068
 32.50     199   26.25  2.2563 41.9714  0.0000  0.0048
 33.50      49   19.28  2.3726 58.5161  0.0000  0.0021
 34.50       0    0.00  0.0000  0.0000  0.0000  0.0000
 35.50       0    0.00  0.0000  0.0000  0.0000  0.0000
