  0.50     130   16.03  0.0134 75.1037  0.0000  0.0119
  1.50     232   17.19  0.0478 69.9243  0.0000  0.0106
  2.50     548   12.58  0.0817 101.2150  0.0000  0.0108
  3.50     543   15.25  0.1158 81.8433  0.0000  0.0097
  4.50     814   14.74  0.1418 85.2383  0.0000  0.0098
  5.50     855   15.05  0.1728 84.4983  0.0000  0.0105
  6.50    1294   15.06  0.2092 83.5184  0.0000  0.0107
  7.50    1599   15.99  0.2410 77.3719  0.0000  0.0108
  8.50    1469   15.23  0.2744 80.7848  0.0000  0.0087
  9.50    1819   15.75  0.3113 78.5695  0.0000  0.0110
 10.50    2187   16.06  0.3466 76.5254  0.0000  0.0099
 11.50    2246   17.47  0.3874 69.2121  0.0000  0.0131
 12.50    3317   16.41  0.4200 74.4706  0.0000  0.0126
 13.50    2773   18.00  0.4625 66.5242  0.0000  0.0129
 14.50    3933   17.26  0.4980 70.4741  0.0000  0.0140
 15.50    4089   16.88  0.5403 71.7664  0.0000  0.0153
 16.50    4385   18.44  0.5842 64.6811  0.0000  0.0134
 17.50    5179   18.33  0.6284 65.6265  0.0000  0.0171
 18.50    5177   19.03  0.6691 61.9765  0.0000  0.0168
 19.50    7453   19.63  0.7206 59.7093  0.0000  0.0171
 20.50    7644   20.21  0.7723 57.6820  0.0000  0.0158
 21.50    8236   20.86  0.8233 55.7306  0.0000  0.0209
 22.50    9280   21.39  0.8810 53.7631  0.0000  0.0195
 23.50   10283   21.85  0.9361 52.7786  0.0000  0.0223
 24.50   10312   22.22  0.9920 51.4179  0.0000  0.0224
 25.50    6862   22.97  1.0598 49.4099  0.0000  0.0250
 26.50    6746   23.55  1.1287 47.7386  0.0000  0.0240
 27.50    5599   25.02  1.1972 44.0860  0.0000  0.0258
 28.50    4330   24.95  1.2655 44.4007  0.0000  0.0255
 29.50    4790   25.83  1.3568 42.4159  0.0000  0.0241
 30.50    1976   25.05  1.4426 44.1434  0.0000  0.0215
 31.50    2677   25.77  1.5236 42.3808  0.0000  0.0191
 32.50     760   25.55  1.6329 42.7956  0.0000  0.0184
 33.50     337   27.35  1.7207 38.7992  0.0000  0.0157
 34.50       0    0.00  0.0000  0.0000  0.0000  0.0000
 35.50       0    0.00  0.0000  0.0000  0.0000  0.0000
