  0.50   64366   54.19  0.0457  5.9081  0.0071  4.1792
  1.50  129223   54.42  0.0986  5.8610  0.0071  4.1710
  2.50  327201   54.52  0.1649  5.8458  0.0072  4.1966
  3.50  331967   54.66  0.2314  5.8210  0.0073  4.2831
  4.50  475569   54.71  0.2926  5.8187  0.0073  4.2668
  5.50  557433   54.83  0.3562  5.8026  0.0074  4.3189
  6.50  793603   55.14  0.4268  5.7526  0.0075  4.3924
  7.50  974582   55.49  0.5047  5.6931  0.0076  4.4727
  8.50  936784   55.96  0.5811  5.6134  0.0077  4.5124
  9.50 1220077   56.19  0.6579  5.5772  0.0078  4.5760
 10.50 1443735   56.53  0.7426  5.5183  0.0078  4.6332
 11.50 1414782   56.87  0.8285  5.4549  0.0079  4.6930
 12.50 2117568   57.05  0.9242  5.4153  0.0079  4.6858
 13.50 1808982   57.08  1.0268  5.3937  0.0078  4.6322
 14.50 2440401   56.90  1.1313  5.4003  0.0076  4.5277
 15.50 2375405   56.33  1.2440  5.4634  0.0074  4.3694
 16.50 2470129   55.52  1.3583  5.5605  0.0070  4.1323
 17.50 2612853   54.31  1.4766  5.7204  0.0065  3.8024
 18.50 2413275   52.73  1.5978  5.9443  0.0057  3.3144
 19.50 2998175   50.56  1.7363  6.2762  0.0048  2.7992
 20.50 2474506   47.72  1.8956  6.7543  0.0036  2.0794
 21.50 2045143   44.56  2.0603  7.3433  0.0026  1.4566
 22.50 1601011   41.17  2.2331  8.0441  0.0016  0.8942
 23.50 1079566   37.55  2.4231  8.8466  0.0008  0.4289
 24.50  524013   33.90  2.6236  9.6679  0.0003  0.1421
 25.50  101419   30.00  2.8225 10.5426  0.0001  0.0511
 26.50   21557   25.28  3.0044 12.3214  0.0000  0.0109
 27.50    2286   19.79  3.3268 16.0527  0.0000  0.0013
 28.50      58   15.97  3.8433 20.9008  0.0000  0.0002
 29.50       0    0.00  0.0000  0.0000  0.0000  0.0000
 30.50       0    0.00  0.0000  0.0000  0.0000  0.0000
 31.50       0    0.00  0.0000  0.0000  0.0000  0.0000
 32.50       0    0.00  0.0000  0.0000  0.0000  0.0000
 33.50       0    0.00  0.0000  0.0000  0.0000  0.0000
 34.50       0    0.00  0.0000  0.0000  0.0000  0.0000
 35.50       0    0.00  0.0000  0.0000  0.0000  0.0000
