  0.50     143    5.00  0.0307 246.6120  0.0000  0.0124
  1.50     311    5.00  0.0519 245.6480  0.0000  0.0129
  2.50     766    5.00  0.0953 246.5790  0.0000  0.0131
  3.50     688    5.00  0.1300 246.2300  0.0000  0.0112
  4.50    1005    5.00  0.1748 246.4314  0.0000  0.0134
  5.50    1241    5.00  0.2076 246.0334  0.0000  0.0131
  6.50    1694    5.00  0.2431 246.2335  0.0000  0.0125
  7.50    2066    5.00  0.2904 246.2966  0.0000  0.0128
  8.50    1989    5.00  0.3262 246.6714  0.0000  0.0147
  9.50    2645    5.00  0.3689 246.6027  0.0000  0.0161
 10.50    3043    5.17  0.4159 241.0076  0.0000  0.0149
 11.50    3125    5.00  0.4469 246.9642  0.0000  0.0176
 12.50    4644    5.18  0.5012 242.0170  0.0000  0.0168
 13.50    4180    5.25  0.5537 237.9786  0.0000  0.0184
 14.50    5707    5.92  0.6004 220.3930  0.0000  0.0184
 15.50    6026    5.47  0.6532 231.5430  0.0000  0.0195
 16.50    6824    7.22  0.7117 181.3951  0.0000  0.0193
 17.50    7890    6.97  0.7645 187.3448  0.0000  0.0226
 18.50    8442    8.23  0.8172 161.3537  0.0000  0.0253
 19.50   12247    8.58  0.8829 147.6204  0.0000  0.0277
 20.50   12869   10.47  0.9525 122.4557  0.0000  0.0301
 21.50   13963   11.56  1.0246 101.2264  0.0000  0.0310
 22.50   15821   12.80  1.0963 89.5307  0.0000  0.0306
 23.50   17737   13.82  1.1728 81.8296  0.0000  0.0348
 24.50   17553   15.01  1.2489 73.5837  0.0000  0.0353
 25.50   11482   16.39  1.3354 66.6402  0.0000  0.0353
 26.50   10987   17.16  1.4308 62.9423  0.0000  0.0326
 27.50    8761   17.60  1.5225 60.6836  0.0000  0.0327
 28.50    6355   19.47  1.6216 54.2141  0.0000  0.0265
 29.50    6374   19.08  1.7267 55.8325  0.0000  0.0232
 30.50    2479   18.74  1.8523 55.8174  0.0000  0.0230
 31.50    2895   19.13  1.9717 54.5383  0.0000  0.0155
 32.50     629   16.44  2.1266 64.3892  0.0000  0.0117
 33.50     249   21.17  2.2268 46.9068  0.0000  0.0091
 34.50       0    0.00  0.0000  0.0000  0.0000  0.0000
 35.50       0    0.00  0.0000  0.0000  0.0000  0.0000
