  0.50    1624   22.02  0.0287 43.6427  0.0001  0.1352
  1.50    3290   21.89  0.0562 43.9723  0.0001  0.1341
  2.50    8071   21.92  0.0933 43.8986  0.0001  0.1389
  3.50    8227   22.19  0.1279 43.2633  0.0001  0.1314
  4.50   11636   22.04  0.1622 43.6253  0.0001  0.1385
  5.50   13602   22.09  0.1980 43.5308  0.0001  0.1339
  6.50   19003   22.17  0.2339 43.3424  0.0001  0.1444
  7.50   22806   22.20  0.2739 43.2740  0.0001  0.1378
  8.50   21558   22.28  0.3120 43.1219  0.0001  0.1420
  9.50   27593   22.42  0.3488 42.7877  0.0001  0.1415
 10.50   32153   22.59  0.3869 42.4230  0.0001  0.1485
 11.50   31188   22.86  0.4279 41.8398  0.0001  0.1534
 12.50   46324   22.91  0.4689 41.7565  0.0001  0.1555
 13.50   39590   23.14  0.5159 41.2619  0.0001  0.1546
 14.50   54292   23.52  0.5601 40.4851  0.0001  0.1677
 15.50   54738   23.81  0.6080 39.9157  0.0001  0.1678
 16.50   59764   24.02  0.6548 39.5118  0.0002  0.1734
 17.50   66351   24.33  0.7055 38.9077  0.0002  0.1768
 18.50   66755   24.71  0.7541 38.1905  0.0002  0.1765
 19.50   94988   25.14  0.8125 37.4318  0.0002  0.1861
 20.50   93560   25.61  0.8757 36.5974  0.0002  0.1904
 21.50   98419   26.03  0.9376 35.8856  0.0002  0.1903
 22.50  105537   26.46  0.9981 35.1807  0.0002  0.1982
 23.50  112985   27.01  1.0641 34.2950  0.0002  0.2078
 24.50  110271   27.40  1.1308 33.6834  0.0002  0.2018
 25.50   68941   27.67  1.2072 33.2754  0.0002  0.1988
 26.50   66318   27.91  1.2840 32.8868  0.0002  0.1866
 27.50   52335   28.02  1.3624 32.6753  0.0002  0.1804
 28.50   37568   28.12  1.4498 32.4717  0.0001  0.1664
 29.50   38172   27.68  1.5463 33.0097  0.0001  0.1399
 30.50   14468   27.13  1.6485 33.7014  0.0001  0.1253
 31.50   17299   26.25  1.7702 34.9719  0.0001  0.0889
 32.50    3613   25.25  1.9170 36.3238  0.0001  0.0684
 33.50    1336   24.59  2.0298 37.1620  0.0000  0.0494
 34.50       0    0.00  0.0000  0.0000  0.0000  0.0000
 35.50       0    0.00  0.0000  0.0000  0.0000  0.0000
