  0.50  417646   91.99  0.0574  1.0886  0.0596 20.4147
  1.50  844025   91.80  0.1308  1.0998  0.0598 20.4789
  2.50 2134903   91.79  0.2180  1.0968  0.0599 20.5211
  3.50 2175748   91.93  0.3087  1.0882  0.0599 20.5437
  4.50 3117485   91.98  0.3947  1.0822  0.0604 20.7672
  5.50 3651872   91.97  0.4838  1.0743  0.0605 20.8654
  6.50 5163757   91.86  0.5865  1.0640  0.0594 20.4785
  7.50 6284192   91.51  0.7011  1.0555  0.0587 20.2824
  8.50 5943716   90.92  0.8156  1.0491  0.0574 19.7627
  9.50 7540911   90.03  0.9322  1.0426  0.0554 18.9730
 10.50 8603808   88.63  1.0649  1.0420  0.0526 17.8724
 11.50 8055723   86.88  1.2017  1.0440  0.0488 16.3873
 12.50 11299242   84.42  1.3616  1.0518  0.0424 13.8623
 13.50 8907580   81.34  1.5431  1.0628  0.0369 11.7229
 14.50 10861514   77.68  1.7393  1.0805  0.0306  9.3861
 15.50 9292089   73.11  1.9740  1.1089  0.0239  7.0222
 16.50 8264057   67.97  2.2407  1.1463  0.0173  4.8046
 17.50 7183074   62.02  2.5550  1.2048  0.0114  2.9679
 18.50 5129725   55.24  2.9232  1.2976  0.0066  1.6012
 19.50 4348164   47.04  3.3681  1.4596  0.0033  0.7265
 20.50 1983737   38.32  3.7984  1.6743  0.0011  0.2169
 21.50  731189   30.45  4.1187  1.9515  0.0003  0.0572
 22.50  209964   23.07  4.4963  2.5485  0.0001  0.0097
 23.50   35470   15.38  5.4227  4.4020  0.0000  0.0002
 24.50    1113   10.25  6.8608  7.8472  0.0000  0.0000
 25.50       0    0.00  0.0000  0.0000  0.0000  0.0000
 26.50       0    0.00  0.0000  0.0000  0.0000  0.0000
 27.50       0    0.00  0.0000  0.0000  0.0000  0.0000
 28.50       0    0.00  0.0000  0.0000  0.0000  0.0000
 29.50       0    0.00  0.0000  0.0000  0.0000  0.0000
 30.50       0    0.00  0.0000  0.0000  0.0000  0.0000
 31.50       0    0.00  0.0000  0.0000  0.0000  0.0000
 32.50       0    0.00  0.0000  0.0000  0.0000  0.0000
 33.50       0    0.00  0.0000  0.0000  0.0000  0.0000
 34.50       0    0.00  0.0000  0.0000  0.0000  0.0000
 35.50       0    0.00  0.0000  0.0000  0.0000  0.0000
