  0.50    1490   19.71  0.0241 52.1690  0.0001  0.1244
  1.50    3042   19.69  0.0527 52.2587  0.0001  0.1265
  2.50    7606   19.73  0.0862 52.1333  0.0001  0.1268
  3.50    7599   19.56  0.1189 52.6505  0.0001  0.1264
  4.50   10833   19.70  0.1534 52.2448  0.0001  0.1255
  5.50   12688   19.58  0.1829 52.6439  0.0001  0.1287
  6.50   17555   19.77  0.2171 52.0276  0.0001  0.1321
  7.50   21006   20.04  0.2534 51.2033  0.0001  0.1313
  8.50   20233   19.80  0.2875 51.9592  0.0001  0.1325
  9.50   25823   20.21  0.3220 50.7356  0.0001  0.1311
 10.50   30028   20.27  0.3591 50.5710  0.0001  0.1410
 11.50   29264   20.25  0.3923 50.6447  0.0001  0.1436
 12.50   43506   20.56  0.4323 49.7474  0.0001  0.1470
 13.50   37136   20.83  0.4731 49.0111  0.0001  0.1490
 14.50   50841   21.03  0.5137 48.4891  0.0001  0.1520
 15.50   51132   21.30  0.5581 47.7814  0.0001  0.1564
 16.50   55487   21.38  0.6003 47.5778  0.0001  0.1635
 17.50   62480   21.80  0.6456 46.5050  0.0001  0.1701
 18.50   62705   22.26  0.6902 45.3650  0.0001  0.1706
 19.50   89166   22.62  0.7415 44.5087  0.0002  0.1844
 20.50   89165   23.12  0.7966 43.3699  0.0002  0.1871
 21.50   93641   23.64  0.8515 42.2234  0.0002  0.1922
 22.50  101241   24.06  0.9076 41.3516  0.0002  0.1964
 23.50  109937   24.61  0.9652 40.2448  0.0002  0.1995
 24.50  109312   25.10  1.0264 39.2826  0.0002  0.2087
 25.50   69270   25.66  1.0954 38.2310  0.0002  0.2112
 26.50   67222   26.11  1.1615 37.3869  0.0002  0.2000
 27.50   55012   26.63  1.2322 36.4784  0.0002  0.2048
 28.50   40506   26.87  1.3095 36.0205  0.0002  0.1958
 29.50   43938   27.33  1.3944 35.1969  0.0001  0.1801
 30.50   17618   27.20  1.4845 35.3271  0.0001  0.1732
 31.50   23281   27.22  1.5790 35.2008  0.0001  0.1414
 32.50    5852   26.69  1.6948 35.9173  0.0001  0.1277
 33.50    2646   27.34  1.7839 34.6768  0.0001  0.1091
 34.50       0    0.00  0.0000  0.0000  0.0000  0.0000
 35.50       0    0.00  0.0000  0.0000  0.0000  0.0000
