  0.50    4327   79.26  0.0557  8.0031  0.0006  0.9331
  1.50    8833   79.80  0.1142  7.8892  0.0006  0.9576
  2.50   22448   81.02  0.1935  7.6115  0.0006  0.9627
  3.50   23032   81.10  0.2683  7.6024  0.0006  0.9758
  4.50   32683   80.70  0.3424  7.6872  0.0006  0.9799
  5.50   38835   81.35  0.4177  7.5522  0.0007  0.9889
  6.50   54780   81.75  0.5015  7.4577  0.0007  1.0057
  7.50   66536   80.69  0.5920  7.6910  0.0007  0.9978
  8.50   62513   80.59  0.6827  7.6956  0.0007  0.9956
  9.50   79832   79.89  0.7694  7.8390  0.0006  0.9790
 10.50   91025   78.36  0.8638  8.1723  0.0006  0.9571
 11.50   84171   76.66  0.9587  8.5330  0.0006  0.8998
 12.50  115585   74.30  1.0630  9.0706  0.0005  0.7915
 13.50   88641   71.45  1.1735  9.7415  0.0005  0.6791
 14.50  102872   67.73  1.2786 10.7190  0.0004  0.5444
 15.50   80911   63.28  1.3948 12.0072  0.0003  0.3850
 16.50   63285   58.97  1.5143 13.3758  0.0002  0.2495
 17.50   44399   54.52  1.6386 14.9350  0.0001  0.1243
 18.50   21763   49.49  1.7814 16.9207  0.0000  0.0380
 19.50    9551   43.40  1.9334 19.8650  0.0000  0.0063
 20.50    1205   39.26  2.0858 31.0369  0.0000  0.0008
 21.50      22   38.05  2.2277 23.0995  0.0000  0.0010
 22.50       0    0.00  0.0000  0.0000  0.0000  0.0000
 23.50       0    0.00  0.0000  0.0000  0.0000  0.0000
 24.50       0    0.00  0.0000  0.0000  0.0000  0.0000
 25.50       0    0.00  0.0000  0.0000  0.0000  0.0000
 26.50       0    0.00  0.0000  0.0000  0.0000  0.0000
 27.50       0    0.00  0.0000  0.0000  0.0000  0.0000
 28.50       0    0.00  0.0000  0.0000  0.0000  0.0000
 29.50       0    0.00  0.0000  0.0000  0.0000  0.0000
 30.50       0    0.00  0.0000  0.0000  0.0000  0.0000
 31.50       0    0.00  0.0000  0.0000  0.0000  0.0000
 32.50       0    0.00  0.0000  0.0000  0.0000  0.0000
 33.50       0    0.00  0.0000  0.0000  0.0000  0.0000
 34.50       0    0.00  0.0000  0.0000  0.0000  0.0000
 35.50       0    0.00  0.0000  0.0000  0.0000  0.0000
