  0.50     403   13.35  0.0269 83.2098  0.0000  0.0400
  1.50     843    9.43  0.0669 125.1885  0.0000  0.0417
  2.50    1989    9.42  0.1141 124.5250  0.0000  0.0407
  3.50    2001   11.43  0.1533 99.2690  0.0000  0.0380
  4.50    2880   10.87  0.1956 106.4549  0.0000  0.0411
  5.50    3382   10.89  0.2331 122.2560  0.0000  0.0437
  6.50    4815   11.69  0.2837 100.5146  0.0000  0.0420
  7.50    5824   12.30  0.3319 93.1992  0.0000  0.0450
  8.50    5819   13.69  0.3834 83.2627  0.0000  0.0466
  9.50    7387   13.43  0.4285 85.3746  0.0000  0.0449
 10.50    8694   13.65  0.4786 82.3782  0.0000  0.0459
 11.50    8675   15.18  0.5283 73.2766  0.0000  0.0503
 12.50   13236   15.64  0.5832 70.6394  0.0000  0.0537
 13.50   11729   15.75  0.6438 70.2028  0.0000  0.0527
 14.50   16523   18.05  0.7033 59.3067  0.0000  0.0559
 15.50   17131   18.34  0.7655 58.3983  0.0000  0.0606
 16.50   19264   19.20  0.8336 55.4108  0.0001  0.0709
 17.50   22372   20.55  0.9028 51.0138  0.0001  0.0712
 18.50   23210   21.70  0.9704 47.5941  0.0001  0.0699
 19.50   33402   22.39  1.0498 45.8392  0.0001  0.0761
 20.50   33530   23.04  1.1409 44.2515  0.0001  0.0797
 21.50   35734   23.74  1.2276 42.7327  0.0001  0.0833
 22.50   38182   24.99  1.3155 39.9833  0.0001  0.0814
 23.50   39958   25.97  1.4108 38.0912  0.0001  0.0810
 24.50   36145   25.50  1.5080 38.9252  0.0001  0.0703
 25.50   20331   25.98  1.6227 37.8424  0.0000  0.0600
 26.50   17380   25.23  1.7287 39.1247  0.0000  0.0533
 27.50   11708   25.63  1.8547 38.0301  0.0000  0.0381
 28.50    6600   23.44  1.9891 42.9862  0.0000  0.0270
 29.50    5066   23.26  2.1400 42.7291  0.0000  0.0143
 30.50    1259   22.39  2.3446 44.9557  0.0000  0.0081
 31.50     868   15.35  2.4832 88.1497  0.0000  0.0026
 32.50      72    8.63  2.8005 167.1062  0.0000  0.0012
 33.50       0    0.00  0.0000  0.0000  0.0000  0.0000
 34.50       0    0.00  0.0000  0.0000  0.0000  0.0000
 35.50       0    0.00  0.0000  0.0000  0.0000  0.0000
