  0.50    6146   19.09  0.0215 43.1643  0.0004  0.3864
  1.50   12250   18.85  0.0532 43.8042  0.0004  0.3894
  2.50   31127   19.14  0.0860 43.0343  0.0004  0.3931
  3.50   31481   19.11  0.1191 43.1305  0.0004  0.3905
  4.50   44347   19.14  0.1513 43.0513  0.0004  0.4001
  5.50   51029   19.14  0.1820 43.0444  0.0004  0.3879
  6.50   72056   19.15  0.2181 43.0544  0.0004  0.4053
  7.50   86595   19.15  0.2535 43.0680  0.0004  0.4144
  8.50   82302   19.27  0.2873 42.7618  0.0004  0.4118
  9.50  105331   19.29  0.3212 42.7362  0.0004  0.4224
 10.50  122762   19.49  0.3576 42.2174  0.0004  0.4306
 11.50  119526   19.59  0.3930 41.9860  0.0005  0.4403
 12.50  177020   19.79  0.4315 41.5063  0.0005  0.4419
 13.50  151289   19.95  0.4724 41.1304  0.0005  0.4607
 14.50  206804   20.09  0.5119 40.8236  0.0005  0.4700
 15.50  205433   20.36  0.5550 40.2017  0.0005  0.4842
 16.50  222860   20.58  0.5961 39.7205  0.0005  0.4988
 17.50  250865   20.79  0.6395 39.2547  0.0005  0.4955
 18.50  252119   21.10  0.6841 38.5850  0.0005  0.5080
 19.50  357070   21.45  0.7340 37.8778  0.0005  0.5188
 20.50  355169   21.72  0.7885 37.3230  0.0006  0.5561
 21.50  372296   22.14  0.8433 36.4973  0.0006  0.5686
 22.50  403976   22.53  0.8975 35.7651  0.0006  0.5905
 23.50  437335   22.93  0.9538 35.0327  0.0006  0.6078
 24.50  434802   23.35  1.0152 34.2981  0.0006  0.6028
 25.50  278027   23.67  1.0824 33.7407  0.0006  0.6257
 26.50  276509   24.12  1.1505 32.9881  0.0006  0.6322
 27.50  227416   24.59  1.2215 32.2174  0.0007  0.6368
 28.50  172590   24.88  1.2957 31.7632  0.0006  0.6294
 29.50  192901   25.22  1.3761 31.2067  0.0006  0.6196
 30.50   82330   25.45  1.4612 30.8443  0.0006  0.6041
 31.50  113579   25.45  1.5484 30.7901  0.0006  0.5516
 32.50   31393   25.41  1.6541 30.7740  0.0005  0.5231
 33.50   15143   25.14  1.7233 31.1148  0.0005  0.4826
 34.50       0    0.00  0.0000  0.0000  0.0000  0.0000
 35.50       0    0.00  0.0000  0.0000  0.0000  0.0000
