  0.50    4054   44.71  0.0361 18.5874  0.0004  0.5428
  1.50    8200   44.75  0.0851 18.5703  0.0004  0.5499
  2.50   20950   45.53  0.1433 18.1078  0.0004  0.5597
  3.50   21381   45.12  0.1973 18.3724  0.0005  0.5715
  4.50   30136   45.38  0.2503 18.2051  0.0004  0.5662
  5.50   35572   45.40  0.3046 18.2124  0.0005  0.5788
  6.50   51190   45.86  0.3638 17.9643  0.0005  0.5879
  7.50   62327   46.02  0.4296 17.8738  0.0005  0.5942
  8.50   60303   46.27  0.4921 17.7461  0.0005  0.5993
  9.50   79449   47.16  0.5548 17.2576  0.0005  0.6317
 10.50   94078   47.40  0.6215 17.1398  0.0005  0.6586
 11.50   92794   47.88  0.6917 16.8937  0.0005  0.6681
 12.50  140023   48.28  0.7666 16.6856  0.0005  0.6841
 13.50  121817   48.67  0.8469 16.4888  0.0006  0.7086
 14.50  166905   48.71  0.9273 16.4776  0.0006  0.6999
 15.50  166656   48.73  1.0094 16.4620  0.0006  0.7248
 16.50  176009   48.29  1.0926 16.6760  0.0006  0.7139
 17.50  191762   48.01  1.1779 16.8028  0.0005  0.6759
 18.50  181700   47.25  1.2651 17.1798  0.0005  0.6225
 19.50  233968   46.17  1.3585 17.7210  0.0004  0.5520
 20.50  199237   44.25  1.4677 18.7513  0.0003  0.4386
 21.50  167700   42.09  1.5780 19.9858  0.0003  0.3183
 22.50  132226   39.80  1.7020 21.3720  0.0002  0.2018
 23.50   89017   37.14  1.8449 23.1168  0.0001  0.0936
 24.50   41554   34.52  2.0091 24.8751  0.0000  0.0258
 25.50    7092   31.96  2.1945 26.4134  0.0000  0.0081
 26.50    1143   30.02  2.3432 27.3538  0.0000  0.0013
 27.50      53   26.19  2.4466 32.2394  0.0000  0.0008
 28.50       0    0.00  0.0000  0.0000  0.0000  0.0000
 29.50       0    0.00  0.0000  0.0000  0.0000  0.0000
 30.50       0    0.00  0.0000  0.0000  0.0000  0.0000
 31.50       0    0.00  0.0000  0.0000  0.0000  0.0000
 32.50       0    0.00  0.0000  0.0000  0.0000  0.0000
 33.50       0    0.00  0.0000  0.0000  0.0000  0.0000
 34.50       0    0.00  0.0000  0.0000  0.0000  0.0000
 35.50       0    0.00  0.0000  0.0000  0.0000  0.0000
