  0.50  212678   59.13  0.0457  1.9016  0.0226  5.8825
  1.50  427764   59.07  0.1048  1.9068  0.0226  5.8738
  2.50 1080687   59.21  0.1750  1.8974  0.0227  5.9196
  3.50 1099065   59.46  0.2464  1.8816  0.0228  5.9548
  4.50 1573282   59.77  0.3120  1.8639  0.0229  5.9962
  5.50 1837925   60.13  0.3800  1.8381  0.0229  6.0307
  6.50 2606230   60.48  0.4560  1.8168  0.0232  6.1229
  7.50 3195964   60.94  0.5401  1.7875  0.0234  6.2117
  8.50 3066182   61.38  0.6233  1.7588  0.0236  6.2837
  9.50 3991122   61.84  0.7076  1.7282  0.0238  6.3766
 10.50 4730681   62.29  0.8032  1.6957  0.0239  6.4418
 11.50 4646407   62.71  0.8993  1.6620  0.0239  6.4708
 12.50 6990941   63.09  1.0102  1.6261  0.0239  6.5013
 13.50 6034030   63.33  1.1312  1.5930  0.0237  6.4973
 14.50 8221543   63.35  1.2573  1.5649  0.0231  6.3438
 15.50 8110544   63.10  1.3978  1.5407  0.0224  6.1439
 16.50 8572327   62.62  1.5444  1.5198  0.0214  5.8295
 17.50 9250400   61.72  1.7009  1.5116  0.0199  5.3921
 18.50 8761024   60.50  1.8711  1.5088  0.0178  4.7561
 19.50 11282710   58.65  2.0789  1.5175  0.0155  4.0603
 20.50 9831820   56.07  2.3272  1.5461  0.0122  3.0971
 21.50 8771663   52.91  2.6025  1.6027  0.0094  2.3117
 22.50 7731511   49.26  2.9105  1.6861  0.0068  1.5844
 23.50 6401240   44.85  3.2741  1.8248  0.0045  0.9890
 24.50 4431906   39.67  3.6946  2.0466  0.0025  0.5265
 25.50 1649017   33.68  4.1533  2.3788  0.0015  0.3055
 26.50  801015   28.24  4.5020  2.7419  0.0007  0.1386
 27.50  236404   22.85  4.7544  3.2336  0.0002  0.0437
 28.50   47198   17.34  5.0890  4.3003  0.0000  0.0077
 29.50    7932   11.39  6.0664  7.3911  0.0000  0.0002
 30.50       0    0.00  0.0000  0.0000  0.0000  0.0000
 31.50       0    0.00  0.0000  0.0000  0.0000  0.0000
 32.50       0    0.00  0.0000  0.0000  0.0000  0.0000
 33.50       0    0.00  0.0000  0.0000  0.0000  0.0000
 34.50       0    0.00  0.0000  0.0000  0.0000  0.0000
 35.50       0    0.00  0.0000  0.0000  0.0000  0.0000
