  0.50     519   18.54  0.0268 62.0469  0.0000  0.0491
  1.50    1096   19.07  0.0519 60.1517  0.0000  0.0523
  2.50    2706   18.83  0.0854 60.9959  0.0000  0.0531
  3.50    2720   18.70  0.1203 61.5305  0.0000  0.0546
  4.50    3834   18.98  0.1495 60.4987  0.0000  0.0508
  5.50    4367   18.76  0.1839 61.2546  0.0000  0.0500
  6.50    6295   18.98  0.2149 60.5186  0.0000  0.0478
  7.50    7698   19.26  0.2551 59.4990  0.0000  0.0563
  8.50    7098   19.29  0.2911 59.3397  0.0000  0.0545
  9.50    9243   19.29  0.3256 59.4701  0.0000  0.0536
 10.50   10623   19.52  0.3604 58.5728  0.0000  0.0561
 11.50   10375   19.77  0.3974 57.7435  0.0000  0.0592
 12.50   15293   19.83  0.4397 57.5390  0.0000  0.0576
 13.50   13319   20.57  0.4811 55.1450  0.0000  0.0636
 14.50   18005   20.43  0.5219 55.6073  0.0000  0.0648
 15.50   17999   20.68  0.5643 54.8376  0.0000  0.0654
 16.50   19717   20.96  0.6108 53.9781  0.0000  0.0654
 17.50   22243   21.33  0.6525 52.8960  0.0001  0.0677
 18.50   21980   21.88  0.7020 51.2902  0.0001  0.0707
 19.50   31660   22.37  0.7527 50.0013  0.0001  0.0709
 20.50   31177   22.92  0.8089 48.5671  0.0001  0.0750
 21.50   32639   23.29  0.8655 47.6440  0.0001  0.0719
 22.50   35365   23.82  0.9207 46.3600  0.0001  0.0812
 23.50   37908   24.38  0.9769 45.0986  0.0001  0.0810
 24.50   37027   25.05  1.0428 43.6135  0.0001  0.0814
 25.50   23278   25.56  1.1111 42.5349  0.0001  0.0830
 26.50   22583   25.99  1.1801 41.6583  0.0001  0.0812
 27.50   18240   26.42  1.2505 40.7702  0.0001  0.0738
 28.50   12963   26.53  1.3301 40.4872  0.0001  0.0714
 29.50   13655   26.24  1.4120 41.0137  0.0000  0.0617
 30.50    5226   26.82  1.5062 39.7568  0.0000  0.0545
 31.50    6595   26.40  1.6112 40.3901  0.0000  0.0421
 32.50    1478   25.14  1.7101 42.7503  0.0000  0.0350
 33.50     638   26.79  1.8629 39.1118  0.0000  0.0288
 34.50       0    0.00  0.0000  0.0000  0.0000  0.0000
 35.50       0    0.00  0.0000  0.0000  0.0000  0.0000
