  0.50     235   21.85  0.0189 52.3355  0.0000  0.0241
  1.50     485   20.20  0.0539 57.7837  0.0000  0.0248
  2.50    1162   20.73  0.0918 56.4643  0.0000  0.0216
  3.50    1168   19.93  0.1316 58.7795  0.0000  0.0239
  4.50    1659   20.78  0.1634 56.0616  0.0000  0.0263
  5.50    1914   20.39  0.2010 57.9411  0.0000  0.0243
  6.50    2644   20.18  0.2359 58.1387  0.0000  0.0222
  7.50    3241   20.84  0.2752 55.9857  0.0000  0.0231
  8.50    3113   21.75  0.3183 53.2146  0.0000  0.0235
  9.50    3980   21.08  0.3542 55.2728  0.0000  0.0249
 10.50    4710   22.35  0.3959 51.4189  0.0000  0.0259
 11.50    4566   22.03  0.4367 52.4170  0.0000  0.0270
 12.50    7040   22.15  0.4822 51.9827  0.0000  0.0305
 13.50    6120   23.44  0.5267 48.3941  0.0000  0.0306
 14.50    8528   23.28  0.5729 48.8803  0.0000  0.0316
 15.50    8616   24.35  0.6263 46.1166  0.0000  0.0323
 16.50    9538   24.24  0.6728 46.5373  0.0000  0.0338
 17.50   10930   24.79  0.7277 45.2602  0.0000  0.0342
 18.50   11271   25.51  0.7798 43.5482  0.0000  0.0366
 19.50   16355   26.51  0.8394 41.4451  0.0000  0.0418
 20.50   16478   26.60  0.9072 41.3225  0.0000  0.0436
 21.50   17955   27.42  0.9694 39.7701  0.0000  0.0456
 22.50   19307   28.11  1.0358 38.5712  0.0000  0.0477
 23.50   21006   28.47  1.1060 37.8769  0.0000  0.0464
 24.50   20197   29.09  1.1810 36.7822  0.0000  0.0462
 25.50   12526   29.69  1.2647 35.7394  0.0000  0.0476
 26.50   12066   29.98  1.3483 35.2712  0.0000  0.0423
 27.50    9123   30.09  1.4320 35.0567  0.0000  0.0389
 28.50    6453   30.01  1.5220 35.0192  0.0000  0.0335
 29.50    6545   30.30  1.6286 34.4366  0.0000  0.0292
 30.50    2276   30.35  1.7477 34.1626  0.0000  0.0243
 31.50    2622   28.31  1.8618 37.4340  0.0000  0.0156
 32.50     503   25.30  2.0227 42.7808  0.0000  0.0110
 33.50     174   32.53  2.1027 29.7691  0.0000  0.0078
 34.50       0    0.00  0.0000  0.0000  0.0000  0.0000
 35.50       0    0.00  0.0000  0.0000  0.0000  0.0000
