  0.50    1553   20.77  0.0264 46.7003  0.0001  0.1255
  1.50    3118   20.78  0.0569 46.6915  0.0001  0.1224
  2.50    7578   20.68  0.0889 46.9499  0.0001  0.1279
  3.50    7850   21.06  0.1237 45.9547  0.0001  0.1227
  4.50   10890   20.92  0.1580 46.3100  0.0001  0.1245
  5.50   12951   20.83  0.1915 46.5933  0.0001  0.1252
  6.50   17894   20.87  0.2258 46.4699  0.0001  0.1292
  7.50   21563   21.04  0.2638 46.0636  0.0001  0.1286
  8.50   20331   21.10  0.3021 45.8913  0.0001  0.1281
  9.50   25977   21.12  0.3369 45.8528  0.0001  0.1333
 10.50   30243   21.34  0.3735 45.3143  0.0001  0.1338
 11.50   29343   21.57  0.4125 44.7818  0.0001  0.1366
 12.50   43436   21.76  0.4535 44.3187  0.0001  0.1448
 13.50   36975   21.80  0.4959 44.2437  0.0001  0.1427
 14.50   50837   22.22  0.5397 43.2506  0.0001  0.1434
 15.50   51121   22.49  0.5849 42.6653  0.0001  0.1563
 16.50   55330   22.74  0.6300 42.1234  0.0001  0.1618
 17.50   62450   22.98  0.6776 41.6269  0.0001  0.1557
 18.50   62271   23.26  0.7244 41.0155  0.0001  0.1666
 19.50   87858   23.66  0.7796 40.2063  0.0001  0.1664
 20.50   87070   24.17  0.8395 39.1927  0.0001  0.1689
 21.50   91596   24.57  0.8981 38.4408  0.0002  0.1763
 22.50   98287   25.02  0.9558 37.6070  0.0002  0.1811
 23.50  105355   25.33  1.0182 37.0557  0.0002  0.1849
 24.50  103640   25.96  1.0830 35.9637  0.0002  0.1872
 25.50   64740   26.34  1.1544 35.3172  0.0002  0.1877
 26.50   63158   26.71  1.2256 34.6909  0.0002  0.1845
 27.50   50858   26.77  1.3038 34.5867  0.0002  0.1766
 28.50   37039   27.03  1.3846 34.1352  0.0001  0.1659
 29.50   39081   27.14  1.4727 33.8589  0.0001  0.1480
 30.50   15228   26.40  1.5648 34.9509  0.0001  0.1349
 31.50   19133   26.21  1.6701 35.1311  0.0001  0.1089
 32.50    4561   25.10  1.8060 36.8222  0.0001  0.0881
 33.50    1885   24.50  1.9030 37.7125  0.0001  0.0712
 34.50       0    0.00  0.0000  0.0000  0.0000  0.0000
 35.50       0    0.00  0.0000  0.0000  0.0000  0.0000
