  0.50    2890   33.76  0.0330 27.1540  0.0003  0.3261
  1.50    5753   33.43  0.0712 27.5225  0.0003  0.3252
  2.50   14475   33.53  0.1172 27.4077  0.0003  0.3305
  3.50   14827   33.62  0.1688 27.3321  0.0003  0.3248
  4.50   21106   33.47  0.2098 27.5086  0.0003  0.3341
  5.50   24291   33.92  0.2537 27.0036  0.0003  0.3347
  6.50   34575   33.80  0.3027 27.1575  0.0003  0.3382
  7.50   42518   34.06  0.3543 26.9132  0.0003  0.3479
  8.50   40739   34.32  0.4071 26.6469  0.0003  0.3642
  9.50   52597   34.59  0.4557 26.3799  0.0003  0.3647
 10.50   62539   35.02  0.5104 25.9631  0.0003  0.3766
 11.50   61607   35.46  0.5644 25.5443  0.0003  0.3839
 12.50   93405   35.92  0.6258 25.1324  0.0003  0.4001
 13.50   80711   36.34  0.6902 24.7432  0.0003  0.4129
 14.50  111968   37.01  0.7538 24.1430  0.0003  0.4175
 15.50  113674   37.53  0.8239 23.7031  0.0004  0.4414
 16.50  124621   38.05  0.8927 23.2634  0.0004  0.4548
 17.50  140617   38.35  0.9631 23.0173  0.0004  0.4636
 18.50  140898   38.82  1.0352 22.6342  0.0004  0.4690
 19.50  194758   38.81  1.1148 22.6280  0.0004  0.4594
 20.50  186634   39.01  1.2032 22.4488  0.0004  0.4534
 21.50  185978   38.95  1.2918 22.4631  0.0003  0.4251
 22.50  186553   38.61  1.3779 22.6912  0.0003  0.3777
 23.50  180351   37.85  1.4720 23.2382  0.0003  0.3282
 24.50  150766   36.52  1.5747 24.2454  0.0002  0.2516
 25.50   73906   34.73  1.6991 25.7235  0.0002  0.1925
 26.50   51210   33.12  1.8349 27.0974  0.0001  0.1289
 27.50   24378   31.82  1.9994 28.0249  0.0001  0.0655
 28.50    7955   29.82  2.1862 29.7749  0.0000  0.0195
 29.50    2307   28.71  2.3803 30.0603  0.0000  0.0023
 30.50     109   27.43  2.6083 30.9231  0.0000  0.0006
 31.50       0    0.00  0.0000  0.0000  0.0000  0.0000
 32.50       0    0.00  0.0000  0.0000  0.0000  0.0000
 33.50       0    0.00  0.0000  0.0000  0.0000  0.0000
 34.50       0    0.00  0.0000  0.0000  0.0000  0.0000
 35.50       0    0.00  0.0000  0.0000  0.0000  0.0000
