  0.50   67803   29.15  0.0298  4.1349  0.0048  0.9194
  1.50  136340   29.27  0.0678  4.1127  0.0048  0.9258
  2.50  344219   29.34  0.1120  4.1006  0.0048  0.9268
  3.50  347176   29.38  0.1569  4.0951  0.0049  0.9386
  4.50  491169   29.61  0.1982  4.0486  0.0049  0.9499
  5.50  569745   29.68  0.2404  4.0379  0.0049  0.9452
  6.50  798850   29.93  0.2860  3.9919  0.0049  0.9590
  7.50  964289   30.15  0.3361  3.9507  0.0050  0.9728
  8.50  914877   30.38  0.3845  3.9149  0.0050  0.9851
  9.50 1171020   30.63  0.4313  3.8691  0.0051  0.9928
 10.50 1366899   31.01  0.4833  3.8017  0.0051  1.0062
 11.50 1332643   31.30  0.5343  3.7558  0.0052  1.0280
 12.50 1987665   31.67  0.5910  3.6954  0.0053  1.0580
 13.50 1708725   32.07  0.6523  3.6298  0.0054  1.0730
 14.50 2348997   32.53  0.7132  3.5577  0.0055  1.0949
 15.50 2370087   33.01  0.7804  3.4850  0.0056  1.1261
 16.50 2590824   33.47  0.8486  3.4170  0.0057  1.1494
 17.50 2941365   33.98  0.9191  3.3412  0.0058  1.1803
 18.50 2986320   34.51  0.9929  3.2645  0.0059  1.2141
 19.50 4261097   35.06  1.0784  3.1876  0.0061  1.2494
 20.50 4279040   35.69  1.1766  3.0975  0.0062  1.2782
 21.50 4552256   36.28  1.2755  3.0179  0.0063  1.3178
 22.50 4977854   36.82  1.3773  2.9432  0.0064  1.3539
 23.50 5427542   37.37  1.4885  2.8643  0.0065  1.3789
 24.50 5407272   37.86  1.6143  2.7895  0.0064  1.3720
 25.50 3460885   38.30  1.7594  2.7167  0.0063  1.3590
 26.50 3430483   38.58  1.9057  2.6571  0.0062  1.3371
 27.50 2804103   38.71  2.0691  2.6086  0.0060  1.2771
 28.50 2101081   38.60  2.2430  2.5786  0.0056  1.1948
 29.50 2300959   38.22  2.4475  2.5642  0.0051  1.0728
 30.50  948082   37.59  2.6703  2.5693  0.0047  1.0007
 31.50 1279441   36.59  2.9101  2.6095  0.0040  0.8304
 32.50  340232   34.94  3.2178  2.7124  0.0036  0.7335
 33.50  159349   33.59  3.4449  2.8190  0.0031  0.6319
 34.50       0    0.00  0.0000  0.0000  0.0000  0.0000
 35.50       0    0.00  0.0000  0.0000  0.0000  0.0000
