  0.50     217   21.58  0.0243 60.0664  0.0000  0.0253
  1.50     415   24.72  0.0546 50.9290  0.0000  0.0235
  2.50    1084   22.59  0.0900 57.0693  0.0000  0.0271
  3.50    1085   23.66  0.1253 53.8398  0.0000  0.0271
  4.50    1480   22.30  0.1649 58.0676  0.0000  0.0213
  5.50    1651   22.41  0.1933 57.6769  0.0000  0.0261
  6.50    2425   22.55  0.2301 57.1866  0.0000  0.0237
  7.50    2883   23.05  0.2725 55.6395  0.0000  0.0252
  8.50    2738   23.38  0.3077 54.6463  0.0000  0.0246
  9.50    3666   23.84  0.3451 53.3326  0.0000  0.0296
 10.50    4216   23.93  0.3883 53.2731  0.0000  0.0273
 11.50    4027   23.41  0.4226 54.6590  0.0000  0.0291
 12.50    6080   24.31  0.4717 52.3392  0.0000  0.0262
 13.50    5321   24.80  0.5175 50.9081  0.0000  0.0299
 14.50    7078   25.08  0.5639 50.2019  0.0000  0.0304
 15.50    7273   25.76  0.6124 48.6324  0.0000  0.0283
 16.50    7742   26.09  0.6642 47.9138  0.0000  0.0313
 17.50    8985   26.16  0.7092 47.7274  0.0000  0.0367
 18.50    9165   26.79  0.7643 46.3749  0.0000  0.0315
 19.50   12982   27.45  0.8183 44.9673  0.0000  0.0380
 20.50   12852   27.93  0.8858 43.9569  0.0000  0.0360
 21.50   13663   28.35  0.9495 43.1789  0.0000  0.0386
 22.50   14493   29.35  1.0101 41.3150  0.0000  0.0411
 23.50   15298   29.56  1.0816 40.9094  0.0000  0.0432
 24.50   14581   30.52  1.1509 39.1264  0.0000  0.0384
 25.50    9182   30.67  1.2288 38.9316  0.0000  0.0380
 26.50    8419   30.65  1.3081 38.8565  0.0000  0.0345
 27.50    6222   30.61  1.3849 38.8465  0.0000  0.0291
 28.50    4385   30.54  1.4855 38.8275  0.0000  0.0250
 29.50    4042   30.60  1.5824 38.6042  0.0000  0.0186
 30.50    1441   31.18  1.6984 37.3011  0.0000  0.0145
 31.50    1441   29.75  1.8207 39.5345  0.0000  0.0100
 32.50     235   23.70  1.9648 52.2760  0.0000  0.0061
 33.50      69   18.42  2.1192 70.4690  0.0000  0.0034
 34.50       0    0.00  0.0000  0.0000  0.0000  0.0000
 35.50       0    0.00  0.0000  0.0000  0.0000  0.0000
