  0.50    1616   83.00  0.0571  8.2285  0.0002  0.4064
  1.50    3345   86.25  0.1164  7.5073  0.0002  0.4145
  2.50    8578   86.74  0.2007  7.4132  0.0003  0.4261
  3.50    8960   87.68  0.2828  7.2353  0.0003  0.4457
  4.50   12644   86.56  0.3583  7.4618  0.0003  0.4547
  5.50   14903   87.79  0.4333  7.1979  0.0003  0.4446
  6.50   20943   86.88  0.5206  7.3900  0.0003  0.4567
  7.50   25988   86.30  0.6205  7.5255  0.0003  0.4426
  8.50   24165   86.51  0.7053  7.4527  0.0003  0.4414
  9.50   30770   83.71  0.7948  8.0887  0.0003  0.4294
 10.50   34588   81.62  0.8899  8.5332  0.0003  0.4383
 11.50   31280   78.75  0.9867  9.2030  0.0002  0.3807
 12.50   43066   75.22  1.0806 10.0928  0.0002  0.3327
 13.50   32162   71.13  1.1869 11.2032  0.0002  0.2700
 14.50   36731   67.03  1.2810 12.4175  0.0001  0.2113
 15.50   27517   61.91  1.3881 14.1374  0.0001  0.1390
 16.50   19577   56.41  1.5003 16.2674  0.0000  0.0730
 17.50   11446   51.48  1.6263 18.3315  0.0000  0.0255
 18.50    4032   46.45  1.7506 20.7584  0.0000  0.0046
 19.50     987   40.38  1.8991 24.7064  0.0000  0.0013
 20.50       0    0.00  0.0000  0.0000  0.0000  0.0000
 21.50       0    0.00  0.0000  0.0000  0.0000  0.0000
 22.50       0    0.00  0.0000  0.0000  0.0000  0.0000
 23.50       0    0.00  0.0000  0.0000  0.0000  0.0000
 24.50       0    0.00  0.0000  0.0000  0.0000  0.0000
 25.50       0    0.00  0.0000  0.0000  0.0000  0.0000
 26.50       0    0.00  0.0000  0.0000  0.0000  0.0000
 27.50       0    0.00  0.0000  0.0000  0.0000  0.0000
 28.50       0    0.00  0.0000  0.0000  0.0000  0.0000
 29.50       0    0.00  0.0000  0.0000  0.0000  0.0000
 30.50       0    0.00  0.0000  0.0000  0.0000  0.0000
 31.50       0    0.00  0.0000  0.0000  0.0000  0.0000
 32.50       0    0.00  0.0000  0.0000  0.0000  0.0000
 33.50       0    0.00  0.0000  0.0000  0.0000  0.0000
 34.50       0    0.00  0.0000  0.0000  0.0000  0.0000
 35.50       0    0.00  0.0000  0.0000  0.0000  0.0000
