  0.50   28054   29.27  0.0295 13.5065  0.0022  1.2032
  1.50   57016   29.21  0.0677 13.5631  0.0022  1.2160
  2.50  143484   29.29  0.1120 13.5150  0.0023  1.2330
  3.50  145195   29.45  0.1575 13.4176  0.0023  1.2362
  4.50  206938   29.54  0.1988 13.3697  0.0023  1.2518
  5.50  238593   29.67  0.2411 13.2935  0.0023  1.2390
  6.50  336127   29.72  0.2872 13.2755  0.0023  1.2721
  7.50  408934   30.02  0.3373 13.1099  0.0024  1.2910
  8.50  388730   30.13  0.3849 13.0543  0.0024  1.3102
  9.50  500978   30.48  0.4316 12.8655  0.0025  1.3377
 10.50  586782   30.77  0.4832 12.7085  0.0025  1.3528
 11.50  574266   30.97  0.5335 12.6122  0.0026  1.3916
 12.50  861516   31.39  0.5896 12.3986  0.0026  1.4177
 13.50  743707   31.81  0.6502 12.1838  0.0027  1.4570
 14.50 1027579   32.26  0.7107 11.9648  0.0027  1.4897
 15.50 1037137   32.75  0.7772 11.7312  0.0028  1.5229
 16.50 1133748   33.25  0.8441 11.4946  0.0028  1.5473
 17.50 1288805   33.75  0.9136 11.2684  0.0029  1.6073
 18.50 1303660   34.26  0.9861 11.0382  0.0030  1.6393
 19.50 1844272   34.88  1.0695 10.7612  0.0030  1.6646
 20.50 1829285   35.49  1.1625 10.4977  0.0031  1.6869
 21.50 1907167   35.95  1.2557 10.2921  0.0031  1.7009
 22.50 2034133   36.36  1.3500 10.1087  0.0031  1.7029
 23.50 2145248   36.61  1.4498  9.9865  0.0030  1.6564
 24.50 2042408   36.72  1.5562  9.8991  0.0028  1.5676
 25.50 1230077   36.50  1.6783  9.9295  0.0027  1.4729
 26.50 1136910   36.16  1.7991  9.9906  0.0024  1.3534
 27.50  847929   35.43  1.9307 10.1939  0.0021  1.1731
 28.50  568294   34.45  2.0709 10.4897  0.0018  0.9626
 29.50  535273   33.08  2.2329 10.9413  0.0013  0.7092
 30.50  180347   31.36  2.4140 11.5664  0.0011  0.5834
 31.50  184056   29.49  2.6144 12.2816  0.0006  0.3218
 32.50   29906   26.87  2.8516 13.4163  0.0004  0.2082
 33.50    8636   25.25  3.0165 14.0952  0.0002  0.1151
 34.50       0    0.00  0.0000  0.0000  0.0000  0.0000
 35.50       0    0.00  0.0000  0.0000  0.0000  0.0000
