  0.50  125420   92.60  0.0583  2.1754  0.0190 12.5157
  1.50  253019   92.95  0.1305  2.1502  0.0190 12.5675
  2.50  644186   93.12  0.2173  2.1404  0.0193 12.7692
  3.50  660118   92.94  0.3085  2.1566  0.0194 12.8097
  4.50  945781   92.81  0.3933  2.1633  0.0194 12.8737
  5.50 1110053   92.60  0.4802  2.1741  0.0196 12.9589
  6.50 1573834   92.05  0.5795  2.2068  0.0193 12.7655
  7.50 1905759   90.98  0.6893  2.2660  0.0190 12.5389
  8.50 1785009   89.62  0.7967  2.3398  0.0185 12.1553
  9.50 2250895   87.91  0.9049  2.4373  0.0179 11.7298
 10.50 2530290   85.38  1.0237  2.5882  0.0168 10.8989
 11.50 2331142   82.47  1.1437  2.7744  0.0153  9.8748
 12.50 3202898   78.68  1.2778  3.0337  0.0132  8.3370
 13.50 2449429   74.17  1.4214  3.3728  0.0112  6.9778
 14.50 2880311   69.20  1.5658  3.7930  0.0090  5.5350
 15.50 2336592   63.54  1.7250  4.3354  0.0068  4.0575
 16.50 1911659   57.66  1.8896  4.9810  0.0045  2.6204
 17.50 1436057   51.59  2.0622  5.7397  0.0025  1.4174
 18.50  787942   45.78  2.2380  6.5041  0.0010  0.5650
 19.50  410718   39.89  2.4224  7.2515  0.0003  0.1494
 20.50   83872   33.12  2.6121  8.4509  0.0000  0.0177
 21.50   11472   25.43  2.9237 11.4235  0.0000  0.0012
 22.50     714   19.12  3.3776 17.0542  0.0000  0.0006
 23.50       0    0.00  0.0000  0.0000  0.0000  0.0000
 24.50       0    0.00  0.0000  0.0000  0.0000  0.0000
 25.50       0    0.00  0.0000  0.0000  0.0000  0.0000
 26.50       0    0.00  0.0000  0.0000  0.0000  0.0000
 27.50       0    0.00  0.0000  0.0000  0.0000  0.0000
 28.50       0    0.00  0.0000  0.0000  0.0000  0.0000
 29.50       0    0.00  0.0000  0.0000  0.0000  0.0000
 30.50       0    0.00  0.0000  0.0000  0.0000  0.0000
 31.50       0    0.00  0.0000  0.0000  0.0000  0.0000
 32.50       0    0.00  0.0000  0.0000  0.0000  0.0000
 33.50       0    0.00  0.0000  0.0000  0.0000  0.0000
 34.50       0    0.00  0.0000  0.0000  0.0000  0.0000
 35.50       0    0.00  0.0000  0.0000  0.0000  0.0000
