  0.50   21002   53.48  0.0425 11.6870  0.0023  2.3889
  1.50   42063   53.89  0.0933 11.5404  0.0023  2.3872
  2.50  106472   53.44  0.1553 11.7067  0.0023  2.3924
  3.50  109245   53.46  0.2188 11.7125  0.0024  2.4249
  4.50  157601   53.51  0.2776 11.7123  0.0024  2.4699
  5.50  183808   53.65  0.3368 11.6631  0.0025  2.5434
  6.50  262809   53.76  0.4009 11.6433  0.0025  2.5882
  7.50  322486   53.92  0.4729 11.6013  0.0025  2.5832
  8.50  309994   54.17  0.5423 11.5257  0.0026  2.6272
  9.50  407712   54.23  0.6123 11.5249  0.0027  2.7314
 10.50  482268   54.46  0.6886 11.4519  0.0027  2.7509
 11.50  475151   54.55  0.7639 11.4338  0.0028  2.8283
 12.50  714368   54.44  0.8480 11.4747  0.0028  2.8806
 13.50  614617   54.42  0.9397 11.4811  0.0028  2.8805
 14.50  835412   53.95  1.0279 11.6372  0.0028  2.8327
 15.50  819845   53.17  1.1243 11.8927  0.0027  2.8176
 16.50  859937   52.19  1.2218 12.2184  0.0026  2.6504
 17.50  916233   50.81  1.3177 12.6917  0.0024  2.4693
 18.50  850171   49.15  1.4164 13.2906  0.0022  2.2100
 19.50 1056973   46.84  1.5291 14.1772  0.0018  1.8511
 20.50  860308   43.97  1.6559 15.3807  0.0013  1.3295
 21.50  682885   40.86  1.7881 16.8296  0.0009  0.8905
 22.50  486519   37.75  1.9311 18.4014  0.0005  0.4665
 23.50  278190   34.49  2.0892 20.2223  0.0002  0.1711
 24.50  102161   31.41  2.2551 21.9646  0.0000  0.0358
 25.50   11594   27.50  2.4100 24.7517  0.0000  0.0081
 26.50    1349   23.71  2.5708 29.5813  0.0000  0.0010
 27.50      37   15.69  2.6992 47.8770  0.0000  0.0004
 28.50       0    0.00  0.0000  0.0000  0.0000  0.0000
 29.50       0    0.00  0.0000  0.0000  0.0000  0.0000
 30.50       0    0.00  0.0000  0.0000  0.0000  0.0000
 31.50       0    0.00  0.0000  0.0000  0.0000  0.0000
 32.50       0    0.00  0.0000  0.0000  0.0000  0.0000
 33.50       0    0.00  0.0000  0.0000  0.0000  0.0000
 34.50       0    0.00  0.0000  0.0000  0.0000  0.0000
 35.50       0    0.00  0.0000  0.0000  0.0000  0.0000
