  0.50    2109   68.56  0.0537 10.3375  0.0003  0.4053
  1.50    4259   67.72  0.1086 10.5990  0.0003  0.4059
  2.50   11070   68.34  0.1810 10.4419  0.0003  0.4178
  3.50   11205   68.41  0.2552 10.4210  0.0003  0.4267
  4.50   16312   68.46  0.3248 10.4199  0.0003  0.4427
  5.50   19352   68.90  0.3943 10.3053  0.0003  0.4439
  6.50   27415   69.35  0.4682 10.1722  0.0003  0.4621
  7.50   34303   69.37  0.5572 10.1960  0.0003  0.4515
  8.50   32538   69.30  0.6396 10.2035  0.0003  0.4669
  9.50   42304   69.04  0.7202 10.2933  0.0003  0.4496
 10.50   49353   68.70  0.8091 10.3807  0.0003  0.4597
 11.50   47596   67.70  0.8918 10.6802  0.0003  0.4586
 12.50   68814   66.26  0.9892 11.0978  0.0003  0.4396
 13.50   55798   64.01  1.0820 11.7852  0.0003  0.4001
 14.50   71252   61.68  1.1767 12.5442  0.0003  0.3732
 15.50   64224   58.88  1.2717 13.5211  0.0002  0.3313
 16.50   58358   55.68  1.3654 14.7211  0.0002  0.2486
 17.50   51704   52.05  1.4670 16.2254  0.0001  0.1732
 18.50   35949   47.82  1.5855 18.2207  0.0001  0.0936
 19.50   25976   42.97  1.7362 20.7524  0.0000  0.0339
 20.50    7972   39.36  1.8911 22.5133  0.0000  0.0051
 21.50    1314   35.29  2.0342 25.7656  0.0000  0.0013
 22.50      38   31.52  2.0774 41.2898  0.0000  0.0009
 23.50       0    0.00  0.0000  0.0000  0.0000  0.0000
 24.50       0    0.00  0.0000  0.0000  0.0000  0.0000
 25.50       0    0.00  0.0000  0.0000  0.0000  0.0000
 26.50       0    0.00  0.0000  0.0000  0.0000  0.0000
 27.50       0    0.00  0.0000  0.0000  0.0000  0.0000
 28.50       0    0.00  0.0000  0.0000  0.0000  0.0000
 29.50       0    0.00  0.0000  0.0000  0.0000  0.0000
 30.50       0    0.00  0.0000  0.0000  0.0000  0.0000
 31.50       0    0.00  0.0000  0.0000  0.0000  0.0000
 32.50       0    0.00  0.0000  0.0000  0.0000  0.0000
 33.50       0    0.00  0.0000  0.0000  0.0000  0.0000
 34.50       0    0.00  0.0000  0.0000  0.0000  0.0000
 35.50       0    0.00  0.0000  0.0000  0.0000  0.0000
