  0.50    5901   60.68  0.0449 11.9799  0.0007  0.9550
  1.50   11905   61.97  0.1012 11.5382  0.0007  0.9650
  2.50   29946   61.41  0.1671 11.7228  0.0007  0.9722
  3.50   30659   61.90  0.2403 11.5657  0.0007  0.9843
  4.50   43735   61.97  0.3034 11.5428  0.0008  1.0041
  5.50   51123   62.05  0.3687 11.5179  0.0008  1.0145
  6.50   72470   62.97  0.4436 11.2058  0.0007  0.9947
  7.50   87993   63.03  0.5252 11.1866  0.0008  1.0013
  8.50   84364   63.24  0.6052 11.1202  0.0008  1.0262
  9.50  108770   63.87  0.6868 10.9022  0.0008  1.0566
 10.50  125742   63.48  0.7755 11.0169  0.0008  1.0421
 11.50  120870   63.13  0.8641 11.1151  0.0008  1.0417
 12.50  174873   62.85  0.9645 11.1612  0.0008  1.0063
 13.50  141714   62.11  1.0701 11.3534  0.0007  0.9319
 14.50  177977   60.66  1.1771 11.7655  0.0007  0.8833
 15.50  157626   58.81  1.2950 12.3238  0.0006  0.7445
 16.50  144086   56.08  1.4103 13.2242  0.0004  0.5792
 17.50  129574   52.98  1.5334 14.3793  0.0003  0.4414
 18.50   96328   49.75  1.6596 15.6676  0.0002  0.2829
 19.50   86749   45.88  1.8127 17.4297  0.0001  0.1485
 20.50   43682   41.40  1.9918 19.7957  0.0000  0.0498
 21.50   17494   36.99  2.1735 22.6330  0.0000  0.0118
 22.50    5071   29.58  2.3639 31.2373  0.0000  0.0021
 23.50     701   20.37  2.5588 76.5427  0.0000  0.0006
 24.50       0    0.00  0.0000  0.0000  0.0000  0.0000
 25.50       0    0.00  0.0000  0.0000  0.0000  0.0000
 26.50       0    0.00  0.0000  0.0000  0.0000  0.0000
 27.50       0    0.00  0.0000  0.0000  0.0000  0.0000
 28.50       0    0.00  0.0000  0.0000  0.0000  0.0000
 29.50       0    0.00  0.0000  0.0000  0.0000  0.0000
 30.50       0    0.00  0.0000  0.0000  0.0000  0.0000
 31.50       0    0.00  0.0000  0.0000  0.0000  0.0000
 32.50       0    0.00  0.0000  0.0000  0.0000  0.0000
 33.50       0    0.00  0.0000  0.0000  0.0000  0.0000
 34.50       0    0.00  0.0000  0.0000  0.0000  0.0000
 35.50       0    0.00  0.0000  0.0000  0.0000  0.0000
