  0.50   22890   58.34  0.0456 10.2170  0.0027  2.7464
  1.50   45926   57.95  0.0970 10.3350  0.0027  2.7535
  2.50  117145   57.92  0.1625 10.3563  0.0027  2.7663
  3.50  120451   57.85  0.2304 10.3939  0.0028  2.8447
  4.50  173263   57.88  0.2910 10.3982  0.0028  2.8827
  5.50  201854   57.85  0.3522 10.4073  0.0028  2.9144
  6.50  290188   58.27  0.4212 10.3008  0.0029  2.9874
  7.50  355106   58.34  0.4956 10.2862  0.0029  2.9587
  8.50  343847   58.54  0.5705 10.2447  0.0029  3.0504
  9.50  449851   58.41  0.6439 10.2968  0.0031  3.1753
 10.50  532197   58.47  0.7237 10.2848  0.0031  3.1674
 11.50  522774   58.35  0.8039 10.3283  0.0031  3.2215
 12.50  784124   58.26  0.8934 10.3534  0.0032  3.2615
 13.50  667547   57.69  0.9877 10.5171  0.0031  3.1774
 14.50  901400   56.83  1.0805 10.7686  0.0031  3.1692
 15.50  872249   55.64  1.1832 11.1192  0.0029  3.0295
 16.50  897795   54.01  1.2826 11.6180  0.0027  2.8082
 17.50  933759   52.09  1.3843 12.2319  0.0024  2.5079
 18.50  840490   49.81  1.4880 13.0130  0.0021  2.1254
 19.50  995219   46.75  1.6063 14.1660  0.0016  1.6610
 20.50  743496   43.22  1.7457 15.6364  0.0010  1.0323
 21.50  513775   39.66  1.8913 17.2759  0.0006  0.5521
 22.50  297996   36.08  2.0479 19.1063  0.0002  0.2097
 23.50  121172   32.78  2.2065 20.8366  0.0000  0.0453
 24.50   27260   29.18  2.3547 23.0416  0.0000  0.0058
 25.50    1643   24.57  2.5060 27.4118  0.0000  0.0009
 26.50      69   21.77  2.6786 34.0536  0.0000  0.0005
 27.50       0    0.00  0.0000  0.0000  0.0000  0.0000
 28.50       0    0.00  0.0000  0.0000  0.0000  0.0000
 29.50       0    0.00  0.0000  0.0000  0.0000  0.0000
 30.50       0    0.00  0.0000  0.0000  0.0000  0.0000
 31.50       0    0.00  0.0000  0.0000  0.0000  0.0000
 32.50       0    0.00  0.0000  0.0000  0.0000  0.0000
 33.50       0    0.00  0.0000  0.0000  0.0000  0.0000
 34.50       0    0.00  0.0000  0.0000  0.0000  0.0000
 35.50       0    0.00  0.0000  0.0000  0.0000  0.0000
