  0.50    2017   27.96  0.0264 32.8514  0.0002  0.1915
  1.50    4012   27.29  0.0611 33.8558  0.0002  0.1890
  2.50   10176   28.03  0.1053 32.7576  0.0002  0.1971
  3.50   10110   27.52  0.1486 33.5154  0.0002  0.1908
  4.50   14824   27.95  0.1876 32.9052  0.0002  0.1979
  5.50   16867   28.19  0.2285 32.5363  0.0002  0.1931
  6.50   24130   27.87  0.2700 33.0559  0.0002  0.2112
  7.50   28767   28.04  0.3175 32.7939  0.0002  0.2015
  8.50   27519   28.28  0.3605 32.4801  0.0002  0.2146
  9.50   35411   28.24  0.4040 32.5364  0.0002  0.2094
 10.50   41510   28.61  0.4520 32.0291  0.0002  0.2125
 11.50   40313   28.92  0.4984 31.5986  0.0002  0.2162
 12.50   60808   29.23  0.5501 31.1901  0.0002  0.2287
 13.50   52899   29.49  0.6039 30.8810  0.0002  0.2401
 14.50   72373   29.89  0.6590 30.3686  0.0002  0.2351
 15.50   72507   30.28  0.7174 29.8736  0.0002  0.2444
 16.50   79603   30.82  0.7783 29.2292  0.0002  0.2499
 17.50   89743   31.23  0.8395 28.7462  0.0002  0.2553
 18.50   90184   31.48  0.8998 28.4637  0.0002  0.2566
 19.50  127005   31.99  0.9703 27.8826  0.0002  0.2632
 20.50  124924   32.52  1.0475 27.3079  0.0002  0.2709
 21.50  129727   32.85  1.1233 26.9493  0.0002  0.2761
 22.50  135990   32.88  1.1988 26.8945  0.0002  0.2714
 23.50  141155   32.91  1.2766 26.8594  0.0002  0.2583
 24.50  132395   32.74  1.3598 26.9758  0.0002  0.2334
 25.50   77342   32.36  1.4568 27.3124  0.0002  0.2199
 26.50   67328   31.40  1.5525 28.2799  0.0002  0.1914
 27.50   46975   30.67  1.6637 28.9937  0.0001  0.1560
 28.50   27883   29.02  1.7902 30.8719  0.0001  0.1078
 29.50   20979   27.78  1.9478 32.2596  0.0000  0.0576
 30.50    4968   26.49  2.1121 33.6061  0.0000  0.0367
 31.50    2967   24.80  2.2838 35.8182  0.0000  0.0082
 32.50     188   23.08  2.4409 37.5746  0.0000  0.0034
 33.50      12   29.56  2.5380 24.4829  0.0000  0.0004
 34.50       0    0.00  0.0000  0.0000  0.0000  0.0000
 35.50       0    0.00  0.0000  0.0000  0.0000  0.0000
