  0.50    1110   25.90  0.0358 38.6132  0.0001  0.1283
  1.50    2249   25.47  0.0789 39.5266  0.0001  0.1255
  2.50    5622   24.17  0.1250 42.2442  0.0001  0.1236
  3.50    5655   23.95  0.1802 42.6729  0.0001  0.1322
  4.50    7963   25.17  0.2223 40.1662  0.0001  0.1273
  5.50    9490   26.14  0.2722 38.3456  0.0001  0.1331
  6.50   13352   26.89  0.3286 36.9473  0.0001  0.1355
  7.50   16553   27.52  0.3869 35.9041  0.0001  0.1371
  8.50   15670   27.74  0.4406 35.5011  0.0001  0.1380
  9.50   20618   29.06  0.4997 33.4302  0.0001  0.1489
 10.50   24178   30.03  0.5601 32.0172  0.0001  0.1438
 11.50   23895   29.98  0.6226 32.1176  0.0001  0.1568
 12.50   36822   30.78  0.6881 31.0092  0.0001  0.1649
 13.50   32481   31.35  0.7657 30.3392  0.0001  0.1688
 14.50   45438   32.51  0.8395 28.8554  0.0001  0.1848
 15.50   46015   33.54  0.9189 27.6748  0.0002  0.1979
 16.50   50576   34.12  1.0000 27.0404  0.0002  0.1950
 17.50   56756   34.93  1.0840 26.1801  0.0001  0.1889
 18.50   56277   34.88  1.1719 26.2166  0.0002  0.2001
 19.50   75828   35.63  1.2693 25.4097  0.0001  0.1907
 20.50   70966   35.77  1.3800 25.2114  0.0001  0.1726
 21.50   66697   35.41  1.4863 25.4984  0.0001  0.1569
 22.50   62904   34.73  1.5979 26.0684  0.0001  0.1314
 23.50   55415   33.28  1.7169 27.4574  0.0001  0.1038
 24.50   41549   32.18  1.8405 28.5839  0.0001  0.0658
 25.50   17348   29.83  1.9929 31.2731  0.0000  0.0423
 26.50   10332   28.36  2.1611 33.0406  0.0000  0.0229
 27.50    4213   25.66  2.3455 37.1939  0.0000  0.0099
 28.50    1106   22.94  2.5351 43.2762  0.0000  0.0028
 29.50     238   18.84  2.7925 78.5085  0.0000  0.0008
 30.50       0    0.00  0.0000  0.0000  0.0000  0.0000
 31.50       0    0.00  0.0000  0.0000  0.0000  0.0000
 32.50       0    0.00  0.0000  0.0000  0.0000  0.0000
 33.50       0    0.00  0.0000  0.0000  0.0000  0.0000
 34.50       0    0.00  0.0000  0.0000  0.0000  0.0000
 35.50       0    0.00  0.0000  0.0000  0.0000  0.0000
