  0.50     633   48.71  0.0333 20.7587  0.0001  0.1081
  1.50    1298   41.59  0.0775 26.3990  0.0001  0.1086
  2.50    3257   43.31  0.1379 24.9150  0.0001  0.1119
  3.50    3283   43.52  0.1881 24.7140  0.0001  0.1111
  4.50    4693   45.04  0.2384 23.4755  0.0001  0.1160
  5.50    5588   44.37  0.2979 24.0604  0.0001  0.1176
  6.50    7920   44.28  0.3514 24.1484  0.0001  0.1157
  7.50    9720   45.48  0.4151 23.2016  0.0001  0.1137
  8.50    9193   45.55  0.4768 23.1587  0.0001  0.1168
  9.50   12019   46.57  0.5363 22.4133  0.0001  0.1259
 10.50   14051   47.03  0.6017 22.0820  0.0001  0.1211
 11.50   13977   47.14  0.6730 22.0214  0.0001  0.1307
 12.50   20868   47.53  0.7446 21.7537  0.0001  0.1363
 13.50   18071   48.24  0.8226 21.2694  0.0001  0.1303
 14.50   24528   48.59  0.8992 21.0187  0.0001  0.1375
 15.50   23763   48.61  0.9817 20.9752  0.0001  0.1365
 16.50   25234   48.58  1.0624 20.9931  0.0001  0.1313
 17.50   26546   48.10  1.1475 21.2659  0.0001  0.1204
 18.50   24829   47.50  1.2309 21.6586  0.0001  0.1121
 19.50   31173   46.26  1.3216 22.4208  0.0001  0.1013
 20.50   25110   44.93  1.4276 23.2402  0.0000  0.0708
 21.50   20301   43.05  1.5378 24.5346  0.0000  0.0477
 22.50   14823   40.29  1.6597 26.7363  0.0000  0.0289
 23.50    8882   38.31  1.7943 28.1702  0.0000  0.0113
 24.50    3771   36.07  1.9606 30.0202  0.0000  0.0020
 25.50     471   31.82  2.1146 35.8266  0.0000  0.0008
 26.50      12   39.63  2.2140 23.4239  0.0000  0.0008
 27.50       0    0.00  0.0000  0.0000  0.0000  0.0000
 28.50       0    0.00  0.0000  0.0000  0.0000  0.0000
 29.50       0    0.00  0.0000  0.0000  0.0000  0.0000
 30.50       0    0.00  0.0000  0.0000  0.0000  0.0000
 31.50       0    0.00  0.0000  0.0000  0.0000  0.0000
 32.50       0    0.00  0.0000  0.0000  0.0000  0.0000
 33.50       0    0.00  0.0000  0.0000  0.0000  0.0000
 34.50       0    0.00  0.0000  0.0000  0.0000  0.0000
 35.50       0    0.00  0.0000  0.0000  0.0000  0.0000
