  0.50     566   44.97  0.0435 23.3382  0.0001  0.0923
  1.50    1165   38.93  0.0747 28.8876  0.0001  0.0946
  2.50    2863   39.43  0.1266 28.3705  0.0001  0.0944
  3.50    2911   41.01  0.1795 26.7852  0.0001  0.1005
  4.50    4105   41.96  0.2293 25.9181  0.0001  0.0956
  5.50    4861   40.69  0.2815 27.1328  0.0001  0.0964
  6.50    7016   40.87  0.3371 27.0163  0.0001  0.0978
  7.50    8348   42.04  0.3935 25.8929  0.0001  0.0990
  8.50    8161   42.01  0.4542 25.9671  0.0001  0.0982
  9.50   10636   42.81  0.5091 25.2910  0.0001  0.1012
 10.50   12473   43.51  0.5726 24.6723  0.0001  0.1108
 11.50   11924   43.59  0.6369 24.6335  0.0001  0.1078
 12.50   18400   44.27  0.7074 24.0832  0.0001  0.1142
 13.50   15836   44.34  0.7812 24.0487  0.0001  0.1187
 14.50   21893   45.62  0.8534 23.0206  0.0001  0.1153
 15.50   21532   45.54  0.9325 23.0864  0.0001  0.1191
 16.50   22800   45.80  1.0110 22.8781  0.0001  0.1174
 17.50   24877   45.90  1.0881 22.7729  0.0001  0.1144
 18.50   23363   45.31  1.1719 23.1874  0.0001  0.1029
 19.50   30484   44.86  1.2587 23.5073  0.0001  0.0979
 20.50   26426   44.05  1.3603 23.9798  0.0000  0.0777
 21.50   22656   42.60  1.4592 25.0699  0.0000  0.0610
 22.50   18621   40.88  1.5646 26.3793  0.0000  0.0380
 23.50   13503   38.39  1.6901 28.5672  0.0000  0.0224
 24.50    7378   36.36  1.8309 30.2629  0.0000  0.0088
 25.50    1767   34.63  2.0151 31.6134  0.0000  0.0035
 26.50     393   32.27  2.1296 37.5755  0.0000  0.0013
 27.50      11   29.92  2.1045 36.2992  0.0000  0.0008
 28.50       0    0.00  0.0000  0.0000  0.0000  0.0000
 29.50       0    0.00  0.0000  0.0000  0.0000  0.0000
 30.50       0    0.00  0.0000  0.0000  0.0000  0.0000
 31.50       0    0.00  0.0000  0.0000  0.0000  0.0000
 32.50       0    0.00  0.0000  0.0000  0.0000  0.0000
 33.50       0    0.00  0.0000  0.0000  0.0000  0.0000
 34.50       0    0.00  0.0000  0.0000  0.0000  0.0000
 35.50       0    0.00  0.0000  0.0000  0.0000  0.0000
