  0.50     254   23.75  0.0217 53.6704  0.0000  0.0316
  1.50     522   26.10  0.0599 47.7437  0.0000  0.0308
  2.50    1352   26.10  0.0991 47.8491  0.0000  0.0359
  3.50    1321   24.62  0.1345 51.4427  0.0000  0.0318
  4.50    1804   25.84  0.1706 48.6044  0.0000  0.0310
  5.50    2104   25.02  0.2121 50.4492  0.0000  0.0348
  6.50    3038   25.44  0.2466 49.5925  0.0000  0.0337
  7.50    3537   25.66  0.2941 48.9212  0.0000  0.0307
  8.50    3524   25.91  0.3320 48.3552  0.0000  0.0360
  9.50    4624   26.57  0.3737 46.9066  0.0000  0.0381
 10.50    5213   26.57  0.4166 46.8887  0.0000  0.0361
 11.50    5125   26.69  0.4614 46.6680  0.0000  0.0359
 12.50    7784   27.45  0.5099 45.0311  0.0000  0.0367
 13.50    6610   28.22  0.5644 43.4408  0.0000  0.0415
 14.50    9059   28.36  0.6083 43.2131  0.0000  0.0400
 15.50    9033   28.72  0.6695 42.5521  0.0000  0.0389
 16.50   10102   29.11  0.7195 41.8899  0.0000  0.0454
 17.50   11584   29.93  0.7762 40.3799  0.0000  0.0455
 18.50   11631   30.20  0.8315 39.9470  0.0000  0.0491
 19.50   16473   31.15  0.8998 38.3563  0.0000  0.0456
 20.50   16165   31.30  0.9676 38.1275  0.0000  0.0515
 21.50   16669   32.10  1.0379 36.9429  0.0000  0.0482
 22.50   17569   32.68  1.1123 35.9926  0.0000  0.0494
 23.50   18292   33.33  1.1835 35.0320  0.0000  0.0471
 24.50   17051   33.24  1.2631 35.1695  0.0000  0.0433
 25.50   10027   33.03  1.3486 35.3067  0.0000  0.0399
 26.50    8785   32.72  1.4339 35.6197  0.0000  0.0346
 27.50    6029   32.89  1.5410 35.2767  0.0000  0.0284
 28.50    3748   33.07  1.6497 34.7994  0.0000  0.0203
 29.50    2970   30.63  1.7582 38.2966  0.0000  0.0109
 30.50     778   29.15  1.9088 40.5530  0.0000  0.0084
 31.50     561   26.42  2.1009 45.8254  0.0000  0.0023
 32.50      48   23.52  2.1662 53.0203  0.0000  0.0012
 33.50       0    0.00  0.0000  0.0000  0.0000  0.0000
 34.50       0    0.00  0.0000  0.0000  0.0000  0.0000
 35.50       0    0.00  0.0000  0.0000  0.0000  0.0000
