  0.50  112064   84.08  0.0549  2.7161  0.0160 10.2712
  1.50  223633   84.02  0.1240  2.7134  0.0159 10.2124
  2.50  569879   84.32  0.2073  2.6917  0.0161 10.3395
  3.50  583175   84.13  0.2936  2.7119  0.0161 10.3815
  4.50  837278   84.23  0.3746  2.7034  0.0163 10.5035
  5.50  982973   84.26  0.4570  2.6984  0.0164 10.5666
  6.50 1398076   83.99  0.5511  2.7193  0.0164 10.5647
  7.50 1707175   83.63  0.6549  2.7391  0.0162 10.4609
  8.50 1617963   82.87  0.7578  2.7881  0.0160 10.3283
  9.50 2057582   81.88  0.8597  2.8504  0.0157 10.0884
 10.50 2350693   80.41  0.9724  2.9446  0.0151  9.6512
 11.50 2205868   78.46  1.0850  3.0825  0.0142  9.0499
 12.50 3102309   75.75  1.2120  3.2854  0.0127  7.9614
 13.50 2447214   72.51  1.3477  3.5395  0.0113  7.0010
 14.50 2985621   68.72  1.4838  3.8697  0.0095  5.8426
 15.50 2551902   64.15  1.6333  4.3146  0.0077  4.6481
 16.50 2252104   59.38  1.7854  4.8329  0.0057  3.3998
 17.50 1913558   54.16  1.9484  5.4828  0.0038  2.1910
 18.50 1285174   48.79  2.1196  6.2270  0.0020  1.1672
 19.50  932635   43.04  2.3139  7.0716  0.0008  0.4537
 20.50  307271   37.41  2.5093  7.8554  0.0002  0.0903
 21.50   68781   31.26  2.6895  9.1811  0.0000  0.0143
 22.50   10872   24.66  2.9813 11.8710  0.0000  0.0011
 23.50     711   18.68  3.5095 18.6989  0.0000  0.0005
 24.50       0    0.00  0.0000  0.0000  0.0000  0.0000
 25.50       0    0.00  0.0000  0.0000  0.0000  0.0000
 26.50       0    0.00  0.0000  0.0000  0.0000  0.0000
 27.50       0    0.00  0.0000  0.0000  0.0000  0.0000
 28.50       0    0.00  0.0000  0.0000  0.0000  0.0000
 29.50       0    0.00  0.0000  0.0000  0.0000  0.0000
 30.50       0    0.00  0.0000  0.0000  0.0000  0.0000
 31.50       0    0.00  0.0000  0.0000  0.0000  0.0000
 32.50       0    0.00  0.0000  0.0000  0.0000  0.0000
 33.50       0    0.00  0.0000  0.0000  0.0000  0.0000
 34.50       0    0.00  0.0000  0.0000  0.0000  0.0000
 35.50       0    0.00  0.0000  0.0000  0.0000  0.0000
