  0.50    1083   38.99  0.0375 24.8245  0.0001  0.1519
  1.50    2309   39.64  0.0739 24.3047  0.0001  0.1626
  2.50    5668   39.02  0.1299 24.8369  0.0001  0.1630
  3.50    5818   38.68  0.1852 25.1678  0.0001  0.1623
  4.50    8380   38.57  0.2349 25.2933  0.0001  0.1608
  5.50    9875   39.23  0.2844 24.7124  0.0001  0.1710
  6.50   14066   39.73  0.3399 24.3023  0.0001  0.1752
  7.50   17227   39.90  0.3995 24.1509  0.0001  0.1781
  8.50   16551   40.58  0.4584 23.6011  0.0001  0.1766
  9.50   21355   40.75  0.5169 23.4623  0.0001  0.1896
 10.50   25707   41.12  0.5795 23.1961  0.0001  0.1915
 11.50   25315   42.03  0.6413 22.4788  0.0001  0.2055
 12.50   38150   42.09  0.7118 22.4666  0.0001  0.1999
 13.50   33202   42.94  0.7834 21.8240  0.0002  0.2113
 14.50   45623   43.23  0.8590 21.6140  0.0002  0.2083
 15.50   45451   43.69  0.9365 21.3005  0.0002  0.2106
 16.50   48986   44.08  1.0137 21.0050  0.0001  0.2055
 17.50   53624   43.83  1.0913 21.1779  0.0002  0.2159
 18.50   51891   43.41  1.1698 21.4716  0.0001  0.2039
 19.50   68982   43.02  1.2557 21.6869  0.0001  0.1882
 20.50   61253   42.03  1.3551 22.3536  0.0001  0.1610
 21.50   54706   40.59  1.4546 23.3526  0.0001  0.1300
 22.50   47285   39.06  1.5608 24.4756  0.0001  0.0891
 23.50   36572   36.96  1.6859 26.1197  0.0000  0.0488
 24.50   21418   33.77  1.8328 29.0335  0.0000  0.0225
 25.50    5583   31.96  2.0214 30.5301  0.0000  0.0083
 26.50    1464   30.52  2.1781 31.4637  0.0000  0.0023
 27.50     113   25.90  2.2787 38.8247  0.0000  0.0007
 28.50       0    0.00  0.0000  0.0000  0.0000  0.0000
 29.50       0    0.00  0.0000  0.0000  0.0000  0.0000
 30.50       0    0.00  0.0000  0.0000  0.0000  0.0000
 31.50       0    0.00  0.0000  0.0000  0.0000  0.0000
 32.50       0    0.00  0.0000  0.0000  0.0000  0.0000
 33.50       0    0.00  0.0000  0.0000  0.0000  0.0000
 34.50       0    0.00  0.0000  0.0000  0.0000  0.0000
 35.50       0    0.00  0.0000  0.0000  0.0000  0.0000
