  0.50   26060   27.51  0.0288 14.5821  0.0020  1.0774
  1.50   52379   27.51  0.0651 14.5876  0.0020  1.0772
  2.50  132410   27.60  0.1079 14.5301  0.0020  1.0911
  3.50  134006   27.74  0.1514 14.4374  0.0020  1.0956
  4.50  190752   27.86  0.1917 14.3636  0.0021  1.1116
  5.50  220572   27.88  0.2326 14.3517  0.0021  1.1152
  6.50  309001   28.04  0.2759 14.2532  0.0021  1.1252
  7.50  376012   28.18  0.3239 14.1726  0.0021  1.1487
  8.50  357439   28.39  0.3705 14.0482  0.0022  1.1679
  9.50  459365   28.62  0.4142 13.9049  0.0022  1.1840
 10.50  537459   28.97  0.4637 13.6924  0.0022  1.2023
 11.50  524705   29.20  0.5123 13.5599  0.0023  1.2326
 12.50  786704   29.47  0.5650 13.4136  0.0023  1.2518
 13.50  678892   29.91  0.6224 13.1594  0.0024  1.2928
 14.50  934787   30.33  0.6793 12.9274  0.0024  1.3203
 15.50  942013   30.78  0.7420 12.6850  0.0025  1.3581
 16.50 1031500   31.25  0.8053 12.4383  0.0025  1.3799
 17.50 1167899   31.75  0.8705 12.1833  0.0026  1.4179
 18.50 1183934   32.23  0.9381 11.9437  0.0027  1.4548
 19.50 1680120   32.82  1.0169 11.6499  0.0027  1.4875
 20.50 1670341   33.46  1.1040 11.3440  0.0028  1.5198
 21.50 1750972   34.04  1.1920 11.0678  0.0028  1.5339
 22.50 1877705   34.50  1.2806 10.8470  0.0028  1.5540
 23.50 2001491   34.93  1.3746 10.6449  0.0028  1.5518
 24.50 1931170   35.20  1.4755 10.5010  0.0027  1.4935
 25.50 1180521   35.30  1.5908 10.4083  0.0026  1.4202
 26.50 1116514   35.17  1.7039 10.4103  0.0024  1.3340
 27.50  855350   34.89  1.8269 10.4541  0.0022  1.2159
 28.50  593970   34.26  1.9569 10.6343  0.0019  1.0402
 29.50  586526   33.28  2.1057 10.9514  0.0015  0.8313
 30.50  211791   31.99  2.2663 11.4038  0.0013  0.7186
 31.50  239824   30.45  2.4470 11.9886  0.0009  0.4639
 32.50   47623   28.38  2.6687 12.8413  0.0006  0.3449
 33.50   16809   26.98  2.8344 13.4240  0.0004  0.2309
 34.50       0    0.00  0.0000  0.0000  0.0000  0.0000
 35.50       0    0.00  0.0000  0.0000  0.0000  0.0000
