  0.50  619050  130.38  0.0662  0.5005  0.1144 50.9271
  1.50 1245893  130.32  0.1482  0.4995  0.1151 51.2933
  2.50 3165331  130.01  0.2469  0.5048  0.1143 50.8619
  3.50 3224180  129.54  0.3463  0.5088  0.1145 51.0457
  4.50 4601014  128.36  0.4413  0.5269  0.1144 50.8363
  5.50 5345146  126.54  0.5429  0.5520  0.1126 49.7453
  6.50 7385705  123.85  0.6608  0.5789  0.1062 45.8718
  7.50 8658394  119.82  0.7999  0.6192  0.0999 42.1304
  8.50 7810974  115.34  0.9429  0.6582  0.0903 37.0692
  9.50 9346173  110.18  1.0952  0.6998  0.0793 31.3282
 10.50 9859593  104.08  1.2735  0.7438  0.0668 25.1812
 11.50 8399626   97.56  1.4652  0.7879  0.0532 18.9507
 12.50 10361301   89.95  1.7020  0.8300  0.0364 11.9666
 13.50 6845739   81.34  1.9889  0.8693  0.0242  7.3787
 14.50 6609698   72.00  2.3299  0.9111  0.0140  3.9138
 15.50 3959459   61.23  2.7423  0.9705  0.0068  1.7085
 16.50 2119436   50.58  3.1488  1.0309  0.0026  0.6027
 17.50  913282   40.56  3.4983  1.1050  0.0008  0.1610
 18.50  257597   30.94  3.8866  1.3474  0.0002  0.0302
 19.50   57490   20.15  4.8476  2.4256  0.0000  0.0011
 20.50    1028   10.92  6.6891  6.8980  0.0000  0.0003
 21.50       0    0.00  0.0000  0.0000  0.0000  0.0000
 22.50       0    0.00  0.0000  0.0000  0.0000  0.0000
 23.50       0    0.00  0.0000  0.0000  0.0000  0.0000
 24.50       0    0.00  0.0000  0.0000  0.0000  0.0000
 25.50       0    0.00  0.0000  0.0000  0.0000  0.0000
 26.50       0    0.00  0.0000  0.0000  0.0000  0.0000
 27.50       0    0.00  0.0000  0.0000  0.0000  0.0000
 28.50       0    0.00  0.0000  0.0000  0.0000  0.0000
 29.50       0    0.00  0.0000  0.0000  0.0000  0.0000
 30.50       0    0.00  0.0000  0.0000  0.0000  0.0000
 31.50       0    0.00  0.0000  0.0000  0.0000  0.0000
 32.50       0    0.00  0.0000  0.0000  0.0000  0.0000
 33.50       0    0.00  0.0000  0.0000  0.0000  0.0000
 34.50       0    0.00  0.0000  0.0000  0.0000  0.0000
 35.50       0    0.00  0.0000  0.0000  0.0000  0.0000
