  0.50      87    5.00  0.0406 243.6890  0.0000  0.0071
  1.50     203    5.00  0.0586 244.5135  0.0000  0.0078
  2.50     450    5.00  0.0778 245.1030  0.0000  0.0080
  3.50     440    5.00  0.1139 244.2908  0.0000  0.0073
  4.50     568    5.00  0.1576 244.6319  0.0000  0.0064
  5.50     777    5.00  0.1989 244.7435  0.0000  0.0071
  6.50    1047    5.00  0.2231 244.2947  0.0000  0.0075
  7.50    1331    5.00  0.2711 244.8176  0.0000  0.0089
  8.50    1257    5.00  0.3074 244.8429  0.0000  0.0087
  9.50    1495    5.00  0.3434 245.0298  0.0000  0.0074
 10.50    1819    5.00  0.3849 244.7267  0.0000  0.0079
 11.50    1919    5.00  0.4230 245.5698  0.0000  0.0092
 12.50    2844    5.00  0.4644 245.8025  0.0000  0.0101
 13.50    2430    5.00  0.5137 245.7430  0.0000  0.0101
 14.50    3479    5.00  0.5583 245.9084  0.0000  0.0107
 15.50    3609    5.14  0.6102 241.7771  0.0000  0.0110
 16.50    3987    5.08  0.6565 243.2021  0.0000  0.0119
 17.50    4652    5.10  0.7070 243.1750  0.0000  0.0118
 18.50    4808    5.00  0.7543 246.7110  0.0000  0.0122
 19.50    7343    5.24  0.8153 238.6334  0.0000  0.0140
 20.50    7754    5.52  0.8797 231.3498  0.0000  0.0176
 21.50    8382    5.75  0.9401 224.7131  0.0000  0.0173
 22.50    9550    6.24  1.0060 212.1336  0.0000  0.0183
 23.50   10923    8.36  1.0720 150.6039  0.0000  0.0205
 24.50   11236    8.98  1.1428 144.0710  0.0000  0.0227
 25.50    7336    9.85  1.2223 126.6440  0.0000  0.0221
 26.50    7580   10.32  1.3074 112.7637  0.0000  0.0231
 27.50    6299   13.09  1.3923 86.3555  0.0000  0.0214
 28.50    4690   13.41  1.4747 85.1068  0.0000  0.0209
 29.50    5256   14.29  1.5717 77.2321  0.0000  0.0221
 30.50    2201   14.94  1.6832 73.8515  0.0000  0.0203
 31.50    2800   15.99  1.7866 67.2708  0.0000  0.0159
 32.50     675   16.52  1.8923 64.9854  0.0000  0.0133
 33.50     321   18.26  2.0145 56.7055  0.0000  0.0120
 34.50       0    0.00  0.0000  0.0000  0.0000  0.0000
 35.50       0    0.00  0.0000  0.0000  0.0000  0.0000
