  0.50     213   45.15  0.0437 26.0651  0.0000  0.0431
  1.50     415   47.20  0.0793 24.3770  0.0000  0.0437
  2.50    1077   47.31  0.1596 24.3347  0.0000  0.0417
  3.50    1068   46.08  0.2160 25.3203  0.0000  0.0387
  4.50    1535   45.90  0.2673 25.5246  0.0000  0.0458
  5.50    1828   47.14  0.3215 24.5291  0.0000  0.0444
  6.50    2535   48.51  0.3870 23.4796  0.0000  0.0436
  7.50    3209   48.50  0.4581 23.5197  0.0000  0.0475
  8.50    3110   49.88  0.5257 22.5720  0.0000  0.0492
  9.50    3990   49.69  0.5894 22.6860  0.0000  0.0497
 10.50    4723   49.95  0.6637 22.5217  0.0000  0.0452
 11.50    4581   50.57  0.7283 22.0934  0.0000  0.0515
 12.50    6883   50.81  0.8125 21.9409  0.0000  0.0467
 13.50    5792   52.03  0.8975 21.1813  0.0000  0.0476
 14.50    7815   50.52  0.9714 22.1132  0.0000  0.0495
 15.50    7554   48.84  1.0566 23.3405  0.0000  0.0446
 16.50    7616   49.44  1.1402 22.8055  0.0000  0.0405
 17.50    7921   47.52  1.2197 24.1990  0.0000  0.0394
 18.50    6984   45.68  1.3027 25.6189  0.0000  0.0319
 19.50    7654   43.83  1.4058 26.9491  0.0000  0.0237
 20.50    5239   40.32  1.5318 29.9369  0.0000  0.0115
 21.50    3104   37.06  1.6618 33.3269  0.0000  0.0064
 22.50    1436   33.93  1.8272 37.2228  0.0000  0.0013
 23.50     300   30.69  1.9611 48.0713  0.0000  0.0012
 24.50       0    0.00  0.0000  0.0000  0.0000  0.0000
 25.50       0    0.00  0.0000  0.0000  0.0000  0.0000
 26.50       0    0.00  0.0000  0.0000  0.0000  0.0000
 27.50       0    0.00  0.0000  0.0000  0.0000  0.0000
 28.50       0    0.00  0.0000  0.0000  0.0000  0.0000
 29.50       0    0.00  0.0000  0.0000  0.0000  0.0000
 30.50       0    0.00  0.0000  0.0000  0.0000  0.0000
 31.50       0    0.00  0.0000  0.0000  0.0000  0.0000
 32.50       0    0.00  0.0000  0.0000  0.0000  0.0000
 33.50       0    0.00  0.0000  0.0000  0.0000  0.0000
 34.50       0    0.00  0.0000  0.0000  0.0000  0.0000
 35.50       0    0.00  0.0000  0.0000  0.0000  0.0000
