  0.50  621881  144.70  0.0670  0.2296  0.1241 60.1309
  1.50 1256510  144.59  0.1537  0.2329  0.1241 60.1978
  2.50 3212603  143.84  0.2551  0.2526  0.1247 60.3492
  3.50 3291529  142.73  0.3556  0.2752  0.1246 60.1919
  4.50 4739165  140.93  0.4483  0.3141  0.1243 59.7713
  5.50 5534946  138.05  0.5468  0.3664  0.1246 59.1454
  6.50 7697682  133.71  0.6670  0.4327  0.1183 54.2037
  7.50 8966482  127.86  0.8137  0.5008  0.1095 48.4665
  8.50 7985778  121.35  0.9709  0.5665  0.0967 41.0396
  9.50 9350135  114.29  1.1385  0.6267  0.0818 32.9461
 10.50 9579161  106.21  1.3362  0.6896  0.0655 24.8046
 11.50 7841964   97.93  1.5526  0.7426  0.0487 17.2166
 12.50 9110774   88.53  1.8218  0.7865  0.0300  9.6189
 13.50 5486443   77.91  2.1574  0.8256  0.0174  5.0806
 14.50 4617947   66.70  2.5451  0.8606  0.0084  2.2171
 15.50 2222182   54.63  2.9667  0.8908  0.0033  0.7721
 16.50  897333   43.47  3.3343  0.9226  0.0010  0.2043
 17.50  277702   32.92  3.7454  1.1021  0.0002  0.0377
 18.50   46791   22.04  4.6025  1.9430  0.0000  0.0013
 19.50    2109   12.93  6.2516  4.9096  0.0000  0.0004
 20.50       0    0.00  0.0000  0.0000  0.0000  0.0000
 21.50       0    0.00  0.0000  0.0000  0.0000  0.0000
 22.50       0    0.00  0.0000  0.0000  0.0000  0.0000
 23.50       0    0.00  0.0000  0.0000  0.0000  0.0000
 24.50       0    0.00  0.0000  0.0000  0.0000  0.0000
 25.50       0    0.00  0.0000  0.0000  0.0000  0.0000
 26.50       0    0.00  0.0000  0.0000  0.0000  0.0000
 27.50       0    0.00  0.0000  0.0000  0.0000  0.0000
 28.50       0    0.00  0.0000  0.0000  0.0000  0.0000
 29.50       0    0.00  0.0000  0.0000  0.0000  0.0000
 30.50       0    0.00  0.0000  0.0000  0.0000  0.0000
 31.50       0    0.00  0.0000  0.0000  0.0000  0.0000
 32.50       0    0.00  0.0000  0.0000  0.0000  0.0000
 33.50       0    0.00  0.0000  0.0000  0.0000  0.0000
 34.50       0    0.00  0.0000  0.0000  0.0000  0.0000
 35.50       0    0.00  0.0000  0.0000  0.0000  0.0000
