  0.50   10078  143.47  0.0710  0.5909  0.0020  2.7371
  1.50   20139  142.21  0.1550  0.6645  0.0020  2.7645
  2.50   50664  142.54  0.2586  0.6280  0.0020  2.6686
  3.50   51488  139.98  0.3627  0.7915  0.0020  2.6905
  4.50   72605  137.83  0.4575  0.9179  0.0020  2.6721
  5.50   83296  134.59  0.5520  1.1216  0.0019  2.5484
  6.50  114195  129.48  0.6578  1.4682  0.0018  2.4548
  7.50  131479  122.93  0.7688  1.9383  0.0017  2.2096
  8.50  117759  114.99  0.8851  2.5893  0.0015  1.9744
  9.50  139308  106.24  0.9925  3.4101  0.0013  1.7107
 10.50  145570   96.70  1.1068  4.4673  0.0011  1.4433
 11.50  122316   86.83  1.2093  5.7920  0.0009  1.1555
 12.50  146319   76.52  1.3153  7.5078  0.0006  0.7688
 13.50   83272   65.92  1.4342  9.6477  0.0003  0.3813
 14.50   56253   56.62  1.5607 11.9174  0.0001  0.1255
 15.50   15195   48.91  1.7035 13.8643  0.0000  0.0199
 16.50    2397   39.60  1.8546 18.6254  0.0000  0.0015
 17.50     122   29.22  1.9837 28.9149  0.0000  0.0011
 18.50       0    0.00  0.0000  0.0000  0.0000  0.0000
 19.50       0    0.00  0.0000  0.0000  0.0000  0.0000
 20.50       0    0.00  0.0000  0.0000  0.0000  0.0000
 21.50       0    0.00  0.0000  0.0000  0.0000  0.0000
 22.50       0    0.00  0.0000  0.0000  0.0000  0.0000
 23.50       0    0.00  0.0000  0.0000  0.0000  0.0000
 24.50       0    0.00  0.0000  0.0000  0.0000  0.0000
 25.50       0    0.00  0.0000  0.0000  0.0000  0.0000
 26.50       0    0.00  0.0000  0.0000  0.0000  0.0000
 27.50       0    0.00  0.0000  0.0000  0.0000  0.0000
 28.50       0    0.00  0.0000  0.0000  0.0000  0.0000
 29.50       0    0.00  0.0000  0.0000  0.0000  0.0000
 30.50       0    0.00  0.0000  0.0000  0.0000  0.0000
 31.50       0    0.00  0.0000  0.0000  0.0000  0.0000
 32.50       0    0.00  0.0000  0.0000  0.0000  0.0000
 33.50       0    0.00  0.0000  0.0000  0.0000  0.0000
 34.50       0    0.00  0.0000  0.0000  0.0000  0.0000
 35.50       0    0.00  0.0000  0.0000  0.0000  0.0000
