  0.50   62783   27.81  0.0294  4.3454  0.0043  0.8161
  1.50  125588   27.83  0.0655  4.3394  0.0043  0.8164
  2.50  318444   27.94  0.1080  4.3247  0.0043  0.8218
  3.50  320539   27.99  0.1515  4.3120  0.0043  0.8270
  4.50  454338   28.16  0.1916  4.2774  0.0044  0.8342
  5.50  525546   28.27  0.2324  4.2552  0.0044  0.8389
  6.50  736237   28.43  0.2761  4.2252  0.0044  0.8494
  7.50  888805   28.69  0.3247  4.1722  0.0045  0.8618
  8.50  841316   28.90  0.3705  4.1331  0.0045  0.8708
  9.50 1075317   29.15  0.4167  4.0831  0.0046  0.8792
 10.50 1255813   29.45  0.4655  4.0273  0.0046  0.8907
 11.50 1217918   29.76  0.5146  3.9712  0.0047  0.9078
 12.50 1817358   30.08  0.5689  3.9164  0.0048  0.9294
 13.50 1561088   30.49  0.6277  3.8424  0.0048  0.9476
 14.50 2141517   30.86  0.6848  3.7800  0.0049  0.9657
 15.50 2152966   31.33  0.7486  3.7003  0.0050  0.9949
 16.50 2351744   31.78  0.8133  3.6271  0.0051  1.0162
 17.50 2667844   32.25  0.8801  3.5529  0.0052  1.0405
 18.50 2700733   32.72  0.9488  3.4786  0.0053  1.0660
 19.50 3849104   33.28  1.0301  3.3921  0.0054  1.0972
 20.50 3865898   33.86  1.1208  3.3060  0.0056  1.1321
 21.50 4101990   34.46  1.2132  3.2151  0.0057  1.1588
 22.50 4490884   35.00  1.3086  3.1376  0.0058  1.1902
 23.50 4908177   35.55  1.4107  3.0584  0.0059  1.2284
 24.50 4899785   36.09  1.5275  2.9733  0.0059  1.2297
 25.50 3155286   36.61  1.6621  2.8924  0.0059  1.2281
 26.50 3154427   37.03  1.7986  2.8198  0.0058  1.2252
 27.50 2603805   37.31  1.9490  2.7588  0.0057  1.1950
 28.50 1974566   37.48  2.1102  2.7033  0.0054  1.1425
 29.50 2199626   37.37  2.2970  2.6708  0.0050  1.0564
 30.50  923064   37.06  2.4961  2.6542  0.0048  1.0035
 31.50 1276805   36.39  2.7163  2.6726  0.0042  0.8679
 32.50  351544   35.31  2.9939  2.7215  0.0038  0.7866
 33.50  168307   34.49  3.1950  2.7577  0.0034  0.7022
 34.50       0    0.00  0.0000  0.0000  0.0000  0.0000
 35.50       0    0.00  0.0000  0.0000  0.0000  0.0000
