  0.50    1876   25.69  0.0283 36.3970  0.0001  0.1719
  1.50    3821   26.21  0.0583 35.5369  0.0002  0.1773
  2.50    9654   26.23  0.1021 35.5119  0.0002  0.1750
  3.50    9552   25.84  0.1436 36.1592  0.0002  0.1786
  4.50   13969   26.32  0.1795 35.3857  0.0002  0.1792
  5.50   15977   26.28  0.2200 35.4524  0.0002  0.1794
  6.50   22684   26.27  0.2604 35.4769  0.0002  0.1924
  7.50   27175   26.29  0.3052 35.4545  0.0002  0.1853
  8.50   25904   26.75  0.3464 34.7197  0.0002  0.1884
  9.50   33278   26.62  0.3896 34.9339  0.0002  0.1935
 10.50   38709   26.94  0.4338 34.4350  0.0002  0.1939
 11.50   38003   27.04  0.4791 34.2980  0.0002  0.1960
 12.50   56425   27.56  0.5276 33.5078  0.0002  0.2042
 13.50   48936   27.69  0.5797 33.3265  0.0002  0.2181
 14.50   67347   28.09  0.6315 32.7641  0.0002  0.2228
 15.50   67684   28.41  0.6860 32.3175  0.0002  0.2186
 16.50   73420   28.84  0.7440 31.7184  0.0002  0.2288
 17.50   83251   29.30  0.8016 31.1075  0.0002  0.2284
 18.50   83773   29.78  0.8607 30.4899  0.0002  0.2349
 19.50  118076   30.04  0.9263 30.1617  0.0002  0.2385
 20.50  116659   30.59  0.9996 29.4766  0.0002  0.2484
 21.50  121471   31.08  1.0722 28.8821  0.0002  0.2522
 22.50  128710   31.31  1.1440 28.6143  0.0002  0.2547
 23.50  135774   31.54  1.2183 28.3306  0.0002  0.2457
 24.50  128304   31.55  1.2983 28.2917  0.0002  0.2347
 25.50   77036   31.38  1.3883 28.4197  0.0002  0.2204
 26.50   69976   30.95  1.4775 28.8461  0.0002  0.1982
 27.50   50774   30.43  1.5777 29.3526  0.0001  0.1687
 28.50   32483   29.50  1.6924 30.3817  0.0001  0.1327
 29.50   28196   28.12  1.8208 32.0290  0.0001  0.0862
 30.50    7975   26.93  1.9882 33.3861  0.0001  0.0640
 31.50    6476   25.52  2.1409 35.1381  0.0000  0.0261
 32.50     654   23.49  2.3448 37.9864  0.0000  0.0119
 33.50     120   22.94  2.4923 38.0453  0.0000  0.0041
 34.50       0    0.00  0.0000  0.0000  0.0000  0.0000
 35.50       0    0.00  0.0000  0.0000  0.0000  0.0000
