  0.50     457   90.37  0.0565  7.5347  0.0001  0.1337
  1.50     960   88.40  0.1307  8.0411  0.0001  0.1382
  2.50    2428   92.98  0.2108  7.0514  0.0001  0.1391
  3.50    2480   91.35  0.3035  7.3788  0.0001  0.1448
  4.50    3494   92.50  0.3884  7.1066  0.0001  0.1397
  5.50    4155   91.86  0.4647  7.2458  0.0001  0.1430
  6.50    5836   94.95  0.5459  6.6265  0.0001  0.1437
  7.50    7077   89.78  0.6444  7.7032  0.0001  0.1419
  8.50    6518   89.59  0.7371  7.7286  0.0001  0.1465
  9.50    8142   87.76  0.8305  8.0880  0.0001  0.1232
 10.50    9178   83.36  0.9263  9.1475  0.0001  0.1217
 11.50    8278   78.77  1.0195 10.3059  0.0001  0.1089
 12.50   10906   74.41  1.1094 11.5381  0.0001  0.0910
 13.50    8067   68.57  1.1981 13.4324  0.0000  0.0683
 14.50    8579   63.86  1.2988 15.0593  0.0000  0.0555
 15.50    5839   56.87  1.3994 18.0884  0.0000  0.0316
 16.50    3287   51.08  1.5324 20.9844  0.0000  0.0115
 17.50    1343   44.10  1.6598 26.2054  0.0000  0.0021
 18.50     175   44.07  1.7705 27.6283  0.0000  0.0020
 19.50       0    0.00  0.0000  0.0000  0.0000  0.0000
 20.50       0    0.00  0.0000  0.0000  0.0000  0.0000
 21.50       0    0.00  0.0000  0.0000  0.0000  0.0000
 22.50       0    0.00  0.0000  0.0000  0.0000  0.0000
 23.50       0    0.00  0.0000  0.0000  0.0000  0.0000
 24.50       0    0.00  0.0000  0.0000  0.0000  0.0000
 25.50       0    0.00  0.0000  0.0000  0.0000  0.0000
 26.50       0    0.00  0.0000  0.0000  0.0000  0.0000
 27.50       0    0.00  0.0000  0.0000  0.0000  0.0000
 28.50       0    0.00  0.0000  0.0000  0.0000  0.0000
 29.50       0    0.00  0.0000  0.0000  0.0000  0.0000
 30.50       0    0.00  0.0000  0.0000  0.0000  0.0000
 31.50       0    0.00  0.0000  0.0000  0.0000  0.0000
 32.50       0    0.00  0.0000  0.0000  0.0000  0.0000
 33.50       0    0.00  0.0000  0.0000  0.0000  0.0000
 34.50       0    0.00  0.0000  0.0000  0.0000  0.0000
 35.50       0    0.00  0.0000  0.0000  0.0000  0.0000
