  0.50     438   15.99  0.0184 73.3394  0.0000  0.0381
  1.50     972   15.89  0.0468 74.2826  0.0000  0.0422
  2.50    2313   16.41  0.0770 71.2720  0.0000  0.0414
  3.50    2355   15.93  0.1099 73.7794  0.0000  0.0403
  4.50    3341   16.47  0.1357 71.0260  0.0000  0.0425
  5.50    3636   16.40  0.1673 71.4454  0.0000  0.0375
  6.50    5376   16.50  0.1958 70.8644  0.0000  0.0391
  7.50    6482   16.34  0.2311 71.6861  0.0000  0.0426
  8.50    6041   16.58  0.2634 70.5926  0.0000  0.0447
  9.50    7621   16.76  0.2963 69.6284  0.0000  0.0395
 10.50    9162   16.82  0.3275 69.4810  0.0000  0.0433
 11.50    8579   16.92  0.3593 69.0169  0.0000  0.0414
 12.50   12853   16.87  0.3946 69.1889  0.0000  0.0473
 13.50   10767   17.18  0.4320 67.8697  0.0000  0.0436
 14.50   14830   17.53  0.4703 66.2636  0.0000  0.0479
 15.50   14950   17.76  0.5075 65.2479  0.0000  0.0507
 16.50   16020   17.83  0.5481 64.9653  0.0000  0.0535
 17.50   17834   18.19  0.5852 63.5495  0.0000  0.0496
 18.50   18078   18.29  0.6245 63.1590  0.0000  0.0533
 19.50   25350   18.66  0.6696 61.7398  0.0000  0.0554
 20.50   24808   19.21  0.7183 59.6758  0.0000  0.0571
 21.50   26532   19.52  0.7675 58.5890  0.0000  0.0579
 22.50   28098   20.03  0.8139 56.8499  0.0000  0.0601
 23.50   30322   20.42  0.8647 55.5941  0.0000  0.0611
 24.50   30166   20.82  0.9166 54.3206  0.0000  0.0636
 25.50   19029   21.46  0.9776 52.4631  0.0000  0.0654
 26.50   18845   22.08  1.0375 50.6712  0.0000  0.0637
 27.50   15206   22.47  1.0979 49.6111  0.0000  0.0639
 28.50   11655   22.94  1.1623 48.3963  0.0000  0.0651
 29.50   12850   23.68  1.2350 46.5187  0.0000  0.0605
 30.50    5338   23.96  1.3100 45.8153  0.0000  0.0609
 31.50    7309   24.38  1.3834 44.7616  0.0000  0.0528
 32.50    2003   23.35  1.4782 47.0806  0.0000  0.0494
 33.50     928   25.02  1.5501 43.1147  0.0000  0.0442
 34.50       0    0.00  0.0000  0.0000  0.0000  0.0000
 35.50       0    0.00  0.0000  0.0000  0.0000  0.0000
