  0.50      60   13.67  0.0204 111.3740  0.0000  0.0068
  1.50     125   13.46  0.0521 113.5585  0.0000  0.0059
  2.50     271   14.37  0.0773 105.4800  0.0000  0.0058
  3.50     280   13.78  0.1195 110.7164  0.0000  0.0062
  4.50     386   13.87  0.1422 109.8841  0.0000  0.0046
  5.50     455   13.55  0.1666 113.6704  0.0000  0.0081
  6.50     660   14.00  0.2010 109.5419  0.0000  0.0070
  7.50     784   14.28  0.2338 107.1516  0.0000  0.0058
  8.50     738   14.20  0.2677 107.9365  0.0000  0.0059
  9.50     932   13.85  0.2976 110.6279  0.0000  0.0059
 10.50    1082   14.06  0.3331 108.9891  0.0000  0.0073
 11.50    1097   15.72  0.3668 96.7175  0.0000  0.0064
 12.50    1568   15.26  0.3968 99.6591  0.0000  0.0069
 13.50    1291   14.64  0.4355 103.8699  0.0000  0.0065
 14.50    1797   15.02  0.4714 101.0957  0.0000  0.0072
 15.50    1863   15.33  0.5150 99.0896  0.0000  0.0088
 16.50    1917   16.39  0.5569 91.8755  0.0000  0.0071
 17.50    2187   16.70  0.5966 89.7539  0.0000  0.0077
 18.50    2179   16.62  0.6389 90.0488  0.0000  0.0092
 19.50    3166   16.69  0.6809 89.7525  0.0000  0.0081
 20.50    3182   17.10  0.7330 87.4068  0.0000  0.0079
 21.50    3152   17.38  0.7785 85.8114  0.0000  0.0072
 22.50    3455   18.41  0.8299 80.3196  0.0000  0.0079
 23.50    3716   18.94  0.8767 77.7408  0.0000  0.0093
 24.50    3706   19.47  0.9292 75.4512  0.0000  0.0102
 25.50    2401   20.46  0.9878 71.2036  0.0000  0.0100
 26.50    2272   20.34  1.0521 71.4903  0.0000  0.0098
 27.50    1876   21.44  1.1164 67.4909  0.0000  0.0106
 28.50    1385   22.14  1.1769 64.9283  0.0000  0.0095
 29.50    1498   22.47  1.2534 63.2067  0.0000  0.0103
 30.50     620   22.19  1.3185 64.3083  0.0000  0.0080
 31.50     769   21.89  1.4079 65.2825  0.0000  0.0068
 32.50     187   19.25  1.5027 75.5115  0.0000  0.0055
 33.50      87   22.38  1.5299 62.7766  0.0000  0.0054
 34.50       0    0.00  0.0000  0.0000  0.0000  0.0000
 35.50       0    0.00  0.0000  0.0000  0.0000  0.0000
