  0.50     194   19.16  0.0185 69.0858  0.0000  0.0219
  1.50     372   23.12  0.0541 55.7498  0.0000  0.0207
  2.50     976   21.82  0.0851 59.5011  0.0000  0.0238
  3.50     971   21.81  0.1206 59.3137  0.0000  0.0225
  4.50    1358   21.20  0.1589 61.7928  0.0000  0.0218
  5.50    1467   21.24  0.1891 61.4868  0.0000  0.0196
  6.50    2172   21.52  0.2220 60.4822  0.0000  0.0226
  7.50    2583   21.74  0.2627 59.5526  0.0000  0.0219
  8.50    2503   22.26  0.2973 58.1334  0.0000  0.0212
  9.50    3257   22.25  0.3334 57.9520  0.0000  0.0235
 10.50    3800   22.69  0.3751 56.8243  0.0000  0.0262
 11.50    3608   22.56  0.4075 57.0379  0.0000  0.0255
 12.50    5423   23.01  0.4542 55.7571  0.0000  0.0266
 13.50    4657   23.48  0.4984 54.3429  0.0000  0.0232
 14.50    6395   23.71  0.5414 53.6833  0.0000  0.0286
 15.50    6406   24.34  0.5886 52.0845  0.0000  0.0239
 16.50    6940   24.70  0.6345 51.2089  0.0000  0.0266
 17.50    7836   24.89  0.6867 50.6353  0.0000  0.0294
 18.50    8100   25.00  0.7304 50.3749  0.0000  0.0315
 19.50   11591   25.80  0.7853 48.5075  0.0000  0.0319
 20.50   11534   26.35  0.8457 47.2426  0.0000  0.0336
 21.50   12159   27.12  0.9109 45.5622  0.0000  0.0330
 22.50   12976   27.32  0.9665 45.2026  0.0000  0.0368
 23.50   13897   28.02  1.0305 43.7086  0.0000  0.0363
 24.50   13323   28.80  1.0983 42.1471  0.0000  0.0328
 25.50    8267   29.58  1.1751 40.7148  0.0000  0.0368
 26.50    7955   29.73  1.2519 40.4423  0.0000  0.0332
 27.50    6250   29.04  1.3214 41.5990  0.0000  0.0307
 28.50    4333   29.74  1.4088 40.3456  0.0000  0.0286
 29.50    4320   29.57  1.5035 40.4182  0.0000  0.0206
 30.50    1473   29.94  1.6078 39.6086  0.0000  0.0174
 31.50    1924   30.18  1.7226 38.9011  0.0000  0.0130
 32.50     342   29.19  1.8896 40.3591  0.0000  0.0090
 33.50     122   24.03  1.9390 51.2843  0.0000  0.0063
 34.50       0    0.00  0.0000  0.0000  0.0000  0.0000
 35.50       0    0.00  0.0000  0.0000  0.0000  0.0000
