  0.50  114754   40.51  0.0367  2.8899  0.0097  2.1099
  1.50  230342   40.35  0.0836  2.9115  0.0097  2.1103
  2.50  579882   40.59  0.1382  2.8812  0.0098  2.1284
  3.50  588374   40.83  0.1945  2.8548  0.0098  2.1413
  4.50  838776   40.88  0.2463  2.8557  0.0099  2.1624
  5.50  974704   41.19  0.2993  2.8187  0.0099  2.1668
  6.50 1372930   41.49  0.3574  2.7868  0.0100  2.2071
  7.50 1674344   41.86  0.4211  2.7494  0.0102  2.2384
  8.50 1595709   42.24  0.4831  2.7119  0.0102  2.2692
  9.50 2062384   42.70  0.5454  2.6633  0.0104  2.3004
 10.50 2434864   43.14  0.6133  2.6208  0.0105  2.3487
 11.50 2390629   43.64  0.6828  2.5721  0.0106  2.3710
 12.50 3602705   44.21  0.7595  2.5170  0.0108  2.4477
 13.50 3135115   44.76  0.8426  2.4656  0.0110  2.5096
 14.50 4342771   45.33  0.9295  2.4101  0.0112  2.5603
 15.50 4410429   45.95  1.0248  2.3502  0.0113  2.5998
 16.50 4848416   46.56  1.1235  2.2896  0.0115  2.6629
 17.50 5527819   47.07  1.2273  2.2389  0.0116  2.7094
 18.50 5599052   47.52  1.3384  2.1878  0.0116  2.7307
 19.50 7925675   47.95  1.4685  2.1327  0.0116  2.7476
 20.50 7818839   48.17  1.6165  2.0886  0.0114  2.6991
 21.50 8074249   48.20  1.7704  2.0495  0.0110  2.6257
 22.50 8479288   48.00  1.9296  2.0225  0.0104  2.4718
 23.50 8758719   47.47  2.1050  2.0099  0.0097  2.2814
 24.50 8112955   46.57  2.3057  2.0116  0.0085  1.9789
 25.50 4710293   45.19  2.5461  2.0355  0.0075  1.7241
 26.50 4174387   43.42  2.7997  2.0862  0.0064  1.4380
 27.50 2968795   41.02  3.1001  2.1891  0.0051  1.1172
 28.50 1877519   38.19  3.4404  2.3342  0.0038  0.7921
 29.50 1637612   34.62  3.8478  2.5695  0.0024  0.4891
 30.50  499035   30.66  4.2803  2.8991  0.0018  0.3595
 31.50  444514   26.54  4.6778  3.3297  0.0008  0.1519
 32.50   57630   22.08  5.0392  3.8564  0.0005  0.0834
 33.50   14287   19.13  5.1992  4.3498  0.0002  0.0395
 34.50       0    0.00  0.0000  0.0000  0.0000  0.0000
 35.50       0    0.00  0.0000  0.0000  0.0000  0.0000
