  0.50  190758   55.29  0.0442  2.0509  0.0194  4.8834
  1.50  383534   55.25  0.1024  2.0557  0.0195  4.8912
  2.50  966932   55.38  0.1683  2.0444  0.0195  4.8929
  3.50  983771   55.56  0.2364  2.0335  0.0196  4.9357
  4.50 1408475   55.91  0.3001  2.0116  0.0197  4.9709
  5.50 1644005   56.26  0.3643  1.9851  0.0199  5.0444
  6.50 2328065   56.67  0.4374  1.9569  0.0199  5.0752
  7.50 2855156   57.06  0.5181  1.9318  0.0201  5.1379
  8.50 2734852   57.57  0.5966  1.8955  0.0204  5.2414
  9.50 3561351   57.99  0.6762  1.8682  0.0205  5.3121
 10.50 4220682   58.51  0.7660  1.8312  0.0207  5.3891
 11.50 4153022   59.02  0.8570  1.7928  0.0208  5.4409
 12.50 6265017   59.49  0.9610  1.7538  0.0209  5.5132
 13.50 5432480   59.90  1.0754  1.7149  0.0209  5.5325
 14.50 7466406   60.17  1.1934  1.6808  0.0208  5.5117
 15.50 7437971   60.25  1.3260  1.6470  0.0203  5.4147
 16.50 7964327   60.07  1.4627  1.6224  0.0197  5.2598
 17.50 8730904   59.65  1.6089  1.6008  0.0188  4.9976
 18.50 8425077   58.89  1.7644  1.5916  0.0174  4.6010
 19.50 11124080   57.64  1.9539  1.5886  0.0157  4.1055
 20.50 10029668   55.83  2.1768  1.5992  0.0131  3.3405
 21.50 9289373   53.48  2.4178  1.6311  0.0108  2.6798
 22.50 8595555   50.62  2.6845  1.6911  0.0084  2.0024
 23.50 7588469   47.15  2.9972  1.7836  0.0060  1.3810
 24.50 5751176   42.85  3.3755  1.9421  0.0039  0.8398
 25.50 2499082   37.58  3.8266  2.1983  0.0027  0.5496
 26.50 1506001   32.31  4.2479  2.5300  0.0015  0.3028
 27.50  600604   27.05  4.5967  2.9261  0.0007  0.1253
 28.50  167379   21.98  4.8352  3.4616  0.0002  0.0334
 29.50   48883   16.63  5.1999  4.5864  0.0000  0.0048
 30.50    2375   11.12  6.1081  7.1327  0.0000  0.0009
 31.50     109    6.31  7.9877 20.1016  0.0000  0.0000
 32.50       0    0.00  0.0000  0.0000  0.0000  0.0000
 33.50       0    0.00  0.0000  0.0000  0.0000  0.0000
 34.50       0    0.00  0.0000  0.0000  0.0000  0.0000
 35.50       0    0.00  0.0000  0.0000  0.0000  0.0000
