  0.50     333   69.86  0.0628 12.9361  0.0000  0.0846
  1.50     720   73.52  0.1146 11.7380  0.0001  0.0916
  2.50    1795   71.35  0.1855 12.5125  0.0001  0.0953
  3.50    1785   71.51  0.2669 12.5151  0.0001  0.0901
  4.50    2561   71.62  0.3378 12.3614  0.0000  0.0889
  5.50    3046   73.63  0.4138 11.7011  0.0001  0.0931
  6.50    4451   73.98  0.4881 11.6231  0.0000  0.0882
  7.50    5312   75.30  0.5726 11.2158  0.0000  0.0861
  8.50    5173   72.15  0.6559 12.2596  0.0001  0.0961
  9.50    6406   73.24  0.7416 11.8694  0.0001  0.0953
 10.50    7510   72.63  0.8246 12.0647  0.0000  0.0832
 11.50    7029   70.00  0.9201 12.9143  0.0001  0.0906
 12.50    9995   67.08  1.0053 14.0176  0.0000  0.0827
 13.50    7850   64.82  1.0980 14.8895  0.0000  0.0722
 14.50    9688   61.73  1.1854 16.1272  0.0000  0.0617
 15.50    8061   57.41  1.2779 18.0935  0.0000  0.0512
 16.50    6621   53.21  1.3799 20.2572  0.0000  0.0333
 17.50    4935   48.74  1.4874 22.9109  0.0000  0.0162
 18.50    2485   43.40  1.6254 26.7048  0.0000  0.0046
 19.50    1049   38.07  1.7497 32.5875  0.0000  0.0012
 20.50      44   36.14  1.8635 33.2866  0.0000  0.0012
 21.50       0    0.00  0.0000  0.0000  0.0000  0.0000
 22.50       0    0.00  0.0000  0.0000  0.0000  0.0000
 23.50       0    0.00  0.0000  0.0000  0.0000  0.0000
 24.50       0    0.00  0.0000  0.0000  0.0000  0.0000
 25.50       0    0.00  0.0000  0.0000  0.0000  0.0000
 26.50       0    0.00  0.0000  0.0000  0.0000  0.0000
 27.50       0    0.00  0.0000  0.0000  0.0000  0.0000
 28.50       0    0.00  0.0000  0.0000  0.0000  0.0000
 29.50       0    0.00  0.0000  0.0000  0.0000  0.0000
 30.50       0    0.00  0.0000  0.0000  0.0000  0.0000
 31.50       0    0.00  0.0000  0.0000  0.0000  0.0000
 32.50       0    0.00  0.0000  0.0000  0.0000  0.0000
 33.50       0    0.00  0.0000  0.0000  0.0000  0.0000
 34.50       0    0.00  0.0000  0.0000  0.0000  0.0000
 35.50       0    0.00  0.0000  0.0000  0.0000  0.0000
