  0.50      65   14.30  0.0331 106.0040  0.0000  0.0075
  1.50     133   14.38  0.0546 106.0814  0.0000  0.0063
  2.50     288   14.59  0.0819 104.0282  0.0000  0.0058
  3.50     303   15.15  0.1206 99.6904  0.0000  0.0068
  4.50     405   14.93  0.1474 102.2888  0.0000  0.0058
  5.50     489   14.18  0.1728 107.8563  0.0000  0.0072
  6.50     706   15.09  0.2055 101.4066  0.0000  0.0072
  7.50     852   15.33  0.2426 98.7772  0.0000  0.0067
  8.50     765   14.65  0.2766 104.5134  0.0000  0.0067
  9.50    1027   14.60  0.3066 105.2107  0.0000  0.0075
 10.50    1176   15.80  0.3472 95.4181  0.0000  0.0077
 11.50    1131   16.22  0.3761 93.7893  0.0000  0.0074
 12.50    1650   15.77  0.4089 96.2978  0.0000  0.0074
 13.50    1387   15.78  0.4520 96.9550  0.0000  0.0079
 14.50    1966   15.76  0.4908 96.2608  0.0000  0.0074
 15.50    1995   16.68  0.5353 89.9351  0.0000  0.0094
 16.50    2059   17.56  0.5771 84.5458  0.0000  0.0084
 17.50    2374   17.57  0.6183 84.9880  0.0000  0.0103
 18.50    2382   17.83  0.6635 83.4520  0.0000  0.0078
 19.50    3487   17.82  0.7065 83.4772  0.0000  0.0122
 20.50    3309   18.10  0.7578 81.6979  0.0000  0.0086
 21.50    3428   18.97  0.8132 77.6142  0.0000  0.0080
 22.50    3824   19.73  0.8589 73.8581  0.0000  0.0095
 23.50    4024   20.18  0.9105 72.2478  0.0000  0.0101
 24.50    4064   21.46  0.9727 67.0770  0.0000  0.0106
 25.50    2515   21.07  1.0296 68.5361  0.0000  0.0107
 26.50    2446   21.92  1.0933 65.5068  0.0000  0.0110
 27.50    1997   22.66  1.1599 62.8639  0.0000  0.0100
 28.50    1473   23.27  1.2342 61.0635  0.0000  0.0097
 29.50    1476   22.63  1.3088 62.7998  0.0000  0.0080
 30.50     645   23.37  1.3959 60.2660  0.0000  0.0099
 31.50     737   22.17  1.4721 64.2333  0.0000  0.0059
 32.50     163   23.20  1.5864 60.7236  0.0000  0.0047
 33.50      68   23.47  1.6617 58.9472  0.0000  0.0041
 34.50       0    0.00  0.0000  0.0000  0.0000  0.0000
 35.50       0    0.00  0.0000  0.0000  0.0000  0.0000
