  0.50    5758   85.60  0.0593  5.8742  0.0009  1.0934
  1.50   11497   85.72  0.1219  5.8461  0.0009  1.0792
  2.50   29232   86.02  0.2058  5.7991  0.0009  1.1180
  3.50   29960   86.15  0.2903  5.7823  0.0009  1.1086
  4.50   43393   86.12  0.3694  5.7999  0.0009  1.1402
  5.50   51028   85.91  0.4483  5.8364  0.0009  1.1299
  6.50   73141   85.59  0.5353  5.9015  0.0009  1.1319
  7.50   89679   85.00  0.6294  5.9979  0.0009  1.1314
  8.50   85523   83.84  0.7224  6.1952  0.0009  1.1601
  9.50  109952   82.23  0.8121  6.4739  0.0009  1.1366
 10.50  125728   79.82  0.9087  6.8962  0.0009  1.0820
 11.50  119257   76.68  1.0049  7.5027  0.0009  1.0635
 12.50  168584   73.13  1.1078  8.2108  0.0008  0.9449
 13.50  132693   68.59  1.2104  9.2331  0.0007  0.8301
 14.50  160782   64.12  1.3108 10.3482  0.0006  0.6962
 15.50  132210   58.56  1.4185 11.9325  0.0004  0.5229
 16.50  104518   52.93  1.5386 13.7777  0.0003  0.3089
 17.50   69735   47.68  1.6722 15.7100  0.0001  0.1340
 18.50   29514   41.61  1.8137 18.4307  0.0000  0.0351
 19.50    9755   37.95  1.9712 19.7141  0.0000  0.0041
 20.50     933   30.94  2.1168 26.4050  0.0000  0.0010
 21.50       0    0.00  0.0000  0.0000  0.0000  0.0000
 22.50       0    0.00  0.0000  0.0000  0.0000  0.0000
 23.50       0    0.00  0.0000  0.0000  0.0000  0.0000
 24.50       0    0.00  0.0000  0.0000  0.0000  0.0000
 25.50       0    0.00  0.0000  0.0000  0.0000  0.0000
 26.50       0    0.00  0.0000  0.0000  0.0000  0.0000
 27.50       0    0.00  0.0000  0.0000  0.0000  0.0000
 28.50       0    0.00  0.0000  0.0000  0.0000  0.0000
 29.50       0    0.00  0.0000  0.0000  0.0000  0.0000
 30.50       0    0.00  0.0000  0.0000  0.0000  0.0000
 31.50       0    0.00  0.0000  0.0000  0.0000  0.0000
 32.50       0    0.00  0.0000  0.0000  0.0000  0.0000
 33.50       0    0.00  0.0000  0.0000  0.0000  0.0000
 34.50       0    0.00  0.0000  0.0000  0.0000  0.0000
 35.50       0    0.00  0.0000  0.0000  0.0000  0.0000
