  0.50     464   16.71  0.0249 69.8127  0.0000  0.0414
  1.50    1026   16.98  0.0491 68.7822  0.0000  0.0461
  2.50    2424   17.15  0.0795 67.8150  0.0000  0.0452
  3.50    2473   16.78  0.1126 69.6355  0.0000  0.0448
  4.50    3495   17.27  0.1402 67.3255  0.0000  0.0427
  5.50    3878   17.16  0.1736 67.8467  0.0000  0.0421
  6.50    5691   17.26  0.2024 67.3825  0.0000  0.0439
  7.50    6814   17.21  0.2369 67.6480  0.0000  0.0460
  8.50    6412   17.59  0.2733 66.0543  0.0000  0.0462
  9.50    8075   17.37  0.3053 66.9128  0.0000  0.0438
 10.50    9604   17.53  0.3378 66.2820  0.0000  0.0460
 11.50    9119   17.78  0.3718 65.1882  0.0000  0.0484
 12.50   13416   17.85  0.4076 64.9250  0.0000  0.0471
 13.50   11582   18.27  0.4487 63.1763  0.0000  0.0509
 14.50   15835   18.46  0.4858 62.4533  0.0000  0.0544
 15.50   15938   18.65  0.5269 61.7492  0.0000  0.0539
 16.50   16943   18.86  0.5657 60.9986  0.0000  0.0557
 17.50   19342   19.06  0.6073 60.2689  0.0000  0.0561
 18.50   19351   19.29  0.6465 59.3924  0.0000  0.0596
 19.50   26874   19.97  0.6953 57.0367  0.0000  0.0568
 20.50   27006   20.22  0.7467 56.2467  0.0000  0.0631
 21.50   28357   20.77  0.7972 54.5256  0.0000  0.0619
 22.50   30271   21.13  0.8478 53.4287  0.0000  0.0640
 23.50   32838   21.52  0.8988 52.2725  0.0000  0.0673
 24.50   32155   22.26  0.9565 50.2315  0.0001  0.0689
 25.50   20338   22.52  1.0185 49.5409  0.0000  0.0667
 26.50   20018   23.41  1.0815 47.2676  0.0001  0.0681
 27.50   16340   23.82  1.1459 46.2654  0.0001  0.0684
 28.50   12403   24.46  1.2160 44.7658  0.0001  0.0678
 29.50   13342   24.58  1.2898 44.4589  0.0000  0.0616
 30.50    5453   24.93  1.3702 43.6735  0.0000  0.0616
 31.50    7187   24.80  1.4490 43.7901  0.0000  0.0477
 32.50    1913   24.29  1.5407 44.9129  0.0000  0.0483
 33.50     806   24.33  1.6539 44.4833  0.0000  0.0376
 34.50       0    0.00  0.0000  0.0000  0.0000  0.0000
 35.50       0    0.00  0.0000  0.0000  0.0000  0.0000
