  0.50     261   55.77  0.0490 18.9873  0.0000  0.0588
  1.50     543   59.34  0.0977 17.1204  0.0000  0.0622
  2.50    1359   56.98  0.1745 18.3667  0.0000  0.0628
  3.50    1375   56.66  0.2350 18.5374  0.0000  0.0584
  4.50    1971   58.67  0.3005 17.5112  0.0000  0.0665
  5.50    2331   57.46  0.3580 18.1262  0.0000  0.0643
  6.50    3295   59.99  0.4387 16.8943  0.0000  0.0686
  7.50    4164   59.42  0.5103 17.2130  0.0000  0.0617
  8.50    3921   60.56  0.5819 16.6269  0.0000  0.0678
  9.50    5142   60.14  0.6633 16.8810  0.0000  0.0649
 10.50    5886   60.56  0.7386 16.6270  0.0000  0.0691
 11.50    5806   60.08  0.8177 16.8614  0.0000  0.0658
 12.50    8297   59.93  0.9083 16.9423  0.0000  0.0644
 13.50    7034   57.93  0.9940 17.9143  0.0000  0.0647
 14.50    9154   57.04  1.0749 18.3541  0.0000  0.0629
 15.50    8199   54.32  1.1640 19.8356  0.0000  0.0506
 16.50    7955   52.82  1.2546 20.6964  0.0000  0.0410
 17.50    7224   49.78  1.3402 22.4329  0.0000  0.0361
 18.50    5557   46.24  1.4401 24.8952  0.0000  0.0209
 19.50    4762   41.50  1.5759 28.7326  0.0000  0.0107
 20.50    1968   38.56  1.7392 31.6719  0.0000  0.0023
 21.50     478   34.36  1.8599 37.7782  0.0000  0.0017
 22.50      10   41.02  2.0357 26.1726  0.0000  0.0010
 23.50       0    0.00  0.0000  0.0000  0.0000  0.0000
 24.50       0    0.00  0.0000  0.0000  0.0000  0.0000
 25.50       0    0.00  0.0000  0.0000  0.0000  0.0000
 26.50       0    0.00  0.0000  0.0000  0.0000  0.0000
 27.50       0    0.00  0.0000  0.0000  0.0000  0.0000
 28.50       0    0.00  0.0000  0.0000  0.0000  0.0000
 29.50       0    0.00  0.0000  0.0000  0.0000  0.0000
 30.50       0    0.00  0.0000  0.0000  0.0000  0.0000
 31.50       0    0.00  0.0000  0.0000  0.0000  0.0000
 32.50       0    0.00  0.0000  0.0000  0.0000  0.0000
 33.50       0    0.00  0.0000  0.0000  0.0000  0.0000
 34.50       0    0.00  0.0000  0.0000  0.0000  0.0000
 35.50       0    0.00  0.0000  0.0000  0.0000  0.0000
