  0.50    3109   64.48  0.0464 11.8990  0.0004  0.5921
  1.50    6475   65.79  0.1034 11.4822  0.0004  0.6190
  2.50   16098   66.71  0.1682 11.1488  0.0004  0.6243
  3.50   16428   67.06  0.2402 11.0433  0.0004  0.6131
  4.50   23387   67.14  0.3042 11.0168  0.0004  0.6297
  5.50   27396   67.22  0.3715 10.9944  0.0004  0.6235
  6.50   38964   67.65  0.4488 10.8584  0.0004  0.6380
  7.50   47720   67.92  0.5294 10.7776  0.0004  0.6563
  8.50   45849   67.93  0.6096 10.7808  0.0004  0.6525
  9.50   58169   68.48  0.6884 10.5820  0.0004  0.6461
 10.50   67802   67.99  0.7743 10.7275  0.0004  0.6525
 11.50   65494   67.63  0.8610 10.8433  0.0004  0.6488
 12.50   93569   66.48  0.9568 11.1600  0.0004  0.6090
 13.50   75777   64.92  1.0564 11.6411  0.0004  0.5740
 14.50   94904   63.78  1.1578 11.9573  0.0004  0.5328
 15.50   83722   61.49  1.2623 12.6789  0.0003  0.4362
 16.50   75884   58.53  1.3686 13.7163  0.0002  0.3415
 17.50   67139   55.68  1.4787 14.7573  0.0002  0.2450
 18.50   47805   52.41  1.5979 16.0447  0.0001  0.1483
 19.50   39433   48.34  1.7390 17.8473  0.0000  0.0721
 20.50   15846   43.37  1.9073 20.3909  0.0000  0.0151
 21.50    4562   39.07  2.0691 23.0764  0.0000  0.0017
 22.50     653   34.96  2.2374 28.5255  0.0000  0.0017
 23.50      11   21.66  2.6309 49.3848  0.0000  0.0007
 24.50       0    0.00  0.0000  0.0000  0.0000  0.0000
 25.50       0    0.00  0.0000  0.0000  0.0000  0.0000
 26.50       0    0.00  0.0000  0.0000  0.0000  0.0000
 27.50       0    0.00  0.0000  0.0000  0.0000  0.0000
 28.50       0    0.00  0.0000  0.0000  0.0000  0.0000
 29.50       0    0.00  0.0000  0.0000  0.0000  0.0000
 30.50       0    0.00  0.0000  0.0000  0.0000  0.0000
 31.50       0    0.00  0.0000  0.0000  0.0000  0.0000
 32.50       0    0.00  0.0000  0.0000  0.0000  0.0000
 33.50       0    0.00  0.0000  0.0000  0.0000  0.0000
 34.50       0    0.00  0.0000  0.0000  0.0000  0.0000
 35.50       0    0.00  0.0000  0.0000  0.0000  0.0000
