  0.50     351   31.16  0.0297 38.3477  0.0000  0.0486
  1.50     724   32.72  0.0680 35.9962  0.0000  0.0500
  2.50    1817   29.74  0.1097 40.8859  0.0000  0.0507
  3.50    1849   30.18  0.1489 40.1235  0.0000  0.0539
  4.50    2515   30.13  0.1943 40.2880  0.0000  0.0533
  5.50    3031   30.85  0.2357 39.0023  0.0000  0.0485
  6.50    4105   31.39  0.2774 38.1107  0.0000  0.0529
  7.50    5300   31.00  0.3308 38.8624  0.0000  0.0531
  8.50    5041   31.53  0.3744 37.9784  0.0000  0.0585
  9.50    6217   31.69  0.4243 37.6580  0.0000  0.0583
 10.50    7565   32.05  0.4737 37.1420  0.0000  0.0514
 11.50    7425   32.81  0.5258 36.0087  0.0000  0.0606
 12.50   11022   33.67  0.5800 34.7976  0.0000  0.0624
 13.50    9507   33.69  0.6385 34.7814  0.0000  0.0593
 14.50   13080   34.35  0.7038 33.9219  0.0000  0.0640
 15.50   13269   34.90  0.7621 33.2120  0.0000  0.0653
 16.50   14818   35.27  0.8249 32.7996  0.0000  0.0711
 17.50   16612   36.39  0.8930 31.3791  0.0000  0.0660
 18.50   16398   36.13  0.9627 31.7457  0.0000  0.0716
 19.50   22713   37.01  1.0328 30.6730  0.0000  0.0718
 20.50   21830   37.67  1.1198 29.8812  0.0000  0.0680
 21.50   21527   37.57  1.2003 29.9847  0.0000  0.0656
 22.50   21950   37.38  1.2778 30.1764  0.0000  0.0609
 23.50   21228   37.25  1.3636 30.2298  0.0000  0.0518
 24.50   17949   36.53  1.4594 30.8627  0.0000  0.0425
 25.50    9016   35.95  1.5687 31.4121  0.0000  0.0314
 26.50    6679   34.13  1.6850 33.3904  0.0000  0.0243
 27.50    3364   33.07  1.8193 34.4665  0.0000  0.0140
 28.50    1391   29.29  1.9807 40.2407  0.0000  0.0057
 29.50     553   29.81  2.1607 39.1194  0.0000  0.0012
 30.50      25   21.99  2.2124 59.5061  0.0000  0.0008
 31.50       0    0.00  0.0000  0.0000  0.0000  0.0000
 32.50       0    0.00  0.0000  0.0000  0.0000  0.0000
 33.50       0    0.00  0.0000  0.0000  0.0000  0.0000
 34.50       0    0.00  0.0000  0.0000  0.0000  0.0000
 35.50       0    0.00  0.0000  0.0000  0.0000  0.0000
