  0.50       0    0.00  0.0000  0.0000  0.0000  0.0000
  1.50       0    0.00  0.0000  0.0000  0.0000  0.0000
  2.50       0    0.00  0.0000  0.0000  0.0000  0.0000
  3.50       0    0.00  0.0000  0.0000  0.0000  0.0000
  4.50       0    0.00  0.0000  0.0000  0.0000  0.0000
  5.50       0    0.00  0.0000  0.0000  0.0000  0.0000
  6.50       0    0.00  0.0000  0.0000  0.0000  0.0000
  7.50       0    0.00  0.0000  0.0000  0.0000  0.0000
  8.50   89778  127.78  1.1132  2.0518  0.0043  6.1330
  9.50  208289  109.43  1.2200  3.3939  0.0016  2.1638
 10.50   77028   88.39  1.3498  5.1838  0.0003  0.4151
 11.50   12441   69.03  1.4671  7.5965  0.0000  0.0411
 12.50    1319   45.04  1.6157 25.8573  0.0000  0.0036
 13.50       0    0.00  0.0000  0.0000  0.0000  0.0000
 14.50       0    0.00  0.0000  0.0000  0.0000  0.0000
 15.50       0    0.00  0.0000  0.0000  0.0000  0.0000
 16.50       0    0.00  0.0000  0.0000  0.0000  0.0000
 17.50       0    0.00  0.0000  0.0000  0.0000  0.0000
 18.50       0    0.00  0.0000  0.0000  0.0000  0.0000
 19.50       0    0.00  0.0000  0.0000  0.0000  0.0000
 20.50       0    0.00  0.0000  0.0000  0.0000  0.0000
 21.50       0    0.00  0.0000  0.0000  0.0000  0.0000
 22.50       0    0.00  0.0000  0.0000  0.0000  0.0000
 23.50       0    0.00  0.0000  0.0000  0.0000  0.0000
 24.50       0    0.00  0.0000  0.0000  0.0000  0.0000
 25.50       0    0.00  0.0000  0.0000  0.0000  0.0000
 26.50       0    0.00  0.0000  0.0000  0.0000  0.0000
 27.50       0    0.00  0.0000  0.0000  0.0000  0.0000
 28.50       0    0.00  0.0000  0.0000  0.0000  0.0000
 29.50       0    0.00  0.0000  0.0000  0.0000  0.0000
 30.50       0    0.00  0.0000  0.0000  0.0000  0.0000
 31.50       0    0.00  0.0000  0.0000  0.0000  0.0000
 32.50       0    0.00  0.0000  0.0000  0.0000  0.0000
 33.50       0    0.00  0.0000  0.0000  0.0000  0.0000
 34.50       0    0.00  0.0000  0.0000  0.0000  0.0000
 35.50       0    0.00  0.0000  0.0000  0.0000  0.0000
