  0.50   19185   49.53  0.0410 13.0771  0.0020  2.0758
  1.50   38517   49.89  0.0904 12.9314  0.0020  2.0836
  2.50   97331   49.60  0.1482 13.0517  0.0021  2.0945
  3.50   99481   49.48  0.2102 13.1148  0.0020  2.0858
  4.50  143022   49.50  0.2655 13.1188  0.0021  2.1399
  5.50  167697   49.77  0.3222 13.0183  0.0022  2.1913
  6.50  239031   49.73  0.3833 13.0530  0.0022  2.2367
  7.50  293237   49.91  0.4511 12.9926  0.0022  2.2743
  8.50  281180   50.27  0.5173 12.8591  0.0023  2.2943
  9.50  368129   50.47  0.5828 12.7979  0.0023  2.3503
 10.50  437640   50.55  0.6550 12.7821  0.0024  2.4099
 11.50  429968   50.87  0.7264 12.6624  0.0024  2.4718
 12.50  651178   50.99  0.8067 12.6298  0.0025  2.5248
 13.50  560551   51.05  0.8915 12.6092  0.0025  2.5364
 14.50  770825   50.98  0.9783 12.6393  0.0025  2.5600
 15.50  762865   50.62  1.0690 12.7709  0.0025  2.5477
 16.50  809731   49.97  1.1617 13.0082  0.0024  2.4822
 17.50  879549   49.18  1.2547 13.3033  0.0023  2.3786
 18.50  835648   47.96  1.3495 13.7727  0.0021  2.1836
 19.50 1076285   46.33  1.4557 14.4231  0.0019  1.9439
 20.50  925885   44.14  1.5747 15.3615  0.0015  1.5518
 21.50  799326   41.59  1.6949 16.5527  0.0012  1.1649
 22.50  653223   38.88  1.8230 17.9501  0.0008  0.7641
 23.50  461565   36.11  1.9687 19.4657  0.0004  0.3882
 24.50  237974   32.94  2.1320 21.4211  0.0001  0.1359
 25.50   48654   29.99  2.3132 23.1769  0.0000  0.0485
 26.50    9919   27.12  2.4569 25.0960  0.0000  0.0104
 27.50     854   23.14  2.6364 29.6561  0.0000  0.0010
 28.50      10   16.78  2.9688 43.0719  0.0000  0.0003
 29.50       0    0.00  0.0000  0.0000  0.0000  0.0000
 30.50       0    0.00  0.0000  0.0000  0.0000  0.0000
 31.50       0    0.00  0.0000  0.0000  0.0000  0.0000
 32.50       0    0.00  0.0000  0.0000  0.0000  0.0000
 33.50       0    0.00  0.0000  0.0000  0.0000  0.0000
 34.50       0    0.00  0.0000  0.0000  0.0000  0.0000
 35.50       0    0.00  0.0000  0.0000  0.0000  0.0000
