  0.50  518737  108.44  0.0605  0.8278  0.0835 32.2385
  1.50 1046570  108.47  0.1398  0.8277  0.0840 32.4603
  2.50 2655452  108.54  0.2334  0.8229  0.0840 32.4740
  3.50 2705018  108.37  0.3291  0.8224  0.0843 32.6545
  4.50 3870573  108.01  0.4226  0.8253  0.0844 32.6813
  5.50 4519107  107.45  0.5194  0.8278  0.0839 32.4719
  6.50 6325454  106.54  0.6304  0.8280  0.0806 31.0465
  7.50 7585013  104.95  0.7562  0.8377  0.0780 29.7776
  8.50 7021408  102.95  0.8826  0.8475  0.0741 27.9612
  9.50 8693625  100.47  1.0131  0.8610  0.0687 25.4868
 10.50 9609264   97.25  1.1634  0.8802  0.0624 22.6358
 11.50 8661528   93.59  1.3225  0.9001  0.0543 19.0774
 12.50 11538863   88.95  1.5120  0.9257  0.0430 14.3521
 13.50 8520567   83.48  1.7323  0.9568  0.0338 10.7513
 14.50 9581936   77.43  1.9822  0.9887  0.0245  7.3596
 15.50 7308966   70.20  2.2950  1.0325  0.0162  4.5555
 16.50 5552479   62.15  2.6602  1.0992  0.0094  2.4261
 17.50 3853154   53.37  3.0685  1.2020  0.0046  1.0827
 18.50 1980298   44.57  3.4560  1.3241  0.0018  0.3921
 19.50 1024653   35.35  3.8134  1.5016  0.0005  0.1076
 20.50  236848   25.95  4.2525  1.9790  0.0001  0.0133
 21.50   32971   16.67  5.2761  3.5596  0.0000  0.0002
 22.50     791    9.12  7.0962 12.3076  0.0000  0.0000
 23.50       0    0.00  0.0000  0.0000  0.0000  0.0000
 24.50       0    0.00  0.0000  0.0000  0.0000  0.0000
 25.50       0    0.00  0.0000  0.0000  0.0000  0.0000
 26.50       0    0.00  0.0000  0.0000  0.0000  0.0000
 27.50       0    0.00  0.0000  0.0000  0.0000  0.0000
 28.50       0    0.00  0.0000  0.0000  0.0000  0.0000
 29.50       0    0.00  0.0000  0.0000  0.0000  0.0000
 30.50       0    0.00  0.0000  0.0000  0.0000  0.0000
 31.50       0    0.00  0.0000  0.0000  0.0000  0.0000
 32.50       0    0.00  0.0000  0.0000  0.0000  0.0000
 33.50       0    0.00  0.0000  0.0000  0.0000  0.0000
 34.50       0    0.00  0.0000  0.0000  0.0000  0.0000
 35.50       0    0.00  0.0000  0.0000  0.0000  0.0000
