  0.50    2355   33.88  0.0241 25.8444  0.0002  0.2501
  1.50    4802   34.22  0.0729 25.5269  0.0002  0.2560
  2.50   12049   33.89  0.1192 25.8423  0.0002  0.2468
  3.50   12480   33.71  0.1681 26.0624  0.0002  0.2591
  4.50   17408   34.02  0.2127 25.7410  0.0002  0.2567
  5.50   20355   33.93  0.2567 25.8462  0.0002  0.2616
  6.50   28755   34.05  0.3050 25.7326  0.0002  0.2657
  7.50   35024   33.94  0.3577 25.8603  0.0002  0.2649
  8.50   33638   34.25  0.4084 25.5744  0.0002  0.2818
  9.50   43600   34.69  0.4592 25.1551  0.0002  0.2845
 10.50   51294   35.09  0.5139 24.7848  0.0002  0.2891
 11.50   50234   35.19  0.5681 24.7048  0.0003  0.3001
 12.50   76133   35.55  0.6281 24.4011  0.0003  0.3196
 13.50   65941   36.12  0.6929 23.8919  0.0003  0.3215
 14.50   90830   36.56  0.7572 23.5222  0.0003  0.3239
 15.50   91634   36.92  0.8268 23.2270  0.0003  0.3291
 16.50   99368   37.18  0.8966 23.0098  0.0003  0.3278
 17.50  112356   37.64  0.9668 22.6337  0.0003  0.3423
 18.50  112013   37.93  1.0392 22.4114  0.0003  0.3436
 19.50  155198   37.98  1.1186 22.3524  0.0003  0.3420
 20.50  149488   37.90  1.2078 22.4164  0.0003  0.3332
 21.50  149203   37.51  1.2950 22.6942  0.0003  0.3122
 22.50  149815   37.12  1.3816 22.9760  0.0002  0.2870
 23.50  145850   36.03  1.4750 23.8364  0.0002  0.2494
 24.50  123081   34.91  1.5788 24.6974  0.0002  0.1925
 25.50   61334   32.89  1.7060 26.4996  0.0001  0.1494
 26.50   42731   31.31  1.8465 27.9134  0.0001  0.1048
 27.50   20262   29.33  2.0069 29.8114  0.0000  0.0516
 28.50    6680   27.88  2.1870 31.0648  0.0000  0.0164
 29.50    2109   26.67  2.3754 31.7601  0.0000  0.0023
 30.50     104   22.15  2.4798 40.3048  0.0000  0.0005
 31.50       0    0.00  0.0000  0.0000  0.0000  0.0000
 32.50       0    0.00  0.0000  0.0000  0.0000  0.0000
 33.50       0    0.00  0.0000  0.0000  0.0000  0.0000
 34.50       0    0.00  0.0000  0.0000  0.0000  0.0000
 35.50       0    0.00  0.0000  0.0000  0.0000  0.0000
