  0.50    1213   38.40  0.0342 26.0919  0.0001  0.1717
  1.50    2338   39.07  0.0758 25.4286  0.0001  0.1676
  2.50    5913   39.68  0.1272 24.8818  0.0001  0.1652
  3.50    5990   39.76  0.1823 24.7925  0.0001  0.1653
  4.50    8432   40.48  0.2297 24.1660  0.0001  0.1664
  5.50    9924   40.88  0.2773 23.8082  0.0001  0.1736
  6.50   13635   41.23  0.3323 23.4905  0.0001  0.1703
  7.50   16852   40.93  0.3912 23.8010  0.0001  0.1761
  8.50   16183   41.67  0.4500 23.1608  0.0001  0.1850
  9.50   20814   42.59  0.5078 22.4231  0.0001  0.1898
 10.50   24624   42.51  0.5674 22.5074  0.0001  0.1885
 11.50   24261   43.51  0.6316 21.7245  0.0001  0.1849
 12.50   36748   44.08  0.7006 21.3255  0.0001  0.1965
 13.50   31759   44.18  0.7758 21.2492  0.0001  0.2098
 14.50   43492   44.81  0.8504 20.7942  0.0001  0.2083
 15.50   43635   45.20  0.9313 20.5273  0.0001  0.2113
 16.50   46215   45.57  1.0122 20.2465  0.0001  0.2062
 17.50   50435   45.73  1.0935 20.1131  0.0001  0.2090
 18.50   48613   45.37  1.1796 20.3170  0.0001  0.1981
 19.50   63557   45.31  1.2723 20.3074  0.0001  0.1880
 20.50   55574   44.78  1.3817 20.5602  0.0001  0.1517
 21.50   49684   43.24  1.4862 21.5942  0.0001  0.1184
 22.50   43051   42.00  1.5937 22.3612  0.0001  0.0902
 23.50   34280   40.55  1.7169 23.2469  0.0000  0.0568
 24.50   21663   38.56  1.8518 24.7182  0.0000  0.0266
 25.50    6810   36.12  2.0277 26.4760  0.0000  0.0154
 26.50    2489   31.77  2.1865 31.6648  0.0000  0.0053
 27.50     450   30.63  2.3440 33.9667  0.0000  0.0008
 28.50       0    0.00  0.0000  0.0000  0.0000  0.0000
 29.50       0    0.00  0.0000  0.0000  0.0000  0.0000
 30.50       0    0.00  0.0000  0.0000  0.0000  0.0000
 31.50       0    0.00  0.0000  0.0000  0.0000  0.0000
 32.50       0    0.00  0.0000  0.0000  0.0000  0.0000
 33.50       0    0.00  0.0000  0.0000  0.0000  0.0000
 34.50       0    0.00  0.0000  0.0000  0.0000  0.0000
 35.50       0    0.00  0.0000  0.0000  0.0000  0.0000
