  0.50    4750   54.36  0.0415 14.2534  0.0006  0.7272
  1.50    9434   54.83  0.0987 14.0328  0.0005  0.7071
  2.50   24002   55.23  0.1619 13.8677  0.0006  0.7358
  3.50   24047   55.01  0.2284 13.9551  0.0005  0.7250
  4.50   34824   55.95  0.2898 13.5759  0.0006  0.7506
  5.50   40732   55.28  0.3519 13.8650  0.0006  0.7620
  6.50   57780   56.43  0.4227 13.3855  0.0006  0.7748
  7.50   70607   57.34  0.5022 13.0156  0.0006  0.7546
  8.50   67050   57.70  0.5772 12.8727  0.0006  0.7784
  9.50   87334   57.69  0.6534 12.8793  0.0006  0.7984
 10.50  101997   58.42  0.7384 12.5895  0.0006  0.8111
 11.50   98494   58.13  0.8226 12.6982  0.0006  0.8189
 12.50  144611   58.33  0.9171 12.5879  0.0006  0.8212
 13.50  120088   57.88  1.0180 12.7235  0.0006  0.7748
 14.50  154776   56.81  1.1181 13.0988  0.0006  0.7386
 15.50  141881   56.10  1.2312 13.2761  0.0005  0.6903
 16.50  136295   54.15  1.3425 14.0072  0.0004  0.5697
 17.50  129322   52.08  1.4557 14.7844  0.0003  0.4501
 18.50  103559   49.25  1.5760 16.0025  0.0003  0.3343
 19.50  104387   46.30  1.7145 17.3447  0.0002  0.2143
 20.50   63202   42.27  1.8769 19.5302  0.0001  0.1011
 21.50   33818   38.61  2.0514 21.7507  0.0000  0.0361
 22.50   14359   34.57  2.2330 24.8202  0.0000  0.0095
 23.50    4031   27.45  2.4105 35.0625  0.0000  0.0016
 24.50     502   21.28  2.6013 60.6078  0.0000  0.0007
 25.50       0    0.00  0.0000  0.0000  0.0000  0.0000
 26.50       0    0.00  0.0000  0.0000  0.0000  0.0000
 27.50       0    0.00  0.0000  0.0000  0.0000  0.0000
 28.50       0    0.00  0.0000  0.0000  0.0000  0.0000
 29.50       0    0.00  0.0000  0.0000  0.0000  0.0000
 30.50       0    0.00  0.0000  0.0000  0.0000  0.0000
 31.50       0    0.00  0.0000  0.0000  0.0000  0.0000
 32.50       0    0.00  0.0000  0.0000  0.0000  0.0000
 33.50       0    0.00  0.0000  0.0000  0.0000  0.0000
 34.50       0    0.00  0.0000  0.0000  0.0000  0.0000
 35.50       0    0.00  0.0000  0.0000  0.0000  0.0000
