  0.50   42934   99.14  0.0641  3.6785  0.0069  7.6390
  1.50   86494   99.19  0.1363  3.6736  0.0070  7.6948
  2.50  218778   99.17  0.2204  3.6725  0.0069  7.6733
  3.50  226469   98.70  0.3120  3.7375  0.0071  7.8826
  4.50  324293   98.84  0.3938  3.7185  0.0071  7.9003
  5.50  379444   98.33  0.4784  3.7707  0.0071  7.8545
  6.50  538720   97.26  0.5722  3.8892  0.0071  7.8386
  7.50  653588   95.58  0.6756  4.0693  0.0070  7.7004
  8.50  616058   93.17  0.7757  4.3430  0.0069  7.5422
  9.50  783566   90.50  0.8732  4.6586  0.0067  7.3341
 10.50  884349   86.83  0.9824  5.1114  0.0063  6.8190
 11.50  812391   82.71  1.0897  5.6523  0.0058  6.2575
 12.50 1110333   77.41  1.2064  6.4323  0.0050  5.3053
 13.50  833706   71.46  1.3290  7.4131  0.0041  4.2738
 14.50  948317   65.35  1.4487  8.5896  0.0031  3.2266
 15.50  699533   58.46  1.5832 10.1356  0.0020  2.0114
 16.50  468061   51.99  1.7220 11.8067  0.0010  0.9706
 17.50  241497   45.71  1.8622 13.6600  0.0003  0.2978
 18.50   71075   40.23  1.9988 15.3397  0.0001  0.0533
 19.50   14896   33.03  2.1417 18.9604  0.0000  0.0055
 20.50     830   24.99  2.4009 29.0107  0.0000  0.0005
 21.50       0    0.00  0.0000  0.0000  0.0000  0.0000
 22.50       0    0.00  0.0000  0.0000  0.0000  0.0000
 23.50       0    0.00  0.0000  0.0000  0.0000  0.0000
 24.50       0    0.00  0.0000  0.0000  0.0000  0.0000
 25.50       0    0.00  0.0000  0.0000  0.0000  0.0000
 26.50       0    0.00  0.0000  0.0000  0.0000  0.0000
 27.50       0    0.00  0.0000  0.0000  0.0000  0.0000
 28.50       0    0.00  0.0000  0.0000  0.0000  0.0000
 29.50       0    0.00  0.0000  0.0000  0.0000  0.0000
 30.50       0    0.00  0.0000  0.0000  0.0000  0.0000
 31.50       0    0.00  0.0000  0.0000  0.0000  0.0000
 32.50       0    0.00  0.0000  0.0000  0.0000  0.0000
 33.50       0    0.00  0.0000  0.0000  0.0000  0.0000
 34.50       0    0.00  0.0000  0.0000  0.0000  0.0000
 35.50       0    0.00  0.0000  0.0000  0.0000  0.0000
