  0.50   47683   43.50  0.0403  8.0886  0.0047  2.6415
  1.50   96279   43.26  0.0878  8.1674  0.0047  2.6374
  2.50  243493   43.53  0.1441  8.0904  0.0047  2.6797
  3.50  246263   43.67  0.2025  8.0502  0.0047  2.6721
  4.50  351755   43.73  0.2553  8.0422  0.0048  2.7172
  5.50  411715   44.02  0.3097  7.9654  0.0049  2.7664
  6.50  582127   44.17  0.3698  7.9304  0.0049  2.8017
  7.50  712640   44.48  0.4359  7.8551  0.0050  2.8252
  8.50  682473   44.79  0.4998  7.7769  0.0051  2.8718
  9.50  888107   45.18  0.5647  7.6808  0.0052  2.9384
 10.50 1051205   45.67  0.6356  7.5597  0.0053  2.9912
 11.50 1034458   46.05  0.7064  7.4674  0.0053  3.0323
 12.50 1560006   46.52  0.7864  7.3513  0.0054  3.0992
 13.50 1352541   47.02  0.8730  7.2276  0.0055  3.1538
 14.50 1862595   47.45  0.9602  7.1208  0.0056  3.1899
 15.50 1862816   47.82  1.0560  7.0206  0.0056  3.2021
 16.50 2006056   48.00  1.1527  6.9611  0.0055  3.1763
 17.50 2223793   48.07  1.2524  6.9218  0.0054  3.1227
 18.50 2169382   47.86  1.3564  6.9387  0.0052  3.0136
 19.50 2914002   47.33  1.4746  7.0167  0.0049  2.8475
 20.50 2688808   46.48  1.6053  7.1589  0.0044  2.5476
 21.50 2553180   45.22  1.7363  7.3895  0.0039  2.2273
 22.50 2421003   43.62  1.8710  7.7111  0.0033  1.8591
 23.50 2197129   41.61  2.0165  8.1501  0.0025  1.4287
 24.50 1710960   39.13  2.1797  8.7456  0.0017  0.9674
 25.50  762388   36.18  2.3780  9.5188  0.0012  0.6756
 26.50  460047   33.17  2.5777 10.3698  0.0007  0.3846
 27.50  174678   30.13  2.7914 11.1984  0.0003  0.1529
 28.50   42844   27.07  2.9824 12.0566  0.0001  0.0359
 29.50    9958   22.32  3.1542 14.6817  0.0000  0.0037
 30.50     438   18.55  3.4958 17.6376  0.0000  0.0009
 31.50      26   16.69  4.1507 19.7608  0.0000  0.0002
 32.50       0    0.00  0.0000  0.0000  0.0000  0.0000
 33.50       0    0.00  0.0000  0.0000  0.0000  0.0000
 34.50       0    0.00  0.0000  0.0000  0.0000  0.0000
 35.50       0    0.00  0.0000  0.0000  0.0000  0.0000
