  0.50    1789   24.42  0.0292 38.6685  0.0001  0.1586
  1.50    3650   24.63  0.0562 38.2849  0.0001  0.1632
  2.50    9090   24.71  0.0985 38.1500  0.0001  0.1651
  3.50    9147   24.45  0.1389 38.6224  0.0001  0.1619
  4.50   13103   24.80  0.1736 37.9747  0.0001  0.1648
  5.50   14999   24.68  0.2128 38.1964  0.0001  0.1650
  6.50   21311   24.78  0.2498 38.0378  0.0001  0.1726
  7.50   25672   24.81  0.2941 37.9809  0.0001  0.1687
  8.50   24365   25.02  0.3342 37.6139  0.0002  0.1747
  9.50   31131   25.14  0.3747 37.4175  0.0001  0.1731
 10.50   36388   25.35  0.4177 37.0312  0.0002  0.1769
 11.50   35512   25.52  0.4597 36.7635  0.0002  0.1810
 12.50   52587   25.81  0.5072 36.2664  0.0002  0.1871
 13.50   45701   26.13  0.5568 35.7359  0.0002  0.1944
 14.50   62459   26.42  0.6059 35.2741  0.0002  0.1945
 15.50   63319   26.72  0.6574 34.8080  0.0002  0.2045
 16.50   68059   27.02  0.7123 34.3412  0.0002  0.2041
 17.50   77024   27.59  0.7669 33.4629  0.0002  0.2094
 18.50   77896   27.93  0.8227 32.9833  0.0002  0.2161
 19.50  109944   28.35  0.8861 32.3904  0.0002  0.2197
 20.50  108323   28.79  0.9556 31.7727  0.0002  0.2288
 21.50  113308   29.24  1.0239 31.1544  0.0002  0.2331
 22.50  121057   29.81  1.0927 30.4126  0.0002  0.2382
 23.50  127955   30.01  1.1635 30.1579  0.0002  0.2305
 24.50  123518   30.21  1.2387 29.8727  0.0002  0.2249
 25.50   74939   30.34  1.3250 29.6769  0.0002  0.2145
 26.50   70195   30.08  1.4083 29.9419  0.0002  0.2012
 27.50   52617   29.76  1.5015 30.2748  0.0002  0.1762
 28.50   35447   29.22  1.5970 30.8475  0.0001  0.1527
 29.50   33343   28.29  1.7191 31.9735  0.0001  0.1133
 30.50   10836   27.09  1.8542 33.4512  0.0001  0.0897
 31.50   10442   26.05  2.0066 34.7270  0.0000  0.0458
 32.50    1514   25.10  2.2002 35.6982  0.0000  0.0279
 33.50     445   23.80  2.3277 37.5620  0.0000  0.0156
 34.50       0    0.00  0.0000  0.0000  0.0000  0.0000
 35.50       0    0.00  0.0000  0.0000  0.0000  0.0000
