  0.50   80068   32.49  0.0337  3.6676  0.0060  1.1924
  1.50  160120   32.36  0.0740  3.6901  0.0059  1.1831
  2.50  406128   32.51  0.1198  3.6729  0.0060  1.2034
  3.50  409253   32.64  0.1680  3.6487  0.0061  1.2100
  4.50  580448   32.81  0.2123  3.6223  0.0061  1.2243
  5.50  674671   32.93  0.2585  3.6062  0.0061  1.2287
  6.50  946274   33.18  0.3076  3.5667  0.0062  1.2449
  7.50 1148596   33.42  0.3615  3.5346  0.0063  1.2605
  8.50 1086864   33.75  0.4132  3.4825  0.0063  1.2727
  9.50 1398709   34.07  0.4648  3.4351  0.0063  1.2814
 10.50 1640055   34.41  0.5219  3.3889  0.0064  1.3143
 11.50 1597565   34.78  0.5775  3.3361  0.0065  1.3372
 12.50 2395072   35.24  0.6398  3.2742  0.0067  1.3763
 13.50 2071437   35.72  0.7076  3.2088  0.0068  1.3996
 14.50 2856965   36.20  0.7757  3.1463  0.0069  1.4316
 15.50 2886885   36.74  0.8510  3.0770  0.0070  1.4701
 16.50 3169030   37.31  0.9266  3.0048  0.0071  1.5023
 17.50 3608214   37.84  1.0064  2.9386  0.0073  1.5427
 18.50 3669352   38.39  1.0907  2.8715  0.0074  1.5854
 19.50 5243950   39.01  1.1890  2.7938  0.0075  1.6113
 20.50 5276390   39.61  1.3011  2.7209  0.0077  1.6645
 21.50 5597267   40.17  1.4161  2.6493  0.0078  1.6973
 22.50 6089788   40.68  1.5344  2.5804  0.0078  1.7217
 23.50 6593182   41.09  1.6631  2.5191  0.0078  1.7245
 24.50 6475931   41.35  1.8082  2.4648  0.0075  1.6666
 25.50 4065851   41.45  1.9775  2.4171  0.0073  1.6069
 26.50 3938396   41.33  2.1491  2.3848  0.0068  1.5067
 27.50 3121642   40.87  2.3423  2.3767  0.0063  1.3935
 28.50 2261640   40.17  2.5527  2.3836  0.0056  1.2233
 29.50 2371339   39.05  2.7962  2.4180  0.0048  1.0208
 30.50  925015   37.55  3.0729  2.4842  0.0043  0.8990
 31.50 1171580   35.54  3.3835  2.6106  0.0033  0.6644
 32.50  284617   32.86  3.7762  2.8120  0.0027  0.5429
 33.50  122555   30.76  4.0651  3.0057  0.0022  0.4282
 34.50       0    0.00  0.0000  0.0000  0.0000  0.0000
 35.50       0    0.00  0.0000  0.0000  0.0000  0.0000
