  0.50    8608   25.14  0.0285 31.3731  0.0006  0.6280
  1.50   17490   25.40  0.0617 30.9916  0.0007  0.6410
  2.50   43385   25.35  0.1022 31.0642  0.0006  0.6350
  3.50   44132   25.43  0.1401 30.9525  0.0007  0.6419
  4.50   62248   25.38  0.1781 31.0290  0.0006  0.6301
  5.50   72973   25.35  0.2158 31.0938  0.0007  0.6548
  6.50  101803   25.45  0.2566 30.9448  0.0007  0.6646
  7.50  124305   25.44  0.2996 30.9906  0.0007  0.6846
  8.50  117764   25.60  0.3407 30.7613  0.0007  0.6839
  9.50  152863   25.85  0.3821 30.4208  0.0007  0.6980
 10.50  178866   25.98  0.4261 30.2419  0.0007  0.7132
 11.50  173415   26.19  0.4690 29.9470  0.0007  0.7320
 12.50  259577   26.41  0.5163 29.6607  0.0008  0.7368
 13.50  222761   26.61  0.5670 29.4058  0.0008  0.7591
 14.50  307312   26.92  0.6160 28.9984  0.0008  0.7813
 15.50  309995   27.34  0.6705 28.4624  0.0008  0.7997
 16.50  338152   27.65  0.7243 28.0803  0.0008  0.8177
 17.50  384077   28.01  0.7804 27.6543  0.0009  0.8600
 18.50  387620   28.37  0.8366 27.2273  0.0009  0.8908
 19.50  549858   28.82  0.9024 26.7024  0.0009  0.9097
 20.50  547594   29.25  0.9741 26.2179  0.0009  0.9317
 21.50  575394   29.64  1.0453 25.7939  0.0009  0.9317
 22.50  621306   29.99  1.1168 25.4231  0.0010  0.9647
 23.50  663332   30.41  1.1919 24.9664  0.0010  0.9753
 24.50  646927   30.50  1.2696 24.8677  0.0010  0.9514
 25.50  399955   30.69  1.3582 24.6439  0.0009  0.9322
 26.50  382159   30.60  1.4448 24.7041  0.0009  0.8932
 27.50  296653   30.48  1.5382 24.7742  0.0008  0.8355
 28.50  208787   30.00  1.6340 25.2017  0.0007  0.7377
 29.50  210039   29.25  1.7442 25.9124  0.0006  0.6096
 30.50   76974   28.36  1.8635 26.7876  0.0005  0.5256
 31.50   87426   27.09  1.9997 28.1535  0.0004  0.3540
 32.50   17240   25.96  2.1747 29.2760  0.0003  0.2655
 33.50    6058   24.30  2.2894 31.4598  0.0002  0.1767
 34.50       0    0.00  0.0000  0.0000  0.0000  0.0000
 35.50       0    0.00  0.0000  0.0000  0.0000  0.0000
