  0.50    9427  128.06  0.0687  1.6009  0.0017  2.7820
  1.50   18901  127.41  0.1460  1.6591  0.0017  2.7761
  2.50   48021  127.43  0.2470  1.6547  0.0018  2.8429
  3.50   48863  125.93  0.3466  1.7948  0.0017  2.7850
  4.50   68892  125.61  0.4369  1.8048  0.0017  2.7685
  5.50   79139  123.96  0.5275  1.9468  0.0017  2.7439
  6.50  107844  120.82  0.6296  2.2277  0.0016  2.5591
  7.50  124940  116.23  0.7365  2.6742  0.0015  2.4316
  8.50  111294  110.83  0.8443  3.2525  0.0014  2.1749
  9.50  130266  105.16  0.9504  3.8930  0.0012  1.8903
 10.50  131987   97.79  1.0664  4.8376  0.0010  1.5767
 11.50  106983   90.46  1.1750  5.9022  0.0008  1.1924
 12.50  122024   82.21  1.2907  7.3124  0.0005  0.7417
 13.50   69587   73.61  1.4151  9.0185  0.0003  0.4276
 14.50   51780   64.73  1.5442 11.1667  0.0001  0.1641
 15.50   18286   57.31  1.6833 13.0206  0.0000  0.0366
 16.50    4098   49.61  1.7998 15.4203  0.0000  0.0033
 17.50     394   46.90  1.9215 17.3906  0.0000  0.0026
 18.50       0    0.00  0.0000  0.0000  0.0000  0.0000
 19.50       0    0.00  0.0000  0.0000  0.0000  0.0000
 20.50       0    0.00  0.0000  0.0000  0.0000  0.0000
 21.50       0    0.00  0.0000  0.0000  0.0000  0.0000
 22.50       0    0.00  0.0000  0.0000  0.0000  0.0000
 23.50       0    0.00  0.0000  0.0000  0.0000  0.0000
 24.50       0    0.00  0.0000  0.0000  0.0000  0.0000
 25.50       0    0.00  0.0000  0.0000  0.0000  0.0000
 26.50       0    0.00  0.0000  0.0000  0.0000  0.0000
 27.50       0    0.00  0.0000  0.0000  0.0000  0.0000
 28.50       0    0.00  0.0000  0.0000  0.0000  0.0000
 29.50       0    0.00  0.0000  0.0000  0.0000  0.0000
 30.50       0    0.00  0.0000  0.0000  0.0000  0.0000
 31.50       0    0.00  0.0000  0.0000  0.0000  0.0000
 32.50       0    0.00  0.0000  0.0000  0.0000  0.0000
 33.50       0    0.00  0.0000  0.0000  0.0000  0.0000
 34.50       0    0.00  0.0000  0.0000  0.0000  0.0000
 35.50       0    0.00  0.0000  0.0000  0.0000  0.0000
