  0.50    1314   46.08  0.0409 19.6525  0.0001  0.2023
  1.50    2744   46.31  0.0854 19.5428  0.0002  0.2163
  2.50    6789   46.38  0.1403 19.4812  0.0002  0.2090
  3.50    7212   46.27  0.2058 19.6188  0.0002  0.2233
  4.50   10141   46.02  0.2617 19.7751  0.0002  0.2157
  5.50   11981   46.86  0.3137 19.2472  0.0002  0.2263
  6.50   17145   46.65  0.3760 19.3981  0.0002  0.2258
  7.50   21103   48.19  0.4431 18.4587  0.0002  0.2382
  8.50   20261   47.57  0.5092 18.8583  0.0002  0.2405
  9.50   26433   48.21  0.5757 18.4792  0.0002  0.2446
 10.50   32056   48.84  0.6437 18.1535  0.0002  0.2583
 11.50   31123   48.94  0.7156 18.0966  0.0002  0.2523
 12.50   46470   49.65  0.7921 17.6917  0.0002  0.2606
 13.50   40398   49.98  0.8731 17.5169  0.0002  0.2595
 14.50   54753   49.98  0.9559 17.5172  0.0002  0.2552
 15.50   54006   49.57  1.0392 17.7355  0.0002  0.2628
 16.50   56095   48.97  1.1225 18.0504  0.0002  0.2606
 17.50   59660   48.11  1.2072 18.5034  0.0002  0.2334
 18.50   56009   47.30  1.2895 18.9292  0.0002  0.2209
 19.50   68087   45.46  1.3894 19.9813  0.0001  0.1813
 20.50   54127   43.23  1.5022 21.3242  0.0001  0.1215
 21.50   41070   40.76  1.6227 22.9354  0.0001  0.0767
 22.50   27139   37.43  1.7647 25.4191  0.0000  0.0323
 23.50   13613   34.39  1.9236 27.8838  0.0000  0.0100
 24.50    4016   33.11  2.0742 28.3911  0.0000  0.0015
 25.50     275   31.53  2.2018 31.1847  0.0000  0.0009
 26.50       0    0.00  0.0000  0.0000  0.0000  0.0000
 27.50       0    0.00  0.0000  0.0000  0.0000  0.0000
 28.50       0    0.00  0.0000  0.0000  0.0000  0.0000
 29.50       0    0.00  0.0000  0.0000  0.0000  0.0000
 30.50       0    0.00  0.0000  0.0000  0.0000  0.0000
 31.50       0    0.00  0.0000  0.0000  0.0000  0.0000
 32.50       0    0.00  0.0000  0.0000  0.0000  0.0000
 33.50       0    0.00  0.0000  0.0000  0.0000  0.0000
 34.50       0    0.00  0.0000  0.0000  0.0000  0.0000
 35.50       0    0.00  0.0000  0.0000  0.0000  0.0000
