  0.50     229   49.20  0.0467 23.0095  0.0000  0.0488
  1.50     491   53.56  0.0854 20.1863  0.0000  0.0529
  2.50    1173   51.29  0.1634 21.6658  0.0000  0.0457
  3.50    1237   51.45  0.2243 21.5193  0.0000  0.0504
  4.50    1707   51.61  0.2825 21.5724  0.0000  0.0572
  5.50    2107   53.15  0.3408 20.5125  0.0000  0.0545
  6.50    2860   53.09  0.4095 20.6078  0.0000  0.0535
  7.50    3639   53.81  0.4844 20.1981  0.0000  0.0590
  8.50    3586   54.37  0.5522 19.8142  0.0000  0.0568
  9.50    4389   55.74  0.6253 18.9862  0.0000  0.0544
 10.50    5361   55.01  0.6995 19.4566  0.0000  0.0592
 11.50    5067   55.05  0.7734 19.3950  0.0000  0.0553
 12.50    7653   55.96  0.8580 18.9094  0.0000  0.0545
 13.50    6346   54.34  0.9411 19.7835  0.0000  0.0546
 14.50    8458   53.42  1.0224 20.3935  0.0000  0.0560
 15.50    8058   52.71  1.1119 20.7261  0.0000  0.0485
 16.50    7818   50.89  1.1954 21.8914  0.0000  0.0449
 17.50    7932   48.99  1.2789 23.1445  0.0000  0.0364
 18.50    6324   46.30  1.3690 24.8960  0.0000  0.0278
 19.50    6551   43.58  1.4864 26.9384  0.0000  0.0161
 20.50    3631   38.67  1.6263 31.8389  0.0000  0.0069
 21.50    1627   36.07  1.7677 34.5302  0.0000  0.0020
 22.50     389   32.50  1.9080 41.1724  0.0000  0.0009
 23.50       0    0.00  0.0000  0.0000  0.0000  0.0000
 24.50       0    0.00  0.0000  0.0000  0.0000  0.0000
 25.50       0    0.00  0.0000  0.0000  0.0000  0.0000
 26.50       0    0.00  0.0000  0.0000  0.0000  0.0000
 27.50       0    0.00  0.0000  0.0000  0.0000  0.0000
 28.50       0    0.00  0.0000  0.0000  0.0000  0.0000
 29.50       0    0.00  0.0000  0.0000  0.0000  0.0000
 30.50       0    0.00  0.0000  0.0000  0.0000  0.0000
 31.50       0    0.00  0.0000  0.0000  0.0000  0.0000
 32.50       0    0.00  0.0000  0.0000  0.0000  0.0000
 33.50       0    0.00  0.0000  0.0000  0.0000  0.0000
 34.50       0    0.00  0.0000  0.0000  0.0000  0.0000
 35.50       0    0.00  0.0000  0.0000  0.0000  0.0000
