  0.50    1406   30.04  0.0387 32.0951  0.0001  0.1694
  1.50    2850   29.31  0.0827 33.1680  0.0001  0.1672
  2.50    7146   27.41  0.1305 36.1956  0.0001  0.1617
  3.50    7146   28.48  0.1856 34.5023  0.0001  0.1712
  4.50   10378   30.03  0.2331 32.2102  0.0001  0.1735
  5.50   12186   30.52  0.2841 31.4949  0.0001  0.1755
  6.50   17193   31.34  0.3399 30.4458  0.0001  0.1826
  7.50   21322   31.19  0.4013 30.6632  0.0001  0.1842
  8.50   20340   31.87  0.4606 29.7983  0.0002  0.1947
  9.50   26410   33.25  0.5206 28.1265  0.0002  0.1923
 10.50   31268   34.08  0.5832 27.2067  0.0002  0.2035
 11.50   30990   34.38  0.6505 26.8986  0.0002  0.2072
 12.50   47435   35.19  0.7221 26.0583  0.0002  0.2245
 13.50   41449   36.03  0.8007 25.2502  0.0002  0.2269
 14.50   57172   36.61  0.8776 24.6734  0.0002  0.2429
 15.50   57929   37.77  0.9626 23.5978  0.0002  0.2462
 16.50   62704   37.49  1.0494 23.8555  0.0002  0.2374
 17.50   69308   38.06  1.1371 23.3194  0.0002  0.2448
 18.50   67513   37.98  1.2285 23.4200  0.0002  0.2407
 19.50   89325   38.52  1.3339 22.8360  0.0002  0.2273
 20.50   79780   38.22  1.4478 23.0282  0.0002  0.1978
 21.50   72124   37.26  1.5625 23.7414  0.0001  0.1618
 22.50   63875   35.88  1.6809 24.8849  0.0001  0.1247
 23.50   53377   34.43  1.8061 26.1418  0.0001  0.0876
 24.50   35864   32.01  1.9419 28.6505  0.0000  0.0478
 25.50   13257   30.30  2.1199 30.2824  0.0000  0.0283
 26.50    6568   27.04  2.2966 34.8554  0.0000  0.0129
 27.50    1812   22.48  2.4936 44.4696  0.0000  0.0036
 28.50     287   16.37  2.7944 98.2321  0.0000  0.0004
 29.50       0    0.00  0.0000  0.0000  0.0000  0.0000
 30.50       0    0.00  0.0000  0.0000  0.0000  0.0000
 31.50       0    0.00  0.0000  0.0000  0.0000  0.0000
 32.50       0    0.00  0.0000  0.0000  0.0000  0.0000
 33.50       0    0.00  0.0000  0.0000  0.0000  0.0000
 34.50       0    0.00  0.0000  0.0000  0.0000  0.0000
 35.50       0    0.00  0.0000  0.0000  0.0000  0.0000
