  0.50    1712   22.07  0.0242 45.7120  0.0001  0.1517
  1.50    3417   21.78  0.0538 46.4764  0.0001  0.1519
  2.50    8728   22.03  0.0928 45.8620  0.0001  0.1547
  3.50    8630   21.63  0.1271 46.8608  0.0001  0.1507
  4.50   12431   21.92  0.1629 46.1283  0.0001  0.1542
  5.50   14409   21.70  0.1940 46.7263  0.0001  0.1567
  6.50   19941   22.15  0.2328 45.5666  0.0001  0.1567
  7.50   24200   22.04  0.2708 45.8481  0.0001  0.1550
  8.50   23408   22.26  0.3087 45.3379  0.0001  0.1663
  9.50   29525   22.41  0.3443 44.9847  0.0001  0.1625
 10.50   34578   22.50  0.3841 44.7860  0.0001  0.1692
 11.50   34025   22.58  0.4216 44.6188  0.0001  0.1761
 12.50   50321   22.99  0.4647 43.6695  0.0001  0.1786
 13.50   43166   23.33  0.5086 42.9065  0.0001  0.1812
 14.50   59881   23.35  0.5542 42.8929  0.0001  0.1835
 15.50   59850   23.64  0.6010 42.2633  0.0002  0.1985
 16.50   65157   24.21  0.6498 41.0877  0.0002  0.1994
 17.50   73865   24.58  0.6985 40.3499  0.0002  0.2080
 18.50   74265   25.05  0.7487 39.4286  0.0002  0.2221
 19.50  106230   25.50  0.8044 38.5903  0.0002  0.2233
 20.50  105645   26.09  0.8668 37.5188  0.0002  0.2329
 21.50  111660   26.57  0.9282 36.6987  0.0002  0.2363
 22.50  120841   27.11  0.9907 35.7926  0.0002  0.2384
 23.50  130024   27.56  1.0534 35.0710  0.0002  0.2476
 24.50  126691   28.06  1.1205 34.2709  0.0002  0.2464
 25.50   79203   28.66  1.1971 33.3438  0.0002  0.2442
 26.50   76213   28.86  1.2713 33.0143  0.0002  0.2334
 27.50   60569   29.35  1.3544 32.2707  0.0002  0.2225
 28.50   43318   29.25  1.4382 32.3593  0.0002  0.2086
 29.50   44096   29.21  1.5385 32.2817  0.0001  0.1760
 30.50   16641   28.59  1.6379 33.0570  0.0001  0.1538
 31.50   19846   28.20  1.7589 33.4459  0.0001  0.1056
 32.50    4187   26.62  1.8948 35.6772  0.0001  0.0860
 33.50    1636   25.95  2.0006 36.5759  0.0001  0.0652
 34.50       0    0.00  0.0000  0.0000  0.0000  0.0000
 35.50       0    0.00  0.0000  0.0000  0.0000  0.0000
