  0.50    3956  109.45  0.0667  3.2867  0.0007  1.0173
  1.50    8036  109.51  0.1431  3.2892  0.0007  1.0303
  2.50   20460  110.58  0.2306  3.1587  0.0007  1.0411
  3.50   20863  109.42  0.3264  3.2965  0.0007  1.0501
  4.50   30165  108.91  0.4098  3.3712  0.0007  1.0759
  5.50   35170  107.44  0.5004  3.5430  0.0007  1.0657
  6.50   49098  106.45  0.5967  3.6536  0.0007  1.0257
  7.50   58252  103.75  0.7005  3.9785  0.0007  0.9967
  8.50   53878  100.13  0.8021  4.4446  0.0006  0.9618
  9.50   65776   95.64  0.8996  5.0750  0.0006  0.8696
 10.50   71200   90.38  1.0047  5.8623  0.0005  0.7905
 11.50   62736   84.65  1.1059  6.8414  0.0005  0.6999
 12.50   81109   78.39  1.2067  8.0452  0.0004  0.5335
 13.50   55751   71.48  1.3044  9.5819  0.0003  0.3922
 14.50   56230   64.33  1.4096 11.4906  0.0002  0.2359
 15.50   32690   56.31  1.5351 14.0330  0.0001  0.1030
 16.50   14351   50.19  1.6672 16.1313  0.0000  0.0279
 17.50    3693   45.00  1.7981 17.9078  0.0000  0.0030
 18.50     412   34.87  1.8903 26.9337  0.0000  0.0021
 19.50       0    0.00  0.0000  0.0000  0.0000  0.0000
 20.50       0    0.00  0.0000  0.0000  0.0000  0.0000
 21.50       0    0.00  0.0000  0.0000  0.0000  0.0000
 22.50       0    0.00  0.0000  0.0000  0.0000  0.0000
 23.50       0    0.00  0.0000  0.0000  0.0000  0.0000
 24.50       0    0.00  0.0000  0.0000  0.0000  0.0000
 25.50       0    0.00  0.0000  0.0000  0.0000  0.0000
 26.50       0    0.00  0.0000  0.0000  0.0000  0.0000
 27.50       0    0.00  0.0000  0.0000  0.0000  0.0000
 28.50       0    0.00  0.0000  0.0000  0.0000  0.0000
 29.50       0    0.00  0.0000  0.0000  0.0000  0.0000
 30.50       0    0.00  0.0000  0.0000  0.0000  0.0000
 31.50       0    0.00  0.0000  0.0000  0.0000  0.0000
 32.50       0    0.00  0.0000  0.0000  0.0000  0.0000
 33.50       0    0.00  0.0000  0.0000  0.0000  0.0000
 34.50       0    0.00  0.0000  0.0000  0.0000  0.0000
 35.50       0    0.00  0.0000  0.0000  0.0000  0.0000
