  0.50      54   13.30  0.0252 114.7230  0.0000  0.0059
  1.50     125   12.84  0.0541 119.4045  0.0000  0.0061
  2.50     260   13.66  0.0803 112.2288  0.0000  0.0056
  3.50     244   12.77  0.1084 120.2354  0.0000  0.0057
  4.50     362   13.15  0.1402 118.4687  0.0000  0.0045
  5.50     451   12.71  0.1644 121.8948  0.0000  0.0068
  6.50     597   13.26  0.1937 116.7468  0.0000  0.0064
  7.50     747   13.76  0.2275 111.5314  0.0000  0.0058
  8.50     677   13.23  0.2559 116.5233  0.0000  0.0066
  9.50     897   13.19  0.2890 116.7384  0.0000  0.0054
 10.50    1013   13.20  0.3233 116.7789  0.0000  0.0070
 11.50    1003   13.96  0.3560 109.6610  0.0000  0.0062
 12.50    1493   14.65  0.3851 104.1922  0.0000  0.0066
 13.50    1210   14.00  0.4202 109.4434  0.0000  0.0064
 14.50    1651   14.09  0.4547 109.2997  0.0000  0.0062
 15.50    1698   14.06  0.4967 109.2281  0.0000  0.0066
 16.50    1812   15.08  0.5369 100.5872  0.0000  0.0076
 17.50    2028   15.44  0.5775 98.0963  0.0000  0.0071
 18.50    2027   16.04  0.6146 94.0887  0.0000  0.0084
 19.50    2824   15.72  0.6588 96.0321  0.0000  0.0060
 20.50    2995   15.94  0.7032 94.5025  0.0000  0.0086
 21.50    2984   16.53  0.7560 90.6345  0.0000  0.0071
 22.50    3155   16.63  0.7932 90.2611  0.0000  0.0065
 23.50    3388   18.07  0.8430 82.2404  0.0000  0.0085
 24.50    3503   17.96  0.8947 82.4993  0.0000  0.0092
 25.50    2154   19.22  0.9546 76.1144  0.0000  0.0090
 26.50    2132   19.47  1.0051 75.3806  0.0000  0.0088
 27.50    1758   19.95  1.0659 72.9228  0.0000  0.0093
 28.50    1286   20.56  1.1285 70.5694  0.0000  0.0094
 29.50    1499   21.08  1.1979 68.4817  0.0000  0.0096
 30.50     566   22.43  1.2685 63.7181  0.0000  0.0087
 31.50     798   21.34  1.3450 67.3724  0.0000  0.0073
 32.50     210   23.24  1.4466 60.2278  0.0000  0.0068
 33.50     101   19.37  1.4697 74.7650  0.0000  0.0063
 34.50       0    0.00  0.0000  0.0000  0.0000  0.0000
 35.50       0    0.00  0.0000  0.0000  0.0000  0.0000
