  0.50     175   19.76  0.0105 58.8500  0.0000  0.0170
  1.50     310   17.93  0.0516 67.4776  0.0000  0.0156
  2.50     823   15.21  0.0875 81.1675  0.0000  0.0155
  3.50     811   17.84  0.1250 68.2338  0.0000  0.0144
  4.50    1129   17.27  0.1556 69.9719  0.0000  0.0152
  5.50    1327   17.35  0.1886 70.3174  0.0000  0.0155
  6.50    1845   17.88  0.2227 67.1332  0.0000  0.0158
  7.50    2244   17.86  0.2548 66.8212  0.0000  0.0154
  8.50    2112   18.57  0.2960 64.8323  0.0000  0.0149
  9.50    2728   18.27  0.3315 65.6563  0.0000  0.0163
 10.50    3228   18.77  0.3737 63.5719  0.0000  0.0173
 11.50    3158   18.96  0.4078 62.4984  0.0000  0.0182
 12.50    4840   19.99  0.4483 58.5601  0.0000  0.0225
 13.50    4153   19.27  0.4893 61.2683  0.0000  0.0214
 14.50    5730   20.29  0.5342 57.4040  0.0000  0.0202
 15.50    5875   20.61  0.5800 56.4505  0.0000  0.0186
 16.50    6567   20.65  0.6272 56.5303  0.0000  0.0221
 17.50    7453   22.24  0.6724 51.4374  0.0000  0.0236
 18.50    7630   21.87  0.7215 52.6345  0.0000  0.0240
 19.50   11077   22.66  0.7757 50.2404  0.0000  0.0246
 20.50   11293   23.49  0.8314 48.1024  0.0000  0.0283
 21.50   12166   23.78  0.8962 47.3791  0.0000  0.0289
 22.50   13600   24.65  0.9520 45.4003  0.0000  0.0330
 23.50   14993   25.11  1.0120 44.3654  0.0000  0.0316
 24.50   14941   25.71  1.0823 42.9442  0.0000  0.0333
 25.50    9358   26.36  1.1550 41.5924  0.0000  0.0348
 26.50    9317   26.91  1.2266 40.4568  0.0000  0.0316
 27.50    7389   27.24  1.3071 39.9141  0.0000  0.0344
 28.50    5531   27.95  1.3906 38.5105  0.0000  0.0289
 29.50    5809   27.98  1.4798 38.2872  0.0000  0.0278
 30.50    2292   28.69  1.5733 36.9014  0.0000  0.0255
 31.50    2982   28.77  1.6826 36.7092  0.0000  0.0189
 32.50     730   26.94  1.8166 39.7081  0.0000  0.0177
 33.50     294   27.12  1.8837 39.1048  0.0000  0.0135
 34.50       0    0.00  0.0000  0.0000  0.0000  0.0000
 35.50       0    0.00  0.0000  0.0000  0.0000  0.0000
