  0.50   12482  110.47  0.0657  2.9046  0.0021  2.9476
  1.50   25628  110.75  0.1400  2.8916  0.0022  3.0334
  2.50   64198  110.75  0.2349  2.8766  0.0022  2.9740
  3.50   65941  110.67  0.3279  2.8884  0.0022  3.0023
  4.50   94432  110.41  0.4140  2.9129  0.0022  3.0869
  5.50  110448  109.18  0.5025  3.0469  0.0023  3.1087
  6.50  154590  107.66  0.6006  3.2033  0.0022  3.0103
  7.50  184736  104.56  0.7055  3.5449  0.0021  2.8765
  8.50  171575  100.82  0.8068  3.9859  0.0020  2.7576
  9.50  210565   96.92  0.9074  4.4581  0.0019  2.6048
 10.50  230743   91.62  1.0159  5.1750  0.0018  2.3632
 11.50  203965   85.93  1.1174  6.0271  0.0015  1.9986
 12.50  264428   79.20  1.2254  7.1797  0.0012  1.5536
 13.50  185065   72.28  1.3303  8.5419  0.0009  1.1828
 14.50  186816   64.95  1.4407 10.2561  0.0006  0.7316
 15.50  110447   57.68  1.5705 12.1957  0.0003  0.3384
 16.50   50374   50.61  1.7040 14.3549  0.0001  0.0926
 17.50   14436   45.08  1.8281 15.9597  0.0000  0.0154
 18.50    1912   36.64  1.9615 21.0849  0.0000  0.0015
 19.50      68   36.81  2.0225 19.3287  0.0000  0.0016
 20.50       0    0.00  0.0000  0.0000  0.0000  0.0000
 21.50       0    0.00  0.0000  0.0000  0.0000  0.0000
 22.50       0    0.00  0.0000  0.0000  0.0000  0.0000
 23.50       0    0.00  0.0000  0.0000  0.0000  0.0000
 24.50       0    0.00  0.0000  0.0000  0.0000  0.0000
 25.50       0    0.00  0.0000  0.0000  0.0000  0.0000
 26.50       0    0.00  0.0000  0.0000  0.0000  0.0000
 27.50       0    0.00  0.0000  0.0000  0.0000  0.0000
 28.50       0    0.00  0.0000  0.0000  0.0000  0.0000
 29.50       0    0.00  0.0000  0.0000  0.0000  0.0000
 30.50       0    0.00  0.0000  0.0000  0.0000  0.0000
 31.50       0    0.00  0.0000  0.0000  0.0000  0.0000
 32.50       0    0.00  0.0000  0.0000  0.0000  0.0000
 33.50       0    0.00  0.0000  0.0000  0.0000  0.0000
 34.50       0    0.00  0.0000  0.0000  0.0000  0.0000
 35.50       0    0.00  0.0000  0.0000  0.0000  0.0000
