  0.50  162574  115.06  0.0680  1.1271  0.0280 19.7577
  1.50  326809  115.21  0.1452  1.1160  0.0281 19.8638
  2.50  831805  115.00  0.2404  1.1271  0.0280 19.8432
  3.50  849342  114.69  0.3384  1.1390  0.0281 19.9011
  4.50 1215947  113.99  0.4314  1.1679  0.0283 20.0004
  5.50 1414435  112.78  0.5257  1.2161  0.0280 19.7927
  6.50 1969919  110.58  0.6342  1.3059  0.0269 18.8698
  7.50 2330171  107.76  0.7555  1.4148  0.0257 17.8707
  8.50 2125134  104.04  0.8758  1.5726  0.0241 16.5939
  9.50 2589624   99.71  0.9964  1.7708  0.0221 15.0363
 10.50 2794512   94.51  1.1324  2.0233  0.0195 12.9954
 11.50 2446982   88.84  1.2676  2.3289  0.0166 10.8607
 12.50 3142630   82.02  1.4189  2.7484  0.0127  8.0669
 13.50 2202602   74.58  1.5802  3.2755  0.0096  5.9626
 14.50 2307339   67.04  1.7439  3.9069  0.0065  3.9195
 15.50 1530751   58.96  1.9249  4.6854  0.0036  2.1364
 16.50  903253   51.43  2.1014  5.4841  0.0015  0.8883
 17.50  404526   44.77  2.2699  6.1593  0.0004  0.2455
 18.50  105816   38.05  2.4316  6.9853  0.0001  0.0424
 19.50   22825   29.59  2.7199  9.1054  0.0000  0.0042
 20.50    1052   21.79  3.2909 13.4445  0.0000  0.0009
 21.50       0    0.00  0.0000  0.0000  0.0000  0.0000
 22.50       0    0.00  0.0000  0.0000  0.0000  0.0000
 23.50       0    0.00  0.0000  0.0000  0.0000  0.0000
 24.50       0    0.00  0.0000  0.0000  0.0000  0.0000
 25.50       0    0.00  0.0000  0.0000  0.0000  0.0000
 26.50       0    0.00  0.0000  0.0000  0.0000  0.0000
 27.50       0    0.00  0.0000  0.0000  0.0000  0.0000
 28.50       0    0.00  0.0000  0.0000  0.0000  0.0000
 29.50       0    0.00  0.0000  0.0000  0.0000  0.0000
 30.50       0    0.00  0.0000  0.0000  0.0000  0.0000
 31.50       0    0.00  0.0000  0.0000  0.0000  0.0000
 32.50       0    0.00  0.0000  0.0000  0.0000  0.0000
 33.50       0    0.00  0.0000  0.0000  0.0000  0.0000
 34.50       0    0.00  0.0000  0.0000  0.0000  0.0000
 35.50       0    0.00  0.0000  0.0000  0.0000  0.0000
