  0.50    1417   41.43  0.0314 23.5320  0.0001  0.2095
  1.50    2758   42.27  0.0800 22.8073  0.0001  0.2030
  2.50    7078   43.26  0.1330 22.0470  0.0001  0.2001
  3.50    7135   43.42  0.1866 21.9163  0.0001  0.2000
  4.50   10084   43.55  0.2400 21.8330  0.0001  0.2039
  5.50   11788   44.01  0.2890 21.4916  0.0001  0.2130
  6.50   16380   44.44  0.3469 21.1627  0.0001  0.2150
  7.50   19934   43.94  0.4099 21.5505  0.0002  0.2192
  8.50   19196   45.83  0.4700 20.2032  0.0001  0.2183
  9.50   24730   45.56  0.5319 20.4016  0.0002  0.2353
 10.50   29528   45.72  0.5975 20.3024  0.0002  0.2293
 11.50   29132   47.17  0.6613 19.3370  0.0002  0.2396
 12.50   43640   47.27  0.7375 19.2839  0.0002  0.2553
 13.50   37563   47.89  0.8147 18.8879  0.0002  0.2461
 14.50   51425   47.75  0.8938 18.9821  0.0002  0.2550
 15.50   50459   48.20  0.9802 18.6828  0.0002  0.2500
 16.50   52972   48.28  1.0636 18.5956  0.0002  0.2458
 17.50   57056   47.88  1.1512 18.8209  0.0002  0.2366
 18.50   53868   47.87  1.2372 18.7768  0.0002  0.2271
 19.50   67903   47.28  1.3397 19.0289  0.0001  0.1933
 20.50   56720   45.54  1.4514 20.0550  0.0001  0.1467
 21.50   47969   44.12  1.5618 20.8871  0.0001  0.1120
 22.50   38161   42.28  1.6832 21.9837  0.0000  0.0700
 23.50   26881   40.45  1.8141 23.1360  0.0000  0.0360
 24.50   14087   37.79  1.9716 25.0280  0.0000  0.0128
 25.50    3243   34.26  2.1505 28.1736  0.0000  0.0049
 26.50     791   30.06  2.3091 34.2670  0.0000  0.0011
 27.50      11   11.41  2.4966 107.5770  0.0000  0.0006
 28.50       0    0.00  0.0000  0.0000  0.0000  0.0000
 29.50       0    0.00  0.0000  0.0000  0.0000  0.0000
 30.50       0    0.00  0.0000  0.0000  0.0000  0.0000
 31.50       0    0.00  0.0000  0.0000  0.0000  0.0000
 32.50       0    0.00  0.0000  0.0000  0.0000  0.0000
 33.50       0    0.00  0.0000  0.0000  0.0000  0.0000
 34.50       0    0.00  0.0000  0.0000  0.0000  0.0000
 35.50       0    0.00  0.0000  0.0000  0.0000  0.0000
