  0.50   26968  128.16  0.0727  2.0101  0.0050  7.2064
  1.50   54522  127.13  0.1517  2.1032  0.0051  7.4196
  2.50  136248  127.32  0.2475  2.0674  0.0049  7.1064
  3.50  139004  126.45  0.3490  2.1379  0.0051  7.3272
  4.50  195210  126.21  0.4383  2.1322  0.0050  7.2445
  5.50  223434  123.95  0.5310  2.3090  0.0049  7.0897
  6.50  305582  120.67  0.6340  2.5750  0.0046  6.5303
  7.50  347919  117.16  0.7476  2.8418  0.0042  6.0224
  8.50  305083  112.17  0.8612  3.2736  0.0038  5.3905
  9.50  351397  105.80  0.9730  3.8974  0.0033  4.6095
 10.50  344748   98.65  1.0984  4.6489  0.0026  3.5998
 11.50  267134   90.92  1.2245  5.5875  0.0019  2.6164
 12.50  287069   82.68  1.3648  6.7421  0.0011  1.4841
 13.50  152222   73.39  1.5150  8.2987  0.0006  0.7526
 14.50  102992   64.82  1.6756  9.9608  0.0002  0.2552
 15.50   33140   53.64  1.8416 13.0547  0.0000  0.0551
 16.50    6627   44.32  2.0002 16.8126  0.0000  0.0062
 17.50     579   32.36  2.1394 33.0519  0.0000  0.0010
 18.50       0    0.00  0.0000  0.0000  0.0000  0.0000
 19.50       0    0.00  0.0000  0.0000  0.0000  0.0000
 20.50       0    0.00  0.0000  0.0000  0.0000  0.0000
 21.50       0    0.00  0.0000  0.0000  0.0000  0.0000
 22.50       0    0.00  0.0000  0.0000  0.0000  0.0000
 23.50       0    0.00  0.0000  0.0000  0.0000  0.0000
 24.50       0    0.00  0.0000  0.0000  0.0000  0.0000
 25.50       0    0.00  0.0000  0.0000  0.0000  0.0000
 26.50       0    0.00  0.0000  0.0000  0.0000  0.0000
 27.50       0    0.00  0.0000  0.0000  0.0000  0.0000
 28.50       0    0.00  0.0000  0.0000  0.0000  0.0000
 29.50       0    0.00  0.0000  0.0000  0.0000  0.0000
 30.50       0    0.00  0.0000  0.0000  0.0000  0.0000
 31.50       0    0.00  0.0000  0.0000  0.0000  0.0000
 32.50       0    0.00  0.0000  0.0000  0.0000  0.0000
 33.50       0    0.00  0.0000  0.0000  0.0000  0.0000
 34.50       0    0.00  0.0000  0.0000  0.0000  0.0000
 35.50       0    0.00  0.0000  0.0000  0.0000  0.0000
