  0.50   25226   63.01  0.0461  9.0461  0.0031  3.1989
  1.50   50587   62.78  0.1020  9.1048  0.0031  3.2043
  2.50  128716   62.89  0.1707  9.0836  0.0031  3.1979
  3.50  133214   62.92  0.2412  9.0974  0.0032  3.3322
  4.50  190392   62.51  0.3044  9.2101  0.0032  3.3180
  5.50  223226   63.01  0.3700  9.0849  0.0033  3.3824
  6.50  320144   63.07  0.4421  9.0848  0.0033  3.4516
  7.50  393656   63.20  0.5220  9.0587  0.0033  3.4691
  8.50  379842   63.16  0.5996  9.0829  0.0034  3.5573
  9.50  497024   63.05  0.6776  9.1203  0.0035  3.6292
 10.50  587302   62.91  0.7619  9.1617  0.0035  3.6098
 11.50  573347   62.57  0.8464  9.2507  0.0035  3.6718
 12.50  855357   62.01  0.9401  9.3921  0.0035  3.6610
 13.50  721554   60.93  1.0390  9.6663  0.0034  3.5600
 14.50  960940   59.54  1.1371 10.0283  0.0033  3.4349
 15.50  913317   57.71  1.2436 10.5220  0.0031  3.2282
 16.50  918266   55.47  1.3473 11.1561  0.0028  2.8536
 17.50  926621   52.77  1.4531 11.9869  0.0024  2.4180
 18.50  797699   49.80  1.5624 12.9736  0.0019  1.9167
 19.50  877446   46.10  1.6917 14.3567  0.0013  1.3307
 20.50  571840   41.96  1.8444 16.0639  0.0007  0.6605
 21.50  317743   37.91  2.0038 17.9410  0.0003  0.2555
 22.50  131557   34.24  2.1595 19.7235  0.0001  0.0587
 23.50   32934   30.52  2.3109 21.7291  0.0000  0.0082
 24.50    4295   25.01  2.4334 28.2815  0.0000  0.0006
 25.50     100   20.50  2.7551 38.2945  0.0000  0.0005
 26.50       0    0.00  0.0000  0.0000  0.0000  0.0000
 27.50       0    0.00  0.0000  0.0000  0.0000  0.0000
 28.50       0    0.00  0.0000  0.0000  0.0000  0.0000
 29.50       0    0.00  0.0000  0.0000  0.0000  0.0000
 30.50       0    0.00  0.0000  0.0000  0.0000  0.0000
 31.50       0    0.00  0.0000  0.0000  0.0000  0.0000
 32.50       0    0.00  0.0000  0.0000  0.0000  0.0000
 33.50       0    0.00  0.0000  0.0000  0.0000  0.0000
 34.50       0    0.00  0.0000  0.0000  0.0000  0.0000
 35.50       0    0.00  0.0000  0.0000  0.0000  0.0000
