  0.50     404   34.24  0.0351 33.9753  0.0000  0.0581
  1.50     776   34.63  0.0720 33.4109  0.0000  0.0570
  2.50    2052   31.98  0.1129 37.2921  0.0000  0.0585
  3.50    2052   32.23  0.1517 36.9652  0.0000  0.0612
  4.50    2907   32.37  0.2050 36.7931  0.0000  0.0604
  5.50    3343   33.04  0.2453 35.7748  0.0000  0.0557
  6.50    4719   33.27  0.2906 35.4223  0.0000  0.0615
  7.50    5855   33.39  0.3459 35.2742  0.0000  0.0609
  8.50    5538   33.71  0.3896 34.7835  0.0000  0.0647
  9.50    7167   34.01  0.4434 34.4352  0.0000  0.0669
 10.50    8619   34.64  0.4961 33.5990  0.0000  0.0643
 11.50    8368   35.70  0.5484 32.2489  0.0000  0.0689
 12.50   12359   35.70  0.6081 32.2642  0.0000  0.0711
 13.50   10670   36.23  0.6716 31.6244  0.0000  0.0687
 14.50   15075   36.44  0.7356 31.4275  0.0000  0.0737
 15.50   15188   37.32  0.8004 30.4206  0.0001  0.0837
 16.50   16601   38.13  0.8687 29.5248  0.0000  0.0752
 17.50   18370   38.31  0.9382 29.3456  0.0000  0.0794
 18.50   18294   39.00  1.0074 28.6088  0.0000  0.0794
 19.50   24882   39.22  1.0873 28.3558  0.0000  0.0798
 20.50   23476   39.41  1.1749 28.1256  0.0000  0.0724
 21.50   22930   39.03  1.2556 28.5093  0.0000  0.0709
 22.50   22712   38.63  1.3417 28.8199  0.0000  0.0597
 23.50   20856   38.27  1.4362 29.0364  0.0000  0.0488
 24.50   16723   37.53  1.5338 29.6634  0.0000  0.0360
 25.50    7847   35.39  1.6608 31.9625  0.0000  0.0254
 26.50    4885   34.05  1.7886 33.3077  0.0000  0.0163
 27.50    2173   31.89  1.9414 35.8254  0.0000  0.0070
 28.50     577   30.94  2.1100 36.7464  0.0000  0.0016
 29.50     119   27.44  2.2021 44.5285  0.0000  0.0011
 30.50       0    0.00  0.0000  0.0000  0.0000  0.0000
 31.50       0    0.00  0.0000  0.0000  0.0000  0.0000
 32.50       0    0.00  0.0000  0.0000  0.0000  0.0000
 33.50       0    0.00  0.0000  0.0000  0.0000  0.0000
 34.50       0    0.00  0.0000  0.0000  0.0000  0.0000
 35.50       0    0.00  0.0000  0.0000  0.0000  0.0000
