  0.50    4868  125.52  0.0691  1.8017  0.0009  1.3702
  1.50    9764  124.97  0.1510  1.8489  0.0009  1.3699
  2.50   25106  125.75  0.2463  1.7829  0.0009  1.4053
  3.50   25388  125.30  0.3465  1.8148  0.0009  1.3988
  4.50   36448  123.35  0.4342  2.0030  0.0009  1.3914
  5.50   41935  122.00  0.5271  2.1133  0.0009  1.3711
  6.50   57410  118.71  0.6275  2.4153  0.0009  1.2943
  7.50   66868  113.81  0.7378  2.8973  0.0008  1.2332
  8.50   60068  108.52  0.8438  3.4597  0.0007  1.1083
  9.50   71282  102.05  0.9467  4.2295  0.0007  1.0006
 10.50   74869   94.71  1.0543  5.2195  0.0006  0.8633
 11.50   63707   87.15  1.1593  6.4027  0.0005  0.7084
 12.50   76760   79.41  1.2581  7.8066  0.0003  0.4934
 13.50   48892   70.78  1.3600  9.6959  0.0002  0.2954
 14.50   41163   61.50  1.4701 12.2264  0.0001  0.1424
 15.50   17044   54.18  1.6061 14.3708  0.0000  0.0384
 16.50    4234   48.11  1.7234 16.2166  0.0000  0.0044
 17.50     551   40.19  1.8435 21.2106  0.0000  0.0020
 18.50       0    0.00  0.0000  0.0000  0.0000  0.0000
 19.50       0    0.00  0.0000  0.0000  0.0000  0.0000
 20.50       0    0.00  0.0000  0.0000  0.0000  0.0000
 21.50       0    0.00  0.0000  0.0000  0.0000  0.0000
 22.50       0    0.00  0.0000  0.0000  0.0000  0.0000
 23.50       0    0.00  0.0000  0.0000  0.0000  0.0000
 24.50       0    0.00  0.0000  0.0000  0.0000  0.0000
 25.50       0    0.00  0.0000  0.0000  0.0000  0.0000
 26.50       0    0.00  0.0000  0.0000  0.0000  0.0000
 27.50       0    0.00  0.0000  0.0000  0.0000  0.0000
 28.50       0    0.00  0.0000  0.0000  0.0000  0.0000
 29.50       0    0.00  0.0000  0.0000  0.0000  0.0000
 30.50       0    0.00  0.0000  0.0000  0.0000  0.0000
 31.50       0    0.00  0.0000  0.0000  0.0000  0.0000
 32.50       0    0.00  0.0000  0.0000  0.0000  0.0000
 33.50       0    0.00  0.0000  0.0000  0.0000  0.0000
 34.50       0    0.00  0.0000  0.0000  0.0000  0.0000
 35.50       0    0.00  0.0000  0.0000  0.0000  0.0000
