  0.50    6193   98.85  0.0573  4.6643  0.0010  1.5413
  1.50   12574  100.00  0.1303  4.4934  0.0010  1.5560
  2.50   32013   99.64  0.2166  4.5535  0.0010  1.5755
  3.50   32291   99.93  0.3047  4.4960  0.0010  1.5748
  4.50   46826   99.74  0.3870  4.5342  0.0011  1.6318
  5.50   55049   99.96  0.4686  4.5004  0.0010  1.6190
  6.50   76678   99.04  0.5627  4.6242  0.0010  1.5771
  7.50   91969   97.35  0.6643  4.8680  0.0010  1.5399
  8.50   85336   95.35  0.7600  5.1596  0.0010  1.5353
  9.50  105899   92.70  0.8567  5.5643  0.0009  1.4583
 10.50  114193   88.86  0.9616  6.1847  0.0008  1.2974
 11.50  100994   85.44  1.0667  6.7571  0.0008  1.1548
 12.50  129928   79.98  1.1771  7.8090  0.0006  0.8884
 13.50   89516   74.35  1.2926  8.9960  0.0004  0.6376
 14.50   91306   68.69  1.4095 10.3436  0.0003  0.4143
 15.50   57396   62.17  1.5386 12.1316  0.0002  0.2293
 16.50   31151   55.72  1.6693 14.1588  0.0001  0.0773
 17.50   12308   49.01  1.8151 16.6944  0.0000  0.0150
 18.50    2354   42.56  1.9383 20.6747  0.0000  0.0012
 19.50     229   41.91  2.0677 21.0817  0.0000  0.0015
 20.50       0    0.00  0.0000  0.0000  0.0000  0.0000
 21.50       0    0.00  0.0000  0.0000  0.0000  0.0000
 22.50       0    0.00  0.0000  0.0000  0.0000  0.0000
 23.50       0    0.00  0.0000  0.0000  0.0000  0.0000
 24.50       0    0.00  0.0000  0.0000  0.0000  0.0000
 25.50       0    0.00  0.0000  0.0000  0.0000  0.0000
 26.50       0    0.00  0.0000  0.0000  0.0000  0.0000
 27.50       0    0.00  0.0000  0.0000  0.0000  0.0000
 28.50       0    0.00  0.0000  0.0000  0.0000  0.0000
 29.50       0    0.00  0.0000  0.0000  0.0000  0.0000
 30.50       0    0.00  0.0000  0.0000  0.0000  0.0000
 31.50       0    0.00  0.0000  0.0000  0.0000  0.0000
 32.50       0    0.00  0.0000  0.0000  0.0000  0.0000
 33.50       0    0.00  0.0000  0.0000  0.0000  0.0000
 34.50       0    0.00  0.0000  0.0000  0.0000  0.0000
 35.50       0    0.00  0.0000  0.0000  0.0000  0.0000
