  0.50     569   20.40  0.0259 55.5705  0.0000  0.0555
  1.50    1101   19.80  0.0516 57.5968  0.0000  0.0539
  2.50    2901   19.87  0.0907 57.4035  0.0000  0.0578
  3.50    2895   19.53  0.1244 58.6068  0.0000  0.0607
  4.50    4009   19.98  0.1534 57.0089  0.0000  0.0534
  5.50    4670   19.76  0.1896 57.7437  0.0000  0.0559
  6.50    6724   20.21  0.2238 56.2593  0.0000  0.0543
  7.50    8109   20.34  0.2637 55.8322  0.0000  0.0592
  8.50    7571   20.35  0.3027 55.8036  0.0000  0.0586
  9.50    9845   20.29  0.3362 56.1040  0.0000  0.0596
 10.50   11339   20.52  0.3733 55.3211  0.0000  0.0630
 11.50   11053   21.09  0.4134 53.5739  0.0000  0.0637
 12.50   16198   21.28  0.4554 52.9852  0.0001  0.0682
 13.50   14241   21.35  0.4992 52.8746  0.0001  0.0710
 14.50   19246   21.48  0.5407 52.4508  0.0000  0.0672
 15.50   19528   22.15  0.5882 50.6079  0.0001  0.0728
 16.50   21098   22.25  0.6343 50.3300  0.0001  0.0730
 17.50   23854   22.70  0.6801 49.1700  0.0001  0.0727
 18.50   23987   23.40  0.7319 47.4073  0.0001  0.0761
 19.50   34102   23.78  0.7833 46.5059  0.0001  0.0782
 20.50   33619   24.23  0.8437 45.4707  0.0001  0.0792
 21.50   35268   24.76  0.9044 44.2837  0.0001  0.0837
 22.50   38221   25.46  0.9600 42.8005  0.0001  0.0883
 23.50   40436   25.90  1.0221 41.9178  0.0001  0.0856
 24.50   39591   26.55  1.0914 40.6292  0.0001  0.0846
 25.50   24543   26.99  1.1602 39.7739  0.0001  0.0844
 26.50   23804   27.39  1.2338 39.0319  0.0001  0.0791
 27.50   18591   27.49  1.3098 38.8040  0.0001  0.0795
 28.50   13315   27.45  1.3926 38.8059  0.0001  0.0746
 29.50   13305   27.30  1.4829 38.9661  0.0000  0.0599
 30.50    4998   27.58  1.5810 38.4405  0.0000  0.0540
 31.50    5865   26.76  1.7112 39.5382  0.0000  0.0348
 32.50    1201   25.38  1.8340 41.9459  0.0000  0.0276
 33.50     431   24.37  1.9760 43.7276  0.0000  0.0191
 34.50       0    0.00  0.0000  0.0000  0.0000  0.0000
 35.50       0    0.00  0.0000  0.0000  0.0000  0.0000
