  0.50    1430   18.73  0.0239 55.3314  0.0001  0.1161
  1.50    2860   18.74  0.0507 55.2995  0.0001  0.1166
  2.50    7141   18.82  0.0827 55.0553  0.0001  0.1173
  3.50    7140   18.70  0.1169 55.4207  0.0001  0.1152
  4.50   10126   18.64  0.1482 55.6748  0.0001  0.1144
  5.50   11923   18.69  0.1776 55.5178  0.0001  0.1204
  6.50   16499   18.86  0.2097 54.9212  0.0001  0.1215
  7.50   19723   18.97  0.2450 54.5376  0.0001  0.1169
  8.50   18827   18.91  0.2795 54.7669  0.0001  0.1183
  9.50   24321   19.09  0.3115 54.1939  0.0001  0.1250
 10.50   27807   19.39  0.3470 53.2145  0.0001  0.1237
 11.50   27341   19.34  0.3800 53.4087  0.0001  0.1282
 12.50   40701   19.46  0.4176 53.0280  0.0001  0.1399
 13.50   34443   19.78  0.4574 52.0233  0.0001  0.1316
 14.50   47287   19.87  0.4958 51.7589  0.0001  0.1390
 15.50   47112   20.24  0.5383 50.6718  0.0001  0.1386
 16.50   51617   20.32  0.5787 50.4720  0.0001  0.1452
 17.50   57511   20.62  0.6212 49.6128  0.0001  0.1562
 18.50   58090   20.92  0.6636 48.8083  0.0001  0.1588
 19.50   81989   21.38  0.7131 47.5510  0.0001  0.1608
 20.50   81514   21.82  0.7661 46.4205  0.0001  0.1745
 21.50   86210   22.35  0.8174 45.1205  0.0001  0.1734
 22.50   93286   22.69  0.8695 44.3314  0.0001  0.1784
 23.50  101083   23.15  0.9257 43.2719  0.0001  0.1837
 24.50  100584   23.70  0.9833 42.0888  0.0002  0.1941
 25.50   63883   24.25  1.0485 40.9210  0.0002  0.1924
 26.50   63136   24.70  1.1115 40.0034  0.0002  0.1928
 27.50   51489   25.20  1.1799 39.0130  0.0002  0.1888
 28.50   38685   25.73  1.2489 37.9940  0.0002  0.1854
 29.50   42192   26.21  1.3316 37.0800  0.0001  0.1791
 30.50   17526   26.20  1.4147 37.0462  0.0001  0.1687
 31.50   23584   26.52  1.5030 36.4004  0.0001  0.1485
 32.50    6274   26.28  1.6057 36.7395  0.0001  0.1349
 33.50    2846   25.96  1.6923 37.1488  0.0001  0.1187
 34.50       0    0.00  0.0000  0.0000  0.0000  0.0000
 35.50       0    0.00  0.0000  0.0000  0.0000  0.0000
