  0.50    1879   93.38  0.0608  6.2054  0.0003  0.5082
  1.50    3988   97.90  0.1302  5.4244  0.0003  0.5263
  2.50   10162   97.54  0.2160  5.4949  0.0003  0.5372
  3.50   10424   98.36  0.2990  5.3667  0.0003  0.5612
  4.50   14863   97.39  0.3788  5.5218  0.0003  0.5668
  5.50   17576   97.80  0.4637  5.4613  0.0003  0.5691
  6.50   24744   97.06  0.5536  5.5795  0.0003  0.5671
  7.50   29666   95.57  0.6548  5.8233  0.0003  0.5379
  8.50   27872   93.87  0.7472  6.1275  0.0003  0.5424
  9.50   34643   90.34  0.8394  6.7809  0.0003  0.5112
 10.50   37796   87.15  0.9415  7.3757  0.0003  0.4900
 11.50   33914   82.87  1.0352  8.2608  0.0002  0.4120
 12.50   44319   78.19  1.1386  9.3243  0.0002  0.3326
 13.50   31779   72.67  1.2423 10.7248  0.0002  0.2610
 14.50   33489   67.60  1.3415 12.1493  0.0001  0.1792
 15.50   22293   60.78  1.4527 14.4269  0.0001  0.0944
 16.50   12633   54.99  1.5805 16.5699  0.0000  0.0376
 17.50    5063   48.59  1.7013 19.5087  0.0000  0.0078
 18.50    1004   42.87  1.8346 22.8111  0.0000  0.0020
 19.50      68   39.21  1.9008 29.2659  0.0000  0.0013
 20.50       0    0.00  0.0000  0.0000  0.0000  0.0000
 21.50       0    0.00  0.0000  0.0000  0.0000  0.0000
 22.50       0    0.00  0.0000  0.0000  0.0000  0.0000
 23.50       0    0.00  0.0000  0.0000  0.0000  0.0000
 24.50       0    0.00  0.0000  0.0000  0.0000  0.0000
 25.50       0    0.00  0.0000  0.0000  0.0000  0.0000
 26.50       0    0.00  0.0000  0.0000  0.0000  0.0000
 27.50       0    0.00  0.0000  0.0000  0.0000  0.0000
 28.50       0    0.00  0.0000  0.0000  0.0000  0.0000
 29.50       0    0.00  0.0000  0.0000  0.0000  0.0000
 30.50       0    0.00  0.0000  0.0000  0.0000  0.0000
 31.50       0    0.00  0.0000  0.0000  0.0000  0.0000
 32.50       0    0.00  0.0000  0.0000  0.0000  0.0000
 33.50       0    0.00  0.0000  0.0000  0.0000  0.0000
 34.50       0    0.00  0.0000  0.0000  0.0000  0.0000
 35.50       0    0.00  0.0000  0.0000  0.0000  0.0000
