  0.50     550   14.57  0.0296 75.6543  0.0000  0.0565
  1.50    1046   13.53  0.0744 82.4488  0.0000  0.0513
  2.50    2584   11.72  0.1144 98.3320  0.0000  0.0549
  3.50    2656   14.88  0.1613 75.5624  0.0000  0.0523
  4.50    3839   13.48  0.2033 83.1767  0.0000  0.0552
  5.50    4370   14.39  0.2453 79.0251  0.0000  0.0583
  6.50    6256   15.29  0.2952 73.1019  0.0000  0.0593
  7.50    7472   16.26  0.3450 67.4676  0.0000  0.0587
  8.50    7451   16.36  0.3938 66.9166  0.0001  0.0631
  9.50    9730   16.76  0.4419 64.8149  0.0000  0.0617
 10.50   11221   17.07  0.4970 64.4782  0.0001  0.0641
 11.50   11152   18.81  0.5485 56.9392  0.0000  0.0615
 12.50   17217   18.68  0.6075 57.1257  0.0001  0.0707
 13.50   15082   19.73  0.6686 53.5949  0.0001  0.0702
 14.50   21525   20.99  0.7325 49.8426  0.0001  0.0725
 15.50   22319   22.16  0.8017 46.6245  0.0001  0.0858
 16.50   24756   23.02  0.8726 44.4873  0.0001  0.0878
 17.50   28440   24.13  0.9432 41.9059  0.0001  0.0898
 18.50   29429   24.96  1.0158 40.1912  0.0001  0.0941
 19.50   41602   25.60  1.1003 38.8882  0.0001  0.0982
 20.50   42067   26.00  1.1951 38.1486  0.0001  0.1036
 21.50   43653   27.02  1.2873 36.3457  0.0001  0.1017
 22.50   45167   28.03  1.3825 34.5789  0.0001  0.0976
 23.50   46188   28.16  1.4787 34.4174  0.0001  0.0979
 24.50   40291   28.38  1.5807 33.8335  0.0001  0.0791
 25.50   21737   27.66  1.6963 34.8757  0.0001  0.0643
 26.50   17313   26.70  1.8246 36.2086  0.0000  0.0485
 27.50   10906   25.63  1.9547 38.0765  0.0000  0.0349
 28.50    5556   23.54  2.1083 42.2162  0.0000  0.0209
 29.50    3734   23.02  2.2826 43.8711  0.0000  0.0100
 30.50     730   19.70  2.4527 53.7498  0.0000  0.0052
 31.50     351   11.34  2.6848 134.7011  0.0000  0.0007
 32.50       0    0.00  0.0000  0.0000  0.0000  0.0000
 33.50       0    0.00  0.0000  0.0000  0.0000  0.0000
 34.50       0    0.00  0.0000  0.0000  0.0000  0.0000
 35.50       0    0.00  0.0000  0.0000  0.0000  0.0000
