  0.50    2441   76.50  0.0503  8.3735  0.0003  0.5006
  1.50    4838   76.09  0.1200  8.4590  0.0003  0.4860
  2.50   12679   76.32  0.1920  8.4394  0.0004  0.5259
  3.50   12764   76.68  0.2705  8.3443  0.0004  0.5162
  4.50   18893   76.07  0.3442  8.5265  0.0004  0.5367
  5.50   21845   76.87  0.4168  8.3191  0.0004  0.5152
  6.50   31701   76.63  0.4988  8.4104  0.0004  0.5472
  7.50   38879   76.95  0.5906  8.3244  0.0004  0.5377
  8.50   37170   76.15  0.6765  8.5211  0.0004  0.5375
  9.50   47273   75.26  0.7651  8.7322  0.0004  0.5320
 10.50   55369   74.16  0.8529  9.0039  0.0004  0.5442
 11.50   52257   72.77  0.9459  9.3283  0.0004  0.5310
 12.50   73675   69.89  1.0393 10.0848  0.0003  0.4700
 13.50   58787   67.02  1.1428 10.8637  0.0003  0.4370
 14.50   73046   63.85  1.2336 11.8115  0.0003  0.3883
 15.50   61563   59.90  1.3316 13.0987  0.0002  0.3017
 16.50   52602   55.45  1.4325 14.7435  0.0001  0.2044
 17.50   41555   50.87  1.5478 16.6501  0.0001  0.1213
 18.50   23055   45.77  1.6774 19.0470  0.0000  0.0429
 19.50   11430   41.74  1.8334 20.8926  0.0000  0.0097
 20.50    1849   36.62  1.9788 24.0926  0.0000  0.0011
 21.50      77   37.54  2.0261 23.9417  0.0000  0.0009
 22.50       0    0.00  0.0000  0.0000  0.0000  0.0000
 23.50       0    0.00  0.0000  0.0000  0.0000  0.0000
 24.50       0    0.00  0.0000  0.0000  0.0000  0.0000
 25.50       0    0.00  0.0000  0.0000  0.0000  0.0000
 26.50       0    0.00  0.0000  0.0000  0.0000  0.0000
 27.50       0    0.00  0.0000  0.0000  0.0000  0.0000
 28.50       0    0.00  0.0000  0.0000  0.0000  0.0000
 29.50       0    0.00  0.0000  0.0000  0.0000  0.0000
 30.50       0    0.00  0.0000  0.0000  0.0000  0.0000
 31.50       0    0.00  0.0000  0.0000  0.0000  0.0000
 32.50       0    0.00  0.0000  0.0000  0.0000  0.0000
 33.50       0    0.00  0.0000  0.0000  0.0000  0.0000
 34.50       0    0.00  0.0000  0.0000  0.0000  0.0000
 35.50       0    0.00  0.0000  0.0000  0.0000  0.0000
