  0.50   16169   43.01  0.0367 15.9208  0.0016  1.5953
  1.50   32207   42.82  0.0822 16.0228  0.0016  1.5911
  2.50   81709   42.96  0.1372 15.9521  0.0016  1.6036
  3.50   83221   42.74  0.1927 16.0816  0.0016  1.6261
  4.50  119099   42.68  0.2429 16.1278  0.0016  1.6322
  5.50  139619   43.02  0.2954 15.9532  0.0017  1.6649
  6.50  199092   43.00  0.3511 15.9820  0.0017  1.7336
  7.50  243801   43.12  0.4124 15.9333  0.0017  1.7264
  8.50  232695   43.33  0.4710 15.8350  0.0018  1.7803
  9.50  303784   43.65  0.5307 15.6835  0.0018  1.8135
 10.50  358442   43.87  0.5948 15.5819  0.0018  1.8096
 11.50  354394   44.21  0.6595 15.4250  0.0019  1.8781
 12.50  537015   44.46  0.7305 15.3129  0.0020  1.9794
 13.50  465411   44.82  0.8070 15.1454  0.0020  1.9840
 14.50  641082   45.02  0.8843 15.0528  0.0020  2.0189
 15.50  646063   45.11  0.9678 15.0208  0.0020  2.0665
 16.50  698897   45.24  1.0513 14.9548  0.0020  2.0625
 17.50  774566   44.99  1.1359 15.0626  0.0020  2.0407
 18.50  760143   44.60  1.2232 15.2425  0.0020  1.9756
 19.50 1026670   43.87  1.3206 15.5742  0.0019  1.9159
 20.50  946530   42.89  1.4281 16.0370  0.0017  1.6999
 21.50  896957   41.55  1.5337 16.6891  0.0015  1.4948
 22.50  841969   39.76  1.6399 17.6415  0.0012  1.2046
 23.50  744840   37.79  1.7581 18.7426  0.0009  0.8886
 24.50  549121   35.41  1.8896 20.2047  0.0006  0.5656
 25.50  214819   32.68  2.0550 22.0234  0.0004  0.3469
 26.50  105823   30.10  2.2253 23.8789  0.0002  0.1604
 27.50   28457   27.79  2.4051 25.4221  0.0000  0.0454
 28.50    4097   25.29  2.5581 27.3409  0.0000  0.0050
 29.50     487   20.39  2.7348 35.6858  0.0000  0.0014
 30.50       0    0.00  0.0000  0.0000  0.0000  0.0000
 31.50       0    0.00  0.0000  0.0000  0.0000  0.0000
 32.50       0    0.00  0.0000  0.0000  0.0000  0.0000
 33.50       0    0.00  0.0000  0.0000  0.0000  0.0000
 34.50       0    0.00  0.0000  0.0000  0.0000  0.0000
 35.50       0    0.00  0.0000  0.0000  0.0000  0.0000
