  0.50   30472   31.07  0.0310 12.5517  0.0025  1.3574
  1.50   61766   31.03  0.0717 12.5829  0.0025  1.3671
  2.50  155593   31.17  0.1165 12.5115  0.0025  1.3838
  3.50  157820   31.31  0.1640 12.4389  0.0026  1.3919
  4.50  224997   31.45  0.2067 12.3735  0.0026  1.4057
  5.50  259205   31.56  0.2504 12.3092  0.0026  1.3991
  6.50  366373   31.65  0.2990 12.2746  0.0026  1.4317
  7.50  445660   31.90  0.3512 12.1563  0.0027  1.4496
  8.50  424165   32.13  0.4006 12.0488  0.0027  1.4718
  9.50  547328   32.42  0.4495 11.9075  0.0028  1.5137
 10.50  642368   32.70  0.5042 11.7791  0.0028  1.5406
 11.50  630705   32.97  0.5570 11.6616  0.0029  1.5772
 12.50  944952   33.45  0.6165 11.4399  0.0029  1.6027
 13.50  818895   33.89  0.6802 11.2433  0.0030  1.6470
 14.50 1132032   34.38  0.7447 11.0322  0.0030  1.6755
 15.50 1141975   34.88  0.8149 10.8197  0.0031  1.7081
 16.50 1250249   35.38  0.8865 10.6110  0.0032  1.7627
 17.50 1419789   35.87  0.9600 10.4106  0.0033  1.7998
 18.50 1433154   36.44  1.0375 10.1776  0.0033  1.8331
 19.50 2025000   37.02  1.1264  9.9434  0.0033  1.8599
 20.50 1993295   37.53  1.2254  9.7387  0.0034  1.8672
 21.50 2068342   37.89  1.3242  9.5859  0.0033  1.8672
 22.50 2182314   38.13  1.4237  9.4706  0.0033  1.8316
 23.50 2274880   38.21  1.5297  9.4055  0.0032  1.7625
 24.50 2132031   37.99  1.6426  9.4329  0.0029  1.6147
 25.50 1255606   37.51  1.7714  9.5331  0.0027  1.4754
 26.50 1129385   36.76  1.9007  9.7271  0.0024  1.3192
 27.50  812683   35.70  2.0428 10.0220  0.0020  1.0907
 28.50  520836   34.21  2.1972 10.4982  0.0015  0.8396
 29.50  457405   32.43  2.3766 11.0962  0.0010  0.5708
 30.50  138981   30.40  2.5809 11.8225  0.0008  0.4224
 31.50  119599   28.07  2.7969 12.7421  0.0003  0.1789
 32.50   13913   25.64  3.0456 13.5830  0.0002  0.0927
 33.50    3041   24.25  3.1837 13.9055  0.0001  0.0398
 34.50       0    0.00  0.0000  0.0000  0.0000  0.0000
 35.50       0    0.00  0.0000  0.0000  0.0000  0.0000
