  0.50    2903  128.41  0.0690  1.7894  0.0005  0.9338
  1.50    5893  127.33  0.1513  1.9104  0.0005  0.9382
  2.50   14935  127.33  0.2452  1.9078  0.0006  0.9767
  3.50   15014  125.70  0.3404  2.0660  0.0005  0.9460
  4.50   21534  125.77  0.4294  2.0616  0.0006  0.9842
  5.50   24923  123.57  0.5217  2.2779  0.0006  0.9587
  6.50   33822  120.42  0.6242  2.5943  0.0005  0.8679
  7.50   39729  116.43  0.7290  3.0386  0.0005  0.8299
  8.50   35696  110.45  0.8286  3.7583  0.0004  0.7660
  9.50   41351  103.65  0.9345  4.6432  0.0004  0.6731
 10.50   43163   96.54  1.0393  5.7084  0.0003  0.5485
 11.50   35719   89.35  1.1432  6.9301  0.0003  0.4486
 12.50   41797   81.16  1.2437  8.5666  0.0002  0.2940
 13.50   25047   72.83  1.3507 10.5076  0.0001  0.1768
 14.50   19568   64.46  1.4638 12.8550  0.0000  0.0688
 15.50    7284   55.78  1.5882 15.8092  0.0000  0.0182
 16.50    1648   49.18  1.7064 18.7784  0.0000  0.0020
 17.50     131   42.27  1.8002 24.1146  0.0000  0.0016
 18.50       0    0.00  0.0000  0.0000  0.0000  0.0000
 19.50       0    0.00  0.0000  0.0000  0.0000  0.0000
 20.50       0    0.00  0.0000  0.0000  0.0000  0.0000
 21.50       0    0.00  0.0000  0.0000  0.0000  0.0000
 22.50       0    0.00  0.0000  0.0000  0.0000  0.0000
 23.50       0    0.00  0.0000  0.0000  0.0000  0.0000
 24.50       0    0.00  0.0000  0.0000  0.0000  0.0000
 25.50       0    0.00  0.0000  0.0000  0.0000  0.0000
 26.50       0    0.00  0.0000  0.0000  0.0000  0.0000
 27.50       0    0.00  0.0000  0.0000  0.0000  0.0000
 28.50       0    0.00  0.0000  0.0000  0.0000  0.0000
 29.50       0    0.00  0.0000  0.0000  0.0000  0.0000
 30.50       0    0.00  0.0000  0.0000  0.0000  0.0000
 31.50       0    0.00  0.0000  0.0000  0.0000  0.0000
 32.50       0    0.00  0.0000  0.0000  0.0000  0.0000
 33.50       0    0.00  0.0000  0.0000  0.0000  0.0000
 34.50       0    0.00  0.0000  0.0000  0.0000  0.0000
 35.50       0    0.00  0.0000  0.0000  0.0000  0.0000
