  0.50  265779   67.75  0.0507  1.6316  0.0309  8.6807
  1.50  535344   67.95  0.1137  1.6213  0.0309  8.7016
  2.50 1354232   68.10  0.1888  1.6126  0.0311  8.7678
  3.50 1379805   68.36  0.2661  1.5988  0.0311  8.8092
  4.50 1972135   68.53  0.3385  1.5894  0.0312  8.8499
  5.50 2309366   68.83  0.4119  1.5713  0.0313  8.8967
  6.50 3274432   69.20  0.4956  1.5484  0.0316  9.0121
  7.50 4024106   69.60  0.5892  1.5247  0.0317  9.1051
  8.50 3862087   70.00  0.6819  1.4984  0.0319  9.1989
  9.50 5009278   70.26  0.7764  1.4750  0.0318  9.2220
 10.50 5915060   70.51  0.8831  1.4489  0.0318  9.2450
 11.50 5774345   70.67  0.9921  1.4216  0.0314  9.1671
 12.50 8575108   70.55  1.1163  1.3993  0.0304  8.8846
 13.50 7271141   70.17  1.2529  1.3795  0.0293  8.5465
 14.50 9675548   69.45  1.3950  1.3650  0.0279  8.0963
 15.50 9265608   68.31  1.5562  1.3555  0.0259  7.4567
 16.50 9454704   66.74  1.7272  1.3557  0.0233  6.5896
 17.50 9777992   64.73  1.9138  1.3621  0.0202  5.5938
 18.50 8790284   62.25  2.1192  1.3789  0.0167  4.4782
 19.50 10563063   58.73  2.3826  1.4225  0.0131  3.3917
 20.50 8386744   54.27  2.7083  1.4956  0.0088  2.1464
 21.50 6645898   49.17  3.0792  1.6115  0.0058  1.3316
 22.50 5009927   43.52  3.4853  1.7913  0.0033  0.7173
 23.50 3299102   37.41  3.9065  2.0441  0.0016  0.3242
 24.50 1614421   31.25  4.2708  2.3602  0.0006  0.1148
 25.50  343630   24.82  4.5700  2.8158  0.0002  0.0449
 26.50   89972   18.81  4.9184  3.7421  0.0001  0.0113
 27.50   10708   12.49  5.8931  6.0907  0.0000  0.0009
 28.50      91    8.43  7.7889 12.1735  0.0000  0.0000
 29.50       0    0.00  0.0000  0.0000  0.0000  0.0000
 30.50       0    0.00  0.0000  0.0000  0.0000  0.0000
 31.50       0    0.00  0.0000  0.0000  0.0000  0.0000
 32.50       0    0.00  0.0000  0.0000  0.0000  0.0000
 33.50       0    0.00  0.0000  0.0000  0.0000  0.0000
 34.50       0    0.00  0.0000  0.0000  0.0000  0.0000
 35.50       0    0.00  0.0000  0.0000  0.0000  0.0000
