  0.50     387   79.64  0.0593  9.9996  0.0001  0.1053
  1.50     866   80.41  0.1210  9.8920  0.0001  0.1156
  2.50    2019   81.48  0.1958  9.5498  0.0001  0.1110
  3.50    2094   79.95  0.2832 10.0520  0.0001  0.1118
  4.50    3016   80.79  0.3662  9.7585  0.0001  0.1102
  5.50    3549   83.02  0.4415  9.1369  0.0001  0.1172
  6.50    5070   83.05  0.5107  9.1624  0.0001  0.1148
  7.50    6099   82.30  0.6084  9.3713  0.0001  0.1024
  8.50    5831   80.83  0.6957  9.7716  0.0001  0.1241
  9.50    7279   80.19  0.7850  9.8881  0.0001  0.1074
 10.50    8304   78.31  0.8743 10.3780  0.0001  0.1022
 11.50    7601   73.94  0.9695 11.7142  0.0001  0.0974
 12.50   10758   71.43  1.0558 12.4696  0.0001  0.0898
 13.50    8085   67.27  1.1500 13.9303  0.0000  0.0715
 14.50    9331   62.78  1.2380 15.5975  0.0000  0.0552
 15.50    7286   57.94  1.3445 17.7137  0.0000  0.0436
 16.50    5167   52.15  1.4439 20.6661  0.0000  0.0223
 17.50    3035   47.05  1.5813 23.8608  0.0000  0.0071
 18.50    1082   41.34  1.7170 28.4298  0.0000  0.0020
 19.50     161   34.98  1.7519 38.7191  0.0000  0.0012
 20.50       0    0.00  0.0000  0.0000  0.0000  0.0000
 21.50       0    0.00  0.0000  0.0000  0.0000  0.0000
 22.50       0    0.00  0.0000  0.0000  0.0000  0.0000
 23.50       0    0.00  0.0000  0.0000  0.0000  0.0000
 24.50       0    0.00  0.0000  0.0000  0.0000  0.0000
 25.50       0    0.00  0.0000  0.0000  0.0000  0.0000
 26.50       0    0.00  0.0000  0.0000  0.0000  0.0000
 27.50       0    0.00  0.0000  0.0000  0.0000  0.0000
 28.50       0    0.00  0.0000  0.0000  0.0000  0.0000
 29.50       0    0.00  0.0000  0.0000  0.0000  0.0000
 30.50       0    0.00  0.0000  0.0000  0.0000  0.0000
 31.50       0    0.00  0.0000  0.0000  0.0000  0.0000
 32.50       0    0.00  0.0000  0.0000  0.0000  0.0000
 33.50       0    0.00  0.0000  0.0000  0.0000  0.0000
 34.50       0    0.00  0.0000  0.0000  0.0000  0.0000
 35.50       0    0.00  0.0000  0.0000  0.0000  0.0000
