  0.50   55444  123.35  0.0737  1.8423  0.0102 11.7831
  1.50  111256  123.60  0.1515  1.8178  0.0104 11.9144
  2.50  280412  123.97  0.2454  1.7802  0.0101 11.6621
  3.50  287395  123.05  0.3465  1.8472  0.0103 11.9252
  4.50  408792  121.86  0.4350  1.9250  0.0102 11.7732
  5.50  470530  120.21  0.5267  2.0273  0.0101 11.5621
  6.50  657727  117.09  0.6297  2.2563  0.0097 11.0346
  7.50  780351  112.79  0.7401  2.5787  0.0091 10.3760
  8.50  717250  107.76  0.8503  2.9884  0.0087  9.8093
  9.50  881145  101.69  0.9592  3.5361  0.0081  9.0349
 10.50  946057   94.70  1.0799  4.2234  0.0071  7.7997
 11.50  821628   87.09  1.1981  5.0883  0.0059  6.4407
 12.50 1040749   78.81  1.3210  6.2057  0.0045  4.7697
 13.50  686174   69.76  1.4528  7.6559  0.0030  3.1784
 14.50  615904   61.16  1.5870  9.3196  0.0016  1.6012
 15.50  289753   52.57  1.7322 11.2621  0.0005  0.5393
 16.50   94034   45.21  1.8678 13.1114  0.0001  0.0993
 17.50   17338   38.03  2.0023 15.4811  0.0000  0.0100
 18.50    1602   30.29  2.2261 21.2884  0.0000  0.0009
 19.50      38   19.91  2.3205 44.6672  0.0000  0.0007
 20.50       0    0.00  0.0000  0.0000  0.0000  0.0000
 21.50       0    0.00  0.0000  0.0000  0.0000  0.0000
 22.50       0    0.00  0.0000  0.0000  0.0000  0.0000
 23.50       0    0.00  0.0000  0.0000  0.0000  0.0000
 24.50       0    0.00  0.0000  0.0000  0.0000  0.0000
 25.50       0    0.00  0.0000  0.0000  0.0000  0.0000
 26.50       0    0.00  0.0000  0.0000  0.0000  0.0000
 27.50       0    0.00  0.0000  0.0000  0.0000  0.0000
 28.50       0    0.00  0.0000  0.0000  0.0000  0.0000
 29.50       0    0.00  0.0000  0.0000  0.0000  0.0000
 30.50       0    0.00  0.0000  0.0000  0.0000  0.0000
 31.50       0    0.00  0.0000  0.0000  0.0000  0.0000
 32.50       0    0.00  0.0000  0.0000  0.0000  0.0000
 33.50       0    0.00  0.0000  0.0000  0.0000  0.0000
 34.50       0    0.00  0.0000  0.0000  0.0000  0.0000
 35.50       0    0.00  0.0000  0.0000  0.0000  0.0000
