  0.50    1198   42.27  0.0414 22.2219  0.0001  0.1758
  1.50    2512   42.50  0.0784 22.0881  0.0001  0.1888
  2.50    6200   42.74  0.1360 21.8911  0.0001  0.1823
  3.50    6423   42.06  0.1938 22.4390  0.0001  0.1932
  4.50    9198   42.16  0.2480 22.3901  0.0001  0.1864
  5.50   10791   42.67  0.2991 21.9999  0.0001  0.1899
  6.50   15463   43.02  0.3565 21.7740  0.0001  0.1973
  7.50   19032   43.86  0.4205 21.1578  0.0001  0.1977
  8.50   18184   43.63  0.4828 21.3457  0.0002  0.2082
  9.50   23643   44.32  0.5441 20.8597  0.0002  0.2169
 10.50   28697   44.88  0.6107 20.5106  0.0002  0.2157
 11.50   28017   45.38  0.6764 20.1862  0.0002  0.2285
 12.50   42181   45.70  0.7508 19.9855  0.0002  0.2278
 13.50   36521   46.30  0.8266 19.6004  0.0002  0.2327
 14.50   49998   46.45  0.9063 19.5142  0.0002  0.2282
 15.50   49935   46.95  0.9865 19.2016  0.0002  0.2367
 16.50   52513   46.54  1.0674 19.4398  0.0002  0.2317
 17.50   57028   45.98  1.1471 19.7846  0.0002  0.2324
 18.50   54196   45.51  1.2276 20.0394  0.0002  0.2117
 19.50   70006   44.43  1.3199 20.6967  0.0001  0.1927
 20.50   59173   42.91  1.4255 21.6439  0.0001  0.1462
 21.50   49701   40.89  1.5345 23.0238  0.0001  0.1048
 22.50   38595   38.75  1.6552 24.5266  0.0000  0.0638
 23.50   25198   35.70  1.7991 27.0441  0.0000  0.0271
 24.50   11366   32.88  1.9624 29.5558  0.0000  0.0088
 25.50    1724   32.42  2.1391 28.7964  0.0000  0.0019
 26.50     220   33.15  2.2540 27.7737  0.0000  0.0013
 27.50       0    0.00  0.0000  0.0000  0.0000  0.0000
 28.50       0    0.00  0.0000  0.0000  0.0000  0.0000
 29.50       0    0.00  0.0000  0.0000  0.0000  0.0000
 30.50       0    0.00  0.0000  0.0000  0.0000  0.0000
 31.50       0    0.00  0.0000  0.0000  0.0000  0.0000
 32.50       0    0.00  0.0000  0.0000  0.0000  0.0000
 33.50       0    0.00  0.0000  0.0000  0.0000  0.0000
 34.50       0    0.00  0.0000  0.0000  0.0000  0.0000
 35.50       0    0.00  0.0000  0.0000  0.0000  0.0000
