  0.50    3151   35.88  0.0367 25.1023  0.0003  0.3699
  1.50    6276   36.23  0.0744 24.7602  0.0003  0.3697
  2.50   15730   35.84  0.1227 25.1405  0.0003  0.3748
  3.50   16215   36.10  0.1757 24.9142  0.0003  0.3660
  4.50   22937   36.19  0.2192 24.8395  0.0003  0.3785
  5.50   26523   36.13  0.2647 24.8810  0.0003  0.3757
  6.50   37999   36.33  0.3152 24.7285  0.0003  0.3892
  7.50   46319   36.58  0.3714 24.5103  0.0003  0.3986
  8.50   44784   36.86  0.4255 24.2723  0.0003  0.4077
  9.50   57961   37.29  0.4778 23.8998  0.0003  0.4082
 10.50   68917   37.50  0.5341 23.7328  0.0004  0.4386
 11.50   68044   38.23  0.5929 23.1248  0.0003  0.4283
 12.50  103102   38.45  0.6567 22.9601  0.0004  0.4630
 13.50   89102   39.28  0.7254 22.2960  0.0004  0.4673
 14.50  123969   39.69  0.7919 21.9892  0.0004  0.4818
 15.50  125594   40.24  0.8672 21.5754  0.0004  0.5066
 16.50  136982   40.50  0.9387 21.3866  0.0004  0.5157
 17.50  154078   40.96  1.0120 21.0472  0.0004  0.5150
 18.50  151768   40.85  1.0874 21.1204  0.0004  0.5107
 19.50  208509   41.03  1.1710 20.9616  0.0004  0.5025
 20.50  196594   40.81  1.2650 21.1082  0.0004  0.4768
 21.50  191910   40.41  1.3560 21.3437  0.0003  0.4316
 22.50  185944   39.58  1.4484 21.9022  0.0003  0.3579
 23.50  171026   38.27  1.5496 22.8233  0.0002  0.2935
 24.50  134004   36.52  1.6617 24.1306  0.0002  0.1997
 25.50   58564   34.51  1.8063 25.7169  0.0001  0.1375
 26.50   34548   33.06  1.9621 26.7551  0.0001  0.0807
 27.50   12124   31.22  2.1425 28.0772  0.0000  0.0265
 28.50    2496   29.07  2.3212 29.7165  0.0000  0.0051
 29.50     392   27.63  2.5197 31.4027  0.0000  0.0015
 30.50       0    0.00  0.0000  0.0000  0.0000  0.0000
 31.50       0    0.00  0.0000  0.0000  0.0000  0.0000
 32.50       0    0.00  0.0000  0.0000  0.0000  0.0000
 33.50       0    0.00  0.0000  0.0000  0.0000  0.0000
 34.50       0    0.00  0.0000  0.0000  0.0000  0.0000
 35.50       0    0.00  0.0000  0.0000  0.0000  0.0000
