  0.50       0    0.00  0.0000  0.0000  0.0000  0.0000
  1.50       0    0.00  0.0000  0.0000  0.0000  0.0000
  2.50       0    0.00  0.0000  0.0000  0.0000  0.0000
  3.50       0    0.00  0.0000  0.0000  0.0000  0.0000
  4.50       0    0.00  0.0000  0.0000  0.0000  0.0000
  5.50       0    0.00  0.0000  0.0000  0.0000  0.0000
  6.50       0    0.00  0.0000  0.0000  0.0000  0.0000
  7.50       0    0.00  0.0000  0.0000  0.0000  0.0000
  8.50      99  214.40  0.4985 -6.1004  0.0000  0.0234
  9.50      37  168.18  0.6122 -3.4497  0.0000  0.0132
 10.50       0    0.00  0.0000  0.0000  0.0000  0.0000
 11.50       0    0.00  0.0000  0.0000  0.0000  0.0000
 12.50       0    0.00  0.0000  0.0000  0.0000  0.0000
 13.50       0    0.00  0.0000  0.0000  0.0000  0.0000
 14.50       0    0.00  0.0000  0.0000  0.0000  0.0000
 15.50       0    0.00  0.0000  0.0000  0.0000  0.0000
 16.50       0    0.00  0.0000  0.0000  0.0000  0.0000
 17.50       0    0.00  0.0000  0.0000  0.0000  0.0000
 18.50       0    0.00  0.0000  0.0000  0.0000  0.0000
 19.50       0    0.00  0.0000  0.0000  0.0000  0.0000
 20.50       0    0.00  0.0000  0.0000  0.0000  0.0000
 21.50       0    0.00  0.0000  0.0000  0.0000  0.0000
 22.50       0    0.00  0.0000  0.0000  0.0000  0.0000
 23.50       0    0.00  0.0000  0.0000  0.0000  0.0000
 24.50       0    0.00  0.0000  0.0000  0.0000  0.0000
 25.50       0    0.00  0.0000  0.0000  0.0000  0.0000
 26.50       0    0.00  0.0000  0.0000  0.0000  0.0000
 27.50       0    0.00  0.0000  0.0000  0.0000  0.0000
 28.50       0    0.00  0.0000  0.0000  0.0000  0.0000
 29.50       0    0.00  0.0000  0.0000  0.0000  0.0000
 30.50       0    0.00  0.0000  0.0000  0.0000  0.0000
 31.50       0    0.00  0.0000  0.0000  0.0000  0.0000
 32.50       0    0.00  0.0000  0.0000  0.0000  0.0000
 33.50       0    0.00  0.0000  0.0000  0.0000  0.0000
 34.50       0    0.00  0.0000  0.0000  0.0000  0.0000
 35.50       0    0.00  0.0000  0.0000  0.0000  0.0000
