  0.50    3615  146.10  0.0778  0.4294  0.0007  1.2780
  1.50    7558  149.47  0.1549  0.1920  0.0007  1.3257
  2.50   18835  145.41  0.2595  0.5004  0.0008  1.3329
  3.50   18703  144.12  0.3606  0.5771  0.0007  1.3040
  4.50   26615  143.20  0.4560  0.6402  0.0007  1.3028
  5.50   30183  139.31  0.5486  0.9403  0.0007  1.2395
  6.50   40060  133.70  0.6565  1.3943  0.0006  1.1208
  7.50   45485  127.50  0.7632  1.9389  0.0006  1.0182
  8.50   39137  118.12  0.8745  2.8987  0.0005  0.8863
  9.50   44222  109.74  0.9802  3.8418  0.0004  0.7205
 10.50   43905   99.83  1.0930  5.2011  0.0003  0.5852
 11.50   34192   90.35  1.1906  6.7345  0.0003  0.4212
 12.50   36475   80.81  1.2923  8.5552  0.0001  0.2415
 13.50   18483   70.04  1.4017 11.1399  0.0001  0.0983
 14.50   10395   61.24  1.5195 13.6210  0.0000  0.0266
 15.50    2256   54.02  1.6254 15.5813  0.0000  0.0023
 16.50     183   38.90  1.7532 27.4384  0.0000  0.0024
 17.50       0    0.00  0.0000  0.0000  0.0000  0.0000
 18.50       0    0.00  0.0000  0.0000  0.0000  0.0000
 19.50       0    0.00  0.0000  0.0000  0.0000  0.0000
 20.50       0    0.00  0.0000  0.0000  0.0000  0.0000
 21.50       0    0.00  0.0000  0.0000  0.0000  0.0000
 22.50       0    0.00  0.0000  0.0000  0.0000  0.0000
 23.50       0    0.00  0.0000  0.0000  0.0000  0.0000
 24.50       0    0.00  0.0000  0.0000  0.0000  0.0000
 25.50       0    0.00  0.0000  0.0000  0.0000  0.0000
 26.50       0    0.00  0.0000  0.0000  0.0000  0.0000
 27.50       0    0.00  0.0000  0.0000  0.0000  0.0000
 28.50       0    0.00  0.0000  0.0000  0.0000  0.0000
 29.50       0    0.00  0.0000  0.0000  0.0000  0.0000
 30.50       0    0.00  0.0000  0.0000  0.0000  0.0000
 31.50       0    0.00  0.0000  0.0000  0.0000  0.0000
 32.50       0    0.00  0.0000  0.0000  0.0000  0.0000
 33.50       0    0.00  0.0000  0.0000  0.0000  0.0000
 34.50       0    0.00  0.0000  0.0000  0.0000  0.0000
 35.50       0    0.00  0.0000  0.0000  0.0000  0.0000
