  0.50    6184  146.18  0.0685  0.3819  0.0012  1.9266
  1.50   12277  144.10  0.1584  0.5187  0.0012  1.8979
  2.50   31494  144.98  0.2599  0.4587  0.0012  1.9353
  3.50   31636  142.54  0.3624  0.6204  0.0012  1.8926
  4.50   44725  140.18  0.4559  0.7850  0.0012  1.9060
  5.50   50337  137.57  0.5536  0.9389  0.0012  1.8277
  6.50   67141  132.15  0.6578  1.3345  0.0011  1.6344
  7.50   76125  125.00  0.7716  1.8958  0.0010  1.4699
  8.50   65961  116.98  0.8843  2.6095  0.0009  1.2878
  9.50   75790  107.60  0.9936  3.5899  0.0007  1.1175
 10.50   76251   98.18  1.1086  4.7338  0.0006  0.9070
 11.50   61107   88.95  1.2049  6.0789  0.0005  0.6764
 12.50   68469   78.98  1.3048  7.8499  0.0003  0.3822
 13.50   37308   67.74  1.4139 10.3702  0.0001  0.1867
 14.50   22937   58.76  1.5333 12.7175  0.0000  0.0553
 15.50    5548   52.03  1.6561 14.3708  0.0000  0.0062
 16.50     671   41.03  1.7711 20.2682  0.0000  0.0016
 17.50       0    0.00  0.0000  0.0000  0.0000  0.0000
 18.50       0    0.00  0.0000  0.0000  0.0000  0.0000
 19.50       0    0.00  0.0000  0.0000  0.0000  0.0000
 20.50       0    0.00  0.0000  0.0000  0.0000  0.0000
 21.50       0    0.00  0.0000  0.0000  0.0000  0.0000
 22.50       0    0.00  0.0000  0.0000  0.0000  0.0000
 23.50       0    0.00  0.0000  0.0000  0.0000  0.0000
 24.50       0    0.00  0.0000  0.0000  0.0000  0.0000
 25.50       0    0.00  0.0000  0.0000  0.0000  0.0000
 26.50       0    0.00  0.0000  0.0000  0.0000  0.0000
 27.50       0    0.00  0.0000  0.0000  0.0000  0.0000
 28.50       0    0.00  0.0000  0.0000  0.0000  0.0000
 29.50       0    0.00  0.0000  0.0000  0.0000  0.0000
 30.50       0    0.00  0.0000  0.0000  0.0000  0.0000
 31.50       0    0.00  0.0000  0.0000  0.0000  0.0000
 32.50       0    0.00  0.0000  0.0000  0.0000  0.0000
 33.50       0    0.00  0.0000  0.0000  0.0000  0.0000
 34.50       0    0.00  0.0000  0.0000  0.0000  0.0000
 35.50       0    0.00  0.0000  0.0000  0.0000  0.0000
