  0.50    2630   38.38  0.0343 21.9713  0.0003  0.3030
  1.50    5444   39.27  0.0754 21.3130  0.0003  0.3173
  2.50   13726   39.11  0.1306 21.4385  0.0003  0.3100
  3.50   14005   38.66  0.1818 21.7967  0.0003  0.3176
  4.50   19865   39.12  0.2311 21.4463  0.0003  0.3165
  5.50   23008   38.86  0.2800 21.6460  0.0003  0.3248
  6.50   33052   38.95  0.3322 21.6068  0.0003  0.3236
  7.50   40241   39.43  0.3917 21.2528  0.0003  0.3381
  8.50   38966   39.61  0.4472 21.1442  0.0003  0.3442
  9.50   50508   40.04  0.5025 20.8409  0.0003  0.3504
 10.50   59633   40.24  0.5640 20.7085  0.0003  0.3618
 11.50   59021   40.61  0.6246 20.4693  0.0003  0.3771
 12.50   88795   41.25  0.6933 20.0256  0.0003  0.3884
 13.50   77641   41.71  0.7637 19.7340  0.0003  0.3922
 14.50  106150   41.75  0.8357 19.7140  0.0003  0.3902
 15.50  106322   41.95  0.9134 19.5910  0.0003  0.4057
 16.50  115825   42.27  0.9898 19.3855  0.0003  0.4004
 17.50  128932   42.46  1.0670 19.2558  0.0004  0.4196
 18.50  126569   41.98  1.1441 19.5734  0.0003  0.4042
 19.50  171731   41.70  1.2328 19.7202  0.0003  0.3872
 20.50  159367   40.86  1.3309 20.2568  0.0003  0.3468
 21.50  150216   39.71  1.4253 20.9843  0.0003  0.3025
 22.50  141636   38.39  1.5245 21.8803  0.0002  0.2578
 23.50  123345   36.38  1.6406 23.3479  0.0002  0.1792
 24.50   88693   34.23  1.7688 25.0227  0.0001  0.1059
 25.50   32632   31.60  1.9370 27.2690  0.0001  0.0619
 26.50   14634   29.54  2.1089 29.0424  0.0000  0.0255
 27.50    3373   27.61  2.2902 30.8031  0.0000  0.0057
 28.50     475   26.26  2.4482 31.7223  0.0000  0.0005
 29.50      12   10.49  2.5546 94.8297  0.0000  0.0005
 30.50       0    0.00  0.0000  0.0000  0.0000  0.0000
 31.50       0    0.00  0.0000  0.0000  0.0000  0.0000
 32.50       0    0.00  0.0000  0.0000  0.0000  0.0000
 33.50       0    0.00  0.0000  0.0000  0.0000  0.0000
 34.50       0    0.00  0.0000  0.0000  0.0000  0.0000
 35.50       0    0.00  0.0000  0.0000  0.0000  0.0000
