  0.50       0    0.00  0.0000  0.0000  0.0000  0.0000
  1.50       0    0.00  0.0000  0.0000  0.0000  0.0000
  2.50       0    0.00  0.0000  0.0000  0.0000  0.0000
  3.50       0    0.00  0.0000  0.0000  0.0000  0.0000
  4.50       0    0.00  0.0000  0.0000  0.0000  0.0000
  5.50       0    0.00  0.0000  0.0000  0.0000  0.0000
  6.50       0    0.00  0.0000  0.0000  0.0000  0.0000
  7.50       0    0.00  0.0000  0.0000  0.0000  0.0000
  8.50   22363  126.44  0.9221  1.1827  0.0015  2.0427
  9.50   38058  100.95  1.0494  2.9938  0.0003  0.3564
 10.50    5631   75.46  1.2298  5.4104  0.0000  0.0189
 11.50     141   59.95  1.5080  8.3666  0.0000  0.0068
 12.50       0    0.00  0.0000  0.0000  0.0000  0.0000
 13.50       0    0.00  0.0000  0.0000  0.0000  0.0000
 14.50       0    0.00  0.0000  0.0000  0.0000  0.0000
 15.50       0    0.00  0.0000  0.0000  0.0000  0.0000
 16.50       0    0.00  0.0000  0.0000  0.0000  0.0000
 17.50       0    0.00  0.0000  0.0000  0.0000  0.0000
 18.50       0    0.00  0.0000  0.0000  0.0000  0.0000
 19.50       0    0.00  0.0000  0.0000  0.0000  0.0000
 20.50       0    0.00  0.0000  0.0000  0.0000  0.0000
 21.50       0    0.00  0.0000  0.0000  0.0000  0.0000
 22.50       0    0.00  0.0000  0.0000  0.0000  0.0000
 23.50       0    0.00  0.0000  0.0000  0.0000  0.0000
 24.50       0    0.00  0.0000  0.0000  0.0000  0.0000
 25.50       0    0.00  0.0000  0.0000  0.0000  0.0000
 26.50       0    0.00  0.0000  0.0000  0.0000  0.0000
 27.50       0    0.00  0.0000  0.0000  0.0000  0.0000
 28.50       0    0.00  0.0000  0.0000  0.0000  0.0000
 29.50       0    0.00  0.0000  0.0000  0.0000  0.0000
 30.50       0    0.00  0.0000  0.0000  0.0000  0.0000
 31.50       0    0.00  0.0000  0.0000  0.0000  0.0000
 32.50       0    0.00  0.0000  0.0000  0.0000  0.0000
 33.50       0    0.00  0.0000  0.0000  0.0000  0.0000
 34.50       0    0.00  0.0000  0.0000  0.0000  0.0000
 35.50       0    0.00  0.0000  0.0000  0.0000  0.0000
