  0.50   30748   74.28  0.0560  6.8172  0.0041  4.4001
  1.50   61881   74.74  0.1162  6.7296  0.0041  4.3995
  2.50  157392   74.88  0.1874  6.7106  0.0042  4.4655
  3.50  163432   74.55  0.2662  6.7935  0.0043  4.5783
  4.50  232538   74.49  0.3366  6.8009  0.0044  4.6174
  5.50  273537   74.58  0.4083  6.7908  0.0044  4.6292
  6.50  393040   74.55  0.4900  6.8104  0.0044  4.7192
  7.50  483818   74.30  0.5779  6.8622  0.0045  4.7652
  8.50  463690   73.94  0.6644  6.9328  0.0045  4.7524
  9.50  605301   73.31  0.7507  7.0592  0.0046  4.8952
 10.50  707308   72.36  0.8447  7.2372  0.0045  4.7713
 11.50  678979   71.24  0.9379  7.4409  0.0044  4.6990
 12.50  994570   69.11  1.0399  7.8697  0.0043  4.5152
 13.50  815458   66.88  1.1502  8.3166  0.0040  4.2194
 14.50 1041112   63.90  1.2563  8.9614  0.0036  3.8004
 15.50  937692   60.37  1.3702  9.7947  0.0031  3.2471
 16.50  875835   56.46  1.4844 10.8159  0.0025  2.6031
 17.50  796725   52.23  1.6033 12.0641  0.0018  1.8785
 18.50  577270   47.82  1.7315 13.5167  0.0011  1.0941
 19.50  463318   42.88  1.8859 15.3517  0.0005  0.4946
 20.50  171083   37.73  2.0549 17.4743  0.0001  0.0955
 21.50   40083   33.35  2.2038 19.3820  0.0000  0.0150
 22.50    5754   27.79  2.3522 23.9196  0.0000  0.0012
 23.50     409   23.96  2.5345 30.1233  0.0000  0.0010
 24.50       0    0.00  0.0000  0.0000  0.0000  0.0000
 25.50       0    0.00  0.0000  0.0000  0.0000  0.0000
 26.50       0    0.00  0.0000  0.0000  0.0000  0.0000
 27.50       0    0.00  0.0000  0.0000  0.0000  0.0000
 28.50       0    0.00  0.0000  0.0000  0.0000  0.0000
 29.50       0    0.00  0.0000  0.0000  0.0000  0.0000
 30.50       0    0.00  0.0000  0.0000  0.0000  0.0000
 31.50       0    0.00  0.0000  0.0000  0.0000  0.0000
 32.50       0    0.00  0.0000  0.0000  0.0000  0.0000
 33.50       0    0.00  0.0000  0.0000  0.0000  0.0000
 34.50       0    0.00  0.0000  0.0000  0.0000  0.0000
 35.50       0    0.00  0.0000  0.0000  0.0000  0.0000
