  0.50   71300   58.70  0.0471  5.2202  0.0083  4.9140
  1.50  143900   58.92  0.1045  5.1861  0.0083  4.9304
  2.50  362597   59.11  0.1719  5.1533  0.0083  4.9288
  3.50  368473   59.01  0.2420  5.1721  0.0084  5.0057
  4.50  529262   59.31  0.3070  5.1300  0.0085  5.0668
  5.50  621114   59.36  0.3742  5.1280  0.0086  5.0948
  6.50  884381   59.68  0.4482  5.0833  0.0087  5.2019
  7.50 1087561   60.08  0.5314  5.0231  0.0088  5.2676
  8.50 1043961   60.37  0.6121  4.9803  0.0088  5.2819
  9.50 1359539   60.56  0.6942  4.9532  0.0089  5.3414
 10.50 1605099   60.86  0.7842  4.9028  0.0090  5.4127
 11.50 1567858   60.93  0.8748  4.8849  0.0090  5.3980
 12.50 2326971   60.92  0.9759  4.8689  0.0089  5.3377
 13.50 1973659   60.60  1.0851  4.8938  0.0087  5.1973
 14.50 2625653   59.92  1.1946  4.9630  0.0084  5.0072
 15.50 2519698   58.92  1.3144  5.0740  0.0079  4.7443
 16.50 2571162   57.47  1.4346  5.2503  0.0073  4.3400
 17.50 2653297   55.65  1.5599  5.4825  0.0064  3.7971
 18.50 2379826   53.47  1.6866  5.7835  0.0055  3.2089
 19.50 2834830   50.49  1.8362  6.2403  0.0043  2.5188
 20.50 2197857   46.89  2.0095  6.8469  0.0029  1.6823
 21.50 1656215   43.05  2.1885  7.5715  0.0018  1.0385
 22.50 1122493   39.16  2.3761  8.3708  0.0009  0.5033
 23.50  600411   35.30  2.5686  9.1688  0.0003  0.1771
 24.50  206816   31.36  2.7566  9.9991  0.0001  0.0390
 25.50   24370   26.10  2.9408 11.8093  0.0000  0.0111
 26.50    3377   20.95  3.2752 15.0179  0.0000  0.0011
 27.50     121   15.96  3.7292 21.4142  0.0000  0.0002
 28.50       0    0.00  0.0000  0.0000  0.0000  0.0000
 29.50       0    0.00  0.0000  0.0000  0.0000  0.0000
 30.50       0    0.00  0.0000  0.0000  0.0000  0.0000
 31.50       0    0.00  0.0000  0.0000  0.0000  0.0000
 32.50       0    0.00  0.0000  0.0000  0.0000  0.0000
 33.50       0    0.00  0.0000  0.0000  0.0000  0.0000
 34.50       0    0.00  0.0000  0.0000  0.0000  0.0000
 35.50       0    0.00  0.0000  0.0000  0.0000  0.0000
