  0.50    1951   24.61  0.0261 40.1894  0.0002  0.1841
  1.50    3984   24.78  0.0626 39.8616  0.0002  0.1896
  2.50    9809   24.33  0.0963 40.7613  0.0001  0.1796
  3.50   10023   24.44  0.1381 40.5517  0.0002  0.1844
  4.50   14278   24.20  0.1720 41.0590  0.0002  0.1886
  5.50   16461   24.59  0.2095 40.2585  0.0002  0.1871
  6.50   22997   24.74  0.2493 39.9680  0.0002  0.1943
  7.50   28259   24.76  0.2919 39.9652  0.0002  0.1893
  8.50   26663   24.78  0.3296 39.9436  0.0002  0.1992
  9.50   34364   25.15  0.3712 39.2193  0.0002  0.2038
 10.50   40633   25.12  0.4127 39.2944  0.0002  0.2108
 11.50   39369   25.50  0.4551 38.5959  0.0002  0.2156
 12.50   59387   25.90  0.5014 37.8850  0.0002  0.2231
 13.50   50901   26.00  0.5516 37.7057  0.0002  0.2201
 14.50   70688   26.41  0.6000 37.0157  0.0002  0.2356
 15.50   70959   26.85  0.6536 36.2650  0.0002  0.2414
 16.50   77787   27.45  0.7065 35.2908  0.0002  0.2568
 17.50   87594   27.85  0.7611 34.6669  0.0002  0.2625
 18.50   89195   28.34  0.8155 33.9380  0.0002  0.2671
 19.50  127063   28.90  0.8786 33.1103  0.0002  0.2772
 20.50  126639   29.46  0.9482 32.3269  0.0002  0.2870
 21.50  132634   29.92  1.0167 31.6968  0.0002  0.2831
 22.50  142611   30.43  1.0838 31.0145  0.0002  0.3007
 23.50  150387   30.92  1.1544 30.3614  0.0002  0.2902
 24.50  144961   31.18  1.2292 30.0097  0.0002  0.2834
 25.50   88393   31.55  1.3146 29.5063  0.0002  0.2727
 26.50   82473   31.50  1.3991 29.5139  0.0002  0.2599
 27.50   61770   31.23  1.4927 29.7610  0.0002  0.2241
 28.50   41481   30.87  1.5916 30.0844  0.0002  0.1871
 29.50   38571   29.95  1.7084 31.0873  0.0001  0.1386
 30.50   12850   28.91  1.8359 32.2998  0.0001  0.1157
 31.50   12078   27.83  1.9881 33.5190  0.0000  0.0585
 32.50    1775   26.33  2.1756 35.3484  0.0000  0.0357
 33.50     486   25.07  2.3204 36.9525  0.0000  0.0182
 34.50       0    0.00  0.0000  0.0000  0.0000  0.0000
 35.50       0    0.00  0.0000  0.0000  0.0000  0.0000
