  0.50     835   33.20  0.0305 31.5094  0.0001  0.1090
  1.50    1651   33.10  0.0739 31.6471  0.0001  0.1066
  2.50    4141   33.12  0.1186 31.6377  0.0001  0.1103
  3.50    4167   34.02  0.1680 30.4695  0.0001  0.1060
  4.50    5864   35.28  0.2092 29.0164  0.0001  0.1056
  5.50    6962   34.26  0.2540 30.2194  0.0001  0.1144
  6.50    9790   35.70  0.3057 28.5301  0.0001  0.1123
  7.50   11641   35.43  0.3585 28.8684  0.0001  0.1101
  8.50   11240   35.47  0.4110 28.8002  0.0001  0.1208
  9.50   14635   36.00  0.4615 28.2584  0.0001  0.1246
 10.50   17155   36.87  0.5212 27.2938  0.0001  0.1226
 11.50   16962   37.07  0.5732 27.1187  0.0001  0.1216
 12.50   25639   37.62  0.6376 26.5590  0.0001  0.1327
 13.50   22438   38.66  0.7042 25.5757  0.0001  0.1310
 14.50   30933   39.34  0.7725 24.9293  0.0001  0.1444
 15.50   31268   39.76  0.8441 24.5542  0.0001  0.1441
 16.50   34173   39.89  0.9179 24.4536  0.0001  0.1475
 17.50   38343   40.21  0.9900 24.1715  0.0001  0.1526
 18.50   37855   40.87  1.0691 23.5801  0.0001  0.1543
 19.50   51208   41.20  1.1560 23.2631  0.0001  0.1465
 20.50   48118   40.94  1.2488 23.4480  0.0001  0.1447
 21.50   46277   41.08  1.3444 23.2368  0.0001  0.1229
 22.50   44334   40.71  1.4433 23.4686  0.0001  0.1012
 23.50   40456   39.52  1.5413 24.3995  0.0001  0.0846
 24.50   31851   38.53  1.6545 25.0844  0.0000  0.0596
 25.50   14224   37.17  1.7908 26.1322  0.0000  0.0412
 26.50    8915   34.98  1.9351 28.0413  0.0000  0.0255
 27.50    3592   32.39  2.1022 30.7807  0.0000  0.0096
 28.50     995   29.76  2.2755 34.2487  0.0000  0.0027
 29.50     203   30.83  2.3961 36.2806  0.0000  0.0009
 30.50       0    0.00  0.0000  0.0000  0.0000  0.0000
 31.50       0    0.00  0.0000  0.0000  0.0000  0.0000
 32.50       0    0.00  0.0000  0.0000  0.0000  0.0000
 33.50       0    0.00  0.0000  0.0000  0.0000  0.0000
 34.50       0    0.00  0.0000  0.0000  0.0000  0.0000
 35.50       0    0.00  0.0000  0.0000  0.0000  0.0000
