  0.50    7139   69.95  0.0506  9.0837  0.0010  1.2541
  1.50   14278   71.07  0.1093  8.7866  0.0010  1.2548
  2.50   36193   70.80  0.1831  8.8589  0.0010  1.2793
  3.50   37230   70.95  0.2575  8.8353  0.0010  1.2990
  4.50   53238   71.09  0.3281  8.8006  0.0010  1.2703
  5.50   62710   71.32  0.3983  8.7511  0.0010  1.3004
  6.50   91028   71.56  0.4787  8.7128  0.0010  1.3521
  7.50  111739   71.68  0.5645  8.6862  0.0011  1.3734
  8.50  107785   71.64  0.6483  8.7078  0.0011  1.4023
  9.50  139265   71.33  0.7299  8.7804  0.0011  1.3933
 10.50  162462   70.66  0.8210  8.9488  0.0010  1.3658
 11.50  157941   69.51  0.9092  9.2435  0.0011  1.3806
 12.50  228151   67.77  1.0031  9.6783  0.0010  1.3171
 13.50  187175   65.92  1.1041 10.1671  0.0009  1.2268
 14.50  237655   63.35  1.2003 10.8839  0.0009  1.1149
 15.50  213157   60.40  1.3002 11.7561  0.0007  0.9569
 16.50  196742   56.79  1.3998 12.9419  0.0006  0.7441
 17.50  174237   52.90  1.5062 14.3388  0.0004  0.5249
 18.50  121642   48.74  1.6259 16.0095  0.0002  0.3013
 19.50   91173   44.21  1.7741 17.9855  0.0001  0.1110
 20.50   29636   40.02  1.9418 19.7779  0.0000  0.0208
 21.50    5623   35.77  2.0941 21.7975  0.0000  0.0023
 22.50     589   30.87  2.1998 26.0488  0.0000  0.0007
 23.50       0    0.00  0.0000  0.0000  0.0000  0.0000
 24.50       0    0.00  0.0000  0.0000  0.0000  0.0000
 25.50       0    0.00  0.0000  0.0000  0.0000  0.0000
 26.50       0    0.00  0.0000  0.0000  0.0000  0.0000
 27.50       0    0.00  0.0000  0.0000  0.0000  0.0000
 28.50       0    0.00  0.0000  0.0000  0.0000  0.0000
 29.50       0    0.00  0.0000  0.0000  0.0000  0.0000
 30.50       0    0.00  0.0000  0.0000  0.0000  0.0000
 31.50       0    0.00  0.0000  0.0000  0.0000  0.0000
 32.50       0    0.00  0.0000  0.0000  0.0000  0.0000
 33.50       0    0.00  0.0000  0.0000  0.0000  0.0000
 34.50       0    0.00  0.0000  0.0000  0.0000  0.0000
 35.50       0    0.00  0.0000  0.0000  0.0000  0.0000
