  0.50       0    0.00  0.0000  0.0000  0.0000  0.0000
  1.50       0    0.00  0.0000  0.0000  0.0000  0.0000
  2.50       0    0.00  0.0000  0.0000  0.0000  0.0000
  3.50       0    0.00  0.0000  0.0000  0.0000  0.0000
  4.50       0    0.00  0.0000  0.0000  0.0000  0.0000
  5.50       0    0.00  0.0000  0.0000  0.0000  0.0000
  6.50       0    0.00  0.0000  0.0000  0.0000  0.0000
  7.50 4581434  141.73  0.8346  0.2626  0.1200 57.5293
  8.50 7708120  131.86  1.0210  0.3956  0.1032 45.7344
  9.50 8575487  119.42  1.2385  0.5130  0.0781 31.6676
 10.50 7996247  106.50  1.4915  0.6011  0.0542 20.0363
 11.50 5722035   93.98  1.7726  0.6547  0.0326 10.8866
 12.50 5337321   80.17  2.1306  0.6715  0.0138  3.9967
 13.50 2238124   65.64  2.5394  0.6417  0.0053  1.3657
 14.50 1162153   52.19  2.9214  0.5707  0.0015  0.3513
 15.50  290046   38.45  3.3938  0.6291  0.0003  0.0606
 16.50   47166   25.02  4.3496  1.1905  0.0000  0.0021
 17.50    1362   15.49  6.0805  2.4774  0.0000  0.0003
 18.50       0    0.00  0.0000  0.0000  0.0000  0.0000
 19.50       0    0.00  0.0000  0.0000  0.0000  0.0000
 20.50       0    0.00  0.0000  0.0000  0.0000  0.0000
 21.50       0    0.00  0.0000  0.0000  0.0000  0.0000
 22.50       0    0.00  0.0000  0.0000  0.0000  0.0000
 23.50       0    0.00  0.0000  0.0000  0.0000  0.0000
 24.50       0    0.00  0.0000  0.0000  0.0000  0.0000
 25.50       0    0.00  0.0000  0.0000  0.0000  0.0000
 26.50       0    0.00  0.0000  0.0000  0.0000  0.0000
 27.50       0    0.00  0.0000  0.0000  0.0000  0.0000
 28.50       0    0.00  0.0000  0.0000  0.0000  0.0000
 29.50       0    0.00  0.0000  0.0000  0.0000  0.0000
 30.50       0    0.00  0.0000  0.0000  0.0000  0.0000
 31.50       0    0.00  0.0000  0.0000  0.0000  0.0000
 32.50       0    0.00  0.0000  0.0000  0.0000  0.0000
 33.50       0    0.00  0.0000  0.0000  0.0000  0.0000
 34.50       0    0.00  0.0000  0.0000  0.0000  0.0000
 35.50       0    0.00  0.0000  0.0000  0.0000  0.0000
