  0.50    4564   48.64  0.0432 16.4666  0.0005  0.6414
  1.50    9046   49.28  0.0905 16.1163  0.0005  0.6357
  2.50   23086   49.10  0.1492 16.2260  0.0005  0.6571
  3.50   23505   49.13  0.2071 16.2176  0.0005  0.6538
  4.50   33606   49.00  0.2631 16.2980  0.0005  0.6625
  5.50   39656   49.76  0.3212 15.9185  0.0005  0.6842
  6.50   56580   49.54  0.3829 16.0489  0.0005  0.6785
  7.50   69335   50.00  0.4513 15.8293  0.0005  0.6942
  8.50   67538   50.67  0.5207 15.5148  0.0006  0.7118
  9.50   88470   51.07  0.5840 15.3422  0.0006  0.7424
 10.50  105007   51.28  0.6562 15.2577  0.0006  0.7576
 11.50  103107   51.98  0.7300 14.9357  0.0006  0.7779
 12.50  155544   52.07  0.8094 14.9015  0.0006  0.7880
 13.50  134916   51.95  0.8927 14.9768  0.0006  0.8047
 14.50  183518   51.91  0.9763 14.9804  0.0006  0.8092
 15.50  179864   51.42  1.0623 15.1966  0.0006  0.8013
 16.50  188269   51.01  1.1517 15.3654  0.0006  0.7725
 17.50  201189   49.95  1.2395 15.8430  0.0006  0.7066
 18.50  185960   48.96  1.3276 16.2861  0.0005  0.6286
 19.50  229807   46.90  1.4282 17.2797  0.0004  0.5194
 20.50  183369   44.35  1.5439 18.6059  0.0003  0.3692
 21.50  139822   41.74  1.6710 20.0461  0.0002  0.2371
 22.50   95167   38.85  1.8097 21.7897  0.0001  0.1094
 23.50   49746   36.10  1.9633 23.4563  0.0000  0.0385
 24.50   15686   33.70  2.1391 24.7062  0.0000  0.0064
 25.50    1439   30.23  2.3124 27.5921  0.0000  0.0011
 26.50      57   25.42  2.4100 34.1543  0.0000  0.0006
 27.50       0    0.00  0.0000  0.0000  0.0000  0.0000
 28.50       0    0.00  0.0000  0.0000  0.0000  0.0000
 29.50       0    0.00  0.0000  0.0000  0.0000  0.0000
 30.50       0    0.00  0.0000  0.0000  0.0000  0.0000
 31.50       0    0.00  0.0000  0.0000  0.0000  0.0000
 32.50       0    0.00  0.0000  0.0000  0.0000  0.0000
 33.50       0    0.00  0.0000  0.0000  0.0000  0.0000
 34.50       0    0.00  0.0000  0.0000  0.0000  0.0000
 35.50       0    0.00  0.0000  0.0000  0.0000  0.0000
