  0.50     163   16.87  0.0217 79.8759  0.0000  0.0174
  1.50     288   20.16  0.0506 64.7608  0.0000  0.0156
  2.50     810   19.88  0.0822 66.0031  0.0000  0.0197
  3.50     770   20.41  0.1140 65.9885  0.0000  0.0155
  4.50    1109   19.30  0.1493 68.7719  0.0000  0.0161
  5.50    1255   19.68  0.1810 67.4155  0.0000  0.0183
  6.50    1736   19.43  0.2077 68.1665  0.0000  0.0176
  7.50    2122   19.37  0.2450 68.3913  0.0000  0.0161
  8.50    1960   19.94  0.2813 66.1291  0.0000  0.0152
  9.50    2672   19.99  0.3096 65.9064  0.0000  0.0177
 10.50    2953   20.69  0.3495 63.3251  0.0000  0.0204
 11.50    3024   20.54  0.3842 63.6633  0.0000  0.0181
 12.50    4275   20.67  0.4201 63.0562  0.0000  0.0185
 13.50    3735   20.84  0.4636 62.8120  0.0000  0.0198
 14.50    5141   20.89  0.5026 62.5954  0.0000  0.0188
 15.50    5013   21.76  0.5481 59.5656  0.0000  0.0194
 16.50    5509   21.81  0.5877 59.4781  0.0000  0.0217
 17.50    6251   22.46  0.6326 57.3178  0.0000  0.0219
 18.50    6208   22.68  0.6794 56.6842  0.0000  0.0206
 19.50    9055   22.86  0.7229 56.0898  0.0000  0.0261
 20.50    9173   23.50  0.7812 54.3226  0.0000  0.0237
 21.50    9648   23.97  0.8307 52.9895  0.0000  0.0284
 22.50   10351   24.77  0.8897 50.8291  0.0000  0.0276
 23.50   11214   24.83  0.9471 50.7362  0.0000  0.0276
 24.50   10999   25.45  1.0040 49.2485  0.0000  0.0269
 25.50    6882   26.83  1.0751 46.0246  0.0000  0.0269
 26.50    6659   27.07  1.1446 45.4658  0.0000  0.0278
 27.50    5474   27.59  1.2163 44.3586  0.0000  0.0282
 28.50    3923   28.09  1.2864 43.2924  0.0000  0.0246
 29.50    4272   27.38  1.3624 44.6944  0.0000  0.0219
 30.50    1631   27.41  1.4463 44.4824  0.0000  0.0206
 31.50    2123   27.74  1.5485 43.7019  0.0000  0.0156
 32.50     548   28.57  1.6335 41.9700  0.0000  0.0149
 33.50     218   26.77  1.7619 45.2053  0.0000  0.0116
 34.50       0    0.00  0.0000  0.0000  0.0000  0.0000
 35.50       0    0.00  0.0000  0.0000  0.0000  0.0000
