  0.50    7323   68.50  0.0444  9.7360  0.0009  1.2582
  1.50   14780   68.18  0.1061  9.8400  0.0009  1.2735
  2.50   37286   68.62  0.1758  9.7062  0.0010  1.2884
  3.50   38743   68.28  0.2490  9.8295  0.0010  1.3043
  4.50   54456   68.60  0.3186  9.7245  0.0010  1.3266
  5.50   64095   69.06  0.3882  9.5992  0.0010  1.3671
  6.50   90178   69.86  0.4660  9.3723  0.0010  1.3343
  7.50  110261   69.96  0.5519  9.3461  0.0010  1.3330
  8.50  104927   69.74  0.6378  9.3977  0.0010  1.3675
  9.50  133828   69.68  0.7217  9.3983  0.0010  1.3483
 10.50  154191   69.01  0.8151  9.5616  0.0010  1.3370
 11.50  145499   68.62  0.9087  9.6281  0.0010  1.3067
 12.50  206628   67.42  1.0134  9.9187  0.0009  1.2087
 13.50  163553   66.07  1.1256 10.2363  0.0008  1.1279
 14.50  197939   63.68  1.2390 10.8489  0.0007  0.9399
 15.50  167651   60.73  1.3600 11.6849  0.0006  0.7779
 16.50  145635   57.18  1.4830 12.8148  0.0004  0.5739
 17.50  121123   53.43  1.6154 14.1102  0.0003  0.3687
 18.50   81766   49.72  1.7513 15.5333  0.0002  0.2065
 19.50   62180   44.63  1.9186 17.8923  0.0001  0.0862
 20.50   23329   39.87  2.1130 20.4297  0.0000  0.0167
 21.50    6217   31.25  2.2898 28.5186  0.0000  0.0027
 22.50     881   22.93  2.4990 56.3623  0.0000  0.0008
 23.50      12    7.94  2.8550 142.6810  0.0000  0.0006
 24.50       0    0.00  0.0000  0.0000  0.0000  0.0000
 25.50       0    0.00  0.0000  0.0000  0.0000  0.0000
 26.50       0    0.00  0.0000  0.0000  0.0000  0.0000
 27.50       0    0.00  0.0000  0.0000  0.0000  0.0000
 28.50       0    0.00  0.0000  0.0000  0.0000  0.0000
 29.50       0    0.00  0.0000  0.0000  0.0000  0.0000
 30.50       0    0.00  0.0000  0.0000  0.0000  0.0000
 31.50       0    0.00  0.0000  0.0000  0.0000  0.0000
 32.50       0    0.00  0.0000  0.0000  0.0000  0.0000
 33.50       0    0.00  0.0000  0.0000  0.0000  0.0000
 34.50       0    0.00  0.0000  0.0000  0.0000  0.0000
 35.50       0    0.00  0.0000  0.0000  0.0000  0.0000
