  0.50    5778   17.96  0.0212 46.2745  0.0004  0.3534
  1.50   11527   18.09  0.0515 45.8796  0.0004  0.3582
  2.50   29171   18.14  0.0827 45.7335  0.0004  0.3562
  3.50   29642   18.11  0.1162 45.8461  0.0004  0.3560
  4.50   41660   18.14  0.1468 45.7639  0.0004  0.3662
  5.50   47921   18.19  0.1765 45.6168  0.0004  0.3635
  6.50   67340   18.19  0.2115 45.6352  0.0004  0.3710
  7.50   81237   18.16  0.2457 45.7350  0.0004  0.3811
  8.50   77045   18.24  0.2793 45.5153  0.0004  0.3756
  9.50   98411   18.24  0.3108 45.5146  0.0004  0.3846
 10.50  114816   18.44  0.3462 44.9745  0.0004  0.3877
 11.50  111046   18.59  0.3804 44.5479  0.0004  0.4043
 12.50  164872   18.70  0.4172 44.2680  0.0004  0.4108
 13.50  141311   18.92  0.4569 43.7082  0.0004  0.4191
 14.50  191880   19.02  0.4952 43.4358  0.0004  0.4252
 15.50  190367   19.25  0.5358 42.8481  0.0005  0.4376
 16.50  206896   19.47  0.5761 42.3201  0.0005  0.4518
 17.50  232059   19.66  0.6169 41.8490  0.0005  0.4569
 18.50  232820   19.90  0.6587 41.2688  0.0005  0.4695
 19.50  328725   20.24  0.7071 40.4895  0.0005  0.4689
 20.50  326586   20.58  0.7591 39.7205  0.0005  0.5039
 21.50  343751   20.87  0.8103 39.0758  0.0005  0.5155
 22.50  370790   21.30  0.8617 38.1777  0.0006  0.5352
 23.50  401432   21.59  0.9162 37.5709  0.0006  0.5516
 24.50  399300   22.04  0.9733 36.6867  0.0006  0.5601
 25.50  256183   22.41  1.0373 35.9891  0.0006  0.5749
 26.50  254938   22.83  1.1014 35.1860  0.0006  0.5784
 27.50  211471   23.26  1.1696 34.4159  0.0006  0.5859
 28.50  161394   23.71  1.2387 33.6251  0.0006  0.5881
 29.50  181513   23.99  1.3170 33.1395  0.0006  0.5790
 30.50   77313   24.43  1.3953 32.3981  0.0006  0.5707
 31.50  110287   24.41  1.4792 32.4078  0.0006  0.5400
 32.50   31338   24.49  1.5771 32.2224  0.0005  0.5259
 33.50   15268   25.16  1.6488 31.1011  0.0005  0.4901
 34.50       0    0.00  0.0000  0.0000  0.0000  0.0000
 35.50       0    0.00  0.0000  0.0000  0.0000  0.0000
