  0.50     685  119.47  0.0649  3.1189  0.0001  0.2363
  1.50    1391  121.83  0.1438  2.8273  0.0001  0.2371
  2.50    3460  124.03  0.2450  2.5276  0.0001  0.2304
  3.50    3542  121.87  0.3427  2.7910  0.0001  0.2303
  4.50    4987  120.66  0.4342  2.9308  0.0001  0.2339
  5.50    5727  121.37  0.5162  2.8236  0.0001  0.2257
  6.50    7987  115.74  0.6144  3.5684  0.0001  0.2367
  7.50    9156  113.33  0.7237  3.8204  0.0001  0.2093
  8.50    8318  106.51  0.8257  4.7981  0.0001  0.1939
  9.50    9898  100.46  0.9181  5.7549  0.0001  0.1698
 10.50   10285   92.66  1.0273  7.1242  0.0001  0.1416
 11.50    8693   85.73  1.1130  8.5948  0.0001  0.1119
 12.50   10428   77.94  1.2077 10.4729  0.0000  0.0792
 13.50    6448   69.48  1.3046 12.9508  0.0000  0.0502
 14.50    5070   60.03  1.4133 16.4200  0.0000  0.0241
 15.50    1854   52.49  1.5526 19.6078  0.0000  0.0048
 16.50     385   46.87  1.6764 23.1292  0.0000  0.0017
 17.50      10   56.96  1.7085 14.7532  0.0000  0.0016
 18.50       0    0.00  0.0000  0.0000  0.0000  0.0000
 19.50       0    0.00  0.0000  0.0000  0.0000  0.0000
 20.50       0    0.00  0.0000  0.0000  0.0000  0.0000
 21.50       0    0.00  0.0000  0.0000  0.0000  0.0000
 22.50       0    0.00  0.0000  0.0000  0.0000  0.0000
 23.50       0    0.00  0.0000  0.0000  0.0000  0.0000
 24.50       0    0.00  0.0000  0.0000  0.0000  0.0000
 25.50       0    0.00  0.0000  0.0000  0.0000  0.0000
 26.50       0    0.00  0.0000  0.0000  0.0000  0.0000
 27.50       0    0.00  0.0000  0.0000  0.0000  0.0000
 28.50       0    0.00  0.0000  0.0000  0.0000  0.0000
 29.50       0    0.00  0.0000  0.0000  0.0000  0.0000
 30.50       0    0.00  0.0000  0.0000  0.0000  0.0000
 31.50       0    0.00  0.0000  0.0000  0.0000  0.0000
 32.50       0    0.00  0.0000  0.0000  0.0000  0.0000
 33.50       0    0.00  0.0000  0.0000  0.0000  0.0000
 34.50       0    0.00  0.0000  0.0000  0.0000  0.0000
 35.50       0    0.00  0.0000  0.0000  0.0000  0.0000
