  0.50       0    0.00  0.0000  0.0000  0.0000  0.0000
  1.50       0    0.00  0.0000  0.0000  0.0000  0.0000
  2.50       0    0.00  0.0000  0.0000  0.0000  0.0000
  3.50       0    0.00  0.0000  0.0000  0.0000  0.0000
  4.50       0    0.00  0.0000  0.0000  0.0000  0.0000
  5.50   40989  150.59  0.5726  0.1051  0.0027  4.3720
  6.50  107648  144.70  0.6837  0.4883  0.0026  4.3049
  7.50  166221  137.47  0.8060  0.9725  0.0022  3.5671
  8.50  134909  126.99  0.9275  1.7411  0.0018  2.8879
  9.50  144124  114.57  1.0470  2.8800  0.0014  2.1933
 10.50  130560  102.43  1.1669  4.2190  0.0010  1.5406
 11.50   91189   90.84  1.2770  5.7810  0.0006  0.9436
 12.50   80188   79.10  1.3999  7.7251  0.0002  0.3687
 13.50   27517   67.39  1.5296 10.0397  0.0001  0.0933
 14.50    9192   57.09  1.6498 12.5626  0.0000  0.0124
 15.50     845   50.16  1.7375 15.0419  0.0000  0.0016
 16.50       0    0.00  0.0000  0.0000  0.0000  0.0000
 17.50       0    0.00  0.0000  0.0000  0.0000  0.0000
 18.50       0    0.00  0.0000  0.0000  0.0000  0.0000
 19.50       0    0.00  0.0000  0.0000  0.0000  0.0000
 20.50       0    0.00  0.0000  0.0000  0.0000  0.0000
 21.50       0    0.00  0.0000  0.0000  0.0000  0.0000
 22.50       0    0.00  0.0000  0.0000  0.0000  0.0000
 23.50       0    0.00  0.0000  0.0000  0.0000  0.0000
 24.50       0    0.00  0.0000  0.0000  0.0000  0.0000
 25.50       0    0.00  0.0000  0.0000  0.0000  0.0000
 26.50       0    0.00  0.0000  0.0000  0.0000  0.0000
 27.50       0    0.00  0.0000  0.0000  0.0000  0.0000
 28.50       0    0.00  0.0000  0.0000  0.0000  0.0000
 29.50       0    0.00  0.0000  0.0000  0.0000  0.0000
 30.50       0    0.00  0.0000  0.0000  0.0000  0.0000
 31.50       0    0.00  0.0000  0.0000  0.0000  0.0000
 32.50       0    0.00  0.0000  0.0000  0.0000  0.0000
 33.50       0    0.00  0.0000  0.0000  0.0000  0.0000
 34.50       0    0.00  0.0000  0.0000  0.0000  0.0000
 35.50       0    0.00  0.0000  0.0000  0.0000  0.0000
