  0.50    7424  109.16  0.0597  3.0430  0.0013  1.6580
  1.50   14986  108.75  0.1417  3.0905  0.0013  1.6611
  2.50   37438  108.26  0.2329  3.1260  0.0013  1.6401
  3.50   38603  108.11  0.3266  3.1506  0.0013  1.6646
  4.50   55431  107.39  0.4138  3.2281  0.0013  1.6799
  5.50   64973  106.51  0.5013  3.3240  0.0013  1.6649
  6.50   91152  105.20  0.5970  3.4573  0.0013  1.6336
  7.50  109830  102.34  0.7035  3.7715  0.0013  1.6277
  8.50  101687   99.07  0.8013  4.1415  0.0012  1.5366
  9.50  127714   94.95  0.9012  4.6621  0.0011  1.4577
 10.50  141356   89.61  1.0093  5.3795  0.0010  1.3154
 11.50  127198   83.59  1.1088  6.2937  0.0010  1.1986
 12.50  170090   77.26  1.2149  7.3950  0.0008  0.9736
 13.50  123356   69.84  1.3222  8.9036  0.0006  0.7587
 14.50  129071   62.66  1.4323 10.6376  0.0004  0.4858
 15.50   78988   54.70  1.5618 12.9231  0.0002  0.2271
 16.50   37561   48.06  1.7037 15.0659  0.0001  0.0613
 17.50   11099   43.27  1.8424 16.3846  0.0000  0.0080
 18.50    1641   34.56  1.9684 22.0419  0.0000  0.0009
 19.50      54   27.23  2.1604 30.7436  0.0000  0.0008
 20.50       0    0.00  0.0000  0.0000  0.0000  0.0000
 21.50       0    0.00  0.0000  0.0000  0.0000  0.0000
 22.50       0    0.00  0.0000  0.0000  0.0000  0.0000
 23.50       0    0.00  0.0000  0.0000  0.0000  0.0000
 24.50       0    0.00  0.0000  0.0000  0.0000  0.0000
 25.50       0    0.00  0.0000  0.0000  0.0000  0.0000
 26.50       0    0.00  0.0000  0.0000  0.0000  0.0000
 27.50       0    0.00  0.0000  0.0000  0.0000  0.0000
 28.50       0    0.00  0.0000  0.0000  0.0000  0.0000
 29.50       0    0.00  0.0000  0.0000  0.0000  0.0000
 30.50       0    0.00  0.0000  0.0000  0.0000  0.0000
 31.50       0    0.00  0.0000  0.0000  0.0000  0.0000
 32.50       0    0.00  0.0000  0.0000  0.0000  0.0000
 33.50       0    0.00  0.0000  0.0000  0.0000  0.0000
 34.50       0    0.00  0.0000  0.0000  0.0000  0.0000
 35.50       0    0.00  0.0000  0.0000  0.0000  0.0000
