  0.50   33190   33.18  0.0334 11.5497  0.0028  1.5387
  1.50   67037   33.12  0.0732 11.5910  0.0028  1.5462
  2.50  169020   33.13  0.1217 11.5908  0.0028  1.5561
  3.50  172176   33.34  0.1707 11.4982  0.0029  1.5821
  4.50  244456   33.46  0.2151 11.4414  0.0029  1.5821
  5.50  283104   33.58  0.2609 11.3882  0.0029  1.5787
  6.50  399741   33.77  0.3115 11.3077  0.0030  1.6379
  7.50  487433   33.93  0.3658 11.2459  0.0030  1.6377
  8.50  463868   34.30  0.4180 11.0840  0.0030  1.6650
  9.50  598654   34.53  0.4693 10.9932  0.0031  1.7059
 10.50  707000   34.81  0.5260 10.8810  0.0032  1.7559
 11.50  692894   35.19  0.5827 10.7263  0.0032  1.7790
 12.50 1040042   35.66  0.6451 10.5351  0.0033  1.8198
 13.50  904234   36.13  0.7132 10.3536  0.0034  1.8637
 14.50 1246950   36.62  0.7809 10.1628  0.0034  1.8908
 15.50 1260703   37.17  0.8559  9.9574  0.0035  1.9452
 16.50 1381757   37.64  0.9321  9.7827  0.0036  1.9865
 17.50 1563773   38.21  1.0112  9.5689  0.0036  2.0257
 18.50 1573521   38.77  1.0932  9.3622  0.0037  2.0604
 19.50 2210391   39.16  1.1871  9.2162  0.0037  2.0624
 20.50 2164929   39.59  1.2924  9.0492  0.0037  2.0547
 21.50 2222098   39.78  1.3971  8.9596  0.0036  2.0234
 22.50 2316861   39.81  1.5026  8.9142  0.0034  1.9286
 23.50 2379635   39.59  1.6148  8.9390  0.0032  1.8207
 24.50 2181347   39.02  1.7342  9.0631  0.0029  1.6087
 25.50 1250263   38.16  1.8715  9.2662  0.0026  1.4300
 26.50 1085796   37.02  2.0102  9.5699  0.0022  1.2354
 27.50  745412   35.46  2.1672 10.0273  0.0017  0.9594
 28.50  448371   33.58  2.3381 10.6330  0.0013  0.6854
 29.50  354649   31.33  2.5387 11.4105  0.0007  0.3956
 30.50   89660   28.92  2.7574 12.2777  0.0005  0.2530
 31.50   60240   26.56  2.9785 13.0799  0.0001  0.0725
 32.50    4285   23.94  3.1955 13.8788  0.0001  0.0284
 33.50     674   22.95  3.3579 13.6221  0.0000  0.0086
 34.50       0    0.00  0.0000  0.0000  0.0000  0.0000
 35.50       0    0.00  0.0000  0.0000  0.0000  0.0000
