  0.50     571   28.47  0.0211 38.2268  0.0000  0.0691
  1.50    1219   28.27  0.0682 38.6502  0.0001  0.0765
  2.50    2917   29.46  0.1101 36.6396  0.0000  0.0712
  3.50    2957   28.97  0.1568 37.4249  0.0000  0.0714
  4.50    4162   30.14  0.1944 35.5553  0.0000  0.0686
  5.50    4829   29.86  0.2381 35.9942  0.0001  0.0718
  6.50    6734   30.66  0.2824 34.7699  0.0000  0.0679
  7.50    8162   31.16  0.3317 33.9770  0.0001  0.0734
  8.50    7782   30.68  0.3783 34.7874  0.0001  0.0727
  9.50   10068   31.00  0.4256 34.2309  0.0001  0.0856
 10.50   11995   31.67  0.4785 33.3343  0.0001  0.0826
 11.50   11793   31.83  0.5291 33.1060  0.0001  0.0804
 12.50   17565   32.89  0.5824 31.6574  0.0001  0.0807
 13.50   15753   33.35  0.6435 31.1195  0.0001  0.0939
 14.50   21693   33.87  0.7030 30.5245  0.0001  0.0951
 15.50   21862   34.38  0.7708 29.8530  0.0001  0.0957
 16.50   24179   35.08  0.8351 29.0646  0.0001  0.0997
 17.50   27524   35.31  0.9025 28.7911  0.0001  0.1019
 18.50   27777   36.16  0.9699 27.8770  0.0001  0.1101
 19.50   38923   36.44  1.0492 27.5632  0.0001  0.1105
 20.50   37699   37.14  1.1347 26.7849  0.0001  0.1035
 21.50   38198   37.28  1.2220 26.6365  0.0001  0.1049
 22.50   39105   37.49  1.3049 26.3775  0.0001  0.1008
 23.50   38156   37.43  1.3990 26.3820  0.0001  0.0868
 24.50   33483   36.88  1.4939 26.8039  0.0001  0.0737
 25.50   17621   36.08  1.6037 27.5369  0.0000  0.0571
 26.50   13607   35.28  1.7218 28.1013  0.0000  0.0450
 27.50    8134   33.80  1.8528 29.6596  0.0000  0.0300
 28.50    3716   32.86  2.0165 30.2799  0.0000  0.0141
 29.50    2067   29.84  2.1802 34.2265  0.0000  0.0039
 30.50     266   28.07  2.3438 36.5660  0.0000  0.0015
 31.50      84   22.78  2.4713 48.3811  0.0000  0.0008
 32.50       0    0.00  0.0000  0.0000  0.0000  0.0000
 33.50       0    0.00  0.0000  0.0000  0.0000  0.0000
 34.50       0    0.00  0.0000  0.0000  0.0000  0.0000
 35.50       0    0.00  0.0000  0.0000  0.0000  0.0000
