  0.50     598   21.78  0.0245 51.4664  0.0000  0.0601
  1.50    1171   21.05  0.0518 53.6219  0.0000  0.0595
  2.50    3039   20.80  0.0940 54.4189  0.0000  0.0631
  3.50    3055   20.50  0.1287 55.3508  0.0000  0.0667
  4.50    4279   21.31  0.1604 52.8475  0.0000  0.0592
  5.50    5026   20.97  0.1967 53.9135  0.0000  0.0620
  6.50    7122   21.39  0.2311 52.7046  0.0000  0.0621
  7.50    8593   21.41  0.2731 52.6051  0.0000  0.0648
  8.50    8120   21.61  0.3140 52.0736  0.0000  0.0630
  9.50   10389   21.53  0.3473 52.3179  0.0000  0.0672
 10.50   12102   21.79  0.3873 51.5803  0.0001  0.0728
 11.50   11782   22.32  0.4296 50.1128  0.0001  0.0705
 12.50   17626   22.63  0.4735 49.3307  0.0001  0.0752
 13.50   15125   22.56  0.5192 49.5143  0.0001  0.0757
 14.50   20682   22.90  0.5617 48.6668  0.0001  0.0767
 15.50   21093   23.26  0.6130 47.7669  0.0001  0.0790
 16.50   22930   23.88  0.6596 46.2786  0.0001  0.0792
 17.50   25499   24.36  0.7110 45.1734  0.0001  0.0831
 18.50   26222   24.61  0.7613 44.6548  0.0001  0.0858
 19.50   36597   25.39  0.8183 42.9744  0.0001  0.0841
 20.50   36414   25.81  0.8801 42.1328  0.0001  0.0896
 21.50   38286   26.42  0.9450 40.9394  0.0001  0.0935
 22.50   40765   27.07  1.0045 39.7324  0.0001  0.0919
 23.50   43629   27.65  1.0716 38.6836  0.0001  0.0900
 24.50   42140   27.96  1.1384 38.1307  0.0001  0.0947
 25.50   26036   28.43  1.2151 37.2882  0.0001  0.0898
 26.50   24468   28.68  1.2918 36.8274  0.0001  0.0855
 27.50   19051   28.43  1.3723 37.2047  0.0001  0.0772
 28.50   13003   28.23  1.4608 37.4287  0.0000  0.0673
 29.50   12815   28.51  1.5650 36.8176  0.0000  0.0545
 30.50    4471   27.66  1.6939 37.9879  0.0000  0.0434
 31.50    4716   26.53  1.8106 39.9127  0.0000  0.0275
 32.50     839   25.03  1.9813 42.2550  0.0000  0.0185
 33.50     281   23.03  2.0727 46.4961  0.0000  0.0123
 34.50       0    0.00  0.0000  0.0000  0.0000  0.0000
 35.50       0    0.00  0.0000  0.0000  0.0000  0.0000
