  0.50   58031   50.27  0.0424  6.5974  0.0062  3.5636
  1.50  117044   50.27  0.0940  6.6019  0.0062  3.5595
  2.50  295726   50.47  0.1581  6.5577  0.0062  3.5844
  3.50  299589   50.68  0.2207  6.5124  0.0063  3.6586
  4.50  429209   50.58  0.2798  6.5439  0.0063  3.6518
  5.50  502068   50.85  0.3391  6.4909  0.0064  3.6947
  6.50  713803   51.09  0.4065  6.4489  0.0065  3.7641
  7.50  875630   51.42  0.4799  6.3857  0.0066  3.8091
  8.50  841474   51.83  0.5519  6.3062  0.0067  3.8763
  9.50 1096466   52.21  0.6250  6.2348  0.0067  3.9248
 10.50 1296327   52.57  0.7037  6.1656  0.0068  3.9865
 11.50 1275414   53.00  0.7850  6.0802  0.0070  4.0630
 12.50 1916646   53.34  0.8752  6.0116  0.0070  4.0930
 13.50 1650991   53.62  0.9719  5.9484  0.0070  4.1111
 14.50 2241720   53.71  1.0706  5.9129  0.0069  4.0442
 15.50 2211807   53.59  1.1782  5.9120  0.0068  3.9684
 16.50 2332080   53.18  1.2857  5.9563  0.0065  3.8364
 17.50 2515810   52.52  1.3976  6.0421  0.0062  3.6366
 18.50 2379689   51.49  1.5132  6.1926  0.0057  3.3394
 19.50 3051348   50.00  1.6446  6.4197  0.0050  2.9054
 20.50 2640386   47.85  1.7913  6.7876  0.0041  2.3587
 21.50 2315533   45.39  1.9424  7.2393  0.0032  1.8201
 22.50 1983058   42.60  2.1011  7.8062  0.0023  1.2711
 23.50 1549185   39.48  2.2759  8.5032  0.0014  0.7792
 24.50  950336   36.03  2.4709  9.3440  0.0006  0.3570
 25.50  272856   32.35  2.6890 10.2366  0.0003  0.1716
 26.50   89537   28.91  2.8807 11.0731  0.0001  0.0539
 27.50   15316   24.23  3.0459 13.0856  0.0000  0.0095
 28.50    1490   19.40  3.3625 16.4847  0.0000  0.0005
 29.50      88   17.12  3.8920 19.6079  0.0000  0.0002
 30.50       0    0.00  0.0000  0.0000  0.0000  0.0000
 31.50       0    0.00  0.0000  0.0000  0.0000  0.0000
 32.50       0    0.00  0.0000  0.0000  0.0000  0.0000
 33.50       0    0.00  0.0000  0.0000  0.0000  0.0000
 34.50       0    0.00  0.0000  0.0000  0.0000  0.0000
 35.50       0    0.00  0.0000  0.0000  0.0000  0.0000
