  0.50    4739   70.37  0.0538  8.7033  0.0006  0.7860
  1.50    9296   70.04  0.1093  8.7618  0.0006  0.7881
  2.50   23520   70.37  0.1813  8.6858  0.0006  0.7623
  3.50   24357   69.61  0.2577  8.8913  0.0006  0.7852
  4.50   34771   70.87  0.3283  8.5791  0.0007  0.8095
  5.50   41165   70.27  0.3981  8.7416  0.0007  0.8155
  6.50   59341   70.24  0.4778  8.7662  0.0007  0.8278
  7.50   73553   70.73  0.5634  8.6609  0.0007  0.8296
  8.50   70420   70.28  0.6460  8.7710  0.0007  0.8400
  9.50   91970   69.70  0.7268  8.9277  0.0007  0.8582
 10.50  108149   69.35  0.8167  9.0115  0.0007  0.8673
 11.50  104210   68.09  0.9048  9.3191  0.0007  0.8333
 12.50  153039   66.50  0.9996  9.7359  0.0007  0.8151
 13.50  126731   64.07  1.0996 10.3890  0.0006  0.7655
 14.50  163715   61.74  1.1943 11.0406  0.0006  0.7195
 15.50  148881   58.32  1.2927 12.0906  0.0005  0.6314
 16.50  140910   54.85  1.3943 13.2569  0.0004  0.5115
 17.50  128094   50.94  1.5007 14.7037  0.0003  0.3633
 18.50   91359   46.32  1.6238 16.6684  0.0002  0.2043
 19.50   70180   41.81  1.7760 18.7774  0.0001  0.0851
 20.50   23430   36.98  1.9465 21.3010  0.0000  0.0144
 21.50    4816   33.53  2.0990 23.1039  0.0000  0.0016
 22.50     525   28.83  2.2204 28.2180  0.0000  0.0008
 23.50       0    0.00  0.0000  0.0000  0.0000  0.0000
 24.50       0    0.00  0.0000  0.0000  0.0000  0.0000
 25.50       0    0.00  0.0000  0.0000  0.0000  0.0000
 26.50       0    0.00  0.0000  0.0000  0.0000  0.0000
 27.50       0    0.00  0.0000  0.0000  0.0000  0.0000
 28.50       0    0.00  0.0000  0.0000  0.0000  0.0000
 29.50       0    0.00  0.0000  0.0000  0.0000  0.0000
 30.50       0    0.00  0.0000  0.0000  0.0000  0.0000
 31.50       0    0.00  0.0000  0.0000  0.0000  0.0000
 32.50       0    0.00  0.0000  0.0000  0.0000  0.0000
 33.50       0    0.00  0.0000  0.0000  0.0000  0.0000
 34.50       0    0.00  0.0000  0.0000  0.0000  0.0000
 35.50       0    0.00  0.0000  0.0000  0.0000  0.0000
