  0.50    1647   56.59  0.0433 14.3460  0.0002  0.2818
  1.50    3305   54.98  0.0931 15.1002  0.0002  0.2845
  2.50    8710   56.30  0.1604 14.5295  0.0002  0.2830
  3.50    8842   55.37  0.2264 14.9480  0.0002  0.3035
  4.50   12647   55.53  0.2904 14.8857  0.0002  0.3056
  5.50   15036   56.40  0.3496 14.5109  0.0002  0.3119
  6.50   21424   56.62  0.4201 14.4311  0.0002  0.3103
  7.50   26426   57.27  0.4949 14.1601  0.0002  0.3215
  8.50   25635   57.42  0.5705 14.1166  0.0002  0.3262
  9.50   33326   57.59  0.6428 14.0529  0.0002  0.3325
 10.50   39636   57.74  0.7215 14.0051  0.0002  0.3327
 11.50   38350   58.27  0.7991 13.7857  0.0002  0.3439
 12.50   57653   57.89  0.8854 13.9451  0.0002  0.3460
 13.50   48253   57.27  0.9755 14.1788  0.0002  0.3371
 14.50   64155   56.12  1.0596 14.6578  0.0002  0.3305
 15.50   60458   55.09  1.1531 15.0726  0.0002  0.3018
 16.50   61516   53.34  1.2413 15.8276  0.0002  0.2861
 17.50   61276   51.57  1.3304 16.6059  0.0002  0.2364
 18.50   51793   48.85  1.4240 17.9409  0.0001  0.1853
 19.50   54965   45.70  1.5427 19.6325  0.0001  0.1160
 20.50   33458   41.86  1.6835 21.8999  0.0000  0.0473
 21.50   16463   38.02  1.8459 24.3996  0.0000  0.0172
 22.50    5477   35.19  1.9909 26.1779  0.0000  0.0027
 23.50    1033   33.57  2.1184 28.5254  0.0000  0.0010
 24.50      24   25.27  2.2162 39.2641  0.0000  0.0010
 25.50       0    0.00  0.0000  0.0000  0.0000  0.0000
 26.50       0    0.00  0.0000  0.0000  0.0000  0.0000
 27.50       0    0.00  0.0000  0.0000  0.0000  0.0000
 28.50       0    0.00  0.0000  0.0000  0.0000  0.0000
 29.50       0    0.00  0.0000  0.0000  0.0000  0.0000
 30.50       0    0.00  0.0000  0.0000  0.0000  0.0000
 31.50       0    0.00  0.0000  0.0000  0.0000  0.0000
 32.50       0    0.00  0.0000  0.0000  0.0000  0.0000
 33.50       0    0.00  0.0000  0.0000  0.0000  0.0000
 34.50       0    0.00  0.0000  0.0000  0.0000  0.0000
 35.50       0    0.00  0.0000  0.0000  0.0000  0.0000
