  0.50    1854   62.78  0.0455 12.0617  0.0002  0.3358
  1.50    3729   61.45  0.1008 12.5788  0.0002  0.3398
  2.50    9788   61.53  0.1705 12.5606  0.0002  0.3486
  3.50    9889   61.42  0.2404 12.6034  0.0003  0.3538
  4.50   14346   61.84  0.3051 12.4650  0.0003  0.3665
  5.50   17036   62.14  0.3717 12.3696  0.0003  0.3675
  6.50   24164   62.85  0.4425 12.1203  0.0003  0.3605
  7.50   29955   62.47  0.5246 12.2762  0.0003  0.3810
  8.50   28831   63.53  0.6058 11.9067  0.0003  0.3899
  9.50   37714   63.04  0.6800 12.0910  0.0003  0.3855
 10.50   43836   63.25  0.7633 12.0147  0.0003  0.3905
 11.50   43212   62.94  0.8439 12.1380  0.0003  0.3921
 12.50   62702   62.15  0.9355 12.3878  0.0003  0.3850
 13.50   52704   60.64  1.0277 12.9226  0.0003  0.3726
 14.50   67933   59.09  1.1178 13.4869  0.0002  0.3439
 15.50   63410   57.27  1.2125 14.1582  0.0002  0.3188
 16.50   61334   54.85  1.3025 15.1229  0.0002  0.2815
 17.50   58052   52.15  1.3963 16.2694  0.0002  0.2117
 18.50   45566   48.85  1.5009 17.8319  0.0001  0.1422
 19.50   41993   44.67  1.6304 20.0458  0.0001  0.0750
 20.50   19657   40.35  1.7939 22.5390  0.0000  0.0212
 21.50    6184   36.96  1.9463 24.4694  0.0000  0.0037
 22.50    1181   34.87  2.0732 26.0202  0.0000  0.0009
 23.50      24   32.39  2.1506 28.5022  0.0000  0.0008
 24.50       0    0.00  0.0000  0.0000  0.0000  0.0000
 25.50       0    0.00  0.0000  0.0000  0.0000  0.0000
 26.50       0    0.00  0.0000  0.0000  0.0000  0.0000
 27.50       0    0.00  0.0000  0.0000  0.0000  0.0000
 28.50       0    0.00  0.0000  0.0000  0.0000  0.0000
 29.50       0    0.00  0.0000  0.0000  0.0000  0.0000
 30.50       0    0.00  0.0000  0.0000  0.0000  0.0000
 31.50       0    0.00  0.0000  0.0000  0.0000  0.0000
 32.50       0    0.00  0.0000  0.0000  0.0000  0.0000
 33.50       0    0.00  0.0000  0.0000  0.0000  0.0000
 34.50       0    0.00  0.0000  0.0000  0.0000  0.0000
 35.50       0    0.00  0.0000  0.0000  0.0000  0.0000
