  0.50     107   13.70  0.0244 89.8185  0.0000  0.0095
  1.50     206   15.97  0.0455 75.5509  0.0000  0.0086
  2.50     455   11.52  0.0816 113.2158  0.0000  0.0096
  3.50     422   13.35  0.1086 97.0723  0.0000  0.0078
  4.50     698   14.14  0.1383 89.5232  0.0000  0.0090
  5.50     709   15.58  0.1734 80.9689  0.0000  0.0092
  6.50    1033   13.67  0.2023 95.6172  0.0000  0.0088
  7.50    1350   15.12  0.2357 81.7883  0.0000  0.0088
  8.50    1227   15.07  0.2703 81.7252  0.0000  0.0075
  9.50    1501   14.68  0.3015 84.3551  0.0000  0.0075
 10.50    1786   14.24  0.3327 89.7721  0.0000  0.0087
 11.50    1852   15.42  0.3709 81.1033  0.0000  0.0097
 12.50    2706   15.64  0.4116 78.5858  0.0000  0.0104
 13.50    2352   16.66  0.4453 73.5121  0.0000  0.0102
 14.50    3266   16.58  0.4832 74.4981  0.0000  0.0107
 15.50    3308   16.45  0.5215 74.3660  0.0000  0.0110
 16.50    3607   16.87  0.5632 71.6014  0.0000  0.0112
 17.50    4264   17.05  0.6067 71.9255  0.0000  0.0127
 18.50    4370   17.02  0.6440 71.3862  0.0000  0.0131
 19.50    6090   18.39  0.6925 64.7434  0.0000  0.0133
 20.50    6319   18.15  0.7477 65.7251  0.0000  0.0148
 21.50    6900   19.63  0.7941 59.6279  0.0000  0.0148
 22.50    7404   20.03  0.8444 58.3910  0.0000  0.0162
 23.50    8431   20.44  0.9014 57.0670  0.0000  0.0158
 24.50    8615   20.63  0.9528 56.6628  0.0000  0.0187
 25.50    5661   21.31  1.0176 54.6892  0.0000  0.0203
 26.50    5667   22.14  1.0823 51.7422  0.0000  0.0188
 27.50    4793   22.30  1.1515 51.2439  0.0000  0.0208
 28.50    3678   24.29  1.2131 45.7493  0.0000  0.0200
 29.50    4166   24.20  1.2925 45.9632  0.0000  0.0201
 30.50    1817   23.99  1.3747 46.6759  0.0000  0.0201
 31.50    2469   24.34  1.4659 45.5998  0.0000  0.0186
 32.50     696   25.48  1.5655 42.7152  0.0000  0.0170
 33.50     304   27.48  1.6206 38.4650  0.0000  0.0144
 34.50       0    0.00  0.0000  0.0000  0.0000  0.0000
 35.50       0    0.00  0.0000  0.0000  0.0000  0.0000
