  0.50       0    0.00  0.0000  0.0000  0.0000  0.0000
  1.50       0    0.00  0.0000  0.0000  0.0000  0.0000
  2.50       0    0.00  0.0000  0.0000  0.0000  0.0000
  3.50       0    0.00  0.0000  0.0000  0.0000  0.0000
  4.50       0    0.00  0.0000  0.0000  0.0000  0.0000
  5.50 1977954  147.38  0.5577  0.1770  0.1237 61.6106
  6.50 5470658  143.02  0.6691  0.2650  0.1249 61.1067
  7.50 9021795  136.39  0.8217  0.3669  0.1175 54.6334
  8.50 7956931  126.94  0.9966  0.4781  0.1013 44.1719
  9.50 9102040  117.45  1.1847  0.5654  0.0817 33.2075
 10.50 8976362  107.14  1.4087  0.6428  0.0614 23.0919
 11.50 6946554   96.91  1.6525  0.6984  0.0421 14.5930
 12.50 7407471   85.32  1.9666  0.7408  0.0220  6.7713
 13.50 3867856   72.58  2.3497  0.7639  0.0106  2.9321
 14.50 2650542   59.95  2.7515  0.7589  0.0041  1.0142
 15.50  946935   47.19  3.1432  0.7396  0.0012  0.2618
 16.50  271408   35.32  3.5871  0.8651  0.0002  0.0475
 17.50   49704   23.32  4.4954  1.5835  0.0000  0.0016
 18.50    1344   12.20  6.3436  6.5251  0.0000  0.0004
 19.50       0    0.00  0.0000  0.0000  0.0000  0.0000
 20.50       0    0.00  0.0000  0.0000  0.0000  0.0000
 21.50       0    0.00  0.0000  0.0000  0.0000  0.0000
 22.50       0    0.00  0.0000  0.0000  0.0000  0.0000
 23.50       0    0.00  0.0000  0.0000  0.0000  0.0000
 24.50       0    0.00  0.0000  0.0000  0.0000  0.0000
 25.50       0    0.00  0.0000  0.0000  0.0000  0.0000
 26.50       0    0.00  0.0000  0.0000  0.0000  0.0000
 27.50       0    0.00  0.0000  0.0000  0.0000  0.0000
 28.50       0    0.00  0.0000  0.0000  0.0000  0.0000
 29.50       0    0.00  0.0000  0.0000  0.0000  0.0000
 30.50       0    0.00  0.0000  0.0000  0.0000  0.0000
 31.50       0    0.00  0.0000  0.0000  0.0000  0.0000
 32.50       0    0.00  0.0000  0.0000  0.0000  0.0000
 33.50       0    0.00  0.0000  0.0000  0.0000  0.0000
 34.50       0    0.00  0.0000  0.0000  0.0000  0.0000
 35.50       0    0.00  0.0000  0.0000  0.0000  0.0000
