  0.50     508   41.79  0.0374 25.8974  0.0000  0.0794
  1.50    1009   36.15  0.0721 31.8383  0.0001  0.0806
  2.50    2563   36.32  0.1207 31.7156  0.0001  0.0800
  3.50    2596   38.08  0.1699 29.6480  0.0001  0.0854
  4.50    3606   38.16  0.2205 29.5418  0.0000  0.0781
  5.50    4309   37.73  0.2678 30.0532  0.0000  0.0794
  6.50    6150   38.16  0.3223 29.5915  0.0001  0.0840
  7.50    7437   38.79  0.3755 28.9521  0.0001  0.0845
  8.50    7122   39.21  0.4322 28.5149  0.0001  0.0883
  9.50    9312   39.62  0.4858 28.1271  0.0001  0.0854
 10.50   10906   40.29  0.5446 27.4647  0.0001  0.0907
 11.50   10603   40.89  0.6054 26.8854  0.0001  0.0902
 12.50   16038   41.04  0.6701 26.7934  0.0001  0.0930
 13.50   14075   41.63  0.7422 26.2525  0.0001  0.1018
 14.50   19430   41.96  0.8102 25.9773  0.0001  0.1035
 15.50   19161   43.01  0.8858 24.9978  0.0001  0.1017
 16.50   20598   43.10  0.9605 24.9275  0.0001  0.1028
 17.50   22835   43.57  1.0353 24.5401  0.0001  0.1047
 18.50   21872   43.25  1.1140 24.8022  0.0001  0.0965
 19.50   28813   43.13  1.1993 24.8243  0.0001  0.0913
 20.50   26125   42.63  1.2931 25.2261  0.0000  0.0790
 21.50   23887   41.70  1.3868 25.8923  0.0000  0.0674
 22.50   21160   40.78  1.4842 26.5740  0.0000  0.0510
 23.50   17270   39.08  1.5963 28.0688  0.0000  0.0343
 24.50   11292   36.92  1.7131 29.9578  0.0000  0.0162
 25.50    3739   34.36  1.8840 32.6273  0.0000  0.0093
 26.50    1391   32.75  2.0481 34.3066  0.0000  0.0026
 27.50     246   32.81  2.1539 33.4008  0.0000  0.0007
 28.50       0    0.00  0.0000  0.0000  0.0000  0.0000
 29.50       0    0.00  0.0000  0.0000  0.0000  0.0000
 30.50       0    0.00  0.0000  0.0000  0.0000  0.0000
 31.50       0    0.00  0.0000  0.0000  0.0000  0.0000
 32.50       0    0.00  0.0000  0.0000  0.0000  0.0000
 33.50       0    0.00  0.0000  0.0000  0.0000  0.0000
 34.50       0    0.00  0.0000  0.0000  0.0000  0.0000
 35.50       0    0.00  0.0000  0.0000  0.0000  0.0000
