  0.50   73498   30.68  0.0308  3.9119  0.0053  1.0425
  1.50  147516   30.81  0.0716  3.8876  0.0053  1.0405
  2.50  373230   30.86  0.1160  3.8844  0.0054  1.0555
  3.50  377105   30.95  0.1625  3.8695  0.0054  1.0660
  4.50  532173   31.11  0.2051  3.8373  0.0054  1.0691
  5.50  619836   31.26  0.2491  3.8159  0.0055  1.0805
  6.50  867985   31.48  0.2965  3.7782  0.0055  1.0908
  7.50 1051629   31.74  0.3480  3.7373  0.0055  1.0988
  8.50  995463   31.98  0.3987  3.6978  0.0056  1.1176
  9.50 1277326   32.31  0.4476  3.6432  0.0057  1.1263
 10.50 1496508   32.62  0.5021  3.5977  0.0057  1.1458
 11.50 1457666   32.98  0.5556  3.5419  0.0058  1.1762
 12.50 2177688   33.37  0.6140  3.4832  0.0059  1.2002
 13.50 1877351   33.82  0.6792  3.4164  0.0060  1.2222
 14.50 2588241   34.32  0.7437  3.3459  0.0062  1.2580
 15.50 2612100   34.80  0.8147  3.2782  0.0062  1.2810
 16.50 2861868   35.32  0.8861  3.2076  0.0064  1.3107
 17.50 3253386   35.84  0.9613  3.1359  0.0065  1.3474
 18.50 3309196   36.38  1.0396  3.0660  0.0066  1.3892
 19.50 4720021   36.98  1.1318  2.9850  0.0067  1.4146
 20.50 4751572   37.61  1.2363  2.9039  0.0069  1.4622
 21.50 5050631   38.17  1.3431  2.8307  0.0070  1.4971
 22.50 5512947   38.72  1.4524  2.7569  0.0071  1.5360
 23.50 5992816   39.22  1.5729  2.6860  0.0072  1.5528
 24.50 5937229   39.63  1.7071  2.6193  0.0070  1.5210
 25.50 3766774   39.92  1.8640  2.5585  0.0068  1.4916
 26.50 3700872   40.05  2.0217  2.5112  0.0066  1.4393
 27.50 2981915   39.91  2.2007  2.4815  0.0062  1.3529
 28.50 2197214   39.52  2.3909  2.4696  0.0057  1.2264
 29.50 2363054   38.83  2.6132  2.4750  0.0050  1.0652
 30.50  951293   37.77  2.8557  2.5149  0.0046  0.9680
 31.50 1245971   36.34  3.1297  2.5859  0.0037  0.7619
 32.50  318084   34.16  3.4834  2.7345  0.0032  0.6458
 33.50  143770   32.60  3.7328  2.8519  0.0027  0.5389
 34.50       0    0.00  0.0000  0.0000  0.0000  0.0000
 35.50       0    0.00  0.0000  0.0000  0.0000  0.0000
