  0.50    1479   19.92  0.0207 49.0009  0.0001  0.1161
  1.50    2937   19.56  0.0541 50.0519  0.0001  0.1126
  2.50    7249   19.82  0.0863 49.2768  0.0001  0.1174
  3.50    7454   19.87  0.1205 49.1960  0.0001  0.1136
  4.50   10294   19.77  0.1529 49.4001  0.0001  0.1145
  5.50   12227   19.94  0.1849 48.9813  0.0001  0.1166
  6.50   16952   19.72  0.2187 49.6243  0.0001  0.1153
  7.50   20389   20.04  0.2555 48.6824  0.0001  0.1196
  8.50   19296   19.98  0.2918 48.8716  0.0001  0.1175
  9.50   24391   20.07  0.3262 48.6309  0.0001  0.1225
 10.50   28583   20.26  0.3611 48.1304  0.0001  0.1245
 11.50   27534   20.34  0.3986 47.9176  0.0001  0.1237
 12.50   40894   20.58  0.4377 47.2676  0.0001  0.1286
 13.50   34694   20.71  0.4795 46.9117  0.0001  0.1326
 14.50   47768   20.93  0.5197 46.3587  0.0001  0.1344
 15.50   47396   21.32  0.5640 45.3825  0.0001  0.1410
 16.50   51697   21.57  0.6067 44.7704  0.0001  0.1436
 17.50   58447   21.63  0.6504 44.6523  0.0001  0.1485
 18.50   57993   22.04  0.6981 43.6753  0.0001  0.1503
 19.50   81536   22.33  0.7486 43.0089  0.0001  0.1532
 20.50   81255   22.73  0.8052 42.1285  0.0001  0.1559
 21.50   84828   23.25  0.8617 41.0260  0.0001  0.1624
 22.50   91762   23.62  0.9167 40.2663  0.0001  0.1633
 23.50   98210   23.99  0.9751 39.5213  0.0001  0.1683
 24.50   96773   24.37  1.0368 38.8061  0.0002  0.1775
 25.50   61128   25.08  1.1068 37.4592  0.0002  0.1739
 26.50   59811   25.39  1.1724 36.8962  0.0002  0.1755
 27.50   48296   25.68  1.2474 36.3668  0.0001  0.1652
 28.50   35808   25.83  1.3218 36.0864  0.0001  0.1607
 29.50   38995   25.91  1.4035 35.8989  0.0001  0.1511
 30.50   15615   26.10  1.4976 35.4716  0.0001  0.1406
 31.50   20338   25.94  1.5876 35.6621  0.0001  0.1177
 32.50    5163   24.97  1.6982 37.1965  0.0001  0.1047
 33.50    2243   24.68  1.7984 37.5588  0.0001  0.0861
 34.50       0    0.00  0.0000  0.0000  0.0000  0.0000
 35.50       0    0.00  0.0000  0.0000  0.0000  0.0000
