  0.50     847   22.46  0.0326 45.7998  0.0001  0.0940
  1.50    1754   20.55  0.0716 51.1750  0.0001  0.0931
  2.50    4329   20.80  0.1221 50.3377  0.0001  0.0905
  3.50    4454   19.75  0.1713 53.6141  0.0001  0.1022
  4.50    6116   21.48  0.2154 48.8963  0.0001  0.1019
  5.50    7299   21.52  0.2643 48.4904  0.0001  0.0979
  6.50   10453   23.00  0.3156 44.7931  0.0001  0.1013
  7.50   12876   23.18  0.3703 44.3012  0.0001  0.1096
  8.50   12408   23.40  0.4258 43.8220  0.0001  0.1069
  9.50   15927   24.52  0.4765 41.3311  0.0001  0.1110
 10.50   19020   25.23  0.5371 39.9358  0.0001  0.1099
 11.50   18694   26.02  0.5954 38.4271  0.0001  0.1136
 12.50   28707   26.87  0.6598 36.8666  0.0001  0.1228
 13.50   25111   27.32  0.7307 36.0855  0.0001  0.1287
 14.50   35574   28.60  0.8002 34.0136  0.0001  0.1391
 15.50   36644   29.55  0.8769 32.6195  0.0001  0.1431
 16.50   40024   30.55  0.9551 31.1918  0.0001  0.1522
 17.50   45637   31.43  1.0315 30.0640  0.0001  0.1564
 18.50   46053   31.50  1.1159 29.9567  0.0001  0.1549
 19.50   63963   32.23  1.2110 29.0612  0.0001  0.1633
 20.50   60622   33.05  1.3146 28.0256  0.0001  0.1527
 21.50   59851   33.04  1.4180 28.0179  0.0001  0.1449
 22.50   58077   32.91  1.5192 28.0348  0.0001  0.1259
 23.50   55015   32.06  1.6307 29.0094  0.0001  0.1063
 24.50   43418   31.05  1.7493 30.0236  0.0001  0.0699
 25.50   20188   30.58  1.8865 30.4510  0.0000  0.0535
 26.50   13731   27.60  2.0301 34.4474  0.0000  0.0377
 27.50    6833   26.55  2.1947 35.7506  0.0000  0.0182
 28.50    2549   22.90  2.3838 42.9472  0.0000  0.0079
 29.50     969   17.44  2.6015 65.4053  0.0000  0.0017
 30.50      54   13.38  2.7507 83.3405  0.0000  0.0009
 31.50       0    0.00  0.0000  0.0000  0.0000  0.0000
 32.50       0    0.00  0.0000  0.0000  0.0000  0.0000
 33.50       0    0.00  0.0000  0.0000  0.0000  0.0000
 34.50       0    0.00  0.0000  0.0000  0.0000  0.0000
 35.50       0    0.00  0.0000  0.0000  0.0000  0.0000
