  0.50       0    0.00  0.0000  0.0000  0.0000  0.0000
  1.50       0    0.00  0.0000  0.0000  0.0000  0.0000
  2.50       0    0.00  0.0000  0.0000  0.0000  0.0000
  3.50       0    0.00  0.0000  0.0000  0.0000  0.0000
  4.50       0    0.00  0.0000  0.0000  0.0000  0.0000
  5.50  185709  146.25  0.5649  0.4911  0.0116 13.9543
  6.50  516264  140.56  0.6708  0.8212  0.0118 14.1248
  7.50  859871  133.20  0.7948  1.2524  0.0114 13.3348
  8.50  768765  122.08  0.9200  1.9478  0.0102 11.7500
  9.50  900198  110.37  1.0448  2.8084  0.0088  9.8607
 10.50  904089   98.48  1.1790  3.8438  0.0070  7.6690
 11.50  715354   86.71  1.2997  5.1161  0.0051  5.5199
 12.50  747952   74.66  1.4319  6.7391  0.0027  2.7925
 13.50  335188   62.92  1.5722  8.6569  0.0010  1.0436
 14.50  156762   53.32  1.7024 10.4468  0.0002  0.2146
 15.50   25127   44.15  1.8409 12.5155  0.0000  0.0257
 16.50    2325   34.89  2.1004 16.7400  0.0000  0.0013
 17.50      51   23.73  2.2607 28.5037  0.0000  0.0014
 18.50       0    0.00  0.0000  0.0000  0.0000  0.0000
 19.50       0    0.00  0.0000  0.0000  0.0000  0.0000
 20.50       0    0.00  0.0000  0.0000  0.0000  0.0000
 21.50       0    0.00  0.0000  0.0000  0.0000  0.0000
 22.50       0    0.00  0.0000  0.0000  0.0000  0.0000
 23.50       0    0.00  0.0000  0.0000  0.0000  0.0000
 24.50       0    0.00  0.0000  0.0000  0.0000  0.0000
 25.50       0    0.00  0.0000  0.0000  0.0000  0.0000
 26.50       0    0.00  0.0000  0.0000  0.0000  0.0000
 27.50       0    0.00  0.0000  0.0000  0.0000  0.0000
 28.50       0    0.00  0.0000  0.0000  0.0000  0.0000
 29.50       0    0.00  0.0000  0.0000  0.0000  0.0000
 30.50       0    0.00  0.0000  0.0000  0.0000  0.0000
 31.50       0    0.00  0.0000  0.0000  0.0000  0.0000
 32.50       0    0.00  0.0000  0.0000  0.0000  0.0000
 33.50       0    0.00  0.0000  0.0000  0.0000  0.0000
 34.50       0    0.00  0.0000  0.0000  0.0000  0.0000
 35.50       0    0.00  0.0000  0.0000  0.0000  0.0000
