  0.50    1002   36.50  0.0336 27.1097  0.0001  0.1346
  1.50    2114   35.72  0.0691 27.9774  0.0001  0.1413
  2.50    5203   36.20  0.1269 27.4644  0.0001  0.1401
  3.50    5282   35.57  0.1764 28.1308  0.0001  0.1443
  4.50    7677   35.84  0.2239 27.9079  0.0001  0.1439
  5.50    9061   35.91  0.2702 27.8221  0.0001  0.1440
  6.50   12809   36.39  0.3230 27.3305  0.0001  0.1542
  7.50   15605   37.06  0.3815 26.6604  0.0001  0.1549
  8.50   15072   37.48  0.4357 26.2705  0.0001  0.1544
  9.50   19449   37.24  0.4911 26.5187  0.0001  0.1608
 10.50   23058   38.11  0.5508 25.6901  0.0001  0.1694
 11.50   23010   38.61  0.6094 25.2770  0.0001  0.1719
 12.50   34704   39.05  0.6759 24.8872  0.0001  0.1773
 13.50   30008   39.60  0.7446 24.4156  0.0001  0.1798
 14.50   41460   40.19  0.8127 23.9176  0.0001  0.1882
 15.50   41646   40.47  0.8899 23.6935  0.0001  0.1855
 16.50   44989   41.39  0.9625 22.9426  0.0001  0.1923
 17.50   50063   41.52  1.0391 22.8312  0.0001  0.1865
 18.50   49248   41.40  1.1124 22.9306  0.0001  0.1997
 19.50   65685   41.12  1.1961 23.1254  0.0001  0.1813
 20.50   61359   40.71  1.2886 23.4004  0.0001  0.1645
 21.50   57272   39.83  1.3820 24.0537  0.0001  0.1418
 22.50   52714   38.58  1.4793 25.0148  0.0001  0.1147
 23.50   45237   37.30  1.5877 26.0322  0.0001  0.0775
 24.50   31447   34.97  1.7197 28.0918  0.0000  0.0418
 25.50   11127   32.18  1.8744 30.8919  0.0000  0.0238
 26.50    4710   31.12  2.0576 31.4502  0.0000  0.0099
 27.50     937   28.76  2.2104 34.0093  0.0000  0.0020
 28.50      94   23.54  2.2966 47.3536  0.0000  0.0008
 29.50       0    0.00  0.0000  0.0000  0.0000  0.0000
 30.50       0    0.00  0.0000  0.0000  0.0000  0.0000
 31.50       0    0.00  0.0000  0.0000  0.0000  0.0000
 32.50       0    0.00  0.0000  0.0000  0.0000  0.0000
 33.50       0    0.00  0.0000  0.0000  0.0000  0.0000
 34.50       0    0.00  0.0000  0.0000  0.0000  0.0000
 35.50       0    0.00  0.0000  0.0000  0.0000  0.0000
