  0.50     161   36.32  0.0184 35.0070  0.0000  0.0284
  1.50     300   35.85  0.0722 35.5858  0.0000  0.0286
  2.50     758   35.46  0.1335 36.3953  0.0000  0.0226
  3.50     793   34.74  0.1808 37.2619  0.0000  0.0260
  4.50    1103   34.46  0.2386 37.7633  0.0000  0.0286
  5.50    1303   34.62  0.2729 37.5326  0.0000  0.0275
  6.50    1856   36.45  0.3313 34.9045  0.0000  0.0262
  7.50    2205   36.83  0.3881 34.4568  0.0000  0.0287
  8.50    2168   36.75  0.4497 34.5873  0.0000  0.0298
  9.50    2935   37.68  0.5010 33.5402  0.0000  0.0324
 10.50    3335   38.56  0.5678 32.4206  0.0000  0.0291
 11.50    3270   39.25  0.6265 31.6604  0.0000  0.0303
 12.50    4992   39.33  0.6906 31.6653  0.0000  0.0320
 13.50    4295   39.61  0.7620 31.2923  0.0000  0.0327
 14.50    5841   40.82  0.8341 29.9725  0.0000  0.0347
 15.50    5765   41.48  0.9109 29.2836  0.0000  0.0333
 16.50    6280   41.17  0.9772 29.6790  0.0000  0.0364
 17.50    6894   40.89  1.0534 30.0257  0.0000  0.0316
 18.50    6565   41.32  1.1289 29.4286  0.0000  0.0303
 19.50    8615   40.00  1.2132 30.8198  0.0000  0.0267
 20.50    7554   39.34  1.3047 31.4632  0.0000  0.0254
 21.50    6455   38.80  1.4010 31.8606  0.0000  0.0203
 22.50    5484   36.17  1.5090 34.8462  0.0000  0.0118
 23.50    3896   33.56  1.6272 38.3720  0.0000  0.0073
 24.50    2128   31.88  1.7694 41.0088  0.0000  0.0024
 25.50     475   28.12  1.9554 47.2174  0.0000  0.0010
 26.50      33   17.18  2.1712 91.4144  0.0000  0.0007
 27.50       0    0.00  0.0000  0.0000  0.0000  0.0000
 28.50       0    0.00  0.0000  0.0000  0.0000  0.0000
 29.50       0    0.00  0.0000  0.0000  0.0000  0.0000
 30.50       0    0.00  0.0000  0.0000  0.0000  0.0000
 31.50       0    0.00  0.0000  0.0000  0.0000  0.0000
 32.50       0    0.00  0.0000  0.0000  0.0000  0.0000
 33.50       0    0.00  0.0000  0.0000  0.0000  0.0000
 34.50       0    0.00  0.0000  0.0000  0.0000  0.0000
 35.50       0    0.00  0.0000  0.0000  0.0000  0.0000
