  0.50      99   22.94  0.0395 61.8641  0.0000  0.0138
  1.50     195   21.66  0.0669 67.1487  0.0000  0.0140
  2.50     437   22.34  0.1035 64.1263  0.0000  0.0139
  3.50     432   21.37  0.1338 67.6605  0.0000  0.0134
  4.50     628   20.97  0.1814 69.4116  0.0000  0.0118
  5.50     806   22.40  0.2178 64.1673  0.0000  0.0152
  6.50    1074   21.35  0.2522 67.8828  0.0000  0.0126
  7.50    1309   22.18  0.3027 64.7152  0.0000  0.0134
  8.50    1197   22.81  0.3376 62.7851  0.0000  0.0133
  9.50    1591   23.30  0.3852 61.1000  0.0000  0.0139
 10.50    1800   23.57  0.4197 60.7652  0.0000  0.0139
 11.50    1824   23.51  0.4666 60.9237  0.0000  0.0156
 12.50    2790   23.89  0.5234 59.3130  0.0000  0.0142
 13.50    2284   24.83  0.5762 56.6306  0.0000  0.0140
 14.50    3252   25.23  0.6240 55.4863  0.0000  0.0164
 15.50    3314   25.59  0.6832 54.5862  0.0000  0.0159
 16.50    3616   25.47  0.7337 54.8786  0.0000  0.0173
 17.50    3995   26.44  0.7916 52.4098  0.0000  0.0169
 18.50    3907   27.43  0.8480 50.0393  0.0000  0.0130
 19.50    5757   28.23  0.9099 48.2333  0.0000  0.0190
 20.50    5628   28.66  0.9837 47.4645  0.0000  0.0193
 21.50    5743   29.34  1.0470 46.0616  0.0000  0.0154
 22.50    6057   29.93  1.1233 44.9987  0.0000  0.0174
 23.50    6134   29.70  1.1900 45.2639  0.0000  0.0182
 24.50    5812   29.39  1.2662 46.0999  0.0000  0.0179
 25.50    3245   29.98  1.3617 44.4859  0.0000  0.0133
 26.50    2615   28.88  1.4440 46.5000  0.0000  0.0118
 27.50    1737   26.42  1.5517 52.3266  0.0000  0.0087
 28.50     956   27.18  1.6784 49.9229  0.0000  0.0055
 29.50     703   25.08  1.8079 56.0074  0.0000  0.0026
 30.50     139   25.88  1.9941 53.7226  0.0000  0.0015
 31.50      55   19.68  2.1750 78.1465  0.0000  0.0007
 32.50       0    0.00  0.0000  0.0000  0.0000  0.0000
 33.50       0    0.00  0.0000  0.0000  0.0000  0.0000
 34.50       0    0.00  0.0000  0.0000  0.0000  0.0000
 35.50       0    0.00  0.0000  0.0000  0.0000  0.0000
