  0.50   11278   84.36  0.0578  6.5581  0.0016  2.2014
  1.50   22940   84.69  0.1165  6.5079  0.0016  2.2504
  2.50   57794   83.75  0.1959  6.6846  0.0016  2.2337
  3.50   59560   84.17  0.2759  6.6152  0.0017  2.3364
  4.50   84144   84.02  0.3517  6.6328  0.0017  2.2980
  5.50   98089   84.68  0.4277  6.5006  0.0017  2.3093
  6.50  139459   84.46  0.5139  6.5421  0.0017  2.2938
  7.50  167792   84.38  0.6104  6.5377  0.0017  2.2932
  8.50  157701   83.39  0.7050  6.7070  0.0016  2.2173
  9.50  197257   82.18  0.7978  6.9038  0.0016  2.1957
 10.50  221364   80.47  0.9015  7.1971  0.0015  2.0657
 11.50  200666   78.38  1.0055  7.5685  0.0014  1.9024
 12.50  270467   75.62  1.1198  8.0752  0.0012  1.6348
 13.50  198233   71.78  1.2431  8.8519  0.0010  1.3356
 14.50  219494   67.68  1.3678  9.7585  0.0007  1.0072
 15.50  163583   62.68  1.5042 11.0159  0.0005  0.6829
 16.50  119104   57.55  1.6472 12.4828  0.0003  0.3829
 17.50   77707   51.98  1.7962 14.3525  0.0001  0.1647
 18.50   35339   46.25  1.9599 16.6488  0.0000  0.0483
 19.50   14277   37.89  2.1481 22.2419  0.0000  0.0084
 20.50    1845   31.75  2.3489 41.1817  0.0000  0.0019
 21.50      25   20.20  2.3958 72.5177  0.0000  0.0009
 22.50       0    0.00  0.0000  0.0000  0.0000  0.0000
 23.50       0    0.00  0.0000  0.0000  0.0000  0.0000
 24.50       0    0.00  0.0000  0.0000  0.0000  0.0000
 25.50       0    0.00  0.0000  0.0000  0.0000  0.0000
 26.50       0    0.00  0.0000  0.0000  0.0000  0.0000
 27.50       0    0.00  0.0000  0.0000  0.0000  0.0000
 28.50       0    0.00  0.0000  0.0000  0.0000  0.0000
 29.50       0    0.00  0.0000  0.0000  0.0000  0.0000
 30.50       0    0.00  0.0000  0.0000  0.0000  0.0000
 31.50       0    0.00  0.0000  0.0000  0.0000  0.0000
 32.50       0    0.00  0.0000  0.0000  0.0000  0.0000
 33.50       0    0.00  0.0000  0.0000  0.0000  0.0000
 34.50       0    0.00  0.0000  0.0000  0.0000  0.0000
 35.50       0    0.00  0.0000  0.0000  0.0000  0.0000
