  0.50      71   15.27  0.0276 98.6013  0.0000  0.0085
  1.50     138   14.83  0.0558 103.0597  0.0000  0.0074
  2.50     321   16.72  0.0882 91.2455  0.0000  0.0073
  3.50     302   14.96  0.1179 101.2691  0.0000  0.0075
  4.50     430   15.82  0.1538 95.9909  0.0000  0.0064
  5.50     534   15.74  0.1777 96.6113  0.0000  0.0078
  6.50     779   15.48  0.2115 98.9508  0.0000  0.0091
  7.50     909   15.97  0.2548 94.7021  0.0000  0.0086
  8.50     802   15.37  0.2834 98.4431  0.0000  0.0072
  9.50    1067   15.98  0.3191 94.3624  0.0000  0.0080
 10.50    1255   16.91  0.3586 88.1895  0.0000  0.0084
 11.50    1242   17.07  0.3878 88.3942  0.0000  0.0087
 12.50    1772   17.05  0.4220 88.1243  0.0000  0.0089
 13.50    1514   16.53  0.4676 90.7643  0.0000  0.0088
 14.50    2158   17.16  0.5097 87.6607  0.0000  0.0093
 15.50    2069   18.21  0.5573 81.4282  0.0000  0.0080
 16.50    2311   18.53  0.5975 80.0990  0.0000  0.0094
 17.50    2528   18.64  0.6443 79.2536  0.0000  0.0107
 18.50    2690   18.60  0.6877 79.4517  0.0000  0.0113
 19.50    3751   19.07  0.7370 77.2485  0.0000  0.0112
 20.50    3536   19.79  0.7896 73.8632  0.0000  0.0095
 21.50    3772   20.67  0.8461 70.1299  0.0000  0.0088
 22.50    4163   20.84  0.8940 69.5974  0.0000  0.0108
 23.50    4363   22.09  0.9568 64.9191  0.0000  0.0137
 24.50    4342   22.03  1.0063 65.1628  0.0000  0.0112
 25.50    2656   23.20  1.0800 61.0294  0.0000  0.0114
 26.50    2656   23.24  1.1407 61.1505  0.0000  0.0116
 27.50    2113   24.42  1.2200 57.8547  0.0000  0.0100
 28.50    1469   23.74  1.2893 59.4955  0.0000  0.0105
 29.50    1528   23.61  1.3687 59.7163  0.0000  0.0092
 30.50     560   24.40  1.4546 56.9763  0.0000  0.0074
 31.50     655   22.30  1.5493 64.0501  0.0000  0.0054
 32.50     123   22.72  1.6978 61.6521  0.0000  0.0041
 33.50      53   24.30  1.7517 56.2009  0.0000  0.0032
 34.50       0    0.00  0.0000  0.0000  0.0000  0.0000
 35.50       0    0.00  0.0000  0.0000  0.0000  0.0000
