  0.50    2787   41.67  0.0388 19.6444  0.0003  0.3356
  1.50    5874   42.32  0.0839 19.2553  0.0003  0.3641
  2.50   14637   42.00  0.1355 19.4670  0.0003  0.3462
  3.50   14846   41.80  0.1915 19.6037  0.0003  0.3565
  4.50   21417   42.09  0.2425 19.4410  0.0003  0.3702
  5.50   24501   42.01  0.2932 19.4693  0.0003  0.3582
  6.50   35436   42.01  0.3468 19.5065  0.0003  0.3727
  7.50   43687   42.58  0.4104 19.1550  0.0003  0.3798
  8.50   41924   42.76  0.4700 19.0503  0.0003  0.3829
  9.50   54469   43.10  0.5277 18.8463  0.0003  0.4006
 10.50   64965   43.44  0.5927 18.6652  0.0003  0.4076
 11.50   64067   43.89  0.6575 18.3964  0.0004  0.4282
 12.50   96059   44.33  0.7291 18.1384  0.0004  0.4294
 13.50   83318   44.38  0.8027 18.1258  0.0004  0.4335
 14.50  115063   44.68  0.8797 17.9590  0.0004  0.4424
 15.50  114654   44.86  0.9608 17.8516  0.0004  0.4441
 16.50  123866   44.91  1.0395 17.8239  0.0004  0.4472
 17.50  136566   44.47  1.1199 18.0745  0.0004  0.4435
 18.50  133126   44.01  1.2035 18.3293  0.0004  0.4269
 19.50  176696   43.16  1.2954 18.8034  0.0003  0.3979
 20.50  158731   41.85  1.3947 19.5769  0.0003  0.3386
 21.50  144882   40.15  1.4986 20.6469  0.0002  0.2855
 22.50  127858   38.37  1.6097 21.7895  0.0002  0.2084
 23.50  100825   35.76  1.7363 23.6904  0.0001  0.1228
 24.50   61859   33.23  1.8885 25.6697  0.0000  0.0533
 25.50   17008   31.08  2.0696 27.2419  0.0000  0.0237
 26.50    5147   28.31  2.2393 29.6389  0.0000  0.0077
 27.50     690   25.72  2.4098 32.5553  0.0000  0.0009
 28.50      11   16.65  2.5195 54.7555  0.0000  0.0005
 29.50       0    0.00  0.0000  0.0000  0.0000  0.0000
 30.50       0    0.00  0.0000  0.0000  0.0000  0.0000
 31.50       0    0.00  0.0000  0.0000  0.0000  0.0000
 32.50       0    0.00  0.0000  0.0000  0.0000  0.0000
 33.50       0    0.00  0.0000  0.0000  0.0000  0.0000
 34.50       0    0.00  0.0000  0.0000  0.0000  0.0000
 35.50       0    0.00  0.0000  0.0000  0.0000  0.0000
