  0.50   14990   40.02  0.0380 17.5516  0.0014  1.4161
  1.50   29587   39.79  0.0789 17.6812  0.0014  1.4063
  2.50   74840   40.01  0.1313 17.5493  0.0014  1.4067
  3.50   76557   39.83  0.1846 17.6765  0.0014  1.4060
  4.50  109171   39.85  0.2332 17.6757  0.0014  1.4497
  5.50  127941   40.06  0.2820 17.5582  0.0015  1.4576
  6.50  181806   40.05  0.3366 17.5825  0.0015  1.5034
  7.50  222792   40.18  0.3951 17.5188  0.0015  1.5135
  8.50  212762   40.39  0.4512 17.3996  0.0015  1.5486
  9.50  276125   40.58  0.5066 17.3018  0.0016  1.6036
 10.50  326316   40.89  0.5689 17.1297  0.0016  1.6080
 11.50  320853   41.24  0.6286 16.9410  0.0016  1.6396
 12.50  488245   41.50  0.6965 16.8135  0.0017  1.7350
 13.50  422349   41.92  0.7688 16.5806  0.0017  1.7577
 14.50  584887   42.21  0.8420 16.4327  0.0018  1.7911
 15.50  588681   42.45  0.9206 16.3106  0.0018  1.8349
 16.50  640881   42.63  1.0004 16.2146  0.0018  1.8517
 17.50  719275   42.77  1.0814 16.1413  0.0018  1.8663
 18.50  709995   42.58  1.1646 16.2321  0.0018  1.8326
 19.50  973791   42.25  1.2570 16.3947  0.0018  1.7828
 20.50  920250   41.69  1.3605 16.6762  0.0017  1.6823
 21.50  895827   40.68  1.4597 17.1988  0.0015  1.5113
 22.50  874641   39.59  1.5616 17.7831  0.0013  1.3295
 23.50  816584   37.98  1.6688 18.7142  0.0011  1.0725
 24.50  659788   36.01  1.7876 19.9283  0.0008  0.7738
 25.50  302319   33.65  1.9327 21.5143  0.0006  0.5664
 26.50  188267   31.34  2.0903 23.1968  0.0003  0.3386
 27.50   74826   29.03  2.2687 24.9198  0.0001  0.1339
 28.50   18520   27.18  2.4460 26.0797  0.0000  0.0314
 29.50    4016   23.32  2.5820 30.7695  0.0000  0.0027
 30.50     132   23.50  2.7815 28.9206  0.0000  0.0004
 31.50      11   16.49  2.9943 44.0537  0.0000  0.0003
 32.50       0    0.00  0.0000  0.0000  0.0000  0.0000
 33.50       0    0.00  0.0000  0.0000  0.0000  0.0000
 34.50       0    0.00  0.0000  0.0000  0.0000  0.0000
 35.50       0    0.00  0.0000  0.0000  0.0000  0.0000
