  0.50   95264   36.12  0.0355  3.2738  0.0076  1.5676
  1.50  191710   36.19  0.0771  3.2671  0.0076  1.5734
  2.50  481921   36.14  0.1285  3.2749  0.0076  1.5854
  3.50  487777   36.37  0.1808  3.2427  0.0076  1.5857
  4.50  694084   36.53  0.2288  3.2246  0.0078  1.6182
  5.50  806217   36.78  0.2775  3.1910  0.0077  1.6151
  6.50 1135588   36.95  0.3311  3.1737  0.0078  1.6409
  7.50 1376458   37.33  0.3895  3.1220  0.0079  1.6586
  8.50 1310381   37.67  0.4461  3.0829  0.0080  1.6888
  9.50 1689551   38.03  0.5027  3.0389  0.0081  1.7113
 10.50 1985967   38.41  0.5649  2.9940  0.0082  1.7407
 11.50 1943162   38.87  0.6264  2.9397  0.0083  1.7701
 12.50 2923694   39.39  0.6960  2.8807  0.0084  1.8162
 13.50 2536188   39.92  0.7712  2.8215  0.0086  1.8542
 14.50 3505020   40.46  0.8473  2.7604  0.0087  1.9026
 15.50 3554186   41.05  0.9308  2.6971  0.0089  1.9444
 16.50 3909380   41.63  1.0174  2.6333  0.0090  1.9873
 17.50 4459357   42.24  1.1085  2.5665  0.0092  2.0335
 18.50 4535773   42.77  1.2047  2.5089  0.0093  2.0890
 19.50 6477939   43.32  1.3180  2.4462  0.0094  2.1223
 20.50 6482275   43.89  1.4476  2.3767  0.0095  2.1524
 21.50 6817665   44.27  1.5806  2.3223  0.0094  2.1477
 22.50 7318694   44.54  1.7169  2.2724  0.0093  2.1232
 23.50 7788466   44.61  1.8666  2.2329  0.0090  2.0670
 24.50 7470547   44.43  2.0363  2.2030  0.0084  1.9108
 25.50 4542097   43.92  2.2335  2.1892  0.0078  1.7696
 26.50 4252999   43.13  2.4393  2.1938  0.0071  1.5883
 27.50 3228714   41.92  2.6743  2.2233  0.0061  1.3624
 28.50 2216485   40.30  2.9329  2.2857  0.0051  1.0947
 29.50 2174527   38.07  3.2482  2.3986  0.0039  0.8086
 30.50  780606   35.39  3.6038  2.5674  0.0033  0.6705
 31.50  881171   32.20  4.0014  2.8243  0.0021  0.4045
 32.50  178498   28.25  4.4727  3.2163  0.0015  0.2934
 33.50   65182   25.49  4.7576  3.5628  0.0011  0.1970
 34.50       0    0.00  0.0000  0.0000  0.0000  0.0000
 35.50       0    0.00  0.0000  0.0000  0.0000  0.0000
