  0.50     308   29.15  0.0239 41.6725  0.0000  0.0411
  1.50     643   30.48  0.0729 39.4147  0.0000  0.0419
  2.50    1622   28.39  0.1060 43.2698  0.0000  0.0439
  3.50    1662   28.07  0.1432 44.0035  0.0000  0.0433
  4.50    2267   28.06  0.1845 43.9153  0.0000  0.0465
  5.50    2700   28.39  0.2284 43.2131  0.0000  0.0426
  6.50    3676   30.06  0.2656 40.2306  0.0000  0.0461
  7.50    4668   29.17  0.3172 41.8584  0.0000  0.0451
  8.50    4500   29.53  0.3602 41.2034  0.0000  0.0467
  9.50    5606   29.43  0.4037 41.3861  0.0000  0.0496
 10.50    6721   30.16  0.4536 40.0655  0.0000  0.0470
 11.50    6480   30.54  0.5014 39.4646  0.0000  0.0502
 12.50    9828   31.50  0.5551 37.8947  0.0000  0.0508
 13.50    8395   31.68  0.6114 37.6315  0.0000  0.0519
 14.50   11493   31.89  0.6696 37.3358  0.0000  0.0505
 15.50   11821   32.77  0.7287 36.0664  0.0000  0.0567
 16.50   12936   33.00  0.7873 35.6919  0.0000  0.0598
 17.50   14714   33.94  0.8506 34.4166  0.0000  0.0604
 18.50   14755   34.42  0.9172 33.7676  0.0000  0.0625
 19.50   20476   34.59  0.9853 33.5728  0.0000  0.0595
 20.50   19849   35.68  1.0643 32.1095  0.0000  0.0628
 21.50   20217   35.81  1.1447 31.9575  0.0000  0.0594
 22.50   20538   36.11  1.2216 31.5994  0.0000  0.0556
 23.50   20754   35.75  1.2985 32.0757  0.0000  0.0517
 24.50   18073   35.45  1.3894 32.2309  0.0000  0.0428
 25.50    9878   35.11  1.4853 32.5300  0.0000  0.0382
 26.50    7734   35.17  1.5986 32.1750  0.0000  0.0271
 27.50    4758   32.64  1.7091 35.2958  0.0000  0.0217
 28.50    2218   31.14  1.8548 37.2561  0.0000  0.0103
 29.50    1273   29.49  2.0172 39.7331  0.0000  0.0038
 30.50     192   25.89  2.1970 48.1526  0.0000  0.0019
 31.50      49   27.40  2.2570 47.8617  0.0000  0.0006
 32.50       0    0.00  0.0000  0.0000  0.0000  0.0000
 33.50       0    0.00  0.0000  0.0000  0.0000  0.0000
 34.50       0    0.00  0.0000  0.0000  0.0000  0.0000
 35.50       0    0.00  0.0000  0.0000  0.0000  0.0000
