  0.50     280   22.85  0.0308 49.6820  0.0000  0.0297
  1.50     559   21.65  0.0529 53.1829  0.0000  0.0289
  2.50    1410   22.39  0.0984 51.3870  0.0000  0.0278
  3.50    1381   21.46  0.1341 53.9493  0.0000  0.0289
  4.50    2064   22.42  0.1705 51.3798  0.0000  0.0317
  5.50    2283   22.71  0.2049 50.4552  0.0000  0.0290
  6.50    3279   21.44  0.2448 54.0829  0.0000  0.0300
  7.50    3846   23.28  0.2872 49.0658  0.0000  0.0289
  8.50    3643   22.70  0.3286 50.5178  0.0000  0.0291
  9.50    4822   23.07  0.3657 49.5192  0.0000  0.0309
 10.50    5598   23.95  0.4098 47.1372  0.0000  0.0334
 11.50    5628   23.95  0.4528 47.2731  0.0000  0.0337
 12.50    8621   23.96  0.4989 47.3340  0.0000  0.0390
 13.50    7316   24.61  0.5468 45.5988  0.0000  0.0350
 14.50   10306   25.52  0.5965 43.5358  0.0000  0.0409
 15.50   10429   25.83  0.6499 42.8963  0.0000  0.0383
 16.50   11516   25.92  0.7014 42.8485  0.0000  0.0444
 17.50   13230   26.92  0.7570 40.7309  0.0000  0.0398
 18.50   13712   27.91  0.8140 38.8588  0.0000  0.0508
 19.50   19561   27.84  0.8769 39.0419  0.0000  0.0517
 20.50   19941   28.62  0.9442 37.6697  0.0000  0.0522
 21.50   21082   29.39  1.0146 36.4586  0.0000  0.0560
 22.50   22994   29.73  1.0830 35.8845  0.0000  0.0554
 23.50   24380   30.62  1.1594 34.4413  0.0000  0.0591
 24.50   23333   30.71  1.2345 34.3103  0.0000  0.0557
 25.50   14244   31.04  1.3226 33.7694  0.0000  0.0549
 26.50   13065   31.62  1.4097 32.7883  0.0000  0.0467
 27.50    9876   30.95  1.5011 33.8087  0.0000  0.0413
 28.50    6703   31.05  1.6054 33.4629  0.0000  0.0338
 29.50    6275   30.82  1.7185 33.6232  0.0000  0.0254
 30.50    2131   29.47  1.8403 35.6055  0.0000  0.0221
 31.50    2079   28.58  1.9643 36.5183  0.0000  0.0114
 32.50     369   29.29  2.1873 34.7291  0.0000  0.0080
 33.50     108   28.60  2.2726 35.2965  0.0000  0.0046
 34.50       0    0.00  0.0000  0.0000  0.0000  0.0000
 35.50       0    0.00  0.0000  0.0000  0.0000  0.0000
