  0.50    4256   64.68  0.0523 10.0743  0.0005  0.6644
  1.50    8457   63.46  0.1075 10.4252  0.0005  0.6680
  2.50   21630   63.96  0.1730 10.2904  0.0006  0.6760
  3.50   22043   63.42  0.2435 10.4564  0.0005  0.6630
  4.50   31604   63.97  0.3118 10.2974  0.0005  0.6666
  5.50   37421   64.50  0.3768 10.1602  0.0006  0.7083
  6.50   54056   63.78  0.4501 10.3953  0.0006  0.7269
  7.50   66822   64.76  0.5329 10.1178  0.0006  0.7168
  8.50   64347   64.58  0.6111 10.1815  0.0006  0.7397
  9.50   83832   64.37  0.6889 10.2507  0.0006  0.7418
 10.50   99064   64.01  0.7728 10.3628  0.0006  0.7544
 11.50   97195   63.66  0.8574 10.4648  0.0006  0.7626
 12.50  142792   62.71  0.9488 10.7395  0.0006  0.7563
 13.50  120248   61.15  1.0435 11.2160  0.0006  0.7197
 14.50  159000   59.51  1.1364 11.7152  0.0006  0.6842
 15.50  149080   57.04  1.2329 12.5334  0.0005  0.6345
 16.50  145813   54.41  1.3295 13.4467  0.0005  0.5426
 17.50  143322   51.28  1.4285 14.6494  0.0004  0.4421
 18.50  114976   47.83  1.5373 16.0916  0.0003  0.3084
 19.50  109873   43.41  1.6731 18.2078  0.0001  0.1670
 20.50   54446   39.12  1.8402 20.4527  0.0000  0.0552
 21.50   19021   35.23  2.0045 22.6129  0.0000  0.0112
 22.50    4306   32.57  2.1502 23.9069  0.0000  0.0012
 23.50     463   25.59  2.2650 34.0422  0.0000  0.0006
 24.50       0    0.00  0.0000  0.0000  0.0000  0.0000
 25.50       0    0.00  0.0000  0.0000  0.0000  0.0000
 26.50       0    0.00  0.0000  0.0000  0.0000  0.0000
 27.50       0    0.00  0.0000  0.0000  0.0000  0.0000
 28.50       0    0.00  0.0000  0.0000  0.0000  0.0000
 29.50       0    0.00  0.0000  0.0000  0.0000  0.0000
 30.50       0    0.00  0.0000  0.0000  0.0000  0.0000
 31.50       0    0.00  0.0000  0.0000  0.0000  0.0000
 32.50       0    0.00  0.0000  0.0000  0.0000  0.0000
 33.50       0    0.00  0.0000  0.0000  0.0000  0.0000
 34.50       0    0.00  0.0000  0.0000  0.0000  0.0000
 35.50       0    0.00  0.0000  0.0000  0.0000  0.0000
