  0.50    3558   52.78  0.0503 14.0087  0.0004  0.4956
  1.50    7191   53.77  0.0975 13.6063  0.0004  0.5023
  2.50   18162   53.66  0.1543 13.6501  0.0004  0.5154
  3.50   18633   53.22  0.2215 13.8480  0.0004  0.5048
  4.50   26576   52.98  0.2812 13.9550  0.0004  0.5107
  5.50   31334   53.36  0.3379 13.8089  0.0004  0.5295
  6.50   44891   53.91  0.4040 13.5977  0.0005  0.5522
  7.50   55834   53.98  0.4770 13.5927  0.0005  0.5462
  8.50   53604   54.51  0.5488 13.3896  0.0005  0.5544
  9.50   70702   54.64  0.6188 13.3601  0.0005  0.5858
 10.50   83360   54.99  0.6921 13.2285  0.0005  0.5858
 11.50   81651   54.99  0.7702 13.2299  0.0005  0.5825
 12.50  123508   54.73  0.8519 13.3517  0.0005  0.6157
 13.50  105292   54.61  0.9413 13.3904  0.0005  0.5990
 14.50  142411   54.11  1.0264 13.5821  0.0005  0.5901
 15.50  139479   52.74  1.1166 14.1473  0.0005  0.5827
 16.50  144259   51.63  1.2068 14.5809  0.0005  0.5461
 17.50  151379   50.15  1.2988 15.2016  0.0004  0.5015
 18.50  137015   47.76  1.3896 16.2883  0.0004  0.4258
 19.50  163038   45.23  1.4988 17.5012  0.0003  0.3338
 20.50  120281   42.00  1.6312 19.2095  0.0002  0.2065
 21.50   80675   38.42  1.7761 21.3447  0.0001  0.0991
 22.50   43397   35.29  1.9331 23.3000  0.0000  0.0352
 23.50   15837   32.30  2.0945 25.2974  0.0000  0.0062
 24.50    3146   29.64  2.2446 27.6571  0.0000  0.0007
 25.50      75   23.14  2.3658 37.6480  0.0000  0.0006
 26.50       0    0.00  0.0000  0.0000  0.0000  0.0000
 27.50       0    0.00  0.0000  0.0000  0.0000  0.0000
 28.50       0    0.00  0.0000  0.0000  0.0000  0.0000
 29.50       0    0.00  0.0000  0.0000  0.0000  0.0000
 30.50       0    0.00  0.0000  0.0000  0.0000  0.0000
 31.50       0    0.00  0.0000  0.0000  0.0000  0.0000
 32.50       0    0.00  0.0000  0.0000  0.0000  0.0000
 33.50       0    0.00  0.0000  0.0000  0.0000  0.0000
 34.50       0    0.00  0.0000  0.0000  0.0000  0.0000
 35.50       0    0.00  0.0000  0.0000  0.0000  0.0000
