  0.50       0    0.00  0.0000  0.0000  0.0000  0.0000
  1.50       0    0.00  0.0000  0.0000  0.0000  0.0000
  2.50       0    0.00  0.0000  0.0000  0.0000  0.0000
  3.50       0    0.00  0.0000  0.0000  0.0000  0.0000
  4.50       0    0.00  0.0000  0.0000  0.0000  0.0000
  5.50       0    0.00  0.0000  0.0000  0.0000  0.0000
  6.50       0    0.00  0.0000  0.0000  0.0000  0.0000
  7.50       0    0.00  0.0000  0.0000  0.0000  0.0000
  8.50   22741  123.19  1.0105  1.8792  0.0014  1.8007
  9.50   54454   99.91  1.1069  3.8535  0.0005  0.6149
 10.50   17220   78.42  1.2172  5.8646  0.0001  0.0934
 11.50    2113   58.32  1.4205  9.4566  0.0000  0.0056
 12.50     103   42.63  1.6548 16.8418  0.0000  0.0037
 13.50       0    0.00  0.0000  0.0000  0.0000  0.0000
 14.50       0    0.00  0.0000  0.0000  0.0000  0.0000
 15.50       0    0.00  0.0000  0.0000  0.0000  0.0000
 16.50       0    0.00  0.0000  0.0000  0.0000  0.0000
 17.50       0    0.00  0.0000  0.0000  0.0000  0.0000
 18.50       0    0.00  0.0000  0.0000  0.0000  0.0000
 19.50       0    0.00  0.0000  0.0000  0.0000  0.0000
 20.50       0    0.00  0.0000  0.0000  0.0000  0.0000
 21.50       0    0.00  0.0000  0.0000  0.0000  0.0000
 22.50       0    0.00  0.0000  0.0000  0.0000  0.0000
 23.50       0    0.00  0.0000  0.0000  0.0000  0.0000
 24.50       0    0.00  0.0000  0.0000  0.0000  0.0000
 25.50       0    0.00  0.0000  0.0000  0.0000  0.0000
 26.50       0    0.00  0.0000  0.0000  0.0000  0.0000
 27.50       0    0.00  0.0000  0.0000  0.0000  0.0000
 28.50       0    0.00  0.0000  0.0000  0.0000  0.0000
 29.50       0    0.00  0.0000  0.0000  0.0000  0.0000
 30.50       0    0.00  0.0000  0.0000  0.0000  0.0000
 31.50       0    0.00  0.0000  0.0000  0.0000  0.0000
 32.50       0    0.00  0.0000  0.0000  0.0000  0.0000
 33.50       0    0.00  0.0000  0.0000  0.0000  0.0000
 34.50       0    0.00  0.0000  0.0000  0.0000  0.0000
 35.50       0    0.00  0.0000  0.0000  0.0000  0.0000
