  0.50     198    5.00  0.0430 246.7360  0.0000  0.0177
  1.50     394    7.06  0.0636 185.7045  0.0000  0.0173
  2.50     948    5.00  0.1044 246.4994  0.0000  0.0176
  3.50     917    5.00  0.1354 246.5266  0.0000  0.0157
  4.50    1352    5.00  0.1688 247.2817  0.0000  0.0172
  5.50    1590    5.26  0.2164 236.3310  0.0000  0.0187
  6.50    2179    5.50  0.2517 234.6413  0.0000  0.0170
  7.50    2743    5.55  0.2988 230.4409  0.0000  0.0167
  8.50    2619    5.25  0.3371 238.7022  0.0000  0.0193
  9.50    3427    6.15  0.3866 215.9998  0.0000  0.0201
 10.50    3956    5.66  0.4297 224.7426  0.0000  0.0203
 11.50    3998    5.62  0.4696 224.8602  0.0000  0.0216
 12.50    6049    6.53  0.5216 203.0770  0.0000  0.0249
 13.50    5357    6.84  0.5726 190.9793  0.0000  0.0253
 14.50    7444    8.30  0.6262 162.9651  0.0000  0.0251
 15.50    7830    7.54  0.6777 175.1961  0.0000  0.0264
 16.50    8765    9.05  0.7360 131.7902  0.0000  0.0276
 17.50   10334   10.36  0.7946 113.4216  0.0000  0.0283
 18.50   10802   11.62  0.8553 100.6305  0.0000  0.0310
 19.50   15881   11.82  0.9204 98.7041  0.0000  0.0349
 20.50   16374   13.41  0.9961 84.7197  0.0000  0.0387
 21.50   18068   14.97  1.0712 74.4673  0.0000  0.0389
 22.50   20225   15.92  1.1465 68.6913  0.0000  0.0416
 23.50   22177   16.93  1.2241 63.9266  0.0000  0.0450
 24.50   21803   17.45  1.3055 62.0944  0.0000  0.0436
 25.50   13640   19.07  1.3992 55.3576  0.0000  0.0444
 26.50   12994   19.42  1.4984 54.4134  0.0000  0.0395
 27.50    9972   19.35  1.5976 54.1476  0.0000  0.0343
 28.50    6898   21.15  1.7024 48.7209  0.0000  0.0301
 29.50    6903   20.80  1.8234 49.1362  0.0000  0.0251
 30.50    2393   20.75  1.9451 49.0442  0.0000  0.0192
 31.50    2542   18.71  2.0888 55.8496  0.0000  0.0119
 32.50     506   19.59  2.2523 52.0829  0.0000  0.0099
 33.50     173   15.34  2.3930 69.1416  0.0000  0.0061
 34.50       0    0.00  0.0000  0.0000  0.0000  0.0000
 35.50       0    0.00  0.0000  0.0000  0.0000  0.0000
