  0.50     155   18.87  0.0157 62.0810  0.0000  0.0146
  1.50     260   15.58  0.0470 78.2865  0.0000  0.0126
  2.50     660   13.72  0.0842 91.9372  0.0000  0.0130
  3.50     675   16.43  0.1195 77.9321  0.0000  0.0116
  4.50     963   16.04  0.1470 76.4871  0.0000  0.0118
  5.50    1083   16.53  0.1813 74.7060  0.0000  0.0136
  6.50    1562   16.45  0.2186 74.2374  0.0000  0.0136
  7.50    1839   16.62  0.2466 73.3246  0.0000  0.0121
  8.50    1746   17.20  0.2863 69.7851  0.0000  0.0121
  9.50    2265   17.10  0.3206 70.7222  0.0000  0.0141
 10.50    2604   17.33  0.3598 69.6266  0.0000  0.0131
 11.50    2686   17.89  0.3957 67.2338  0.0000  0.0151
 12.50    3932   18.31  0.4340 65.2291  0.0000  0.0162
 13.50    3449   18.07  0.4754 66.6049  0.0000  0.0181
 14.50    4731   18.90  0.5154 62.7634  0.0000  0.0160
 15.50    4874   18.89  0.5607 62.8038  0.0000  0.0178
 16.50    5397   19.48  0.6049 60.4257  0.0000  0.0184
 17.50    6156   20.22  0.6462 58.0740  0.0000  0.0198
 18.50    6262   20.89  0.6963 55.4300  0.0000  0.0198
 19.50    9164   20.99  0.7462 55.2668  0.0000  0.0194
 20.50    9384   21.89  0.8013 52.5561  0.0000  0.0237
 21.50    9936   22.63  0.8600 50.2474  0.0000  0.0236
 22.50   11096   22.44  0.9151 50.9416  0.0000  0.0246
 23.50   12588   23.61  0.9723 47.8067  0.0000  0.0264
 24.50   12360   23.84  1.0335 47.2371  0.0000  0.0259
 25.50    8088   25.29  1.1077 43.7984  0.0000  0.0317
 26.50    7968   25.09  1.1786 44.1507  0.0000  0.0279
 27.50    6450   26.13  1.2468 41.8619  0.0000  0.0308
 28.50    5041   26.09  1.3291 41.9245  0.0000  0.0263
 29.50    5285   26.81  1.4239 40.4336  0.0000  0.0265
 30.50    2182   27.32  1.5000 39.2840  0.0000  0.0228
 31.50    2845   26.90  1.5993 40.0763  0.0000  0.0188
 32.50     764   26.68  1.7197 40.4703  0.0000  0.0178
 33.50     325   24.58  1.7996 44.6331  0.0000  0.0150
 34.50       0    0.00  0.0000  0.0000  0.0000  0.0000
 35.50       0    0.00  0.0000  0.0000  0.0000  0.0000
