  0.50  139027   45.51  0.0414  2.5480  0.0126  2.8839
  1.50  279757   45.63  0.0907  2.5381  0.0127  2.9007
  2.50  706163   45.79  0.1499  2.5222  0.0127  2.9166
  3.50  717960   45.87  0.2102  2.5199  0.0128  2.9381
  4.50 1022848   46.19  0.2658  2.4906  0.0129  2.9747
  5.50 1192347   46.42  0.3227  2.4700  0.0129  2.9862
  6.50 1683554   46.82  0.3873  2.4334  0.0130  3.0195
  7.50 2056924   47.19  0.4573  2.4026  0.0132  3.0590
  8.50 1963575   47.70  0.5246  2.3579  0.0133  3.1166
  9.50 2549034   48.13  0.5931  2.3217  0.0135  3.1626
 10.50 3018142   48.62  0.6688  2.2829  0.0136  3.2199
 11.50 2967361   49.17  0.7448  2.2363  0.0138  3.2879
 12.50 4480468   49.71  0.8322  2.1902  0.0141  3.3653
 13.50 3906166   50.33  0.9263  2.1384  0.0142  3.4177
 14.50 5407759   50.92  1.0239  2.0854  0.0144  3.4897
 15.50 5483707   51.41  1.1336  2.0398  0.0145  3.5425
 16.50 6008718   51.89  1.2460  1.9914  0.0145  3.5595
 17.50 6789667   52.24  1.3655  1.9477  0.0145  3.5725
 18.50 6796717   52.42  1.4916  1.9108  0.0142  3.5211
 19.50 9440468   52.40  1.6410  1.8760  0.0138  3.4333
 20.50 9087388   52.08  1.8126  1.8508  0.0130  3.2061
 21.50 9098519   51.45  1.9914  1.8354  0.0120  2.9422
 22.50 9227195   50.47  2.1818  1.8365  0.0108  2.6192
 23.50 9128371   49.09  2.3939  1.8518  0.0093  2.2195
 24.50 8006603   47.12  2.6412  1.8952  0.0074  1.7244
 25.50 4330402   44.40  2.9472  1.9815  0.0061  1.3895
 26.50 3536717   41.26  3.2826  2.1152  0.0048  1.0424
 27.50 2241997   37.48  3.6754  2.3150  0.0033  0.6985
 28.50 1210953   33.26  4.0986  2.6034  0.0020  0.3964
 29.50  825897   28.58  4.5213  3.0036  0.0009  0.1762
 30.50  170026   23.97  4.8646  3.4820  0.0006  0.1013
 31.50   92406   19.50  5.0746  4.1716  0.0001  0.0214
 32.50    5454   14.96  5.3994  5.1787  0.0000  0.0073
 33.50     715   11.53  6.1130  6.9238  0.0000  0.0017
 34.50       0    0.00  0.0000  0.0000  0.0000  0.0000
 35.50       0    0.00  0.0000  0.0000  0.0000  0.0000
