  0.50     113   28.13  0.0332 48.2948  0.0000  0.0170
  1.50     218   24.26  0.0679 57.9999  0.0000  0.0176
  2.50     541   25.97  0.1082 53.7393  0.0000  0.0177
  3.50     516   24.70  0.1476 58.0466  0.0000  0.0160
  4.50     763   25.06  0.2004 56.3292  0.0000  0.0175
  5.50     889   25.63  0.2292 54.9017  0.0000  0.0168
  6.50    1283   24.54  0.2760 57.4961  0.0000  0.0160
  7.50    1563   26.12  0.3279 53.3341  0.0000  0.0164
  8.50    1422   27.00  0.3672 50.9918  0.0000  0.0161
  9.50    1867   26.81  0.4117 51.5330  0.0000  0.0177
 10.50    2216   27.04  0.4628 51.2534  0.0000  0.0166
 11.50    2276   27.95  0.5169 48.9602  0.0000  0.0178
 12.50    3235   28.49  0.5716 47.9048  0.0000  0.0180
 13.50    2833   28.86  0.6276 47.0310  0.0000  0.0198
 14.50    3984   29.10  0.6861 46.6470  0.0000  0.0182
 15.50    3945   29.42  0.7419 45.9601  0.0000  0.0226
 16.50    4298   30.62  0.8084 43.6903  0.0000  0.0200
 17.50    4757   30.86  0.8685 43.2131  0.0000  0.0177
 18.50    4880   32.39  0.9302 40.6792  0.0000  0.0213
 19.50    6672   32.32  0.9973 40.7998  0.0000  0.0210
 20.50    6662   32.98  1.0793 39.9349  0.0000  0.0204
 21.50    6554   32.63  1.1544 40.3098  0.0000  0.0196
 22.50    6508   32.31  1.2265 40.8931  0.0000  0.0194
 23.50    6546   32.50  1.3097 40.4217  0.0000  0.0192
 24.50    5500   32.00  1.3973 41.3079  0.0000  0.0136
 25.50    2767   31.01  1.5029 42.7468  0.0000  0.0113
 26.50    1995   29.10  1.6287 45.9693  0.0000  0.0062
 27.50    1113   27.78  1.7590 49.5590  0.0000  0.0043
 28.50     387   28.33  1.9295 47.3259  0.0000  0.0021
 29.50     149   21.51  2.0917 69.8161  0.0000  0.0006
 30.50       0    0.00  0.0000  0.0000  0.0000  0.0000
 31.50       0    0.00  0.0000  0.0000  0.0000  0.0000
 32.50       0    0.00  0.0000  0.0000  0.0000  0.0000
 33.50       0    0.00  0.0000  0.0000  0.0000  0.0000
 34.50       0    0.00  0.0000  0.0000  0.0000  0.0000
 35.50       0    0.00  0.0000  0.0000  0.0000  0.0000
