  0.50     711   31.89  0.0215 33.0909  0.0001  0.0894
  1.50    1388   29.73  0.0704 36.3360  0.0001  0.0848
  2.50    3472   31.51  0.1147 33.6719  0.0001  0.0909
  3.50    3468   31.35  0.1606 33.8483  0.0001  0.0872
  4.50    4967   31.80  0.2009 33.2441  0.0001  0.0852
  5.50    5821   32.39  0.2474 32.4230  0.0001  0.0921
  6.50    8129   33.21  0.2932 31.3494  0.0001  0.0846
  7.50    9704   33.23  0.3443 31.3162  0.0001  0.0884
  8.50    9417   32.61  0.3930 32.1996  0.0001  0.0996
  9.50   12172   33.68  0.4442 30.8002  0.0001  0.0997
 10.50   14246   33.95  0.4970 30.4715  0.0001  0.1013
 11.50   14119   34.62  0.5515 29.6638  0.0001  0.1020
 12.50   21315   34.74  0.6065 29.5421  0.0001  0.1080
 13.50   18953   36.16  0.6733 27.9644  0.0001  0.1137
 14.50   25689   36.40  0.7365 27.6873  0.0001  0.1133
 15.50   26540   37.28  0.8069 26.8060  0.0001  0.1165
 16.50   28401   37.48  0.8740 26.6010  0.0001  0.1221
 17.50   32829   37.93  0.9436 26.1716  0.0001  0.1257
 18.50   32495   38.15  1.0202 25.9391  0.0001  0.1297
 19.50   44970   39.05  1.0986 25.0427  0.0001  0.1297
 20.50   42986   38.91  1.1928 25.1487  0.0001  0.1280
 21.50   42730   39.28  1.2800 24.7874  0.0001  0.1200
 22.50   42092   39.07  1.3707 24.8998  0.0001  0.1015
 23.50   40538   38.69  1.4690 25.1858  0.0001  0.0896
 24.50   33285   37.90  1.5683 25.7512  0.0000  0.0690
 25.50   16416   37.25  1.6935 26.1171  0.0000  0.0513
 26.50   11790   35.54  1.8304 27.7483  0.0000  0.0361
 27.50    5963   33.42  1.9703 29.7656  0.0000  0.0206
 28.50    2308   30.97  2.1355 32.5841  0.0000  0.0072
 29.50     890   27.89  2.3293 37.2317  0.0000  0.0015
 30.50      51   26.88  2.5161 47.5827  0.0000  0.0005
 31.50       0    0.00  0.0000  0.0000  0.0000  0.0000
 32.50       0    0.00  0.0000  0.0000  0.0000  0.0000
 33.50       0    0.00  0.0000  0.0000  0.0000  0.0000
 34.50       0    0.00  0.0000  0.0000  0.0000  0.0000
 35.50       0    0.00  0.0000  0.0000  0.0000  0.0000
