  0.50  237709   63.26  0.0484  1.7631  0.0264  7.1298
  1.50  478289   63.29  0.1081  1.7622  0.0263  7.1209
  2.50 1208216   63.44  0.1819  1.7524  0.0265  7.1752
  3.50 1231509   63.71  0.2562  1.7376  0.0266  7.2414
  4.50 1760159   64.00  0.3251  1.7207  0.0267  7.2693
  5.50 2060741   64.27  0.3961  1.7041  0.0268  7.3247
  6.50 2919363   64.65  0.4751  1.6798  0.0270  7.4183
  7.50 3582938   65.09  0.5638  1.6527  0.0272  7.4926
  8.50 3441253   65.53  0.6522  1.6249  0.0273  7.5801
  9.50 4476823   65.92  0.7412  1.5982  0.0275  7.6471
 10.50 5290663   66.30  0.8416  1.5671  0.0275  7.7012
 11.50 5191045   66.59  0.9447  1.5390  0.0275  7.7371
 12.50 7768432   66.79  1.0621  1.5078  0.0272  7.6714
 13.50 6653884   66.76  1.1903  1.4824  0.0265  7.4765
 14.50 8971836   66.48  1.3243  1.4589  0.0256  7.2169
 15.50 8736217   65.85  1.4741  1.4419  0.0244  6.8474
 16.50 9084651   64.84  1.6320  1.4336  0.0226  6.3082
 17.50 9622019   63.45  1.8026  1.4321  0.0203  5.5818
 18.50 8905857   61.68  1.9881  1.4370  0.0176  4.7567
 19.50 11106379   59.07  2.2197  1.4603  0.0145  3.7968
 20.50 9304245   55.58  2.5020  1.5134  0.0107  2.6825
 21.50 7887101   51.55  2.8193  1.5918  0.0077  1.8388
 22.50 6520773   46.92  3.1782  1.7168  0.0050  1.1384
 23.50 4927371   41.57  3.5881  1.9124  0.0029  0.6200
 24.50 2968579   35.66  4.0184  2.2020  0.0014  0.2743
 25.50  874019   29.45  4.4041  2.5618  0.0007  0.1366
 26.50  317224   23.81  4.6619  3.0374  0.0003  0.0480
 27.50   67064   18.07  5.0009  3.9903  0.0001  0.0103
 28.50    7430   11.85  5.9572  7.0298  0.0000  0.0006
 29.50     206    7.16  7.4086 17.1809  0.0000  0.0000
 30.50       0    0.00  0.0000  0.0000  0.0000  0.0000
 31.50       0    0.00  0.0000  0.0000  0.0000  0.0000
 32.50       0    0.00  0.0000  0.0000  0.0000  0.0000
 33.50       0    0.00  0.0000  0.0000  0.0000  0.0000
 34.50       0    0.00  0.0000  0.0000  0.0000  0.0000
 35.50       0    0.00  0.0000  0.0000  0.0000  0.0000
