  0.50     804   28.30  0.0254 37.6032  0.0001  0.0958
  1.50    1705   29.71  0.0649 35.3888  0.0001  0.1006
  2.50    4129   28.51  0.1120 37.3107  0.0001  0.0949
  3.50    4171   28.88  0.1529 36.7149  0.0001  0.1031
  4.50    6010   28.62  0.1966 37.1381  0.0001  0.0969
  5.50    7069   28.71  0.2351 37.0028  0.0001  0.1010
  6.50   10020   29.20  0.2826 36.2206  0.0001  0.0987
  7.50   12045   29.38  0.3320 35.9445  0.0001  0.1052
  8.50   11653   29.75  0.3794 35.4314  0.0001  0.1098
  9.50   15016   30.19  0.4279 34.7493  0.0001  0.1124
 10.50   17529   30.42  0.4781 34.4302  0.0001  0.1124
 11.50   17314   30.40  0.5272 34.4739  0.0001  0.1191
 12.50   26156   31.16  0.5822 33.4198  0.0001  0.1208
 13.50   22784   31.46  0.6429 33.0523  0.0001  0.1254
 14.50   31358   32.48  0.7014 31.6813  0.0001  0.1356
 15.50   31818   32.75  0.7644 31.3650  0.0001  0.1294
 16.50   34326   33.31  0.8283 30.6620  0.0001  0.1354
 17.50   39264   33.75  0.8918 30.1630  0.0001  0.1343
 18.50   39232   34.45  0.9578 29.3399  0.0001  0.1444
 19.50   54808   35.07  1.0331 28.6353  0.0001  0.1408
 20.50   52738   35.37  1.1152 28.3242  0.0001  0.1461
 21.50   53690   35.57  1.1926 28.0749  0.0001  0.1366
 22.50   54972   35.43  1.2700 28.2014  0.0001  0.1310
 23.50   54934   35.15  1.3567 28.4681  0.0001  0.1229
 24.50   47489   34.58  1.4496 28.9418  0.0001  0.1002
 25.50   25162   33.60  1.5611 29.8916  0.0001  0.0794
 26.50   19271   32.46  1.6771 31.0483  0.0000  0.0641
 27.50   10577   30.35  1.8209 33.5967  0.0000  0.0354
 28.50    4440   28.59  1.9710 35.7314  0.0000  0.0148
 29.50    1982   28.63  2.1723 34.6762  0.0000  0.0042
 30.50     153   24.90  2.2594 40.2866  0.0000  0.0013
 31.50      34   17.47  2.4147 65.3162  0.0000  0.0005
 32.50       0    0.00  0.0000  0.0000  0.0000  0.0000
 33.50       0    0.00  0.0000  0.0000  0.0000  0.0000
 34.50       0    0.00  0.0000  0.0000  0.0000  0.0000
 35.50       0    0.00  0.0000  0.0000  0.0000  0.0000
