  0.50      88   19.15  0.0315 76.3868  0.0000  0.0115
  1.50     164   19.54  0.0641 75.1005  0.0000  0.0099
  2.50     391   19.07  0.0942 77.2546  0.0000  0.0106
  3.50     373   19.68  0.1260 74.8111  0.0000  0.0103
  4.50     530   18.66  0.1703 79.4815  0.0000  0.0089
  5.50     662   18.04  0.1990 82.5759  0.0000  0.0103
  6.50     938   19.71  0.2375 74.3114  0.0000  0.0109
  7.50    1092   18.79  0.2778 78.3943  0.0000  0.0094
  8.50    1062   19.54  0.3145 75.1055  0.0000  0.0120
  9.50    1347   19.76  0.3562 73.9378  0.0000  0.0115
 10.50    1583   20.41  0.3913 71.6465  0.0000  0.0116
 11.50    1487   20.36  0.4295 72.0172  0.0000  0.0102
 12.50    2301   20.60  0.4791 70.8913  0.0000  0.0119
 13.50    2006   21.01  0.5288 69.2661  0.0000  0.0128
 14.50    2679   22.04  0.5769 65.1748  0.0000  0.0111
 15.50    2703   22.43  0.6237 63.7768  0.0000  0.0143
 16.50    2964   22.33  0.6785 64.2364  0.0000  0.0127
 17.50    3423   22.42  0.7236 63.8604  0.0000  0.0159
 18.50    3360   23.28  0.7736 61.0522  0.0000  0.0111
 19.50    4710   24.10  0.8360 58.5877  0.0000  0.0130
 20.50    4685   24.94  0.8934 56.2134  0.0000  0.0147
 21.50    4929   25.74  0.9622 54.0801  0.0000  0.0179
 22.50    5288   26.33  1.0195 52.7669  0.0000  0.0125
 23.50    5522   26.99  1.0885 51.2039  0.0000  0.0160
 24.50    5277   26.92  1.1533 51.2947  0.0000  0.0144
 25.50    3235   26.68  1.2295 51.6740  0.0000  0.0144
 26.50    2892   27.12  1.3210 50.7485  0.0000  0.0123
 27.50    2047   27.23  1.3982 50.1765  0.0000  0.0122
 28.50    1298   25.94  1.4791 53.9991  0.0000  0.0081
 29.50    1145   25.21  1.6100 54.8938  0.0000  0.0053
 30.50     370   23.59  1.7438 59.1281  0.0000  0.0043
 31.50     296   25.09  1.8506 55.1243  0.0000  0.0017
 32.50      50   24.06  2.1143 57.4200  0.0000  0.0015
 33.50       0    0.00  0.0000  0.0000  0.0000  0.0000
 34.50       0    0.00  0.0000  0.0000  0.0000  0.0000
 35.50       0    0.00  0.0000  0.0000  0.0000  0.0000
