  0.50     658   24.43  0.0229 44.8842  0.0001  0.0706
  1.50    1380   24.03  0.0613 45.8683  0.0001  0.0733
  2.50    3441   23.47  0.1017 47.2071  0.0001  0.0747
  3.50    3305   23.35  0.1352 47.4634  0.0001  0.0741
  4.50    4877   23.57  0.1733 46.9776  0.0001  0.0720
  5.50    5709   23.48  0.2101 47.2088  0.0001  0.0742
  6.50    8128   24.13  0.2499 45.7037  0.0001  0.0733
  7.50    9852   24.04  0.2942 45.9051  0.0001  0.0796
  8.50    9164   24.27  0.3350 45.3820  0.0001  0.0739
  9.50   11894   24.39  0.3758 45.1359  0.0001  0.0824
 10.50   13987   25.00  0.4210 43.8166  0.0001  0.0902
 11.50   13482   25.12  0.4652 43.5663  0.0001  0.0806
 12.50   20460   25.31  0.5113 43.1708  0.0001  0.0898
 13.50   17641   25.68  0.5603 42.4637  0.0001  0.0911
 14.50   24228   26.05  0.6134 41.6862  0.0001  0.0934
 15.50   24797   26.46  0.6644 40.9440  0.0001  0.0936
 16.50   26553   27.49  0.7214 39.0109  0.0001  0.1019
 17.50   30406   27.59  0.7758 38.8799  0.0001  0.1003
 18.50   30481   28.25  0.8314 37.7117  0.0001  0.1030
 19.50   43306   28.72  0.8938 36.9782  0.0001  0.1022
 20.50   42489   29.36  0.9651 35.9593  0.0001  0.1115
 21.50   44415   30.09  1.0348 34.8435  0.0001  0.1075
 22.50   46926   30.62  1.1043 34.0602  0.0001  0.1129
 23.50   49272   30.83  1.1730 33.7598  0.0001  0.1099
 24.50   46639   31.14  1.2491 33.2655  0.0001  0.1045
 25.50   27854   30.83  1.3361 33.6601  0.0001  0.0960
 26.50   25003   30.70  1.4202 33.7332  0.0001  0.0835
 27.50   18015   30.61  1.5226 33.7390  0.0001  0.0716
 28.50   11468   30.18  1.6322 34.1361  0.0000  0.0550
 29.50    9351   28.80  1.7643 36.0030  0.0000  0.0357
 30.50    2682   26.71  1.9044 39.2287  0.0000  0.0252
 31.50    2022   25.90  2.0746 40.1784  0.0000  0.0089
 32.50     185   27.10  2.3359 37.3344  0.0000  0.0035
 33.50      26   24.19  2.4105 41.2463  0.0000  0.0011
 34.50       0    0.00  0.0000  0.0000  0.0000  0.0000
 35.50       0    0.00  0.0000  0.0000  0.0000  0.0000
