  0.50    1723   23.43  0.0289 40.5921  0.0001  0.1480
  1.50    3422   23.06  0.0556 41.3635  0.0001  0.1482
  2.50    8615   23.32  0.0957 40.8505  0.0001  0.1516
  3.50    8650   23.19  0.1335 41.1183  0.0001  0.1471
  4.50   12385   23.33  0.1681 40.8247  0.0001  0.1519
  5.50   14300   23.41  0.2047 40.6573  0.0001  0.1458
  6.50   19954   23.38  0.2412 40.7227  0.0001  0.1556
  7.50   24402   23.46  0.2848 40.5938  0.0001  0.1537
  8.50   22871   23.47  0.3219 40.5690  0.0001  0.1571
  9.50   29174   23.88  0.3610 39.7352  0.0001  0.1556
 10.50   34305   23.87  0.4018 39.7855  0.0001  0.1660
 11.50   33175   24.13  0.4432 39.2741  0.0001  0.1661
 12.50   49204   24.29  0.4875 38.9762  0.0001  0.1686
 13.50   42621   24.55  0.5357 38.4917  0.0001  0.1712
 14.50   58240   24.90  0.5821 37.8433  0.0002  0.1829
 15.50   58617   25.19  0.6319 37.3478  0.0002  0.1881
 16.50   63871   25.56  0.6829 36.7101  0.0002  0.1901
 17.50   71319   25.72  0.7335 36.4330  0.0002  0.1902
 18.50   72244   26.32  0.7884 35.4190  0.0002  0.1940
 19.50  101939   26.79  0.8481 34.6777  0.0002  0.2006
 20.50  101040   27.05  0.9138 34.2737  0.0002  0.2044
 21.50  105480   27.64  0.9784 33.3752  0.0002  0.2156
 22.50  112995   28.03  1.0450 32.7979  0.0002  0.2219
 23.50  120952   28.56  1.1112 32.0550  0.0002  0.2216
 24.50  116790   28.75  1.1832 31.7544  0.0002  0.2119
 25.50   72197   29.04  1.2638 31.3418  0.0002  0.2075
 26.50   68980   29.13  1.3459 31.1976  0.0002  0.2000
 27.50   53153   29.09  1.4282 31.1612  0.0002  0.1842
 28.50   37000   28.71  1.5200 31.6048  0.0001  0.1605
 29.50   36382   28.01  1.6265 32.4659  0.0001  0.1252
 30.50   13062   27.15  1.7412 33.5594  0.0001  0.1129
 31.50   14114   26.12  1.8838 34.9412  0.0001  0.0677
 32.50    2564   25.11  2.0493 36.2035  0.0000  0.0481
 33.50     826   24.64  2.1691 36.5622  0.0000  0.0298
 34.50       0    0.00  0.0000  0.0000  0.0000  0.0000
 35.50       0    0.00  0.0000  0.0000  0.0000  0.0000
