  0.50     758   26.71  0.0239 40.3675  0.0001  0.0871
  1.50    1590   27.43  0.0615 39.0939  0.0001  0.0899
  2.50    3851   26.79  0.1085 40.2894  0.0001  0.0859
  3.50    3850   26.88  0.1469 40.0817  0.0001  0.0916
  4.50    5614   26.76  0.1876 40.3439  0.0001  0.0909
  5.50    6542   26.95  0.2266 39.9896  0.0001  0.0899
  6.50    9335   27.43  0.2703 39.1189  0.0001  0.0939
  7.50   11121   27.29  0.3182 39.3771  0.0001  0.0919
  8.50   10738   27.60  0.3636 38.8749  0.0001  0.0991
  9.50   13850   28.26  0.4088 37.7198  0.0001  0.1046
 10.50   16161   28.24  0.4594 37.7568  0.0001  0.0989
 11.50   16028   28.45  0.5047 37.4461  0.0001  0.1057
 12.50   23815   29.06  0.5559 36.4497  0.0001  0.1091
 13.50   20968   29.46  0.6143 35.8617  0.0001  0.1138
 14.50   28787   29.97  0.6683 35.1047  0.0001  0.1128
 15.50   28953   30.79  0.7303 33.8931  0.0001  0.1225
 16.50   31708   31.04  0.7889 33.5723  0.0001  0.1177
 17.50   35697   31.55  0.8497 32.8627  0.0001  0.1259
 18.50   36377   32.15  0.9128 32.0791  0.0001  0.1240
 19.50   50524   32.97  0.9842 31.0487  0.0001  0.1290
 20.50   49533   33.39  1.0609 30.5340  0.0001  0.1275
 21.50   50810   33.80  1.1382 30.0378  0.0001  0.1332
 22.50   52618   33.74  1.2104 30.0707  0.0001  0.1249
 23.50   53894   34.01  1.2915 29.7303  0.0001  0.1224
 24.50   48694   33.40  1.3760 30.3708  0.0001  0.1017
 25.50   26970   33.39  1.4777 30.2361  0.0001  0.0848
 26.50   22433   32.40  1.5866 31.2694  0.0001  0.0718
 27.50   13763   30.99  1.7049 32.9262  0.0000  0.0494
 28.50    7124   28.97  1.8494 35.5791  0.0000  0.0308
 29.50    4380   28.04  2.0116 36.4744  0.0000  0.0124
 30.50     692   28.38  2.2141 35.0277  0.0000  0.0058
 31.50     217   24.42  2.3268 45.0876  0.0000  0.0008
 32.50       0    0.00  0.0000  0.0000  0.0000  0.0000
 33.50       0    0.00  0.0000  0.0000  0.0000  0.0000
 34.50       0    0.00  0.0000  0.0000  0.0000  0.0000
 35.50       0    0.00  0.0000  0.0000  0.0000  0.0000
