  0.50  154792   48.46  0.0429  2.3829  0.0146  3.4304
  1.50  309107   48.64  0.0946  2.3594  0.0145  3.4187
  2.50  782778   48.69  0.1560  2.3595  0.0146  3.4498
  3.50  795195   48.88  0.2182  2.3459  0.0147  3.4701
  4.50 1135010   49.12  0.2764  2.3272  0.0148  3.5054
  5.50 1324532   49.45  0.3360  2.2996  0.0149  3.5364
  6.50 1871233   49.83  0.4035  2.2683  0.0149  3.5589
  7.50 2287115   50.25  0.4763  2.2348  0.0151  3.6213
  8.50 2188875   50.74  0.5473  2.1958  0.0153  3.6869
  9.50 2845050   51.17  0.6194  2.1637  0.0154  3.7398
 10.50 3367596   51.69  0.6990  2.1236  0.0157  3.8131
 11.50 3313886   52.24  0.7800  2.0798  0.0158  3.8773
 12.50 5012750   52.78  0.8720  2.0372  0.0160  3.9412
 13.50 4361780   53.38  0.9725  1.9868  0.0163  4.0339
 14.50 6038010   53.89  1.0769  1.9418  0.0163  4.0723
 15.50 6103625   54.33  1.1937  1.8976  0.0164  4.1163
 16.50 6648771   54.66  1.3140  1.8560  0.0163  4.1150
 17.50 7458814   54.82  1.4412  1.8205  0.0160  4.0451
 18.50 7395182   54.75  1.5764  1.7927  0.0155  3.9426
 19.50 10136254   54.43  1.7371  1.7662  0.0148  3.7461
 20.50 9584112   53.71  1.9221  1.7523  0.0134  3.3730
 21.50 9406982   52.61  2.1183  1.7515  0.0120  2.9835
 22.50 9310351   51.12  2.3275  1.7676  0.0104  2.5404
 23.50 8930543   49.14  2.5657  1.8032  0.0086  2.0339
 24.50 7557674   46.47  2.8469  1.8781  0.0065  1.4828
 25.50 3893281   42.98  3.2009  2.0051  0.0051  1.1350
 26.50 2976607   39.08  3.5851  2.1914  0.0037  0.7857
 27.50 1711825   34.53  4.0168  2.4713  0.0023  0.4728
 28.50  801572   29.82  4.4311  2.8359  0.0012  0.2283
 29.50  437236   24.94  4.7741  3.2949  0.0004  0.0761
 30.50   64416   20.22  5.0075  3.9006  0.0002  0.0355
 31.50   26083   15.41  5.3389  5.2194  0.0000  0.0044
 32.50     699    8.90  6.4712 10.2188  0.0000  0.0007
 33.50       0    0.00  0.0000  0.0000  0.0000  0.0000
 34.50       0    0.00  0.0000  0.0000  0.0000  0.0000
 35.50       0    0.00  0.0000  0.0000  0.0000  0.0000
