  0.50       0    0.00  0.0000  0.0000  0.0000  0.0000
  1.50       0    0.00  0.0000  0.0000  0.0000  0.0000
  2.50       0    0.00  0.0000  0.0000  0.0000  0.0000
  3.50       0    0.00  0.0000  0.0000  0.0000  0.0000
  4.50       0    0.00  0.0000  0.0000  0.0000  0.0000
  5.50    2898  147.73  0.5735  0.4729  0.0002  0.3494
  6.50    7572  143.89  0.6741  0.7741  0.0002  0.3576
  7.50   11835  136.65  0.7946  1.3748  0.0002  0.2916
  8.50    9846  124.37  0.9115  2.5716  0.0001  0.2507
  9.50   10825  111.73  1.0175  4.0869  0.0001  0.1853
 10.50   10181   98.11  1.1086  6.1492  0.0001  0.1485
 11.50    7681   87.53  1.2015  8.1396  0.0001  0.0993
 12.50    7096   75.38  1.3001 10.9885  0.0000  0.0423
 13.50    2618   63.81  1.4060 14.4324  0.0000  0.0133
 14.50     859   52.55  1.4981 19.7193  0.0000  0.0021
 15.50      27   55.21  1.6984 17.3723  0.0000  0.0025
 16.50       0    0.00  0.0000  0.0000  0.0000  0.0000
 17.50       0    0.00  0.0000  0.0000  0.0000  0.0000
 18.50       0    0.00  0.0000  0.0000  0.0000  0.0000
 19.50       0    0.00  0.0000  0.0000  0.0000  0.0000
 20.50       0    0.00  0.0000  0.0000  0.0000  0.0000
 21.50       0    0.00  0.0000  0.0000  0.0000  0.0000
 22.50       0    0.00  0.0000  0.0000  0.0000  0.0000
 23.50       0    0.00  0.0000  0.0000  0.0000  0.0000
 24.50       0    0.00  0.0000  0.0000  0.0000  0.0000
 25.50       0    0.00  0.0000  0.0000  0.0000  0.0000
 26.50       0    0.00  0.0000  0.0000  0.0000  0.0000
 27.50       0    0.00  0.0000  0.0000  0.0000  0.0000
 28.50       0    0.00  0.0000  0.0000  0.0000  0.0000
 29.50       0    0.00  0.0000  0.0000  0.0000  0.0000
 30.50       0    0.00  0.0000  0.0000  0.0000  0.0000
 31.50       0    0.00  0.0000  0.0000  0.0000  0.0000
 32.50       0    0.00  0.0000  0.0000  0.0000  0.0000
 33.50       0    0.00  0.0000  0.0000  0.0000  0.0000
 34.50       0    0.00  0.0000  0.0000  0.0000  0.0000
 35.50       0    0.00  0.0000  0.0000  0.0000  0.0000
