  0.50   87000   34.24  0.0356  3.4647  0.0067  1.3603
  1.50  175199   34.21  0.0746  3.4743  0.0067  1.3633
  2.50  441862   34.24  0.1249  3.4734  0.0068  1.3766
  3.50  445825   34.41  0.1735  3.4452  0.0068  1.3788
  4.50  634485   34.58  0.2206  3.4235  0.0069  1.4036
  5.50  735781   34.78  0.2673  3.3944  0.0069  1.4049
  6.50 1035902   35.02  0.3190  3.3636  0.0070  1.4309
  7.50 1255998   35.28  0.3752  3.3281  0.0070  1.4416
  8.50 1189534   35.62  0.4297  3.2787  0.0071  1.4655
  9.50 1535134   35.97  0.4833  3.2342  0.0071  1.4769
 10.50 1802770   36.33  0.5423  3.1889  0.0073  1.5113
 11.50 1759759   36.75  0.6013  3.1341  0.0073  1.5306
 12.50 2640477   37.24  0.6671  3.0721  0.0075  1.5741
 13.50 2290182   37.73  0.7383  3.0143  0.0076  1.6131
 14.50 3160471   38.27  0.8106  2.9481  0.0077  1.6443
 15.50 3198979   38.83  0.8897  2.8817  0.0079  1.6909
 16.50 3516647   39.39  0.9699  2.8163  0.0080  1.7290
 17.50 4009162   39.96  1.0554  2.7508  0.0082  1.7720
 18.50 4076083   40.55  1.1453  2.6806  0.0083  1.8134
 19.50 5829487   41.11  1.2512  2.6164  0.0084  1.8526
 20.50 5855287   41.70  1.3712  2.5467  0.0086  1.8989
 21.50 6189914   42.24  1.4959  2.4756  0.0086  1.9149
 22.50 6703207   42.63  1.6224  2.4202  0.0086  1.9250
 23.50 7193256   42.90  1.7605  2.3686  0.0084  1.8942
 24.50 7000832   42.97  1.9179  2.3260  0.0080  1.8003
 25.50 4329445   42.82  2.0996  2.2920  0.0076  1.7030
 26.50 4127212   42.38  2.2865  2.2786  0.0070  1.5741
 27.50 3212644   41.57  2.5001  2.2900  0.0063  1.4041
 28.50 2271726   40.50  2.7306  2.3158  0.0054  1.1855
 29.50 2311731   38.85  3.0076  2.3858  0.0044  0.9340
 30.50  869715   36.71  3.3188  2.5097  0.0038  0.8011
 31.50 1051117   34.18  3.6737  2.6879  0.0027  0.5427
 32.50  236581   30.85  4.1082  2.9713  0.0021  0.4210
 33.50   95015   28.32  4.4185  3.2430  0.0016  0.3080
 34.50       0    0.00  0.0000  0.0000  0.0000  0.0000
 35.50       0    0.00  0.0000  0.0000  0.0000  0.0000
