  0.50     107    5.00  0.0281 245.6290  0.0000  0.0090
  1.50     246    5.00  0.0547 245.7595  0.0000  0.0095
  2.50     570    5.00  0.0800 245.6182  0.0000  0.0107
  3.50     550    5.00  0.1334 245.3630  0.0000  0.0099
  4.50     723    5.00  0.1637 245.3016  0.0000  0.0096
  5.50    1008    5.00  0.2045 245.1573  0.0000  0.0101
  6.50    1323    5.00  0.2347 245.3262  0.0000  0.0091
  7.50    1639    5.00  0.2822 245.3471  0.0000  0.0103
  8.50    1603    5.00  0.3171 246.1043  0.0000  0.0104
  9.50    1999    5.00  0.3579 245.7272  0.0000  0.0114
 10.50    2426    5.00  0.3951 246.3079  0.0000  0.0116
 11.50    2345    5.00  0.4337 246.5899  0.0000  0.0134
 12.50    3648    5.00  0.4848 246.8247  0.0000  0.0128
 13.50    3128    5.00  0.5253 246.4884  0.0000  0.0130
 14.50    4522    5.08  0.5797 243.4703  0.0000  0.0146
 15.50    4590    5.14  0.6326 242.4205  0.0000  0.0141
 16.50    5249    5.38  0.6812 233.1562  0.0000  0.0156
 17.50    6083    5.21  0.7340 242.0947  0.0000  0.0160
 18.50    6362    5.89  0.7881 215.2668  0.0000  0.0158
 19.50    9522    6.33  0.8495 205.1074  0.0000  0.0205
 20.50   10117    7.63  0.9130 168.2215  0.0000  0.0223
 21.50   10912    7.91  0.9795 165.1247  0.0000  0.0246
 22.50   12349    9.54  1.0483 131.4203  0.0000  0.0251
 23.50   13887   11.18  1.1206 103.8693  0.0000  0.0270
 24.50   14096   11.94  1.1947 96.2500  0.0000  0.0263
 25.50    9253   12.53  1.2804 92.3648  0.0000  0.0272
 26.50    9292   14.48  1.3627 76.3011  0.0000  0.0284
 27.50    7360   15.85  1.4524 68.7152  0.0000  0.0269
 28.50    5594   15.16  1.5474 71.7482  0.0000  0.0260
 29.50    5891   16.91  1.6532 63.5755  0.0000  0.0241
 30.50    2361   16.58  1.7585 66.3787  0.0000  0.0219
 31.50    2945   18.13  1.8775 57.7696  0.0000  0.0153
 32.50     703   18.25  2.0165 56.8767  0.0000  0.0132
 33.50     310   21.11  2.1182 47.3068  0.0000  0.0115
 34.50       0    0.00  0.0000  0.0000  0.0000  0.0000
 35.50       0    0.00  0.0000  0.0000  0.0000  0.0000
