  0.50    2105   26.36  0.0299 36.9825  0.0002  0.2054
  1.50    4236   25.98  0.0617 37.6640  0.0002  0.2078
  2.50   10545   25.79  0.1004 38.0150  0.0002  0.1953
  3.50   10733   26.12  0.1432 37.4309  0.0002  0.2046
  4.50   15476   25.53  0.1787 38.5408  0.0002  0.2133
  5.50   17733   26.13  0.2180 37.4284  0.0002  0.2108
  6.50   24703   26.24  0.2573 37.2361  0.0002  0.2126
  7.50   30482   26.22  0.3020 37.3007  0.0002  0.2148
  8.50   28781   26.42  0.3438 36.9574  0.0002  0.2193
  9.50   37137   26.62  0.3849 36.6341  0.0002  0.2282
 10.50   44003   26.84  0.4295 36.2700  0.0002  0.2346
 11.50   42802   27.09  0.4737 35.8738  0.0002  0.2406
 12.50   64771   27.40  0.5222 35.3801  0.0002  0.2452
 13.50   55423   27.73  0.5749 34.8666  0.0002  0.2538
 14.50   77168   28.16  0.6263 34.2183  0.0002  0.2654
 15.50   77717   28.73  0.6832 33.3740  0.0002  0.2687
 16.50   84685   29.19  0.7383 32.7116  0.0002  0.2842
 17.50   96438   29.68  0.7955 32.0477  0.0002  0.2946
 18.50   97745   30.17  0.8535 31.3831  0.0002  0.2951
 19.50  139291   30.81  0.9204 30.5712  0.0002  0.3087
 20.50  138371   31.17  0.9929 30.1221  0.0002  0.3091
 21.50  143640   31.88  1.0648 29.2420  0.0003  0.3282
 22.50  153580   32.13  1.1355 28.9365  0.0003  0.3210
 23.50  160380   32.52  1.2102 28.4614  0.0003  0.3163
 24.50  152924   32.72  1.2886 28.2066  0.0002  0.2974
 25.50   91505   32.77  1.3787 28.0809  0.0002  0.2816
 26.50   82882   32.47  1.4703 28.3528  0.0002  0.2543
 27.50   59509   31.95  1.5696 28.8302  0.0002  0.2114
 28.50   38486   31.27  1.6832 29.4763  0.0001  0.1674
 29.50   32524   29.94  1.8125 30.9227  0.0001  0.1050
 30.50    9430   28.59  1.9515 32.4794  0.0001  0.0785
 31.50    7472   27.85  2.1364 32.9318  0.0000  0.0296
 32.50     762   26.99  2.3240 33.2541  0.0000  0.0142
 33.50     143   23.76  2.5224 38.3892  0.0000  0.0051
 34.50       0    0.00  0.0000  0.0000  0.0000  0.0000
 35.50       0    0.00  0.0000  0.0000  0.0000  0.0000
