  0.50   13772   37.13  0.0369 19.3743  0.0013  1.2478
  1.50   27130   37.22  0.0754 19.2910  0.0012  1.2317
  2.50   68898   37.36  0.1256 19.2035  0.0012  1.2374
  3.50   70235   37.13  0.1771 19.3861  0.0012  1.2401
  4.50  100345   37.12  0.2238 19.3998  0.0013  1.2703
  5.50  117520   37.37  0.2705 19.2351  0.0013  1.2921
  6.50  166150   37.46  0.3228 19.1813  0.0013  1.3192
  7.50  204400   37.47  0.3786 19.1987  0.0014  1.3481
  8.50  194239   37.73  0.4325 19.0293  0.0014  1.3557
  9.50  252509   37.86  0.4845 18.9526  0.0014  1.3953
 10.50  297311   38.19  0.5433 18.7436  0.0014  1.4341
 11.50  292064   38.54  0.6011 18.5202  0.0015  1.4539
 12.50  443414   38.82  0.6646 18.3612  0.0015  1.5083
 13.50  384689   39.23  0.7331 18.1102  0.0016  1.5657
 14.50  531512   39.56  0.8024 17.9141  0.0016  1.5981
 15.50  537030   39.92  0.8776 17.6992  0.0016  1.6156
 16.50  585571   40.14  0.9521 17.5701  0.0016  1.6466
 17.50  661441   40.36  1.0290 17.4471  0.0017  1.6721
 18.50  659026   40.50  1.1086 17.3554  0.0017  1.6894
 19.50  912919   40.33  1.1968 17.4474  0.0016  1.6534
 20.50  875567   40.14  1.2960 17.5399  0.0016  1.5844
 21.50  874360   39.62  1.3914 17.8261  0.0015  1.5266
 22.50  875349   38.80  1.4868 18.2905  0.0014  1.3579
 23.50  854941   37.77  1.5880 18.9043  0.0012  1.1902
 24.50  725657   36.20  1.6956 19.8900  0.0010  0.9520
 25.50  370222   34.34  1.8259 21.1322  0.0008  0.7503
 26.50  267498   32.21  1.9654 22.7036  0.0005  0.5284
 27.50  135781   30.14  2.1254 24.2968  0.0003  0.2912
 28.50   49956   27.91  2.3016 26.1356  0.0001  0.1066
 29.50   17980   25.78  2.4955 27.8025  0.0000  0.0191
 30.50    1128   23.33  2.6322 30.0526  0.0000  0.0055
 31.50     193   18.63  2.8179 39.7540  0.0000  0.0003
 32.50       0    0.00  0.0000  0.0000  0.0000  0.0000
 33.50       0    0.00  0.0000  0.0000  0.0000  0.0000
 34.50       0    0.00  0.0000  0.0000  0.0000  0.0000
 35.50       0    0.00  0.0000  0.0000  0.0000  0.0000
