  0.50     119   15.38  0.0097 88.4322  0.0000  0.0120
  1.50     240   18.72  0.0482 70.4026  0.0000  0.0127
  2.50     651   18.37  0.0751 72.0784  0.0000  0.0142
  3.50     639   18.97  0.1094 71.0035  0.0000  0.0118
  4.50     890   17.94  0.1403 74.2866  0.0000  0.0123
  5.50    1037   17.72  0.1691 76.0681  0.0000  0.0145
  6.50    1426   17.55  0.1981 76.9767  0.0000  0.0143
  7.50    1717   17.64  0.2284 75.8713  0.0000  0.0135
  8.50    1582   18.05  0.2630 74.1179  0.0000  0.0107
  9.50    2115   18.03  0.2924 74.1958  0.0000  0.0127
 10.50    2459   18.22  0.3247 73.1679  0.0000  0.0137
 11.50    2306   19.00  0.3604 69.5940  0.0000  0.0162
 12.50    3518   18.75  0.3965 70.6790  0.0000  0.0140
 13.50    2970   18.69  0.4306 71.0091  0.0000  0.0129
 14.50    4107   19.28  0.4698 68.8229  0.0000  0.0173
 15.50    4045   19.49  0.5091 67.6498  0.0000  0.0160
 16.50    4357   19.91  0.5502 66.1674  0.0000  0.0172
 17.50    5004   20.11  0.5853 65.6033  0.0000  0.0172
 18.50    5056   20.48  0.6294 64.0263  0.0000  0.0187
 19.50    6975   20.61  0.6748 63.5903  0.0000  0.0171
 20.50    7173   21.34  0.7217 60.8509  0.0000  0.0176
 21.50    7608   21.18  0.7677 61.4195  0.0000  0.0193
 22.50    8341   21.69  0.8190 59.7681  0.0000  0.0224
 23.50    8885   22.87  0.8702 56.0279  0.0000  0.0246
 24.50    8906   22.97  0.9268 55.6454  0.0000  0.0227
 25.50    5633   23.23  0.9862 54.8261  0.0000  0.0218
 26.50    5582   24.10  1.0457 52.4444  0.0000  0.0219
 27.50    4437   25.00  1.1131 50.0566  0.0000  0.0221
 28.50    3436   25.75  1.1809 48.2685  0.0000  0.0207
 29.50    3745   25.44  1.2528 48.9249  0.0000  0.0216
 30.50    1563   26.17  1.3259 47.2000  0.0000  0.0179
 31.50    2172   25.66  1.4025 48.3007  0.0000  0.0184
 32.50     567   25.28  1.5044 49.2358  0.0000  0.0169
 33.50     256   26.21  1.5929 46.6414  0.0000  0.0139
 34.50       0    0.00  0.0000  0.0000  0.0000  0.0000
 35.50       0    0.00  0.0000  0.0000  0.0000  0.0000
