  0.50    3370   38.33  0.0324 22.9900  0.0003  0.4125
  1.50    6853   38.86  0.0806 22.5563  0.0003  0.4215
  2.50   17238   38.87  0.1279 22.5522  0.0003  0.4233
  3.50   17670   38.69  0.1826 22.7301  0.0003  0.4165
  4.50   25103   38.90  0.2286 22.5533  0.0003  0.4244
  5.50   29109   38.85  0.2769 22.5975  0.0003  0.4307
  6.50   41679   39.22  0.3299 22.3268  0.0004  0.4431
  7.50   51136   39.38  0.3896 22.2054  0.0004  0.4498
  8.50   49240   39.74  0.4453 21.9446  0.0004  0.4638
  9.50   63815   40.00  0.5008 21.7526  0.0004  0.4659
 10.50   76852   40.63  0.5620 21.3089  0.0004  0.4946
 11.50   75220   41.16  0.6231 20.9290  0.0004  0.5102
 12.50  113517   41.46  0.6908 20.7189  0.0004  0.5235
 13.50   98967   42.23  0.7629 20.1903  0.0004  0.5367
 14.50  137164   42.62  0.8338 19.9383  0.0004  0.5548
 15.50  138089   42.84  0.9120 19.7943  0.0005  0.5676
 16.50  150357   43.21  0.9870 19.5576  0.0005  0.5764
 17.50  166575   43.27  1.0641 19.5087  0.0005  0.5730
 18.50  163653   43.15  1.1429 19.5736  0.0004  0.5618
 19.50  220774   43.04  1.2322 19.6095  0.0004  0.5325
 20.50  203618   42.49  1.3285 19.9393  0.0004  0.4787
 21.50  192205   41.44  1.4254 20.5818  0.0003  0.4049
 22.50  177604   40.07  1.5235 21.4593  0.0003  0.3364
 23.50  153405   38.30  1.6342 22.6896  0.0002  0.2432
 24.50  108154   36.30  1.7646 24.1145  0.0001  0.1405
 25.50   40103   34.10  1.9281 25.7382  0.0001  0.0820
 26.50   17440   32.00  2.1029 27.3195  0.0000  0.0346
 27.50    3994   29.27  2.2881 29.6612  0.0000  0.0063
 28.50     414   28.86  2.4455 28.6424  0.0000  0.0024
 29.50       0    0.00  0.0000  0.0000  0.0000  0.0000
 30.50       0    0.00  0.0000  0.0000  0.0000  0.0000
 31.50       0    0.00  0.0000  0.0000  0.0000  0.0000
 32.50       0    0.00  0.0000  0.0000  0.0000  0.0000
 33.50       0    0.00  0.0000  0.0000  0.0000  0.0000
 34.50       0    0.00  0.0000  0.0000  0.0000  0.0000
 35.50       0    0.00  0.0000  0.0000  0.0000  0.0000
