  0.50    8094   77.41  0.0525  7.4640  0.0012  1.5177
  1.50   16133   78.71  0.1150  7.1734  0.0012  1.5171
  2.50   41204   78.51  0.1939  7.2270  0.0012  1.5329
  3.50   42507   78.80  0.2735  7.1789  0.0012  1.5544
  4.50   60501   78.60  0.3480  7.2156  0.0012  1.5505
  5.50   71920   79.03  0.4231  7.1425  0.0012  1.5921
  6.50  103030   78.88  0.5059  7.1850  0.0012  1.6245
  7.50  126753   78.60  0.5987  7.2455  0.0012  1.6351
  8.50  121206   78.41  0.6867  7.2847  0.0012  1.6471
  9.50  155801   77.47  0.7727  7.4779  0.0012  1.6331
 10.50  181256   75.81  0.8666  7.8333  0.0012  1.5956
 11.50  171855   74.05  0.9584  8.2066  0.0012  1.5819
 12.50  245517   71.67  1.0578  8.7425  0.0011  1.4449
 13.50  196027   68.68  1.1623  9.4504  0.0010  1.2959
 14.50  240925   65.27  1.2588 10.3195  0.0009  1.1213
 15.50  205911   60.91  1.3615 11.5675  0.0007  0.8928
 16.50  177523   56.63  1.4694 12.9162  0.0005  0.6344
 17.50  139459   51.83  1.5860 14.6267  0.0003  0.3737
 18.50   80163   47.10  1.7191 16.4785  0.0001  0.1458
 19.50   42147   42.26  1.8766 18.4816  0.0000  0.0360
 20.50    7654   37.26  2.0257 20.7166  0.0000  0.0034
 21.50     651   32.88  2.1671 23.8480  0.0000  0.0009
 22.50       0    0.00  0.0000  0.0000  0.0000  0.0000
 23.50       0    0.00  0.0000  0.0000  0.0000  0.0000
 24.50       0    0.00  0.0000  0.0000  0.0000  0.0000
 25.50       0    0.00  0.0000  0.0000  0.0000  0.0000
 26.50       0    0.00  0.0000  0.0000  0.0000  0.0000
 27.50       0    0.00  0.0000  0.0000  0.0000  0.0000
 28.50       0    0.00  0.0000  0.0000  0.0000  0.0000
 29.50       0    0.00  0.0000  0.0000  0.0000  0.0000
 30.50       0    0.00  0.0000  0.0000  0.0000  0.0000
 31.50       0    0.00  0.0000  0.0000  0.0000  0.0000
 32.50       0    0.00  0.0000  0.0000  0.0000  0.0000
 33.50       0    0.00  0.0000  0.0000  0.0000  0.0000
 34.50       0    0.00  0.0000  0.0000  0.0000  0.0000
 35.50       0    0.00  0.0000  0.0000  0.0000  0.0000
