  0.50   12215  146.32  0.0740  0.3645  0.0024  3.9727
  1.50   24484  146.63  0.1529  0.3353  0.0024  3.9596
  2.50   62018  145.08  0.2624  0.4450  0.0024  3.9494
  3.50   62214  143.45  0.3670  0.5458  0.0024  3.8701
  4.50   86774  141.49  0.4590  0.6699  0.0024  3.8941
  5.50   96746  138.12  0.5555  0.8877  0.0022  3.6208
  6.50  129388  133.44  0.6612  1.2258  0.0021  3.3171
  7.50  144989  126.81  0.7727  1.7466  0.0018  2.9488
  8.50  124069  118.83  0.8872  2.4627  0.0016  2.5817
  9.50  139739  110.55  0.9990  3.2903  0.0013  2.1061
 10.50  134619  100.77  1.1173  4.4355  0.0011  1.6278
 11.50  102138   91.20  1.2286  5.7667  0.0007  1.1099
 12.50  106084   81.48  1.3460  7.3867  0.0004  0.5966
 13.50   50245   70.97  1.4764  9.4825  0.0002  0.2402
 14.50   26913   62.17  1.6010 11.4797  0.0000  0.0563
 15.50    5600   52.38  1.7364 14.3081  0.0000  0.0061
 16.50     553   48.32  1.8320 16.0148  0.0000  0.0015
 17.50       0    0.00  0.0000  0.0000  0.0000  0.0000
 18.50       0    0.00  0.0000  0.0000  0.0000  0.0000
 19.50       0    0.00  0.0000  0.0000  0.0000  0.0000
 20.50       0    0.00  0.0000  0.0000  0.0000  0.0000
 21.50       0    0.00  0.0000  0.0000  0.0000  0.0000
 22.50       0    0.00  0.0000  0.0000  0.0000  0.0000
 23.50       0    0.00  0.0000  0.0000  0.0000  0.0000
 24.50       0    0.00  0.0000  0.0000  0.0000  0.0000
 25.50       0    0.00  0.0000  0.0000  0.0000  0.0000
 26.50       0    0.00  0.0000  0.0000  0.0000  0.0000
 27.50       0    0.00  0.0000  0.0000  0.0000  0.0000
 28.50       0    0.00  0.0000  0.0000  0.0000  0.0000
 29.50       0    0.00  0.0000  0.0000  0.0000  0.0000
 30.50       0    0.00  0.0000  0.0000  0.0000  0.0000
 31.50       0    0.00  0.0000  0.0000  0.0000  0.0000
 32.50       0    0.00  0.0000  0.0000  0.0000  0.0000
 33.50       0    0.00  0.0000  0.0000  0.0000  0.0000
 34.50       0    0.00  0.0000  0.0000  0.0000  0.0000
 35.50       0    0.00  0.0000  0.0000  0.0000  0.0000
