  0.50   12672   34.79  0.0339 21.0583  0.0011  1.1037
  1.50   25064   34.72  0.0746 21.1023  0.0011  1.0923
  2.50   63351   34.88  0.1207 20.9795  0.0011  1.0831
  3.50   64934   34.79  0.1706 21.0743  0.0011  1.1009
  4.50   92295   34.69  0.2147 21.1654  0.0011  1.1192
  5.50  107983   34.88  0.2594 21.0198  0.0012  1.1597
  6.50  152100   34.94  0.3101 20.9830  0.0012  1.1666
  7.50  186775   35.08  0.3630 20.8921  0.0012  1.1892
  8.50  178224   35.26  0.4149 20.7573  0.0012  1.2098
  9.50  231127   35.43  0.4649 20.6464  0.0012  1.2248
 10.50  271802   35.66  0.5197 20.4790  0.0013  1.2637
 11.50  265957   36.04  0.5749 20.1963  0.0013  1.2924
 12.50  402460   36.31  0.6354 20.0181  0.0013  1.3138
 13.50  350540   36.71  0.7003 19.7446  0.0014  1.3832
 14.50  483080   37.03  0.7654 19.5267  0.0014  1.4049
 15.50  489657   37.43  0.8360 19.2568  0.0015  1.4506
 16.50  534509   37.82  0.9078 18.9945  0.0015  1.4831
 17.50  604913   38.04  0.9803 18.8555  0.0015  1.5031
 18.50  607151   38.23  1.0553 18.7300  0.0015  1.5204
 19.50  848705   38.48  1.1405 18.5591  0.0015  1.5395
 20.50  822081   38.38  1.2335 18.6102  0.0015  1.4941
 21.50  836443   38.19  1.3256 18.7215  0.0014  1.4455
 22.50  856352   37.79  1.4166 18.9541  0.0014  1.3724
 23.50  856772   37.07  1.5128 19.4014  0.0012  1.2298
 24.50  762977   36.03  1.6133 20.0634  0.0010  1.0438
 25.50  412989   34.45  1.7303 21.1559  0.0009  0.8878
 26.50  329374   32.93  1.8544 22.2529  0.0007  0.7017
 27.50  195243   30.91  1.9982 23.8692  0.0005  0.4586
 28.50   91444   29.07  2.1587 25.3719  0.0002  0.2372
 29.50   48370   26.92  2.3477 27.2386  0.0001  0.0753
 30.50    6026   25.41  2.5390 28.1625  0.0000  0.0306
 31.50    1769   22.95  2.6922 30.5152  0.0000  0.0020
 32.50      31   20.48  2.8905 34.6683  0.0000  0.0005
 33.50       0    0.00  0.0000  0.0000  0.0000  0.0000
 34.50       0    0.00  0.0000  0.0000  0.0000  0.0000
 35.50       0    0.00  0.0000  0.0000  0.0000  0.0000
