  0.50    6552   20.08  0.0233 40.7578  0.0004  0.4235
  1.50   13055   19.97  0.0537 41.0219  0.0004  0.4262
  2.50   33226   20.17  0.0888 40.5506  0.0004  0.4286
  3.50   33589   20.23  0.1233 40.4154  0.0004  0.4281
  4.50   47187   20.18  0.1555 40.5327  0.0004  0.4333
  5.50   54675   20.28  0.1878 40.3022  0.0004  0.4324
  6.50   76932   20.22  0.2250 40.4635  0.0005  0.4414
  7.50   92687   20.20  0.2619 40.5265  0.0005  0.4474
  8.50   88094   20.32  0.2967 40.2611  0.0005  0.4533
  9.50  113071   20.42  0.3322 40.0483  0.0005  0.4638
 10.50  131742   20.60  0.3693 39.6402  0.0005  0.4766
 11.50  128185   20.66  0.4059 39.5183  0.0005  0.4820
 12.50  190731   20.93  0.4467 38.9442  0.0005  0.4916
 13.50  162894   21.09  0.4888 38.6107  0.0005  0.5045
 14.50  221842   21.27  0.5304 38.2406  0.0005  0.5184
 15.50  222355   21.53  0.5746 37.6957  0.0006  0.5357
 16.50  241323   21.79  0.6188 37.1906  0.0006  0.5414
 17.50  271844   22.01  0.6635 36.7588  0.0006  0.5497
 18.50  273740   22.39  0.7110 36.0317  0.0006  0.5624
 19.50  388910   22.67  0.7627 35.5237  0.0006  0.5819
 20.50  385563   23.10  0.8209 34.7512  0.0006  0.6121
 21.50  405677   23.49  0.8779 34.0747  0.0007  0.6348
 22.50  440180   23.88  0.9352 33.4186  0.0007  0.6501
 23.50  476167   24.29  0.9956 32.7402  0.0007  0.6699
 24.50  472400   24.67  1.0590 32.1457  0.0007  0.6771
 25.50  301448   25.03  1.1308 31.5831  0.0007  0.6844
 26.50  298773   25.51  1.2022 30.8581  0.0007  0.6936
 27.50  244384   25.84  1.2777 30.3677  0.0007  0.6834
 28.50  183433   26.14  1.3543 29.9202  0.0007  0.6558
 29.50  204126   26.25  1.4405 29.7416  0.0006  0.6361
 30.50   84290   26.34  1.5308 29.5608  0.0006  0.6174
 31.50  115927   26.31  1.6228 29.5415  0.0006  0.5545
 32.50   31196   26.13  1.7362 29.6865  0.0005  0.5135
 33.50   14785   25.61  1.8102 30.3731  0.0005  0.4665
 34.50       0    0.00  0.0000  0.0000  0.0000  0.0000
 35.50       0    0.00  0.0000  0.0000  0.0000  0.0000
