  0.50    1346   17.95  0.0205 58.0739  0.0001  0.1063
  1.50    2681   18.14  0.0502 57.3755  0.0001  0.1051
  2.50    6729   17.69  0.0806 59.0732  0.0001  0.1078
  3.50    6740   17.96  0.1125 58.0540  0.0001  0.1060
  4.50    9465   17.84  0.1441 58.5112  0.0001  0.1039
  5.50   11206   17.72  0.1719 59.0018  0.0001  0.1082
  6.50   15559   17.94  0.2037 58.1974  0.0001  0.1100
  7.50   18661   18.03  0.2378 57.8225  0.0001  0.1106
  8.50   17567   18.13  0.2713 57.4625  0.0001  0.1090
  9.50   22708   18.16  0.3003 57.3845  0.0001  0.1149
 10.50   26143   18.40  0.3370 56.5115  0.0001  0.1131
 11.50   25484   18.53  0.3691 56.0732  0.0001  0.1207
 12.50   38057   18.46  0.4038 56.3500  0.0001  0.1254
 13.50   32045   18.76  0.4423 55.3087  0.0001  0.1213
 14.50   44101   18.95  0.4792 54.6675  0.0001  0.1286
 15.50   43661   19.16  0.5188 53.9775  0.0001  0.1267
 16.50   47762   19.43  0.5587 53.1187  0.0001  0.1306
 17.50   53531   19.45  0.5991 53.0573  0.0001  0.1376
 18.50   53653   19.85  0.6398 51.8459  0.0001  0.1434
 19.50   75618   20.18  0.6865 50.8497  0.0001  0.1432
 20.50   75239   20.63  0.7369 49.5837  0.0001  0.1559
 21.50   79447   21.05  0.7862 48.4192  0.0001  0.1621
 22.50   85577   21.56  0.8358 47.0688  0.0001  0.1588
 23.50   92908   21.83  0.8873 46.4073  0.0001  0.1664
 24.50   92374   22.42  0.9434 44.9336  0.0001  0.1752
 25.50   59316   22.93  1.0058 43.7524  0.0001  0.1740
 26.50   58475   23.28  1.0650 42.9531  0.0001  0.1801
 27.50   47961   23.92  1.1295 41.5605  0.0001  0.1784
 28.50   36575   24.47  1.1965 40.4106  0.0001  0.1762
 29.50   40243   24.85  1.2693 39.6022  0.0001  0.1697
 30.50   16908   25.56  1.3489 38.1961  0.0001  0.1651
 31.50   23292   25.26  1.4332 38.7078  0.0001  0.1470
 32.50    6428   26.16  1.5278 36.9720  0.0001  0.1426
 33.50    3067   25.13  1.6006 38.7960  0.0001  0.1296
 34.50       0    0.00  0.0000  0.0000  0.0000  0.0000
 35.50       0    0.00  0.0000  0.0000  0.0000  0.0000
