  0.50   37801   89.83  0.0645  4.6348  0.0057  6.2209
  1.50   76682   89.75  0.1277  4.6539  0.0058  6.2843
  2.50  194942   89.99  0.2091  4.6256  0.0058  6.3303
  3.50  201493   89.48  0.2949  4.7065  0.0060  6.4898
  4.50  289019   89.52  0.3726  4.7035  0.0060  6.5122
  5.50  339324   89.36  0.4543  4.7234  0.0060  6.5378
  6.50  485151   88.81  0.5439  4.8035  0.0061  6.6180
  7.50  592328   87.86  0.6414  4.9257  0.0060  6.5348
  8.50  563739   86.43  0.7373  5.1181  0.0060  6.5276
  9.50  724920   84.62  0.8314  5.3697  0.0059  6.4468
 10.50  827847   82.18  0.9342  5.7072  0.0056  6.0980
 11.50  779402   79.22  1.0376  6.1471  0.0054  5.8198
 12.50 1093400   75.33  1.1494  6.7628  0.0048  5.1537
 13.50  850532   70.66  1.2681  7.5700  0.0042  4.4400
 14.50 1020444   65.66  1.3825  8.5563  0.0034  3.5919
 15.50  830684   60.14  1.5081  9.7870  0.0026  2.6814
 16.50  660103   54.26  1.6383 11.3125  0.0016  1.6272
 17.50  453084   48.62  1.7770 12.9657  0.0008  0.7682
 18.50  207017   43.13  1.9182 14.7769  0.0002  0.2245
 19.50   77019   37.53  2.0654 16.8076  0.0000  0.0382
 20.50    8863   31.37  2.2250 20.0661  0.0000  0.0027
 21.50     502   24.40  2.4352 29.5204  0.0000  0.0006
 22.50       0    0.00  0.0000  0.0000  0.0000  0.0000
 23.50       0    0.00  0.0000  0.0000  0.0000  0.0000
 24.50       0    0.00  0.0000  0.0000  0.0000  0.0000
 25.50       0    0.00  0.0000  0.0000  0.0000  0.0000
 26.50       0    0.00  0.0000  0.0000  0.0000  0.0000
 27.50       0    0.00  0.0000  0.0000  0.0000  0.0000
 28.50       0    0.00  0.0000  0.0000  0.0000  0.0000
 29.50       0    0.00  0.0000  0.0000  0.0000  0.0000
 30.50       0    0.00  0.0000  0.0000  0.0000  0.0000
 31.50       0    0.00  0.0000  0.0000  0.0000  0.0000
 32.50       0    0.00  0.0000  0.0000  0.0000  0.0000
 33.50       0    0.00  0.0000  0.0000  0.0000  0.0000
 34.50       0    0.00  0.0000  0.0000  0.0000  0.0000
 35.50       0    0.00  0.0000  0.0000  0.0000  0.0000
