  0.50   43380   40.45  0.0382  8.9285  0.0041  2.2905
  1.50   87583   40.37  0.0841  8.9632  0.0041  2.2920
  2.50  221677   40.52  0.1380  8.9193  0.0042  2.3293
  3.50  224233   40.75  0.1940  8.8424  0.0042  2.3283
  4.50  319813   40.83  0.2441  8.8255  0.0042  2.3500
  5.50  373580   40.98  0.2963  8.7837  0.0043  2.4020
  6.50  528088   41.20  0.3537  8.7199  0.0043  2.4343
  7.50  644945   41.47  0.4159  8.6426  0.0043  2.4388
  8.50  617821   41.80  0.4774  8.5515  0.0044  2.4941
  9.50  801640   42.13  0.5380  8.4579  0.0045  2.5510
 10.50  948501   42.55  0.6046  8.3407  0.0046  2.5996
 11.50  933991   43.04  0.6721  8.2033  0.0047  2.6444
 12.50 1406259   43.48  0.7469  8.0818  0.0048  2.7136
 13.50 1220926   43.96  0.8278  7.9501  0.0048  2.7503
 14.50 1687198   44.46  0.9103  7.8139  0.0049  2.7887
 15.50 1697644   44.99  1.0006  7.6664  0.0050  2.8518
 16.50 1837146   45.36  1.0917  7.5582  0.0050  2.8432
 17.50 2053574   45.59  1.1863  7.4833  0.0050  2.8357
 18.50 2026845   45.68  1.2842  7.4349  0.0049  2.7833
 19.50 2767585   45.53  1.3961  7.4395  0.0047  2.6915
 20.50 2607332   45.11  1.5203  7.4981  0.0044  2.4981
 21.50 2543911   44.34  1.6440  7.6379  0.0040  2.2725
 22.50 2496015   43.26  1.7694  7.8533  0.0035  1.9861
 23.50 2365489   41.81  1.9049  8.1662  0.0029  1.6515
 24.50 1954420   39.89  2.0527  8.6187  0.0022  1.2389
 25.50  965190   37.42  2.2304  9.2631  0.0017  0.9440
 26.50  680808   34.89  2.4170  9.9672  0.0012  0.6443
 27.50  336820   31.94  2.6244 10.8724  0.0006  0.3401
 28.50  120132   29.20  2.8352 11.6606  0.0002  0.1231
 29.50   42340   26.00  3.0337 12.6994  0.0000  0.0228
 30.50    3189   22.09  3.2069 14.6308  0.0000  0.0071
 31.50     724   16.80  3.5728 20.5042  0.0000  0.0004
 32.50       0    0.00  0.0000  0.0000  0.0000  0.0000
 33.50       0    0.00  0.0000  0.0000  0.0000  0.0000
 34.50       0    0.00  0.0000  0.0000  0.0000  0.0000
 35.50       0    0.00  0.0000  0.0000  0.0000  0.0000
