  0.50    3284   97.67  0.0629  4.6692  0.0005  0.7792
  1.50    6709   95.28  0.1317  5.0618  0.0005  0.7875
  2.50   17145   97.05  0.2181  4.7912  0.0005  0.8034
  3.50   17571   96.46  0.3077  4.8848  0.0006  0.8185
  4.50   25297   96.43  0.3855  4.8950  0.0006  0.8210
  5.50   29850   95.48  0.4726  5.0534  0.0006  0.8354
  6.50   42033   95.28  0.5621  5.0700  0.0006  0.8178
  7.50   50981   94.15  0.6638  5.2426  0.0005  0.8024
  8.50   47424   91.65  0.7591  5.6347  0.0005  0.7858
  9.50   59802   89.06  0.8530  6.0594  0.0005  0.7662
 10.50   66148   85.28  0.9537  6.7176  0.0005  0.7075
 11.50   60378   81.03  1.0492  7.5339  0.0004  0.6384
 12.50   81035   76.09  1.1545  8.5665  0.0004  0.5600
 13.50   59826   71.22  1.2536  9.6835  0.0003  0.4477
 14.50   65693   65.29  1.3488 11.2856  0.0002  0.3097
 15.50   46761   58.89  1.4604 13.2886  0.0001  0.1894
 16.50   28915   52.38  1.5882 15.6345  0.0001  0.0751
 17.50   12865   46.28  1.7241 18.2291  0.0000  0.0204
 18.50    3008   43.80  1.8419 18.5335  0.0000  0.0024
 19.50     396   36.77  1.9431 24.6627  0.0000  0.0015
 20.50       0    0.00  0.0000  0.0000  0.0000  0.0000
 21.50       0    0.00  0.0000  0.0000  0.0000  0.0000
 22.50       0    0.00  0.0000  0.0000  0.0000  0.0000
 23.50       0    0.00  0.0000  0.0000  0.0000  0.0000
 24.50       0    0.00  0.0000  0.0000  0.0000  0.0000
 25.50       0    0.00  0.0000  0.0000  0.0000  0.0000
 26.50       0    0.00  0.0000  0.0000  0.0000  0.0000
 27.50       0    0.00  0.0000  0.0000  0.0000  0.0000
 28.50       0    0.00  0.0000  0.0000  0.0000  0.0000
 29.50       0    0.00  0.0000  0.0000  0.0000  0.0000
 30.50       0    0.00  0.0000  0.0000  0.0000  0.0000
 31.50       0    0.00  0.0000  0.0000  0.0000  0.0000
 32.50       0    0.00  0.0000  0.0000  0.0000  0.0000
 33.50       0    0.00  0.0000  0.0000  0.0000  0.0000
 34.50       0    0.00  0.0000  0.0000  0.0000  0.0000
 35.50       0    0.00  0.0000  0.0000  0.0000  0.0000
