  0.50   18176   20.94  0.0243 20.1430  0.0012  0.6380
  1.50   36526   20.87  0.0547 20.2347  0.0012  0.6370
  2.50   91672   20.87  0.0906 20.2269  0.0012  0.6441
  3.50   93075   20.95  0.1285 20.1494  0.0012  0.6484
  4.50  131097   21.02  0.1612 20.0668  0.0012  0.6499
  5.50  151846   21.11  0.1944 19.9633  0.0012  0.6525
  6.50  212709   21.14  0.2313 19.9437  0.0013  0.6639
  7.50  255428   21.26  0.2709 19.8120  0.0013  0.6703
  8.50  241195   21.34  0.3082 19.7242  0.0013  0.6790
  9.50  308908   21.48  0.3450 19.5735  0.0013  0.6867
 10.50  361700   21.67  0.3839 19.3873  0.0013  0.7010
 11.50  349588   21.85  0.4239 19.1915  0.0013  0.7126
 12.50  517330   22.13  0.4660 18.8973  0.0014  0.7352
 13.50  443544   22.38  0.5099 18.6598  0.0014  0.7430
 14.50  606563   22.63  0.5550 18.4176  0.0014  0.7574
 15.50  608362   22.88  0.6031 18.1782  0.0015  0.7689
 16.50  657793   23.22  0.6503 17.8590  0.0015  0.7907
 17.50  742950   23.59  0.6990 17.5221  0.0015  0.8181
 18.50  746893   23.93  0.7503 17.2204  0.0016  0.8356
 19.50 1058364   24.38  0.8073 16.8366  0.0016  0.8589
 20.50 1052266   24.85  0.8712 16.4387  0.0017  0.8840
 21.50 1108860   25.37  0.9358 16.0221  0.0017  0.9116
 22.50 1204668   25.84  1.0002 15.6631  0.0017  0.9351
 23.50 1305087   26.37  1.0688 15.2590  0.0018  0.9523
 24.50 1293076   26.95  1.1432 14.8357  0.0018  0.9723
 25.50  826835   27.57  1.2286 14.3961  0.0018  0.9743
 26.50  821298   28.10  1.3116 14.0363  0.0018  0.9870
 27.50  675381   28.64  1.4041 13.6725  0.0018  0.9798
 28.50  511292   29.20  1.4990 13.2978  0.0018  0.9497
 29.50  567801   29.57  1.6050 13.0341  0.0017  0.9109
 30.50  238389   29.75  1.7158 12.8825  0.0016  0.8863
 31.50  330345   29.85  1.8311 12.7597  0.0015  0.7980
 32.50   91311   29.68  1.9684 12.7736  0.0014  0.7504
 33.50   43524   29.37  2.0668 12.8783  0.0013  0.6835
 34.50       0    0.00  0.0000  0.0000  0.0000  0.0000
 35.50       0    0.00  0.0000  0.0000  0.0000  0.0000
