  0.50       0    0.00  0.0000  0.0000  0.0000  0.0000
  1.50       0    0.00  0.0000  0.0000  0.0000  0.0000
  2.50       0    0.00  0.0000  0.0000  0.0000  0.0000
  3.50       0    0.00  0.0000  0.0000  0.0000  0.0000
  4.50       0    0.00  0.0000  0.0000  0.0000  0.0000
  5.50   32778  146.44  0.5728  0.4235  0.0021  2.8536
  6.50   88193  142.10  0.6769  0.6783  0.0021  2.8446
  7.50  142131  134.24  0.7995  1.1713  0.0019  2.5263
  8.50  122689  122.72  0.9227  1.9729  0.0017  2.1808
  9.50  140547  110.81  1.0365  2.9792  0.0014  1.8014
 10.50  141167   98.03  1.1510  4.3213  0.0011  1.4242
 11.50  111823   86.12  1.2531  5.8897  0.0009  1.0711
 12.50  117411   73.58  1.3620  8.0067  0.0004  0.5198
 13.50   51479   62.54  1.4877 10.1980  0.0001  0.1708
 14.50   22167   53.49  1.6176 12.1931  0.0000  0.0298
 15.50    3174   43.46  1.7671 15.6732  0.0000  0.0036
 16.50     173   34.78  1.9403 23.3830  0.0000  0.0017
 17.50       0    0.00  0.0000  0.0000  0.0000  0.0000
 18.50       0    0.00  0.0000  0.0000  0.0000  0.0000
 19.50       0    0.00  0.0000  0.0000  0.0000  0.0000
 20.50       0    0.00  0.0000  0.0000  0.0000  0.0000
 21.50       0    0.00  0.0000  0.0000  0.0000  0.0000
 22.50       0    0.00  0.0000  0.0000  0.0000  0.0000
 23.50       0    0.00  0.0000  0.0000  0.0000  0.0000
 24.50       0    0.00  0.0000  0.0000  0.0000  0.0000
 25.50       0    0.00  0.0000  0.0000  0.0000  0.0000
 26.50       0    0.00  0.0000  0.0000  0.0000  0.0000
 27.50       0    0.00  0.0000  0.0000  0.0000  0.0000
 28.50       0    0.00  0.0000  0.0000  0.0000  0.0000
 29.50       0    0.00  0.0000  0.0000  0.0000  0.0000
 30.50       0    0.00  0.0000  0.0000  0.0000  0.0000
 31.50       0    0.00  0.0000  0.0000  0.0000  0.0000
 32.50       0    0.00  0.0000  0.0000  0.0000  0.0000
 33.50       0    0.00  0.0000  0.0000  0.0000  0.0000
 34.50       0    0.00  0.0000  0.0000  0.0000  0.0000
 35.50       0    0.00  0.0000  0.0000  0.0000  0.0000
