  0.50   20872   23.25  0.0261 17.8259  0.0015  0.7795
  1.50   41888   23.23  0.0580 17.8471  0.0015  0.7763
  2.50  105723   23.27  0.0975 17.8118  0.0015  0.7854
  3.50  106837   23.32  0.1357 17.7704  0.0015  0.7867
  4.50  151150   23.44  0.1723 17.6640  0.0015  0.7875
  5.50  175464   23.51  0.2080 17.6058  0.0015  0.8083
  6.50  245120   23.59  0.2477 17.5335  0.0015  0.8136
  7.50  295766   23.68  0.2898 17.4600  0.0015  0.8185
  8.50  280083   23.82  0.3308 17.3391  0.0016  0.8245
  9.50  360420   24.01  0.3702 17.1790  0.0016  0.8456
 10.50  420888   24.22  0.4129 17.0087  0.0016  0.8619
 11.50  407693   24.50  0.4552 16.7664  0.0017  0.8817
 12.50  606683   24.75  0.5013 16.5612  0.0017  0.9093
 13.50  522978   25.05  0.5507 16.3251  0.0017  0.9209
 14.50  715929   25.28  0.5993 16.1554  0.0018  0.9357
 15.50  717481   25.68  0.6521 15.8456  0.0018  0.9640
 16.50  783074   26.10  0.7048 15.5323  0.0018  0.9850
 17.50  883209   26.47  0.7601 15.2614  0.0019  1.0073
 18.50  892397   26.91  0.8166 14.9470  0.0019  1.0331
 19.50 1266784   27.41  0.8808 14.6084  0.0020  1.0663
 20.50 1263815   27.98  0.9539 14.2276  0.0020  1.0956
 21.50 1333243   28.51  1.0260 13.8896  0.0021  1.1218
 22.50 1443444   29.06  1.0994 13.5396  0.0021  1.1568
 23.50 1560214   29.66  1.1783 13.1724  0.0022  1.1752
 24.50 1537827   30.21  1.2623 12.8474  0.0022  1.1822
 25.50  976970   30.76  1.3582 12.5244  0.0022  1.1752
 26.50  956563   31.23  1.4542 12.2421  0.0021  1.1560
 27.50  770701   31.57  1.5564 12.0320  0.0020  1.1159
 28.50  569883   31.78  1.6641 11.8759  0.0019  1.0526
 29.50  615596   31.75  1.7837 11.8291  0.0018  0.9617
 30.50  248651   31.63  1.9104 11.8102  0.0017  0.8995
 31.50  327225   31.08  2.0434 11.9994  0.0014  0.7467
 32.50   84017   30.29  2.2049 12.2858  0.0012  0.6673
 33.50   37855   29.33  2.3252 12.7250  0.0011  0.5695
 34.50       0    0.00  0.0000  0.0000  0.0000  0.0000
 35.50       0    0.00  0.0000  0.0000  0.0000  0.0000
