  0.50   16050   18.83  0.0222 22.7792  0.0010  0.5314
  1.50   31855   18.93  0.0514 22.6255  0.0010  0.5293
  2.50   80518   18.83  0.0861 22.7787  0.0010  0.5313
  3.50   81311   18.86  0.1204 22.7415  0.0010  0.5424
  4.50  115067   19.00  0.1511 22.5335  0.0010  0.5408
  5.50  132333   19.05  0.1824 22.4660  0.0010  0.5387
  6.50  185717   19.05  0.2169 22.4757  0.0010  0.5495
  7.50  222736   19.15  0.2540 22.3418  0.0011  0.5510
  8.50  209287   19.22  0.2888 22.2608  0.0011  0.5586
  9.50  268892   19.38  0.3225 22.0520  0.0011  0.5672
 10.50  311953   19.49  0.3592 21.9047  0.0011  0.5736
 11.50  302005   19.67  0.3950 21.6825  0.0011  0.5876
 12.50  447297   19.85  0.4349 21.4461  0.0011  0.5980
 13.50  380602   20.09  0.4755 21.1476  0.0012  0.6127
 14.50  519101   20.31  0.5158 20.8844  0.0012  0.6196
 15.50  516967   20.54  0.5597 20.6195  0.0012  0.6291
 16.50  562766   20.79  0.6036 20.3278  0.0012  0.6468
 17.50  629290   21.09  0.6471 19.9886  0.0013  0.6629
 18.50  631750   21.40  0.6928 19.6475  0.0013  0.6871
 19.50  891853   21.75  0.7444 19.2702  0.0013  0.6981
 20.50  884241   22.18  0.8011 18.8217  0.0013  0.7098
 21.50  930295   22.61  0.8584 18.3929  0.0014  0.7369
 22.50 1006328   23.04  0.9156 17.9749  0.0014  0.7662
 23.50 1091183   23.50  0.9757 17.5415  0.0015  0.7772
 24.50 1084472   23.98  1.0415 17.1096  0.0015  0.8106
 25.50  694123   24.57  1.1162 16.5948  0.0015  0.8109
 26.50  694378   25.12  1.1903 16.1341  0.0015  0.8260
 27.50  575716   25.74  1.2700 15.6355  0.0015  0.8276
 28.50  441515   26.25  1.3546 15.2314  0.0015  0.8289
 29.50  501877   26.82  1.4480 14.7973  0.0015  0.8253
 30.50  215175   27.33  1.5465 14.4034  0.0015  0.8196
 31.50  306433   27.75  1.6478 14.0779  0.0014  0.7655
 32.50   87729   28.17  1.7701 13.7424  0.0014  0.7388
 33.50   43488   28.16  1.8518 13.7043  0.0013  0.7046
 34.50       0    0.00  0.0000  0.0000  0.0000  0.0000
 35.50       0    0.00  0.0000  0.0000  0.0000  0.0000
