  0.50    1019   35.72  0.0285 28.7001  0.0001  0.1384
  1.50    1976   36.09  0.0735 28.2569  0.0001  0.1349
  2.50    4912   36.10  0.1234 28.2363  0.0001  0.1377
  3.50    5001   36.36  0.1723 27.9630  0.0001  0.1316
  4.50    7097   37.64  0.2210 26.6320  0.0001  0.1328
  5.50    8318   37.89  0.2657 26.3980  0.0001  0.1405
  6.50   11538   37.96  0.3190 26.3193  0.0001  0.1361
  7.50   14075   37.87  0.3739 26.4254  0.0001  0.1414
  8.50   13318   38.21  0.4290 26.1042  0.0001  0.1452
  9.50   17456   39.34  0.4823 25.0364  0.0001  0.1504
 10.50   20755   39.62  0.5444 24.7847  0.0001  0.1544
 11.50   20298   39.97  0.6017 24.4916  0.0001  0.1509
 12.50   30663   40.85  0.6688 23.7328  0.0001  0.1592
 13.50   26714   41.25  0.7391 23.4130  0.0001  0.1649
 14.50   36794   42.19  0.8107 22.6186  0.0001  0.1732
 15.50   36975   42.26  0.8859 22.5725  0.0001  0.1724
 16.50   40059   42.58  0.9634 22.3251  0.0001  0.1761
 17.50   44145   42.98  1.0403 21.9957  0.0001  0.1765
 18.50   43317   43.43  1.1218 21.6399  0.0001  0.1739
 19.50   57454   43.21  1.2131 21.7490  0.0001  0.1672
 20.50   52723   42.78  1.3119 22.0285  0.0001  0.1520
 21.50   48537   42.72  1.4157 21.9465  0.0001  0.1228
 22.50   44960   41.14  1.5134 23.1143  0.0001  0.1019
 23.50   38874   40.40  1.6261 23.5572  0.0001  0.0732
 24.50   27987   38.51  1.7452 24.9695  0.0000  0.0468
 25.50   10690   36.61  1.9103 26.4307  0.0000  0.0277
 26.50    5500   34.36  2.0549 28.4450  0.0000  0.0121
 27.50    1622   30.74  2.2458 33.3444  0.0000  0.0038
 28.50     256   30.49  2.4061 35.5854  0.0000  0.0019
 29.50      10   32.21  2.6154 27.4218  0.0000  0.0005
 30.50       0    0.00  0.0000  0.0000  0.0000  0.0000
 31.50       0    0.00  0.0000  0.0000  0.0000  0.0000
 32.50       0    0.00  0.0000  0.0000  0.0000  0.0000
 33.50       0    0.00  0.0000  0.0000  0.0000  0.0000
 34.50       0    0.00  0.0000  0.0000  0.0000  0.0000
 35.50       0    0.00  0.0000  0.0000  0.0000  0.0000
