  0.50   48653  110.61  0.0697  2.7035  0.0084  9.4281
  1.50   98519  110.47  0.1431  2.7204  0.0085  9.5593
  2.50  247648  110.60  0.2343  2.6970  0.0083  9.4146
  3.50  255754  109.70  0.3296  2.7889  0.0086  9.7276
  4.50  364593  109.31  0.4148  2.8159  0.0085  9.5698
  5.50  423570  108.44  0.5029  2.8832  0.0085  9.5264
  6.50  597166  106.73  0.6015  3.0343  0.0083  9.3278
  7.50  719156  103.79  0.7088  3.3019  0.0080  8.9551
  8.50  668146  100.52  0.8124  3.6085  0.0078  8.6332
  9.50  839260   96.19  0.9165  4.0575  0.0075  8.2654
 10.50  924834   91.14  1.0312  4.6043  0.0068  7.4252
 11.50  829230   85.32  1.1430  5.3133  0.0060  6.4783
 12.50 1095129   78.63  1.2641  6.2428  0.0048  5.1615
 13.50  782155   71.26  1.3911  7.4272  0.0037  3.9006
 14.50  815866   63.81  1.5173  8.8583  0.0024  2.5106
 15.50  510210   56.00  1.6593 10.6186  0.0012  1.2377
 16.50  256178   48.80  1.8008 12.4893  0.0004  0.3941
 17.50   85660   42.49  1.9350 14.2499  0.0001  0.0711
 18.50   13936   35.78  2.0736 16.8773  0.0000  0.0084
 19.50    1597   26.87  2.2854 24.9084  0.0000  0.0007
 20.50      10   25.92  2.3570 23.3461  0.0000  0.0007
 21.50       0    0.00  0.0000  0.0000  0.0000  0.0000
 22.50       0    0.00  0.0000  0.0000  0.0000  0.0000
 23.50       0    0.00  0.0000  0.0000  0.0000  0.0000
 24.50       0    0.00  0.0000  0.0000  0.0000  0.0000
 25.50       0    0.00  0.0000  0.0000  0.0000  0.0000
 26.50       0    0.00  0.0000  0.0000  0.0000  0.0000
 27.50       0    0.00  0.0000  0.0000  0.0000  0.0000
 28.50       0    0.00  0.0000  0.0000  0.0000  0.0000
 29.50       0    0.00  0.0000  0.0000  0.0000  0.0000
 30.50       0    0.00  0.0000  0.0000  0.0000  0.0000
 31.50       0    0.00  0.0000  0.0000  0.0000  0.0000
 32.50       0    0.00  0.0000  0.0000  0.0000  0.0000
 33.50       0    0.00  0.0000  0.0000  0.0000  0.0000
 34.50       0    0.00  0.0000  0.0000  0.0000  0.0000
 35.50       0    0.00  0.0000  0.0000  0.0000  0.0000
