  0.50    2640   60.00  0.0410 13.4034  0.0003  0.4760
  1.50    5564   60.53  0.0965 13.2365  0.0003  0.5059
  2.50   13559   60.42  0.1605 13.2501  0.0003  0.4898
  3.50   14042   60.94  0.2275 13.0641  0.0003  0.4976
  4.50   19787   61.72  0.2891 12.7489  0.0003  0.4977
  5.50   23134   61.50  0.3525 12.8444  0.0003  0.5052
  6.50   32707   61.78  0.4233 12.7330  0.0003  0.5121
  7.50   40220   62.27  0.5017 12.5545  0.0003  0.5189
  8.50   38721   62.09  0.5767 12.6442  0.0004  0.5445
  9.50   49772   63.12  0.6512 12.2416  0.0003  0.5126
 10.50   57980   63.21  0.7340 12.1937  0.0004  0.5600
 11.50   56309   63.05  0.8154 12.2488  0.0004  0.5335
 12.50   82320   62.32  0.9067 12.5061  0.0003  0.5085
 13.50   67431   62.04  1.0036 12.5516  0.0003  0.5053
 14.50   86858   60.47  1.0985 13.1124  0.0003  0.4693
 15.50   79508   59.59  1.2010 13.3838  0.0003  0.4341
 16.50   75742   57.83  1.3029 13.9928  0.0002  0.3576
 17.50   70824   55.06  1.4050 15.0960  0.0002  0.2708
 18.50   55844   52.33  1.5149 16.2435  0.0001  0.1925
 19.50   53739   49.26  1.6458 17.5961  0.0001  0.1164
 20.50   28927   45.73  1.7984 19.2510  0.0000  0.0419
 21.50   12390   40.56  1.9577 22.3946  0.0000  0.0116
 22.50    3799   37.50  2.1291 24.9851  0.0000  0.0011
 23.50     496   33.21  2.2644 29.9772  0.0000  0.0007
 24.50       0    0.00  0.0000  0.0000  0.0000  0.0000
 25.50       0    0.00  0.0000  0.0000  0.0000  0.0000
 26.50       0    0.00  0.0000  0.0000  0.0000  0.0000
 27.50       0    0.00  0.0000  0.0000  0.0000  0.0000
 28.50       0    0.00  0.0000  0.0000  0.0000  0.0000
 29.50       0    0.00  0.0000  0.0000  0.0000  0.0000
 30.50       0    0.00  0.0000  0.0000  0.0000  0.0000
 31.50       0    0.00  0.0000  0.0000  0.0000  0.0000
 32.50       0    0.00  0.0000  0.0000  0.0000  0.0000
 33.50       0    0.00  0.0000  0.0000  0.0000  0.0000
 34.50       0    0.00  0.0000  0.0000  0.0000  0.0000
 35.50       0    0.00  0.0000  0.0000  0.0000  0.0000
