  0.50    6461   96.06  0.0580  4.4432  0.0010  1.3254
  1.50   12976   96.28  0.1306  4.4112  0.0010  1.3145
  2.50   32959   96.53  0.2197  4.3762  0.0011  1.3472
  3.50   33684   95.95  0.3063  4.4588  0.0011  1.3547
  4.50   48725   95.61  0.3922  4.5114  0.0011  1.3554
  5.50   57064   95.43  0.4744  4.5356  0.0011  1.3551
  6.50   81895   94.89  0.5649  4.6192  0.0010  1.3388
  7.50   99041   93.27  0.6648  4.8295  0.0011  1.3667
  8.50   93666   91.42  0.7636  5.0852  0.0010  1.3189
  9.50  118624   88.46  0.8556  5.5157  0.0010  1.2943
 10.50  134682   84.93  0.9579  6.0682  0.0010  1.2072
 11.50  124299   80.58  1.0593  6.7890  0.0009  1.1062
 12.50  171823   75.52  1.1599  7.7376  0.0008  0.9716
 13.50  130461   69.89  1.2655  8.9155  0.0007  0.8266
 14.50  150087   63.83  1.3708 10.3945  0.0005  0.6302
 15.50  110815   57.27  1.4883 12.2439  0.0003  0.3859
 16.50   72347   50.64  1.6210 14.4523  0.0001  0.1771
 17.50   34878   44.87  1.7641 16.5695  0.0000  0.0464
 18.50    9121   40.50  1.9065 18.0910  0.0000  0.0057
 19.50    1671   33.42  2.0418 23.1609  0.0000  0.0016
 20.50      24   19.89  2.1540 46.8379  0.0000  0.0008
 21.50       0    0.00  0.0000  0.0000  0.0000  0.0000
 22.50       0    0.00  0.0000  0.0000  0.0000  0.0000
 23.50       0    0.00  0.0000  0.0000  0.0000  0.0000
 24.50       0    0.00  0.0000  0.0000  0.0000  0.0000
 25.50       0    0.00  0.0000  0.0000  0.0000  0.0000
 26.50       0    0.00  0.0000  0.0000  0.0000  0.0000
 27.50       0    0.00  0.0000  0.0000  0.0000  0.0000
 28.50       0    0.00  0.0000  0.0000  0.0000  0.0000
 29.50       0    0.00  0.0000  0.0000  0.0000  0.0000
 30.50       0    0.00  0.0000  0.0000  0.0000  0.0000
 31.50       0    0.00  0.0000  0.0000  0.0000  0.0000
 32.50       0    0.00  0.0000  0.0000  0.0000  0.0000
 33.50       0    0.00  0.0000  0.0000  0.0000  0.0000
 34.50       0    0.00  0.0000  0.0000  0.0000  0.0000
 35.50       0    0.00  0.0000  0.0000  0.0000  0.0000
