  0.50    1913   49.23  0.0401 18.3469  0.0002  0.3105
  1.50    3909   51.28  0.0881 17.1806  0.0002  0.3241
  2.50    9819   51.05  0.1446 17.3113  0.0002  0.3084
  3.50    9975   50.82  0.2060 17.4429  0.0002  0.3040
  4.50   14191   51.66  0.2630 16.9803  0.0002  0.3149
  5.50   16568   52.05  0.3185 16.7831  0.0002  0.3287
  6.50   23218   51.76  0.3813 16.9408  0.0002  0.3318
  7.50   28283   52.86  0.4531 16.3465  0.0002  0.3294
  8.50   27231   53.08  0.5191 16.2526  0.0002  0.3437
  9.50   35414   53.09  0.5855 16.2569  0.0002  0.3471
 10.50   41935   54.02  0.6609 15.7887  0.0002  0.3626
 11.50   40772   54.52  0.7322 15.5410  0.0002  0.3653
 12.50   60597   54.70  0.8153 15.4496  0.0002  0.3647
 13.50   51660   54.62  0.9034 15.4824  0.0002  0.3671
 14.50   68420   54.19  0.9909 15.6574  0.0002  0.3490
 15.50   65657   54.18  1.0856 15.6189  0.0002  0.3388
 16.50   66669   53.18  1.1765 16.0670  0.0002  0.3246
 17.50   68465   52.67  1.2716 16.2472  0.0002  0.2892
 18.50   59811   51.18  1.3696 16.9214  0.0002  0.2259
 19.50   68970   49.22  1.4811 17.8585  0.0001  0.1798
 20.50   50147   46.74  1.6087 19.1055  0.0001  0.1110
 21.50   34405   44.22  1.7429 20.4728  0.0000  0.0606
 22.50   20410   41.16  1.8905 22.2619  0.0000  0.0250
 23.50    9113   37.12  2.0478 25.2412  0.0000  0.0060
 24.50    2406   34.27  2.2396 28.1063  0.0000  0.0008
 25.50      77   33.67  2.3917 33.5467  0.0000  0.0008
 26.50       0    0.00  0.0000  0.0000  0.0000  0.0000
 27.50       0    0.00  0.0000  0.0000  0.0000  0.0000
 28.50       0    0.00  0.0000  0.0000  0.0000  0.0000
 29.50       0    0.00  0.0000  0.0000  0.0000  0.0000
 30.50       0    0.00  0.0000  0.0000  0.0000  0.0000
 31.50       0    0.00  0.0000  0.0000  0.0000  0.0000
 32.50       0    0.00  0.0000  0.0000  0.0000  0.0000
 33.50       0    0.00  0.0000  0.0000  0.0000  0.0000
 34.50       0    0.00  0.0000  0.0000  0.0000  0.0000
 35.50       0    0.00  0.0000  0.0000  0.0000  0.0000
