  0.50    3564   48.21  0.0407 16.9985  0.0004  0.5174
  1.50    7396   48.44  0.0945 16.9021  0.0004  0.5288
  2.50   19105   48.86  0.1573 16.7026  0.0004  0.5433
  3.50   19232   49.80  0.2198 16.1982  0.0004  0.5635
  4.50   27407   49.67  0.2766 16.2691  0.0004  0.5524
  5.50   32313   50.10  0.3364 16.0673  0.0004  0.5585
  6.50   45722   50.82  0.4030 15.6910  0.0004  0.5741
  7.50   55648   51.40  0.4779 15.4011  0.0004  0.5795
  8.50   53461   51.66  0.5513 15.2881  0.0005  0.5927
  9.50   69526   52.62  0.6237 14.8286  0.0005  0.6093
 10.50   81821   52.88  0.7014 14.7091  0.0005  0.6191
 11.50   79154   53.27  0.7828 14.5128  0.0005  0.6315
 12.50  118396   53.41  0.8724 14.4486  0.0005  0.6379
 13.50  100062   53.31  0.9676 14.4776  0.0005  0.6194
 14.50  131497   53.04  1.0651 14.5540  0.0005  0.6225
 15.50  124073   52.46  1.1702 14.7689  0.0004  0.5812
 16.50  123010   51.67  1.2764 15.0509  0.0004  0.5269
 17.50  122539   50.08  1.3836 15.7348  0.0003  0.4453
 18.50  103821   48.25  1.4987 16.5493  0.0003  0.3463
 19.50  113389   45.90  1.6281 17.6698  0.0002  0.2558
 20.50   78225   42.75  1.7762 19.4031  0.0001  0.1468
 21.50   50586   39.54  1.9299 21.3851  0.0001  0.0745
 22.50   28370   35.83  2.1025 24.1371  0.0000  0.0256
 23.50   11770   31.62  2.2810 28.4463  0.0000  0.0072
 24.50    3006   25.19  2.4889 47.1771  0.0000  0.0010
 25.50     127   23.40  2.6090 56.0841  0.0000  0.0011
 26.50       0    0.00  0.0000  0.0000  0.0000  0.0000
 27.50       0    0.00  0.0000  0.0000  0.0000  0.0000
 28.50       0    0.00  0.0000  0.0000  0.0000  0.0000
 29.50       0    0.00  0.0000  0.0000  0.0000  0.0000
 30.50       0    0.00  0.0000  0.0000  0.0000  0.0000
 31.50       0    0.00  0.0000  0.0000  0.0000  0.0000
 32.50       0    0.00  0.0000  0.0000  0.0000  0.0000
 33.50       0    0.00  0.0000  0.0000  0.0000  0.0000
 34.50       0    0.00  0.0000  0.0000  0.0000  0.0000
 35.50       0    0.00  0.0000  0.0000  0.0000  0.0000
