  0.50    7483  111.89  0.0591  3.0850  0.0013  2.0201
  1.50   15344  111.56  0.1430  3.1431  0.0013  2.0646
  2.50   38470  112.41  0.2278  3.0250  0.0013  2.0526
  3.50   39703  111.75  0.3268  3.1137  0.0013  2.0874
  4.50   56075  111.83  0.4117  3.0874  0.0013  2.0794
  5.50   65401  111.11  0.4986  3.1664  0.0013  2.0755
  6.50   90760  109.43  0.5967  3.3553  0.0013  1.9826
  7.50  107483  106.39  0.7008  3.7163  0.0013  1.9592
  8.50   98487  103.44  0.8012  4.0809  0.0012  1.8655
  9.50  117947   98.99  0.9035  4.6701  0.0011  1.6646
 10.50  124847   93.86  1.0145  5.3918  0.0010  1.4639
 11.50  106522   88.19  1.1220  6.2885  0.0008  1.2178
 12.50  129537   81.63  1.2334  7.4630  0.0006  0.8551
 13.50   82931   74.75  1.3542  8.8471  0.0004  0.5528
 14.50   74687   67.46  1.4770 10.5735  0.0002  0.3011
 15.50   37716   60.11  1.6113 12.5413  0.0001  0.1153
 16.50   14300   52.48  1.7530 15.0457  0.0000  0.0218
 17.50    3294   46.00  1.8760 17.7109  0.0000  0.0016
 18.50     270   42.44  2.0460 19.4776  0.0000  0.0014
 19.50       0    0.00  0.0000  0.0000  0.0000  0.0000
 20.50       0    0.00  0.0000  0.0000  0.0000  0.0000
 21.50       0    0.00  0.0000  0.0000  0.0000  0.0000
 22.50       0    0.00  0.0000  0.0000  0.0000  0.0000
 23.50       0    0.00  0.0000  0.0000  0.0000  0.0000
 24.50       0    0.00  0.0000  0.0000  0.0000  0.0000
 25.50       0    0.00  0.0000  0.0000  0.0000  0.0000
 26.50       0    0.00  0.0000  0.0000  0.0000  0.0000
 27.50       0    0.00  0.0000  0.0000  0.0000  0.0000
 28.50       0    0.00  0.0000  0.0000  0.0000  0.0000
 29.50       0    0.00  0.0000  0.0000  0.0000  0.0000
 30.50       0    0.00  0.0000  0.0000  0.0000  0.0000
 31.50       0    0.00  0.0000  0.0000  0.0000  0.0000
 32.50       0    0.00  0.0000  0.0000  0.0000  0.0000
 33.50       0    0.00  0.0000  0.0000  0.0000  0.0000
 34.50       0    0.00  0.0000  0.0000  0.0000  0.0000
 35.50       0    0.00  0.0000  0.0000  0.0000  0.0000
