  0.50       0    0.00  0.0000  0.0000  0.0000  0.0000
  1.50       0    0.00  0.0000  0.0000  0.0000  0.0000
  2.50       0    0.00  0.0000  0.0000  0.0000  0.0000
  3.50       0    0.00  0.0000  0.0000  0.0000  0.0000
  4.50       0    0.00  0.0000  0.0000  0.0000  0.0000
  5.50   62867  149.86  0.5735  0.1723  0.0040  5.8625
  6.50  165672  144.85  0.6803  0.4523  0.0039  5.6901
  7.50  260883  137.29  0.8052  0.9060  0.0035  4.9606
  8.50  219806  125.49  0.9297  1.7179  0.0029  4.0868
  9.50  243738  113.23  1.0453  2.7397  0.0024  3.2995
 10.50  235008  100.53  1.1637  4.0469  0.0018  2.4897
 11.50  178740   88.86  1.2652  5.5363  0.0013  1.7381
 12.50  178336   76.76  1.3741  7.4754  0.0006  0.8129
 13.50   73560   65.21  1.4963  9.6904  0.0002  0.2626
 14.50   30542   55.47  1.6165 11.8587  0.0000  0.0480
 15.50    3935   47.52  1.7412 13.6245  0.0000  0.0041
 16.50     214   38.85  1.9205 18.3238  0.0000  0.0020
 17.50       0    0.00  0.0000  0.0000  0.0000  0.0000
 18.50       0    0.00  0.0000  0.0000  0.0000  0.0000
 19.50       0    0.00  0.0000  0.0000  0.0000  0.0000
 20.50       0    0.00  0.0000  0.0000  0.0000  0.0000
 21.50       0    0.00  0.0000  0.0000  0.0000  0.0000
 22.50       0    0.00  0.0000  0.0000  0.0000  0.0000
 23.50       0    0.00  0.0000  0.0000  0.0000  0.0000
 24.50       0    0.00  0.0000  0.0000  0.0000  0.0000
 25.50       0    0.00  0.0000  0.0000  0.0000  0.0000
 26.50       0    0.00  0.0000  0.0000  0.0000  0.0000
 27.50       0    0.00  0.0000  0.0000  0.0000  0.0000
 28.50       0    0.00  0.0000  0.0000  0.0000  0.0000
 29.50       0    0.00  0.0000  0.0000  0.0000  0.0000
 30.50       0    0.00  0.0000  0.0000  0.0000  0.0000
 31.50       0    0.00  0.0000  0.0000  0.0000  0.0000
 32.50       0    0.00  0.0000  0.0000  0.0000  0.0000
 33.50       0    0.00  0.0000  0.0000  0.0000  0.0000
 34.50       0    0.00  0.0000  0.0000  0.0000  0.0000
 35.50       0    0.00  0.0000  0.0000  0.0000  0.0000
