  0.50    1337   18.08  0.0185 54.6744  0.0001  0.0992
  1.50    2593   17.71  0.0485 55.9898  0.0001  0.0929
  2.50    6614   17.90  0.0831 55.3217  0.0001  0.1011
  3.50    6670   17.65  0.1108 56.2618  0.0001  0.0989
  4.50    9261   17.93  0.1456 55.1987  0.0001  0.0976
  5.50   10909   17.88  0.1737 55.4242  0.0001  0.1018
  6.50   15240   17.95  0.2060 55.1926  0.0001  0.0963
  7.50   18226   17.95  0.2399 55.1824  0.0001  0.1000
  8.50   17228   18.04  0.2723 54.8781  0.0001  0.0983
  9.50   21851   18.12  0.3063 54.6071  0.0001  0.1048
 10.50   25476   18.30  0.3396 54.0262  0.0001  0.1042
 11.50   24338   18.11  0.3709 54.6591  0.0001  0.1054
 12.50   36454   18.50  0.4105 53.3687  0.0001  0.1105
 13.50   30640   18.61  0.4476 53.0027  0.0001  0.1154
 14.50   41887   18.80  0.4858 52.4087  0.0001  0.1173
 15.50   41771   19.00  0.5249 51.7882  0.0001  0.1191
 16.50   44833   19.39  0.5659 50.5872  0.0001  0.1214
 17.50   50833   19.54  0.6042 50.1599  0.0001  0.1234
 18.50   51050   19.74  0.6469 49.6044  0.0001  0.1265
 19.50   71509   19.97  0.6940 48.9298  0.0001  0.1283
 20.50   69781   20.30  0.7447 48.0053  0.0001  0.1334
 21.50   73574   20.64  0.7946 47.1020  0.0001  0.1369
 22.50   79494   21.12  0.8464 45.8611  0.0001  0.1382
 23.50   85215   21.47  0.8986 45.0113  0.0001  0.1389
 24.50   84313   21.81  0.9528 44.1720  0.0001  0.1445
 25.50   53526   22.21  1.0166 43.2508  0.0001  0.1468
 26.50   52595   22.78  1.0779 41.9438  0.0001  0.1526
 27.50   43062   23.36  1.1420 40.7086  0.0001  0.1431
 28.50   32869   23.38  1.2081 40.6710  0.0001  0.1467
 29.50   36142   23.87  1.2837 39.6271  0.0001  0.1397
 30.50   15336   24.10  1.3615 39.1332  0.0001  0.1418
 31.50   21093   24.21  1.4438 38.8814  0.0001  0.1265
 32.50    5770   24.87  1.5412 37.5277  0.0001  0.1181
 33.50    2734   24.39  1.6158 38.3319  0.0001  0.1077
 34.50       0    0.00  0.0000  0.0000  0.0000  0.0000
 35.50       0    0.00  0.0000  0.0000  0.0000  0.0000
