  0.50   27853   67.91  0.0511  7.9964  0.0036  3.7426
  1.50   55905   68.46  0.1101  7.8720  0.0036  3.7422
  2.50  142230   68.61  0.1783  7.8465  0.0036  3.7739
  3.50  147102   68.27  0.2533  7.9417  0.0037  3.8997
  4.50  210106   68.20  0.3199  7.9588  0.0037  3.9058
  5.50  247642   68.46  0.3883  7.9102  0.0038  3.9648
  6.50  353435   68.44  0.4646  7.9254  0.0038  4.0095
  7.50  436792   68.46  0.5491  7.9315  0.0039  4.0605
  8.50  419744   68.41  0.6311  7.9469  0.0039  4.1232
  9.50  548999   67.90  0.7127  8.0729  0.0040  4.2019
 10.50  645848   67.54  0.8025  8.1512  0.0040  4.1671
 11.50  626931   66.85  0.8922  8.2992  0.0039  4.1429
 12.50  925043   65.61  0.9882  8.5759  0.0039  4.1028
 13.50  773641   64.04  1.0926  8.9322  0.0038  3.9316
 14.50 1010574   61.97  1.1966  9.4161  0.0035  3.6899
 15.50  937017   59.30  1.3057 10.0846  0.0032  3.2803
 16.50  914444   56.32  1.4142 10.8909  0.0027  2.7864
 17.50  883842   52.86  1.5254 11.9165  0.0022  2.2278
 18.50  713493   49.13  1.6436 13.1526  0.0015  1.5722
 19.50  695099   44.79  1.7853 14.7621  0.0009  0.9036
 20.50  364581   40.11  1.9510 16.7019  0.0003  0.3173
 21.50  143013   35.80  2.1118 18.6482  0.0001  0.0755
 22.50   36341   31.99  2.2596 20.4174  0.0000  0.0109
 23.50    5054   26.57  2.3956 25.4427  0.0000  0.0007
 24.50     370   22.40  2.5337 31.4556  0.0000  0.0009
 25.50       0    0.00  0.0000  0.0000  0.0000  0.0000
 26.50       0    0.00  0.0000  0.0000  0.0000  0.0000
 27.50       0    0.00  0.0000  0.0000  0.0000  0.0000
 28.50       0    0.00  0.0000  0.0000  0.0000  0.0000
 29.50       0    0.00  0.0000  0.0000  0.0000  0.0000
 30.50       0    0.00  0.0000  0.0000  0.0000  0.0000
 31.50       0    0.00  0.0000  0.0000  0.0000  0.0000
 32.50       0    0.00  0.0000  0.0000  0.0000  0.0000
 33.50       0    0.00  0.0000  0.0000  0.0000  0.0000
 34.50       0    0.00  0.0000  0.0000  0.0000  0.0000
 35.50       0    0.00  0.0000  0.0000  0.0000  0.0000
