  0.50     137   15.54  0.0120 87.5459  0.0000  0.0142
  1.50     261   18.77  0.0526 70.3505  0.0000  0.0138
  2.50     727   18.78  0.0752 70.3714  0.0000  0.0172
  3.50     704   19.70  0.1125 68.0818  0.0000  0.0139
  4.50     982   18.41  0.1449 72.1401  0.0000  0.0134
  5.50    1142   18.48  0.1737 72.2247  0.0000  0.0153
  6.50    1591   18.43  0.2041 72.6813  0.0000  0.0155
  7.50    1863   18.69  0.2369 71.0600  0.0000  0.0148
  8.50    1775   18.57  0.2730 72.0434  0.0000  0.0127
  9.50    2368   18.95  0.2996 70.6005  0.0000  0.0147
 10.50    2685   19.31  0.3379 68.7539  0.0000  0.0172
 11.50    2646   19.49  0.3718 67.9564  0.0000  0.0176
 12.50    3919   19.62  0.4073 67.1330  0.0000  0.0146
 13.50    3240   19.94  0.4452 66.0890  0.0000  0.0172
 14.50    4590   19.75  0.4856 66.8334  0.0000  0.0183
 15.50    4533   20.67  0.5289 63.2978  0.0000  0.0182
 16.50    4908   20.93  0.5675 62.4345  0.0000  0.0183
 17.50    5655   20.97  0.6070 62.2424  0.0000  0.0213
 18.50    5433   21.69  0.6543 59.6950  0.0000  0.0194
 19.50    8120   21.67  0.6967 59.7363  0.0000  0.0205
 20.50    8039   22.18  0.7508 58.0504  0.0000  0.0206
 21.50    8573   22.87  0.8001 56.0156  0.0000  0.0240
 22.50    9282   23.30  0.8518 54.7175  0.0000  0.0250
 23.50    9898   23.72  0.9062 53.6009  0.0000  0.0264
 24.50   10093   24.05  0.9636 52.8003  0.0000  0.0256
 25.50    6195   25.10  1.0287 49.8919  0.0000  0.0241
 26.50    6058   25.46  1.0936 49.0571  0.0000  0.0239
 27.50    4892   25.98  1.1666 47.7734  0.0000  0.0258
 28.50    3711   27.78  1.2338 43.9473  0.0000  0.0239
 29.50    4032   26.62  1.3055 46.2404  0.0000  0.0201
 30.50    1730   26.28  1.3767 47.0149  0.0000  0.0213
 31.50    2183   26.36  1.4688 46.8451  0.0000  0.0179
 32.50     553   26.15  1.5734 46.9535  0.0000  0.0160
 33.50     233   27.87  1.6245 42.9871  0.0000  0.0128
 34.50       0    0.00  0.0000  0.0000  0.0000  0.0000
 35.50       0    0.00  0.0000  0.0000  0.0000  0.0000
