  0.50  185343  129.38  0.0706  0.6353  0.0342 25.2450
  1.50  372122  129.19  0.1529  0.6386  0.0343 25.3206
  2.50  945625  128.79  0.2511  0.6533  0.0340 25.0794
  3.50  965386  128.09  0.3541  0.6772  0.0343 25.2958
  4.50 1371772  126.86  0.4485  0.7155  0.0341 25.1216
  5.50 1584083  124.73  0.5468  0.7858  0.0337 24.7359
  6.50 2183047  121.47  0.6589  0.8955  0.0316 22.8781
  7.50 2539215  116.77  0.7863  1.0568  0.0295 21.1326
  8.50 2274153  111.38  0.9136  1.2552  0.0269 18.9517
  9.50 2712407  105.27  1.0446  1.5042  0.0239 16.4656
 10.50 2838958   98.10  1.1895  1.8237  0.0202 13.5989
 11.50 2399922   90.53  1.3337  2.2104  0.0164 10.7594
 12.50 2944262   82.06  1.4948  2.7165  0.0117  7.3797
 13.50 1928573   72.90  1.6647  3.3685  0.0079  4.8396
 14.50 1802457   64.12  1.8388  4.1022  0.0045  2.6773
 15.50  975687   55.23  2.0207  4.9285  0.0020  1.1388
 16.50  417723   47.60  2.1905  5.6143  0.0006  0.3180
 17.50  122385   40.19  2.3552  6.4007  0.0001  0.0550
 18.50   20031   31.94  2.6152  8.0744  0.0000  0.0054
 19.50    2053   24.21  3.0806 11.7669  0.0000  0.0004
 20.50       0    0.00  0.0000  0.0000  0.0000  0.0000
 21.50       0    0.00  0.0000  0.0000  0.0000  0.0000
 22.50       0    0.00  0.0000  0.0000  0.0000  0.0000
 23.50       0    0.00  0.0000  0.0000  0.0000  0.0000
 24.50       0    0.00  0.0000  0.0000  0.0000  0.0000
 25.50       0    0.00  0.0000  0.0000  0.0000  0.0000
 26.50       0    0.00  0.0000  0.0000  0.0000  0.0000
 27.50       0    0.00  0.0000  0.0000  0.0000  0.0000
 28.50       0    0.00  0.0000  0.0000  0.0000  0.0000
 29.50       0    0.00  0.0000  0.0000  0.0000  0.0000
 30.50       0    0.00  0.0000  0.0000  0.0000  0.0000
 31.50       0    0.00  0.0000  0.0000  0.0000  0.0000
 32.50       0    0.00  0.0000  0.0000  0.0000  0.0000
 33.50       0    0.00  0.0000  0.0000  0.0000  0.0000
 34.50       0    0.00  0.0000  0.0000  0.0000  0.0000
 35.50       0    0.00  0.0000  0.0000  0.0000  0.0000
