  0.50   54381   25.34  0.0287  4.8065  0.0035  0.6523
  1.50  108284   25.35  0.0621  4.7965  0.0035  0.6483
  2.50  273674   25.40  0.1006  4.7910  0.0035  0.6552
  3.50  275978   25.47  0.1422  4.7753  0.0035  0.6521
  4.50  389519   25.61  0.1792  4.7372  0.0036  0.6598
  5.50  451440   25.66  0.2166  4.7288  0.0036  0.6645
  6.50  630514   25.88  0.2585  4.6728  0.0036  0.6742
  7.50  758529   26.02  0.3029  4.6403  0.0036  0.6754
  8.50  716135   26.23  0.3460  4.5948  0.0037  0.6882
  9.50  915803   26.45  0.3880  4.5428  0.0037  0.6927
 10.50 1066221   26.72  0.4335  4.4841  0.0037  0.7016
 11.50 1029892   26.95  0.4789  4.4336  0.0038  0.7168
 12.50 1531708   27.26  0.5287  4.3670  0.0039  0.7325
 13.50 1312461   27.56  0.5811  4.3056  0.0039  0.7408
 14.50 1791453   27.92  0.6346  4.2299  0.0040  0.7578
 15.50 1797704   28.30  0.6913  4.1562  0.0041  0.7784
 16.50 1950815   28.70  0.7497  4.0750  0.0041  0.7952
 17.50 2207192   29.12  0.8088  3.9970  0.0042  0.8167
 18.50 2229128   29.52  0.8715  3.9236  0.0043  0.8314
 19.50 3166742   30.04  0.9427  3.8292  0.0044  0.8532
 20.50 3168622   30.55  1.0227  3.7389  0.0045  0.8808
 21.50 3354713   31.12  1.1027  3.6397  0.0046  0.9146
 22.50 3663733   31.62  1.1859  3.5560  0.0047  0.9341
 23.50 3998775   32.17  1.2742  3.4642  0.0048  0.9602
 24.50 4010319   32.71  1.3744  3.3752  0.0049  0.9815
 25.50 2591761   33.29  1.4897  3.2778  0.0049  0.9893
 26.50 2613732   33.81  1.6074  3.1910  0.0049  0.9963
 27.50 2184342   34.30  1.7373  3.1049  0.0049  0.9927
 28.50 1688935   34.72  1.8741  3.0288  0.0048  0.9873
 29.50 1927683   35.03  2.0319  2.9570  0.0047  0.9567
 30.50  832306   35.19  2.2019  2.9005  0.0045  0.9335
 31.50 1191039   35.08  2.3881  2.8726  0.0042  0.8623
 32.50  343068   34.70  2.6108  2.8668  0.0040  0.8205
 33.50  170843   34.42  2.7725  2.8581  0.0038  0.7671
 34.50       0    0.00  0.0000  0.0000  0.0000  0.0000
 35.50       0    0.00  0.0000  0.0000  0.0000  0.0000
