  0.50   19428   21.98  0.0242 19.0459  0.0013  0.7029
  1.50   39171   22.03  0.0573 18.9998  0.0013  0.7019
  2.50   98377   22.03  0.0937 18.9951  0.0013  0.7122
  3.50   99560   22.08  0.1316 18.9479  0.0014  0.7144
  4.50  140547   22.15  0.1669 18.8856  0.0014  0.7152
  5.50  163155   22.28  0.2008 18.7519  0.0014  0.7207
  6.50  227930   22.30  0.2391 18.7336  0.0014  0.7392
  7.50  274688   22.43  0.2803 18.6118  0.0014  0.7447
  8.50  259787   22.55  0.3189 18.4952  0.0014  0.7466
  9.50  333105   22.69  0.3572 18.3651  0.0014  0.7617
 10.50  389434   22.91  0.3983 18.1599  0.0015  0.7757
 11.50  377644   23.10  0.4388 17.9795  0.0015  0.7912
 12.50  559110   23.42  0.4830 17.6784  0.0015  0.8169
 13.50  481105   23.62  0.5295 17.5151  0.0016  0.8273
 14.50  658561   23.90  0.5763 17.2640  0.0016  0.8351
 15.50  659259   24.21  0.6265 17.0031  0.0016  0.8633
 16.50  717154   24.61  0.6767 16.6647  0.0017  0.8824
 17.50  808410   24.97  0.7284 16.3737  0.0017  0.9062
 18.50  815962   25.37  0.7818 16.0569  0.0017  0.9219
 19.50 1157586   25.85  0.8429 15.6902  0.0018  0.9596
 20.50 1150264   26.36  0.9108 15.3103  0.0018  0.9813
 21.50 1216955   26.88  0.9793 14.9327  0.0019  1.0140
 22.50 1317035   27.38  1.0478 14.5826  0.0019  1.0314
 23.50 1427592   27.99  1.1208 14.1722  0.0020  1.0597
 24.50 1412520   28.54  1.2011 13.8090  0.0020  1.0731
 25.50  900268   29.12  1.2905 13.4387  0.0020  1.0794
 26.50  889502   29.68  1.3807 13.0836  0.0020  1.0707
 27.50  725093   30.20  1.4780 12.7586  0.0019  1.0517
 28.50  541009   30.52  1.5786 12.5413  0.0019  1.0100
 29.50  596112   30.78  1.6911 12.3513  0.0017  0.9489
 30.50  246584   30.73  1.8082 12.3219  0.0017  0.9020
 31.50  333470   30.61  1.9340 12.3017  0.0015  0.7904
 32.50   88666   30.23  2.0799 12.3981  0.0013  0.7192
 33.50   41763   29.54  2.1924 12.7083  0.0012  0.6424
 34.50       0    0.00  0.0000  0.0000  0.0000  0.0000
 35.50       0    0.00  0.0000  0.0000  0.0000  0.0000
