  0.50    2276   39.94  0.0375 22.0550  0.0002  0.3004
  1.50    4643   37.87  0.0843 23.8575  0.0002  0.3061
  2.50   11886   38.06  0.1397 23.6970  0.0002  0.3026
  3.50   12010   38.75  0.2015 23.1017  0.0002  0.3109
  4.50   17235   39.21  0.2554 22.7244  0.0002  0.3177
  5.50   20110   39.86  0.3090 22.2066  0.0003  0.3230
  6.50   28429   40.50  0.3685 21.6916  0.0002  0.3181
  7.50   34861   40.46  0.4366 21.7423  0.0003  0.3283
  8.50   33176   42.07  0.5013 20.5107  0.0003  0.3416
  9.50   43052   42.01  0.5681 20.5635  0.0003  0.3535
 10.50   51274   42.93  0.6397 19.9198  0.0003  0.3557
 11.50   50150   43.53  0.7124 19.5099  0.0003  0.3635
 12.50   76532   44.22  0.7926 19.0528  0.0003  0.3832
 13.50   65303   44.81  0.8788 18.6733  0.0003  0.3966
 14.50   88982   44.90  0.9655 18.6097  0.0003  0.3964
 15.50   87922   45.27  1.0591 18.3451  0.0003  0.3924
 16.50   92421   45.13  1.1557 18.4105  0.0003  0.3834
 17.50   97243   45.08  1.2557 18.3773  0.0003  0.3544
 18.50   90261   44.36  1.3544 18.7695  0.0002  0.3254
 19.50  110380   43.16  1.4701 19.4564  0.0002  0.2726
 20.50   89195   41.63  1.6012 20.3406  0.0002  0.2058
 21.50   71478   39.56  1.7332 21.7026  0.0001  0.1395
 22.50   54248   37.16  1.8623 23.4806  0.0001  0.0860
 23.50   36458   34.70  2.0147 25.5240  0.0000  0.0440
 24.50   18022   31.21  2.1960 29.0360  0.0000  0.0154
 25.50    3946   26.89  2.3999 34.8227  0.0000  0.0045
 26.50     889   24.84  2.6078 42.9941  0.0000  0.0007
 27.50      26   24.28  2.7447 130.4321  0.0000  0.0007
 28.50       0    0.00  0.0000  0.0000  0.0000  0.0000
 29.50       0    0.00  0.0000  0.0000  0.0000  0.0000
 30.50       0    0.00  0.0000  0.0000  0.0000  0.0000
 31.50       0    0.00  0.0000  0.0000  0.0000  0.0000
 32.50       0    0.00  0.0000  0.0000  0.0000  0.0000
 33.50       0    0.00  0.0000  0.0000  0.0000  0.0000
 34.50       0    0.00  0.0000  0.0000  0.0000  0.0000
 35.50       0    0.00  0.0000  0.0000  0.0000  0.0000
