  0.50    2796   85.89  0.0541  6.5012  0.0004  0.6149
  1.50    5676   85.24  0.1260  6.6385  0.0004  0.6103
  2.50   14646   85.64  0.2055  6.5808  0.0004  0.6368
  3.50   14948   86.11  0.2872  6.4884  0.0005  0.6557
  4.50   21718   85.50  0.3644  6.6255  0.0005  0.6661
  5.50   25292   85.46  0.4439  6.6249  0.0004  0.6536
  6.50   36647   85.55  0.5328  6.6283  0.0004  0.6507
  7.50   44445   84.71  0.6248  6.7826  0.0005  0.6563
  8.50   41917   83.88  0.7183  6.9414  0.0005  0.6584
  9.50   53431   81.88  0.8091  7.3397  0.0004  0.6347
 10.50   60843   80.10  0.9020  7.6909  0.0004  0.6398
 11.50   56490   76.92  0.9950  8.3866  0.0004  0.5749
 12.50   78271   73.28  1.0980  9.2217  0.0004  0.5310
 13.50   60472   69.46  1.2000 10.1724  0.0003  0.4597
 14.50   71234   65.01  1.2917 11.4169  0.0003  0.3677
 15.50   56089   60.03  1.3928 12.9920  0.0002  0.2520
 16.50   43108   54.53  1.5074 14.9896  0.0001  0.1546
 17.50   26983   48.77  1.6362 17.3811  0.0000  0.0552
 18.50   10588   43.96  1.7724 19.4869  0.0000  0.0135
 19.50    3110   40.07  1.9106 21.2894  0.0000  0.0017
 20.50     150   35.11  2.0008 28.9990  0.0000  0.0011
 21.50       0    0.00  0.0000  0.0000  0.0000  0.0000
 22.50       0    0.00  0.0000  0.0000  0.0000  0.0000
 23.50       0    0.00  0.0000  0.0000  0.0000  0.0000
 24.50       0    0.00  0.0000  0.0000  0.0000  0.0000
 25.50       0    0.00  0.0000  0.0000  0.0000  0.0000
 26.50       0    0.00  0.0000  0.0000  0.0000  0.0000
 27.50       0    0.00  0.0000  0.0000  0.0000  0.0000
 28.50       0    0.00  0.0000  0.0000  0.0000  0.0000
 29.50       0    0.00  0.0000  0.0000  0.0000  0.0000
 30.50       0    0.00  0.0000  0.0000  0.0000  0.0000
 31.50       0    0.00  0.0000  0.0000  0.0000  0.0000
 32.50       0    0.00  0.0000  0.0000  0.0000  0.0000
 33.50       0    0.00  0.0000  0.0000  0.0000  0.0000
 34.50       0    0.00  0.0000  0.0000  0.0000  0.0000
 35.50       0    0.00  0.0000  0.0000  0.0000  0.0000
