  0.50     447   26.91  0.0256 40.8638  0.0000  0.0522
  1.50    1020   25.87  0.0687 43.1823  0.0000  0.0598
  2.50    2494   27.63  0.1068 39.8159  0.0000  0.0573
  3.50    2384   26.18  0.1499 42.4167  0.0000  0.0560
  4.50    3531   27.76  0.1878 39.4364  0.0000  0.0586
  5.50    3976   27.97  0.2317 39.0354  0.0000  0.0577
  6.50    5614   27.94  0.2708 39.0286  0.0000  0.0553
  7.50    6927   28.77  0.3202 37.6545  0.0000  0.0592
  8.50    6535   28.95  0.3634 37.3595  0.0000  0.0569
  9.50    8395   28.92  0.4086 37.4092  0.0000  0.0690
 10.50    9925   29.44  0.4600 36.5391  0.0000  0.0683
 11.50    9806   29.77  0.5064 36.0418  0.0000  0.0618
 12.50   14643   30.58  0.5625 34.7925  0.0000  0.0642
 13.50   12955   31.10  0.6146 34.0459  0.0001  0.0735
 14.50   17994   31.35  0.6740 33.6774  0.0001  0.0807
 15.50   18274   32.15  0.7359 32.6046  0.0001  0.0747
 16.50   20242   32.88  0.7988 31.5769  0.0001  0.0821
 17.50   22871   33.39  0.8623 30.9913  0.0001  0.0856
 18.50   23537   33.52  0.9263 30.8010  0.0001  0.0857
 19.50   33320   34.26  1.0022 29.9136  0.0001  0.0933
 20.50   32851   34.93  1.0816 29.1141  0.0001  0.0855
 21.50   33362   35.53  1.1636 28.3840  0.0001  0.0922
 22.50   35033   35.48  1.2449 28.4658  0.0001  0.0892
 23.50   35463   35.86  1.3293 27.9553  0.0001  0.0810
 24.50   31776   35.63  1.4245 28.1238  0.0000  0.0713
 25.50   17750   35.09  1.5276 28.6220  0.0000  0.0609
 26.50   14721   34.83  1.6337 28.7320  0.0000  0.0528
 27.50    9327   33.83  1.7519 29.6462  0.0000  0.0376
 28.50    5214   32.12  1.8779 31.6905  0.0000  0.0256
 29.50    3461   30.76  2.0407 33.2221  0.0000  0.0104
 30.50     646   28.97  2.2127 35.0620  0.0000  0.0068
 31.50     374   24.84  2.3808 47.8386  0.0000  0.0007
 32.50       0    0.00  0.0000  0.0000  0.0000  0.0000
 33.50       0    0.00  0.0000  0.0000  0.0000  0.0000
 34.50       0    0.00  0.0000  0.0000  0.0000  0.0000
 35.50       0    0.00  0.0000  0.0000  0.0000  0.0000
