  0.50    3659   71.36  0.0477  9.8816  0.0005  0.7402
  1.50    7461   71.84  0.1090  9.7570  0.0005  0.7631
  2.50   19041   73.26  0.1811  9.3672  0.0005  0.7636
  3.50   19581   73.50  0.2524  9.3100  0.0005  0.7915
  4.50   27601   73.63  0.3241  9.2596  0.0005  0.7797
  5.50   32563   73.64  0.3934  9.2693  0.0005  0.7847
  6.50   46354   74.21  0.4737  9.1196  0.0005  0.8140
  7.50   56820   73.92  0.5599  9.2035  0.0005  0.8154
  8.50   53293   74.19  0.6442  9.1096  0.0005  0.7965
  9.50   68458   74.07  0.7281  9.1327  0.0005  0.8107
 10.50   79206   73.24  0.8187  9.3440  0.0005  0.7873
 11.50   74848   71.96  0.9084  9.6672  0.0005  0.7783
 12.50  105130   70.40  1.0090 10.0603  0.0005  0.6971
 13.50   82549   68.72  1.1139 10.4773  0.0004  0.6438
 14.50  100845   66.12  1.2170 11.2067  0.0004  0.5490
 15.50   84537   62.69  1.3264 12.2629  0.0003  0.4153
 16.50   71890   59.03  1.4382 13.4683  0.0002  0.3081
 17.50   58067   55.42  1.5586 14.7513  0.0001  0.1901
 18.50   36282   51.59  1.6804 16.2194  0.0001  0.0939
 19.50   22710   46.47  1.8411 18.5454  0.0000  0.0252
 20.50    6078   40.66  2.0060 21.8552  0.0000  0.0023
 21.50     789   39.70  2.1593 21.8052  0.0000  0.0024
 22.50      11   37.18  2.3050 22.0215  0.0000  0.0009
 23.50       0    0.00  0.0000  0.0000  0.0000  0.0000
 24.50       0    0.00  0.0000  0.0000  0.0000  0.0000
 25.50       0    0.00  0.0000  0.0000  0.0000  0.0000
 26.50       0    0.00  0.0000  0.0000  0.0000  0.0000
 27.50       0    0.00  0.0000  0.0000  0.0000  0.0000
 28.50       0    0.00  0.0000  0.0000  0.0000  0.0000
 29.50       0    0.00  0.0000  0.0000  0.0000  0.0000
 30.50       0    0.00  0.0000  0.0000  0.0000  0.0000
 31.50       0    0.00  0.0000  0.0000  0.0000  0.0000
 32.50       0    0.00  0.0000  0.0000  0.0000  0.0000
 33.50       0    0.00  0.0000  0.0000  0.0000  0.0000
 34.50       0    0.00  0.0000  0.0000  0.0000  0.0000
 35.50       0    0.00  0.0000  0.0000  0.0000  0.0000
