  0.50     856  142.34  0.0611  0.8839  0.0002  0.3258
  1.50    1724  141.20  0.1524  0.9907  0.0002  0.3281
  2.50    4407  143.74  0.2657  0.7528  0.0002  0.3129
  3.50    4378  140.78  0.3635  0.9951  0.0002  0.3202
  4.50    5990  137.99  0.4567  1.2213  0.0002  0.3051
  5.50    6875  136.72  0.5485  1.3505  0.0002  0.3081
  6.50    9314  129.34  0.6493  2.0692  0.0002  0.2887
  7.50   10526  124.30  0.7603  2.5764  0.0001  0.2595
  8.50    9102  114.56  0.8662  3.7128  0.0001  0.2147
  9.50   10474  107.54  0.9703  4.6317  0.0001  0.1765
 10.50   10551   95.66  1.0711  6.6079  0.0001  0.1424
 11.50    8376   87.80  1.1570  8.1007  0.0001  0.1109
 12.50    9209   77.52  1.2549 10.5032  0.0000  0.0627
 13.50    4708   65.75  1.3620 14.0998  0.0000  0.0297
 14.50    2667   56.98  1.4784 17.6014  0.0000  0.0082
 15.50     497   51.01  1.5931 20.1839  0.0000  0.0021
 16.50       0    0.00  0.0000  0.0000  0.0000  0.0000
 17.50       0    0.00  0.0000  0.0000  0.0000  0.0000
 18.50       0    0.00  0.0000  0.0000  0.0000  0.0000
 19.50       0    0.00  0.0000  0.0000  0.0000  0.0000
 20.50       0    0.00  0.0000  0.0000  0.0000  0.0000
 21.50       0    0.00  0.0000  0.0000  0.0000  0.0000
 22.50       0    0.00  0.0000  0.0000  0.0000  0.0000
 23.50       0    0.00  0.0000  0.0000  0.0000  0.0000
 24.50       0    0.00  0.0000  0.0000  0.0000  0.0000
 25.50       0    0.00  0.0000  0.0000  0.0000  0.0000
 26.50       0    0.00  0.0000  0.0000  0.0000  0.0000
 27.50       0    0.00  0.0000  0.0000  0.0000  0.0000
 28.50       0    0.00  0.0000  0.0000  0.0000  0.0000
 29.50       0    0.00  0.0000  0.0000  0.0000  0.0000
 30.50       0    0.00  0.0000  0.0000  0.0000  0.0000
 31.50       0    0.00  0.0000  0.0000  0.0000  0.0000
 32.50       0    0.00  0.0000  0.0000  0.0000  0.0000
 33.50       0    0.00  0.0000  0.0000  0.0000  0.0000
 34.50       0    0.00  0.0000  0.0000  0.0000  0.0000
 35.50       0    0.00  0.0000  0.0000  0.0000  0.0000
