  0.50      51   13.03  0.0203 117.2150  0.0000  0.0055
  1.50     115   11.13  0.0513 140.4815  0.0000  0.0061
  2.50     248   13.50  0.0781 113.7754  0.0000  0.0050
  3.50     236   11.42  0.1037 139.0264  0.0000  0.0050
  4.50     337   12.69  0.1385 123.5243  0.0000  0.0048
  5.50     422   12.38  0.1627 126.2254  0.0000  0.0060
  6.50     564   12.35  0.1851 126.5093  0.0000  0.0047
  7.50     697   13.25  0.2222 116.0574  0.0000  0.0049
  8.50     670   12.44  0.2495 123.8176  0.0000  0.0065
  9.50     830   12.64  0.2796 123.3870  0.0000  0.0055
 10.50     932   12.46  0.3132 124.3465  0.0000  0.0059
 11.50     914   12.97  0.3432 119.0207  0.0000  0.0067
 12.50    1450   13.67  0.3751 113.1109  0.0000  0.0068
 13.50    1116   13.99  0.4085 109.2038  0.0000  0.0058
 14.50    1574   13.26  0.4402 116.4669  0.0000  0.0060
 15.50    1515   13.24  0.4783 116.8695  0.0000  0.0061
 16.50    1716   13.59  0.5190 113.0157  0.0000  0.0062
 17.50    1861   15.07  0.5554 101.0834  0.0000  0.0064
 18.50    1861   14.57  0.5951 104.6102  0.0000  0.0072
 19.50    2640   14.87  0.6357 102.6742  0.0000  0.0067
 20.50    2698   15.36  0.6787 98.4773  0.0000  0.0080
 21.50    2841   15.22  0.7249 99.8117  0.0000  0.0078
 22.50    2976   15.55  0.7663 97.0021  0.0000  0.0062
 23.50    3111   16.34  0.8136 91.8103  0.0000  0.0069
 24.50    3199   17.37  0.8616 85.7824  0.0000  0.0083
 25.50    1996   16.78  0.9148 89.1335  0.0000  0.0097
 26.50    2026   18.94  0.9676 77.5792  0.0000  0.0088
 27.50    1615   18.40  1.0257 80.1291  0.0000  0.0089
 28.50    1199   18.90  1.0788 77.9218  0.0000  0.0087
 29.50    1439   19.89  1.1507 73.6118  0.0000  0.0081
 30.50     536   21.69  1.2262 66.0029  0.0000  0.0085
 31.50     784   21.33  1.2885 67.3004  0.0000  0.0074
 32.50     202   17.55  1.3691 84.3850  0.0000  0.0061
 33.50     103   23.22  1.3947 60.1864  0.0000  0.0065
 34.50       0    0.00  0.0000  0.0000  0.0000  0.0000
 35.50       0    0.00  0.0000  0.0000  0.0000  0.0000
