  0.50   17575   46.04  0.0393 14.4997  0.0018  1.8137
  1.50   35268   46.10  0.0859 14.4731  0.0018  1.8246
  2.50   88880   46.09  0.1430 14.4790  0.0018  1.8137
  3.50   90795   46.04  0.2014 14.5175  0.0018  1.8366
  4.50  130429   45.95  0.2532 14.5719  0.0018  1.8687
  5.50  152319   46.18  0.3085 14.4723  0.0019  1.8920
  6.50  218145   46.21  0.3666 14.4823  0.0019  1.9608
  7.50  266509   46.36  0.4306 14.4204  0.0019  1.9724
  8.50  255931   46.71  0.4938 14.2698  0.0020  2.0141
  9.50  333600   46.80  0.5556 14.2487  0.0020  2.0623
 10.50  396432   47.12  0.6239 14.1163  0.0020  2.0756
 11.50  390730   47.41  0.6917 14.0020  0.0021  2.1682
 12.50  590144   47.58  0.7672 13.9396  0.0022  2.2384
 13.50  511875   47.82  0.8480 13.8442  0.0022  2.2640
 14.50  704775   47.90  0.9295 13.8155  0.0022  2.2705
 15.50  704214   47.94  1.0176 13.7986  0.0023  2.2979
 16.50  754476   47.65  1.1046 13.9133  0.0022  2.2727
 17.50  829436   47.15  1.1937 14.1149  0.0022  2.2230
 18.50  804017   46.45  1.2853 14.4102  0.0021  2.1166
 19.50 1063425   45.30  1.3864 14.8959  0.0019  1.9371
 20.50  950835   43.76  1.4994 15.5841  0.0017  1.6770
 21.50  868440   41.79  1.6101 16.5259  0.0014  1.3736
 22.50  770915   39.61  1.7277 17.6384  0.0010  1.0227
 23.50  625159   37.05  1.8564 19.0908  0.0007  0.6527
 24.50  400239   34.46  2.0062 20.6452  0.0003  0.3287
 25.50  122485   31.35  2.1867 22.7245  0.0002  0.1592
 26.50   41934   28.90  2.3575 24.2544  0.0001  0.0507
 27.50    6459   26.40  2.5089 25.8358  0.0000  0.0083
 28.50     523   20.86  2.6682 34.0647  0.0000  0.0004
 29.50      22   16.40  2.9345 56.3607  0.0000  0.0004
 30.50       0    0.00  0.0000  0.0000  0.0000  0.0000
 31.50       0    0.00  0.0000  0.0000  0.0000  0.0000
 32.50       0    0.00  0.0000  0.0000  0.0000  0.0000
 33.50       0    0.00  0.0000  0.0000  0.0000  0.0000
 34.50       0    0.00  0.0000  0.0000  0.0000  0.0000
 35.50       0    0.00  0.0000  0.0000  0.0000  0.0000
