  0.50    9934   28.52  0.0307 26.9632  0.0008  0.7749
  1.50   20105   28.60  0.0666 26.8712  0.0008  0.7812
  2.50   50370   28.75  0.1082 26.6980  0.0008  0.7855
  3.50   50802   28.54  0.1516 26.9431  0.0008  0.7830
  4.50   72952   28.77  0.1910 26.6940  0.0008  0.7982
  5.50   84511   28.58  0.2312 26.9278  0.0008  0.8024
  6.50  119072   28.79  0.2761 26.6927  0.0008  0.8342
  7.50  144937   28.77  0.3225 26.7354  0.0008  0.8314
  8.50  138659   29.08  0.3678 26.3830  0.0009  0.8521
  9.50  179555   29.15  0.4118 26.3229  0.0009  0.8737
 10.50  210179   29.30  0.4597 26.1682  0.0009  0.8903
 11.50  204430   29.70  0.5072 25.7291  0.0009  0.9052
 12.50  306727   29.85  0.5587 25.5819  0.0009  0.9342
 13.50  265143   30.13  0.6143 25.2962  0.0010  0.9523
 14.50  366574   30.58  0.6694 24.8391  0.0010  0.9722
 15.50  371078   30.89  0.7298 24.5446  0.0010  1.0172
 16.50  404498   31.30  0.7898 24.1443  0.0011  1.0420
 17.50  459909   31.66  0.8523 23.8036  0.0011  1.0786
 18.50  464350   32.10  0.9159 23.3875  0.0011  1.1026
 19.50  658778   32.47  0.9879 23.0558  0.0011  1.1184
 20.50  653121   32.80  1.0683 22.7608  0.0011  1.1342
 21.50  680544   33.19  1.1478 22.4159  0.0012  1.1460
 22.50  723885   33.33  1.2266 22.2855  0.0012  1.1431
 23.50  761856   33.45  1.3098 22.1656  0.0011  1.1292
 24.50  725952   33.32  1.3954 22.2527  0.0011  1.0750
 25.50  434879   32.98  1.4925 22.4928  0.0010  1.0187
 26.50  398762   32.48  1.5900 22.8784  0.0009  0.9210
 27.50  293221   31.61  1.6949 23.5941  0.0008  0.7939
 28.50  190980   30.60  1.8077 24.4594  0.0006  0.6310
 29.50  169714   29.11  1.9432 25.8490  0.0004  0.4404
 30.50   51833   27.57  2.0972 27.3483  0.0003  0.3326
 31.50   44584   25.97  2.2661 28.9972  0.0001  0.1439
 32.50    5359   24.57  2.4881 30.1946  0.0001  0.0778
 33.50    1099   22.91  2.6128 32.1312  0.0000  0.0304
 34.50       0    0.00  0.0000  0.0000  0.0000  0.0000
 35.50       0    0.00  0.0000  0.0000  0.0000  0.0000
