  0.50    1446   51.87  0.0437 16.4214  0.0002  0.2346
  1.50    3062   50.00  0.0897 17.4861  0.0002  0.2521
  2.50    7682   50.83  0.1501 17.0253  0.0002  0.2483
  3.50    7922   50.48  0.2138 17.2518  0.0002  0.2589
  4.50   11217   50.28  0.2742 17.3437  0.0002  0.2590
  5.50   13445   51.39  0.3326 16.7792  0.0002  0.2652
  6.50   19104   51.28  0.3974 16.8486  0.0002  0.2609
  7.50   23415   52.44  0.4671 16.2624  0.0002  0.2746
  8.50   22937   52.12  0.5387 16.4494  0.0002  0.2742
  9.50   29546   53.01  0.6092 15.9984  0.0002  0.2882
 10.50   35611   52.72  0.6796 16.1836  0.0002  0.2874
 11.50   34536   53.37  0.7575 15.8558  0.0002  0.3011
 12.50   51974   53.86  0.8355 15.6249  0.0002  0.3001
 13.50   44317   53.59  0.9247 15.7730  0.0002  0.2967
 14.50   59521   53.41  1.0057 15.8291  0.0002  0.2921
 15.50   57381   52.13  1.0952 16.4397  0.0002  0.2869
 16.50   59162   51.51  1.1817 16.7155  0.0002  0.2675
 17.50   61773   50.00  1.2666 17.4440  0.0002  0.2553
 18.50   54893   48.54  1.3559 18.1739  0.0001  0.2066
 19.50   63672   46.03  1.4604 19.5453  0.0001  0.1546
 20.50   45708   42.86  1.5855 21.4514  0.0001  0.0923
 21.50   29189   39.46  1.7301 23.6851  0.0000  0.0401
 22.50   15092   36.18  1.8827 26.0714  0.0000  0.0132
 23.50    4844   34.07  2.0356 27.2591  0.0000  0.0021
 24.50     803   31.29  2.1332 30.9037  0.0000  0.0009
 25.50      10   25.92  2.2119 37.0228  0.0000  0.0006
 26.50       0    0.00  0.0000  0.0000  0.0000  0.0000
 27.50       0    0.00  0.0000  0.0000  0.0000  0.0000
 28.50       0    0.00  0.0000  0.0000  0.0000  0.0000
 29.50       0    0.00  0.0000  0.0000  0.0000  0.0000
 30.50       0    0.00  0.0000  0.0000  0.0000  0.0000
 31.50       0    0.00  0.0000  0.0000  0.0000  0.0000
 32.50       0    0.00  0.0000  0.0000  0.0000  0.0000
 33.50       0    0.00  0.0000  0.0000  0.0000  0.0000
 34.50       0    0.00  0.0000  0.0000  0.0000  0.0000
 35.50       0    0.00  0.0000  0.0000  0.0000  0.0000
