  0.50    9184   26.74  0.0295 29.1471  0.0007  0.6924
  1.50   18668   26.98  0.0646 28.8346  0.0007  0.7035
  2.50   46906   26.97  0.1053 28.8443  0.0007  0.7121
  3.50   47226   26.85  0.1460 29.0053  0.0007  0.7025
  4.50   67243   27.03  0.1843 28.7871  0.0007  0.7026
  5.50   78583   26.89  0.2232 28.9878  0.0007  0.7245
  6.50  109931   27.00  0.2659 28.8396  0.0008  0.7461
  7.50  134124   27.08  0.3109 28.7500  0.0008  0.7509
  8.50  127574   27.25  0.3541 28.5401  0.0008  0.7636
  9.50  165228   27.44  0.3966 28.3229  0.0008  0.7691
 10.50  194050   27.53  0.4422 28.2200  0.0008  0.8019
 11.50  188063   27.84  0.4876 27.8317  0.0008  0.8106
 12.50  281659   28.08  0.5367 27.5574  0.0008  0.8263
 13.50  242852   28.33  0.5897 27.2661  0.0009  0.8516
 14.50  335842   28.68  0.6420 26.8755  0.0009  0.8740
 15.50  337612   29.04  0.6987 26.4608  0.0009  0.8878
 16.50  370794   29.42  0.7565 26.0572  0.0009  0.9322
 17.50  419313   29.72  0.8145 25.7282  0.0010  0.9618
 18.50  424086   30.22  0.8748 25.1978  0.0010  0.9918
 19.50  602222   30.61  0.9441 24.8080  0.0010  1.0106
 20.50  597597   30.97  1.0190 24.4481  0.0010  1.0219
 21.50  628000   31.37  1.0953 24.0524  0.0011  1.0461
 22.50  672618   31.74  1.1704 23.6910  0.0011  1.0540
 23.50  713745   31.89  1.2489 23.5435  0.0011  1.0436
 24.50  687820   31.99  1.3308 23.4251  0.0010  1.0132
 25.50  420351   31.97  1.4229 23.4062  0.0010  0.9899
 26.50  393638   31.63  1.5149 23.6848  0.0009  0.9201
 27.50  299573   31.16  1.6139 24.0737  0.0008  0.8244
 28.50  204168   30.48  1.7175 24.6597  0.0007  0.7071
 29.50  195073   29.34  1.8369 25.7380  0.0005  0.5364
 30.50   66626   28.10  1.9706 26.9443  0.0005  0.4462
 31.50   67512   26.70  2.1270 28.4013  0.0003  0.2510
 32.50   11041   24.88  2.3096 30.4541  0.0002  0.1628
 33.50    3199   23.80  2.4551 31.6308  0.0001  0.0906
 34.50       0    0.00  0.0000  0.0000  0.0000  0.0000
 35.50       0    0.00  0.0000  0.0000  0.0000  0.0000
