  0.50    5206   76.76  0.0557  7.3920  0.0007  0.9208
  1.50   10378   77.51  0.1162  7.2272  0.0007  0.9195
  2.50   26215   77.39  0.1942  7.2528  0.0007  0.9259
  3.50   26890   77.52  0.2728  7.2324  0.0007  0.9314
  4.50   38426   78.01  0.3464  7.1328  0.0008  0.9465
  5.50   45725   77.55  0.4232  7.2416  0.0008  0.9542
  6.50   65968   77.58  0.5049  7.2573  0.0008  0.9677
  7.50   81283   77.31  0.5964  7.3139  0.0008  0.9697
  8.50   77493   76.98  0.6821  7.3806  0.0008  0.9654
  9.50  101091   75.75  0.7692  7.6438  0.0008  1.0060
 10.50  116688   74.62  0.8613  7.8670  0.0008  0.9627
 11.50  112098   72.79  0.9537  8.2662  0.0008  0.9533
 12.50  162179   69.91  1.0525  8.9218  0.0007  0.8890
 13.50  131234   67.09  1.1551  9.5862  0.0007  0.8203
 14.50  164591   63.06  1.2509 10.6606  0.0006  0.7147
 15.50  144118   58.96  1.3551 11.8553  0.0005  0.5866
 16.50  127912   54.40  1.4625 13.3568  0.0004  0.4355
 17.50  103195   49.34  1.5828 15.2553  0.0002  0.2566
 18.50   60705   44.84  1.7194 17.1049  0.0001  0.1079
 19.50   32606   39.52  1.8776 19.6259  0.0000  0.0265
 20.50    6271   35.12  2.0400 21.8594  0.0000  0.0019
 21.50     583   30.94  2.1419 26.1677  0.0000  0.0009
 22.50       0    0.00  0.0000  0.0000  0.0000  0.0000
 23.50       0    0.00  0.0000  0.0000  0.0000  0.0000
 24.50       0    0.00  0.0000  0.0000  0.0000  0.0000
 25.50       0    0.00  0.0000  0.0000  0.0000  0.0000
 26.50       0    0.00  0.0000  0.0000  0.0000  0.0000
 27.50       0    0.00  0.0000  0.0000  0.0000  0.0000
 28.50       0    0.00  0.0000  0.0000  0.0000  0.0000
 29.50       0    0.00  0.0000  0.0000  0.0000  0.0000
 30.50       0    0.00  0.0000  0.0000  0.0000  0.0000
 31.50       0    0.00  0.0000  0.0000  0.0000  0.0000
 32.50       0    0.00  0.0000  0.0000  0.0000  0.0000
 33.50       0    0.00  0.0000  0.0000  0.0000  0.0000
 34.50       0    0.00  0.0000  0.0000  0.0000  0.0000
 35.50       0    0.00  0.0000  0.0000  0.0000  0.0000
