  0.50     424   15.11  0.0246 78.1356  0.0000  0.0359
  1.50     903   15.18  0.0436 78.0829  0.0000  0.0388
  2.50    2230   15.68  0.0755 75.0597  0.0000  0.0381
  3.50    2219   15.24  0.1058 77.5302  0.0000  0.0360
  4.50    3182   15.57  0.1327 75.6389  0.0000  0.0398
  5.50    3507   15.78  0.1621 74.5387  0.0000  0.0348
  6.50    5121   15.68  0.1898 75.0550  0.0000  0.0386
  7.50    6119   15.74  0.2261 74.7548  0.0000  0.0396
  8.50    5714   15.77  0.2539 74.7029  0.0000  0.0402
  9.50    7236   15.93  0.2872 73.7929  0.0000  0.0382
 10.50    8563   15.99  0.3167 73.4850  0.0000  0.0385
 11.50    8234   16.12  0.3495 72.7774  0.0000  0.0400
 12.50   12161   16.21  0.3821 72.3655  0.0000  0.0434
 13.50   10171   16.31  0.4180 71.8978  0.0000  0.0414
 14.50   13889   16.65  0.4547 70.1879  0.0000  0.0435
 15.50   13932   16.72  0.4904 69.8750  0.0000  0.0462
 16.50   15179   17.04  0.5302 68.4137  0.0000  0.0445
 17.50   16694   17.29  0.5648 67.2762  0.0000  0.0489
 18.50   16882   17.41  0.6043 66.8016  0.0000  0.0472
 19.50   23699   17.70  0.6453 65.5391  0.0000  0.0513
 20.50   23257   18.04  0.6926 64.1264  0.0000  0.0514
 21.50   24586   18.62  0.7384 61.8506  0.0000  0.0540
 22.50   26475   18.86  0.7834 60.9498  0.0000  0.0541
 23.50   28025   19.25  0.8313 59.4769  0.0000  0.0561
 24.50   27931   19.81  0.8828 57.5426  0.0000  0.0560
 25.50   17784   20.19  0.9362 56.3053  0.0000  0.0604
 26.50   17589   20.81  0.9944 54.3062  0.0000  0.0585
 27.50   14407   21.16  1.0537 53.2669  0.0000  0.0587
 28.50   11072   21.82  1.1149 51.3165  0.0000  0.0589
 29.50   12122   22.54  1.1844 49.3363  0.0000  0.0573
 30.50    5220   22.74  1.2540 48.7847  0.0000  0.0591
 31.50    7132   23.19  1.3215 47.5999  0.0000  0.0511
 32.50    2062   24.18  1.4203 45.1377  0.0000  0.0517
 33.50     945   22.51  1.4560 49.1740  0.0000  0.0457
 34.50       0    0.00  0.0000  0.0000  0.0000  0.0000
 35.50       0    0.00  0.0000  0.0000  0.0000  0.0000
