  0.50  171626   51.62  0.0436  2.2224  0.0168  4.0762
  1.50  343641   51.80  0.0978  2.2035  0.0168  4.0707
  2.50  869090   51.89  0.1624  2.1984  0.0168  4.0919
  3.50  883491   52.05  0.2266  2.1887  0.0170  4.1298
  4.50 1262261   52.39  0.2879  2.1641  0.0170  4.1719
  5.50 1476617   52.72  0.3502  2.1403  0.0171  4.1978
  6.50 2083664   53.11  0.4195  2.1081  0.0172  4.2401
  7.50 2551731   53.52  0.4970  2.0788  0.0174  4.3069
  8.50 2445186   54.00  0.5713  2.0443  0.0176  4.3679
  9.50 3178782   54.47  0.6469  2.0105  0.0178  4.4397
 10.50 3768257   54.99  0.7312  1.9726  0.0180  4.5160
 11.50 3710908   55.49  0.8174  1.9350  0.0181  4.5800
 12.50 5604002   56.06  0.9150  1.8900  0.0183  4.6601
 13.50 4874380   56.57  1.0221  1.8471  0.0185  4.7364
 14.50 6729192   56.99  1.1336  1.8063  0.0185  4.7590
 15.50 6758410   57.30  1.2577  1.7662  0.0183  4.7388
 16.50 7312208   57.39  1.3863  1.7347  0.0180  4.6628
 17.50 8121198   57.30  1.5223  1.7060  0.0175  4.5415
 18.50 7951102   57.00  1.6666  1.6811  0.0166  4.3137
 19.50 10716545   56.18  1.8404  1.6726  0.0155  3.9806
 20.50 9923602   54.99  2.0435  1.6692  0.0135  3.4169
 21.50 9493073   53.33  2.2593  1.6827  0.0117  2.9050
 22.50 9104374   51.23  2.4930  1.7160  0.0096  2.3274
 23.50 8429465   48.49  2.7649  1.7834  0.0075  1.7489
 24.50 6811703   45.11  3.0893  1.8880  0.0053  1.1738
 25.50 3274769   40.73  3.4965  2.0721  0.0039  0.8377
 26.50 2275083   36.02  3.9193  2.3347  0.0026  0.5270
 27.50 1130396   30.98  4.3455  2.6804  0.0014  0.2705
 28.50  424776   26.06  4.6839  3.0995  0.0006  0.1018
 29.50  173232   20.94  4.9289  3.7405  0.0001  0.0232
 30.50   17220   16.16  5.2480  4.6899  0.0001  0.0088
 31.50    4280   10.32  6.2588  8.6495  0.0000  0.0002
 32.50       0    0.00  0.0000  0.0000  0.0000  0.0000
 33.50       0    0.00  0.0000  0.0000  0.0000  0.0000
 34.50       0    0.00  0.0000  0.0000  0.0000  0.0000
 35.50       0    0.00  0.0000  0.0000  0.0000  0.0000
