  0.50    1259   17.15  0.0200 58.0280  0.0001  0.0910
  1.50    2454   16.93  0.0451 58.8667  0.0001  0.0855
  2.50    6308   16.92  0.0801 58.9516  0.0001  0.0909
  3.50    6326   17.00  0.1096 58.6208  0.0001  0.0897
  4.50    8839   16.92  0.1407 58.9646  0.0001  0.0878
  5.50   10287   17.02  0.1684 58.5502  0.0001  0.0960
  6.50   14408   17.11  0.2005 58.2349  0.0001  0.0904
  7.50   17510   17.10  0.2330 58.2848  0.0001  0.0943
  8.50   16083   17.10  0.2633 58.2664  0.0001  0.0916
  9.50   20819   17.17  0.2966 58.0610  0.0001  0.0943
 10.50   23930   17.44  0.3289 56.9894  0.0001  0.0965
 11.50   23276   17.36  0.3612 57.3486  0.0001  0.1021
 12.50   33947   17.45  0.3966 56.9904  0.0001  0.1001
 13.50   29099   17.76  0.4337 55.8640  0.0001  0.1037
 14.50   39275   17.87  0.4695 55.4758  0.0001  0.1063
 15.50   39232   18.01  0.5083 55.0298  0.0001  0.1090
 16.50   42359   18.36  0.5461 53.8142  0.0001  0.1129
 17.50   47333   18.50  0.5846 53.3534  0.0001  0.1136
 18.50   47780   18.72  0.6244 52.6727  0.0001  0.1168
 19.50   66631   18.95  0.6691 51.9461  0.0001  0.1173
 20.50   65325   19.27  0.7177 50.9427  0.0001  0.1174
 21.50   68581   19.50  0.7649 50.2972  0.0001  0.1293
 22.50   73779   19.91  0.8133 49.0855  0.0001  0.1230
 23.50   79196   20.35  0.8632 47.8754  0.0001  0.1308
 24.50   79257   20.71  0.9160 46.9049  0.0001  0.1349
 25.50   49750   20.89  0.9762 46.4342  0.0001  0.1330
 26.50   49267   21.56  1.0338 44.7551  0.0001  0.1423
 27.50   40792   22.01  1.0960 43.6651  0.0001  0.1366
 28.50   30587   22.49  1.1595 42.5277  0.0001  0.1383
 29.50   34683   22.75  1.2280 41.9548  0.0001  0.1338
 30.50   14656   23.19  1.3016 41.0025  0.0001  0.1359
 31.50   20591   23.19  1.3815 40.9403  0.0001  0.1251
 32.50    5746   23.31  1.4658 40.6101  0.0001  0.1196
 33.50    2894   23.70  1.5305 39.7808  0.0001  0.1154
 34.50       0    0.00  0.0000  0.0000  0.0000  0.0000
 35.50       0    0.00  0.0000  0.0000  0.0000  0.0000
