  0.50     195   43.81  0.0361 27.1186  0.0000  0.0377
  1.50     362   42.01  0.0760 28.8377  0.0000  0.0369
  2.50     942   41.95  0.1492 28.9666  0.0000  0.0326
  3.50     973   43.09  0.1989 27.9340  0.0000  0.0334
  4.50    1369   41.80  0.2593 29.1679  0.0000  0.0366
  5.50    1622   42.22  0.3022 28.7179  0.0000  0.0416
  6.50    2277   44.15  0.3652 26.9471  0.0000  0.0325
  7.50    2805   43.75  0.4345 27.2871  0.0000  0.0433
  8.50    2774   44.53  0.5007 26.6056  0.0000  0.0411
  9.50    3608   45.99  0.5594 25.3994  0.0000  0.0479
 10.50    4146   45.76  0.6275 25.5876  0.0000  0.0377
 11.50    4156   46.64  0.6908 24.8673  0.0000  0.0434
 12.50    6113   46.15  0.7695 25.2678  0.0000  0.0434
 13.50    5299   47.93  0.8485 23.8622  0.0000  0.0415
 14.50    7030   47.43  0.9251 24.3096  0.0000  0.0412
 15.50    7087   47.19  1.0070 24.4638  0.0000  0.0433
 16.50    7253   45.91  1.0774 25.5078  0.0000  0.0391
 17.50    7623   46.18  1.1647 25.2024  0.0000  0.0380
 18.50    7089   44.78  1.2450 26.3114  0.0000  0.0313
 19.50    8357   42.83  1.3362 28.0054  0.0000  0.0284
 20.50    6491   40.90  1.4407 29.6255  0.0000  0.0191
 21.50    4575   37.37  1.5719 33.3203  0.0000  0.0105
 22.50    2862   34.81  1.7053 36.4608  0.0000  0.0041
 23.50    1292   31.92  1.8510 40.4164  0.0000  0.0012
 24.50     209   29.98  1.9946 44.6013  0.0000  0.0010
 25.50       0    0.00  0.0000  0.0000  0.0000  0.0000
 26.50       0    0.00  0.0000  0.0000  0.0000  0.0000
 27.50       0    0.00  0.0000  0.0000  0.0000  0.0000
 28.50       0    0.00  0.0000  0.0000  0.0000  0.0000
 29.50       0    0.00  0.0000  0.0000  0.0000  0.0000
 30.50       0    0.00  0.0000  0.0000  0.0000  0.0000
 31.50       0    0.00  0.0000  0.0000  0.0000  0.0000
 32.50       0    0.00  0.0000  0.0000  0.0000  0.0000
 33.50       0    0.00  0.0000  0.0000  0.0000  0.0000
 34.50       0    0.00  0.0000  0.0000  0.0000  0.0000
 35.50       0    0.00  0.0000  0.0000  0.0000  0.0000
