  0.50     490   17.43  0.0259 66.5606  0.0000  0.0450
  1.50    1047   18.28  0.0534 63.1672  0.0000  0.0490
  2.50    2565   17.80  0.0810 65.0740  0.0000  0.0478
  3.50    2581   17.76  0.1167 65.2259  0.0000  0.0495
  4.50    3667   18.07  0.1437 64.0011  0.0000  0.0460
  5.50    4122   17.93  0.1804 64.6021  0.0000  0.0458
  6.50    5946   18.01  0.2081 64.2094  0.0000  0.0469
  7.50    7232   18.23  0.2451 63.4338  0.0000  0.0509
  8.50    6784   18.50  0.2830 62.2867  0.0000  0.0499
  9.50    8582   18.16  0.3155 63.6651  0.0000  0.0511
 10.50   10093   18.53  0.3477 62.2247  0.0000  0.0506
 11.50    9775   18.70  0.3841 61.5340  0.0000  0.0539
 12.50   14183   18.75  0.4232 61.3703  0.0000  0.0538
 13.50   12367   19.30  0.4638 59.3353  0.0000  0.0534
 14.50   17043   19.51  0.5035 58.6395  0.0000  0.0599
 15.50   16865   19.51  0.5454 58.6548  0.0000  0.0599
 16.50   18165   19.99  0.5864 56.9926  0.0000  0.0608
 17.50   20743   20.10  0.6292 56.6595  0.0000  0.0602
 18.50   20685   20.51  0.6730 55.3443  0.0000  0.0655
 19.50   28974   21.13  0.7236 53.4299  0.0000  0.0637
 20.50   29197   21.47  0.7757 52.4599  0.0000  0.0666
 21.50   30457   22.06  0.8307 50.8094  0.0001  0.0689
 22.50   32568   22.35  0.8837 50.0125  0.0001  0.0709
 23.50   35275   23.01  0.9364 48.3151  0.0001  0.0764
 24.50   34593   23.47  0.9975 47.1898  0.0001  0.0737
 25.50   21870   24.02  1.0643 45.8653  0.0001  0.0733
 26.50   21265   24.75  1.1303 44.1789  0.0001  0.0698
 27.50   17362   25.39  1.1970 42.8126  0.0001  0.0726
 28.50   12602   25.21  1.2694 43.1339  0.0001  0.0707
 29.50   13611   25.63  1.3503 42.2493  0.0000  0.0619
 30.50    5422   25.48  1.4313 42.4637  0.0000  0.0597
 31.50    6923   25.92  1.5238 41.5045  0.0000  0.0466
 32.50    1783   24.45  1.6413 44.3610  0.0000  0.0440
 33.50     781   25.85  1.7340 41.1729  0.0000  0.0362
 34.50       0    0.00  0.0000  0.0000  0.0000  0.0000
 35.50       0    0.00  0.0000  0.0000  0.0000  0.0000
