  0.50    1582   20.72  0.0223 49.2118  0.0001  0.1360
  1.50    3242   20.85  0.0533 48.9500  0.0001  0.1402
  2.50    8098   20.92  0.0905 48.7001  0.0001  0.1397
  3.50    8093   20.39  0.1216 50.2186  0.0001  0.1352
  4.50   11634   20.75  0.1578 49.2004  0.0001  0.1438
  5.50   13519   20.65  0.1885 49.5075  0.0001  0.1412
  6.50   18621   20.85  0.2241 48.9305  0.0001  0.1412
  7.50   22560   21.03  0.2623 48.4212  0.0001  0.1443
  8.50   21653   20.93  0.2978 48.7243  0.0001  0.1473
  9.50   27585   21.22  0.3326 47.9566  0.0001  0.1452
 10.50   32121   21.36  0.3712 47.6001  0.0001  0.1551
 11.50   31671   21.43  0.4070 47.4290  0.0001  0.1619
 12.50   46569   21.75  0.4473 46.6170  0.0001  0.1621
 13.50   40134   21.93  0.4905 46.1638  0.0001  0.1629
 14.50   54989   22.22  0.5337 45.4589  0.0001  0.1658
 15.50   55397   22.37  0.5784 45.1304  0.0001  0.1746
 16.50   59970   22.73  0.6244 44.2683  0.0001  0.1831
 17.50   68027   23.10  0.6705 43.4413  0.0002  0.1865
 18.50   68159   23.58  0.7195 42.3778  0.0002  0.1993
 19.50   97107   24.00  0.7713 41.5023  0.0002  0.2057
 20.50   96867   24.65  0.8307 40.1841  0.0002  0.2065
 21.50  102231   25.03  0.8889 39.4455  0.0002  0.2125
 22.50  110494   25.54  0.9469 38.4740  0.0002  0.2164
 23.50  120076   26.03  1.0082 37.6002  0.0002  0.2195
 24.50  117725   26.58  1.0723 36.6404  0.0002  0.2257
 25.50   74069   27.13  1.1441 35.7058  0.0002  0.2295
 26.50   72002   27.48  1.2143 35.0990  0.0002  0.2199
 27.50   57833   27.89  1.2917 34.4200  0.0002  0.2151
 28.50   42354   28.23  1.3707 33.8599  0.0002  0.2015
 29.50   44648   28.24  1.4640 33.7450  0.0001  0.1751
 30.50   17290   28.10  1.5593 33.8598  0.0001  0.1642
 31.50   22045   27.87  1.6630 34.0768  0.0001  0.1309
 32.50    5283   27.39  1.7916 34.6166  0.0001  0.1130
 33.50    2175   27.61  1.8891 34.0223  0.0001  0.0883
 34.50       0    0.00  0.0000  0.0000  0.0000  0.0000
 35.50       0    0.00  0.0000  0.0000  0.0000  0.0000
