  0.50    8650  122.82  0.0700  1.9322  0.0016  2.1135
  1.50   17345  123.34  0.1499  1.8812  0.0016  2.1081
  2.50   43483  123.05  0.2459  1.8909  0.0016  2.0947
  3.50   44350  122.68  0.3460  1.9170  0.0016  2.0752
  4.50   63660  121.17  0.4351  2.0489  0.0016  2.1122
  5.50   73592  119.56  0.5278  2.1744  0.0016  2.0675
  6.50  102291  116.22  0.6286  2.4582  0.0015  2.0225
  7.50  120680  112.31  0.7379  2.7983  0.0014  1.8798
  8.50  110041  107.15  0.8427  3.2971  0.0013  1.7425
  9.50  135339  100.69  0.9491  3.9957  0.0012  1.6048
 10.50  144950   93.60  1.0561  4.8478  0.0011  1.4006
 11.50  127657   86.05  1.1619  5.9119  0.0010  1.2154
 12.50  161960   77.65  1.2662  7.3094  0.0007  0.9035
 13.50  108182   68.63  1.3796  9.1318  0.0005  0.6076
 14.50   96649   59.88  1.4967 11.2798  0.0002  0.2972
 15.50   42935   51.79  1.6369 13.5397  0.0001  0.0869
 16.50   12372   45.35  1.7752 15.4270  0.0000  0.0124
 17.50    2098   38.88  1.9190 18.6433  0.0000  0.0013
 18.50      63   31.28  2.0651 25.4929  0.0000  0.0009
 19.50       0    0.00  0.0000  0.0000  0.0000  0.0000
 20.50       0    0.00  0.0000  0.0000  0.0000  0.0000
 21.50       0    0.00  0.0000  0.0000  0.0000  0.0000
 22.50       0    0.00  0.0000  0.0000  0.0000  0.0000
 23.50       0    0.00  0.0000  0.0000  0.0000  0.0000
 24.50       0    0.00  0.0000  0.0000  0.0000  0.0000
 25.50       0    0.00  0.0000  0.0000  0.0000  0.0000
 26.50       0    0.00  0.0000  0.0000  0.0000  0.0000
 27.50       0    0.00  0.0000  0.0000  0.0000  0.0000
 28.50       0    0.00  0.0000  0.0000  0.0000  0.0000
 29.50       0    0.00  0.0000  0.0000  0.0000  0.0000
 30.50       0    0.00  0.0000  0.0000  0.0000  0.0000
 31.50       0    0.00  0.0000  0.0000  0.0000  0.0000
 32.50       0    0.00  0.0000  0.0000  0.0000  0.0000
 33.50       0    0.00  0.0000  0.0000  0.0000  0.0000
 34.50       0    0.00  0.0000  0.0000  0.0000  0.0000
 35.50       0    0.00  0.0000  0.0000  0.0000  0.0000
