  0.50    7493   22.40  0.0219 35.9267  0.0005  0.5136
  1.50   15077   22.58  0.0579 35.5978  0.0005  0.5181
  2.50   37838   22.57  0.0949 35.6022  0.0005  0.5154
  3.50   38397   22.50  0.1316 35.7558  0.0005  0.5224
  4.50   54029   22.66  0.1660 35.4593  0.0005  0.5209
  5.50   62869   22.63  0.2015 35.5146  0.0005  0.5218
  6.50   88110   22.62  0.2391 35.5447  0.0006  0.5434
  7.50  106832   22.59  0.2795 35.6149  0.0006  0.5423
  8.50  102168   22.70  0.3174 35.4411  0.0006  0.5632
  9.50  130227   22.90  0.3555 35.0661  0.0006  0.5659
 10.50  153382   23.06  0.3959 34.8078  0.0006  0.5741
 11.50  148725   23.31  0.4362 34.3672  0.0006  0.5956
 12.50  221488   23.40  0.4789 34.2152  0.0006  0.6114
 13.50  189838   23.71  0.5253 33.6931  0.0006  0.6203
 14.50  259368   23.85  0.5702 33.4663  0.0006  0.6267
 15.50  261500   24.12  0.6188 33.0393  0.0007  0.6514
 16.50  284051   24.51  0.6681 32.4266  0.0007  0.6609
 17.50  321805   24.84  0.7179 31.9128  0.0007  0.6769
 18.50  325056   25.15  0.7696 31.4501  0.0007  0.6998
 19.50  460945   25.52  0.8272 30.9115  0.0007  0.7308
 20.50  458737   25.99  0.8924 30.2419  0.0008  0.7623
 21.50  483168   26.40  0.9557 29.6703  0.0008  0.7716
 22.50  523318   26.83  1.0197 29.0942  0.0008  0.7914
 23.50  564972   27.16  1.0869 28.6743  0.0008  0.7969
 24.50  557123   27.58  1.1581 28.1298  0.0008  0.8207
 25.50  351978   27.95  1.2380 27.6593  0.0008  0.8191
 26.50  343265   28.13  1.3156 27.4270  0.0008  0.7966
 27.50  275921   28.29  1.3997 27.2001  0.0008  0.7759
 28.50  203028   28.37  1.4860 27.0720  0.0007  0.7335
 29.50  216361   28.17  1.5828 27.2377  0.0007  0.6571
 30.50   86005   27.65  1.6805 27.8132  0.0006  0.6161
 31.50  110821   27.30  1.7909 28.1281  0.0005  0.5028
 32.50   27190   26.32  1.9244 29.2600  0.0004  0.4326
 33.50   11542   25.59  2.0258 30.1117  0.0004  0.3521
 34.50       0    0.00  0.0000  0.0000  0.0000  0.0000
 35.50       0    0.00  0.0000  0.0000  0.0000  0.0000
