  0.50       0    0.00  0.0000  0.0000  0.0000  0.0000
  1.50       0    0.00  0.0000  0.0000  0.0000  0.0000
  2.50       0    0.00  0.0000  0.0000  0.0000  0.0000
  3.50       0    0.00  0.0000  0.0000  0.0000  0.0000
  4.50       0    0.00  0.0000  0.0000  0.0000  0.0000
  5.50  683138  149.19  0.5789  0.0820  0.0434 34.1326
  6.50 1821676  144.16  0.6928  0.2135  0.0424 33.0206
  7.50 2899188  136.36  0.8385  0.4261  0.0377 28.4424
  8.50 2465106  125.43  0.9892  0.7408  0.0316 23.0382
  9.50 2753317  114.01  1.1425  1.1242  0.0256 17.9232
 10.50 2661510  101.66  1.3116  1.6201  0.0193 12.9913
 11.50 2028856   89.79  1.4736  2.1986  0.0136  8.7612
 12.50 2118316   77.56  1.6497  2.9283  0.0072  4.4543
 13.50 1031297   65.60  1.8316  3.7558  0.0032  1.9198
 14.50  595253   55.66  1.9978  4.4410  0.0010  0.5595
 15.50  147269   46.11  2.1699  5.1282  0.0002  0.1042
 16.50   25066   36.10  2.4488  6.5823  0.0000  0.0090
 17.50    2057   24.97  3.0530 11.1718  0.0000  0.0005
 18.50       0    0.00  0.0000  0.0000  0.0000  0.0000
 19.50       0    0.00  0.0000  0.0000  0.0000  0.0000
 20.50       0    0.00  0.0000  0.0000  0.0000  0.0000
 21.50       0    0.00  0.0000  0.0000  0.0000  0.0000
 22.50       0    0.00  0.0000  0.0000  0.0000  0.0000
 23.50       0    0.00  0.0000  0.0000  0.0000  0.0000
 24.50       0    0.00  0.0000  0.0000  0.0000  0.0000
 25.50       0    0.00  0.0000  0.0000  0.0000  0.0000
 26.50       0    0.00  0.0000  0.0000  0.0000  0.0000
 27.50       0    0.00  0.0000  0.0000  0.0000  0.0000
 28.50       0    0.00  0.0000  0.0000  0.0000  0.0000
 29.50       0    0.00  0.0000  0.0000  0.0000  0.0000
 30.50       0    0.00  0.0000  0.0000  0.0000  0.0000
 31.50       0    0.00  0.0000  0.0000  0.0000  0.0000
 32.50       0    0.00  0.0000  0.0000  0.0000  0.0000
 33.50       0    0.00  0.0000  0.0000  0.0000  0.0000
 34.50       0    0.00  0.0000  0.0000  0.0000  0.0000
 35.50       0    0.00  0.0000  0.0000  0.0000  0.0000
