  0.50     234    5.00  0.0295 248.2140  0.0000  0.0217
  1.50     462    5.00  0.0605 247.0645  0.0000  0.0201
  2.50    1168    5.00  0.1038 247.3990  0.0000  0.0223
  3.50    1194    5.00  0.1408 247.4780  0.0000  0.0235
  4.50    1773    6.13  0.1748 213.3777  0.0000  0.0235
  5.50    2061    5.25  0.2205 237.5730  0.0000  0.0243
  6.50    2856    6.64  0.2642 198.0613  0.0000  0.0226
  7.50    3481    6.03  0.3072 219.7098  0.0000  0.0222
  8.50    3419    6.56  0.3487 200.1983  0.0000  0.0253
  9.50    4465    7.95  0.3984 167.8535  0.0000  0.0261
 10.50    5296    7.21  0.4419 184.3211  0.0000  0.0293
 11.50    5026    7.37  0.4905 173.8215  0.0000  0.0273
 12.50    7977    8.87  0.5417 147.1949  0.0000  0.0330
 13.50    6981   10.64  0.5971 111.1435  0.0000  0.0327
 14.50    9763   10.25  0.6497 120.5883  0.0000  0.0336
 15.50   10076   12.04  0.7071 94.9740  0.0000  0.0337
 16.50   11520   12.28  0.7657 93.8833  0.0000  0.0355
 17.50   13292   13.23  0.8283 86.4728  0.0000  0.0388
 18.50   14034   14.16  0.8904 79.6107  0.0000  0.0444
 19.50   20380   14.94  0.9608 74.1440  0.0000  0.0422
 20.50   21279   16.84  1.0395 64.2912  0.0000  0.0464
 21.50   22940   17.99  1.1232 59.4327  0.0000  0.0502
 22.50   25196   18.77  1.1974 57.1964  0.0000  0.0570
 23.50   27652   19.43  1.2787 54.8981  0.0000  0.0544
 24.50   26428   20.72  1.3714 50.2382  0.0000  0.0513
 25.50   16257   21.57  1.4692 47.7831  0.0000  0.0505
 26.50   14712   21.20  1.5729 48.5227  0.0000  0.0443
 27.50   11015   22.35  1.6793 45.6344  0.0000  0.0384
 28.50    7406   21.61  1.7850 47.1246  0.0000  0.0340
 29.50    6785   21.88  1.9139 46.2933  0.0000  0.0224
 30.50    2101   22.58  2.0628 43.9986  0.0000  0.0163
 31.50    2086   19.00  2.2180 55.5695  0.0000  0.0099
 32.50     354   16.98  2.4079 62.2983  0.0000  0.0066
 33.50     103   18.01  2.5883 56.3994  0.0000  0.0035
 34.50       0    0.00  0.0000  0.0000  0.0000  0.0000
 35.50       0    0.00  0.0000  0.0000  0.0000  0.0000
