  0.50    1279   16.93  0.0174 62.0439  0.0001  0.0984
  1.50    2496   17.31  0.0480 60.4611  0.0001  0.0965
  2.50    6389   17.03  0.0791 61.6592  0.0001  0.0996
  3.50    6375   16.91  0.1097 62.1725  0.0001  0.0988
  4.50    8838   17.18  0.1388 61.0478  0.0001  0.0926
  5.50   10742   16.94  0.1678 62.0956  0.0001  0.1011
  6.50   14505   17.17  0.1972 61.1280  0.0001  0.0982
  7.50   17585   17.10  0.2305 61.3933  0.0001  0.1008
  8.50   16483   17.33  0.2623 60.4745  0.0001  0.1015
  9.50   21227   17.32  0.2921 60.5072  0.0001  0.1058
 10.50   24848   17.53  0.3265 59.7428  0.0001  0.1019
 11.50   23637   17.70  0.3576 59.0682  0.0001  0.1095
 12.50   35347   17.69  0.3910 59.1071  0.0001  0.1076
 13.50   30371   17.78  0.4284 58.8143  0.0001  0.1157
 14.50   40720   18.05  0.4636 57.7973  0.0001  0.1131
 15.50   40899   18.27  0.5015 56.9736  0.0001  0.1173
 16.50   44370   18.44  0.5401 56.4117  0.0001  0.1197
 17.50   49925   18.58  0.5787 55.9277  0.0001  0.1223
 18.50   49443   18.81  0.6164 55.1465  0.0001  0.1325
 19.50   70128   19.13  0.6616 54.0845  0.0001  0.1306
 20.50   69244   19.54  0.7098 52.7860  0.0001  0.1393
 21.50   73126   19.91  0.7572 51.6326  0.0001  0.1487
 22.50   79189   20.30  0.8037 50.4860  0.0001  0.1486
 23.50   85623   20.74  0.8528 49.2517  0.0001  0.1506
 24.50   84865   21.18  0.9060 48.0352  0.0001  0.1595
 25.50   54721   21.72  0.9633 46.6305  0.0001  0.1586
 26.50   54445   22.03  1.0228 45.8516  0.0001  0.1654
 27.50   44704   22.54  1.0824 44.6057  0.0001  0.1652
 28.50   33932   23.25  1.1455 42.9542  0.0001  0.1610
 29.50   38329   23.61  1.2141 42.1741  0.0001  0.1631
 30.50   16157   24.08  1.2869 41.1179  0.0001  0.1554
 31.50   22615   24.57  1.3682 40.0546  0.0001  0.1482
 32.50    6377   24.30  1.4613 40.5491  0.0001  0.1446
 33.50    3170   24.87  1.5288 39.3548  0.0001  0.1348
 34.50       0    0.00  0.0000  0.0000  0.0000  0.0000
 35.50       0    0.00  0.0000  0.0000  0.0000  0.0000
