  0.50    5190   87.68  0.0636  6.4028  0.0008  1.1978
  1.50   10474   89.11  0.1229  6.1280  0.0008  1.2090
  2.50   26742   89.00  0.2049  6.1566  0.0008  1.2541
  3.50   27108   89.88  0.2849  5.9853  0.0008  1.2242
  4.50   38968   89.68  0.3643  6.0269  0.0008  1.2591
  5.50   46026   89.69  0.4433  6.0310  0.0008  1.2870
  6.50   65114   89.22  0.5301  6.1197  0.0008  1.2646
  7.50   78053   88.89  0.6285  6.1540  0.0008  1.2298
  8.50   73467   87.92  0.7194  6.3211  0.0008  1.2511
  9.50   92431   86.22  0.8118  6.6327  0.0008  1.1913
 10.50  103267   83.65  0.9122  7.1084  0.0007  1.1420
 11.50   93252   81.13  1.0122  7.5951  0.0007  1.0275
 12.50  124728   77.89  1.1204  8.2382  0.0006  0.8588
 13.50   91172   73.47  1.2306  9.2247  0.0005  0.6954
 14.50  100059   68.32  1.3425 10.5259  0.0003  0.4878
 15.50   72510   63.17  1.4658 11.9565  0.0002  0.3174
 16.50   49205   57.89  1.5918 13.6211  0.0001  0.1713
 17.50   27415   52.33  1.7289 15.5789  0.0000  0.0558
 18.50    9397   46.43  1.8698 18.0261  0.0000  0.0094
 19.50    2307   42.28  2.0047 20.3645  0.0000  0.0013
 20.50      51   40.90  2.1631 19.5048  0.0000  0.0014
 21.50       0    0.00  0.0000  0.0000  0.0000  0.0000
 22.50       0    0.00  0.0000  0.0000  0.0000  0.0000
 23.50       0    0.00  0.0000  0.0000  0.0000  0.0000
 24.50       0    0.00  0.0000  0.0000  0.0000  0.0000
 25.50       0    0.00  0.0000  0.0000  0.0000  0.0000
 26.50       0    0.00  0.0000  0.0000  0.0000  0.0000
 27.50       0    0.00  0.0000  0.0000  0.0000  0.0000
 28.50       0    0.00  0.0000  0.0000  0.0000  0.0000
 29.50       0    0.00  0.0000  0.0000  0.0000  0.0000
 30.50       0    0.00  0.0000  0.0000  0.0000  0.0000
 31.50       0    0.00  0.0000  0.0000  0.0000  0.0000
 32.50       0    0.00  0.0000  0.0000  0.0000  0.0000
 33.50       0    0.00  0.0000  0.0000  0.0000  0.0000
 34.50       0    0.00  0.0000  0.0000  0.0000  0.0000
 35.50       0    0.00  0.0000  0.0000  0.0000  0.0000
