  0.50  374558   84.95  0.0563  1.2243  0.0505 16.4018
  1.50  751930   84.76  0.1260  1.2306  0.0504 16.3560
  2.50 1907735   85.01  0.2113  1.2200  0.0504 16.3888
  3.50 1943741   85.00  0.2972  1.2186  0.0508 16.4930
  4.50 2783604   85.22  0.3798  1.2064  0.0511 16.6551
  5.50 3263716   85.34  0.4657  1.1957  0.0511 16.7029
  6.50 4619785   85.43  0.5630  1.1809  0.0506 16.6051
  7.50 5650609   85.40  0.6723  1.1678  0.0503 16.5004
  8.50 5379962   85.25  0.7807  1.1540  0.0499 16.4193
  9.50 6889364   84.87  0.8919  1.1405  0.0487 15.9917
 10.50 7959044   84.07  1.0176  1.1332  0.0470 15.3716
 11.50 7556467   82.96  1.1466  1.1282  0.0447 14.5272
 12.50 10794168   81.34  1.2949  1.1255  0.0403 12.8883
 13.50 8718663   79.14  1.4624  1.1300  0.0362 11.3663
 14.50 10942579   76.44  1.6413  1.1381  0.0314  9.6166
 15.50 9720951   72.99  1.8496  1.1556  0.0260  7.6883
 16.50 9058375   68.94  2.0825  1.1835  0.0203  5.7597
 17.50 8391026   64.23  2.3508  1.2259  0.0147  3.9540
 18.50 6540897   58.74  2.6658  1.2928  0.0097  2.4475
 19.50 6378172   51.76  3.0773  1.4169  0.0056  1.3226
 20.50 3655588   43.69  3.5445  1.6132  0.0024  0.5151
 21.50 1819871   36.00  3.9385  1.8536  0.0009  0.1852
 22.50  730265   29.05  4.2342  2.1465  0.0003  0.0494
 23.50  211197   22.10  4.5902  2.7891  0.0000  0.0086
 24.50   34004   14.68  5.5655  4.7207  0.0000  0.0002
 25.50     221    9.54  7.1001  7.7396  0.0000  0.0002
 26.50       0    0.00  0.0000  0.0000  0.0000  0.0000
 27.50       0    0.00  0.0000  0.0000  0.0000  0.0000
 28.50       0    0.00  0.0000  0.0000  0.0000  0.0000
 29.50       0    0.00  0.0000  0.0000  0.0000  0.0000
 30.50       0    0.00  0.0000  0.0000  0.0000  0.0000
 31.50       0    0.00  0.0000  0.0000  0.0000  0.0000
 32.50       0    0.00  0.0000  0.0000  0.0000  0.0000
 33.50       0    0.00  0.0000  0.0000  0.0000  0.0000
 34.50       0    0.00  0.0000  0.0000  0.0000  0.0000
 35.50       0    0.00  0.0000  0.0000  0.0000  0.0000
