  0.50     141   33.02  0.0247 39.5689  0.0000  0.0238
  1.50     271   32.72  0.0764 40.0463  0.0000  0.0254
  2.50     690   31.94  0.1185 41.4903  0.0000  0.0215
  3.50     725   32.54  0.1774 40.5312  0.0000  0.0228
  4.50    1002   31.26  0.2248 42.8097  0.0000  0.0220
  5.50    1170   32.05  0.2655 41.4671  0.0000  0.0255
  6.50    1731   32.82  0.3181 40.1264  0.0000  0.0245
  7.50    1922   34.08  0.3661 38.4166  0.0000  0.0209
  8.50    1954   34.08  0.4301 38.1330  0.0000  0.0256
  9.50    2548   34.39  0.4720 37.6880  0.0000  0.0263
 10.50    3093   35.30  0.5383 36.4986  0.0000  0.0263
 11.50    2922   35.73  0.5982 35.9073  0.0000  0.0249
 12.50    4499   36.40  0.6570 35.0347  0.0000  0.0255
 13.50    3887   36.35  0.7246 35.2191  0.0000  0.0335
 14.50    5193   37.38  0.7899 33.7706  0.0000  0.0279
 15.50    5375   37.91  0.8648 33.1494  0.0000  0.0309
 16.50    5612   38.81  0.9310 32.0512  0.0000  0.0297
 17.50    6434   38.96  1.0025 31.9904  0.0000  0.0286
 18.50    6240   38.65  1.0755 32.4144  0.0000  0.0298
 19.50    8228   38.46  1.1568 32.4666  0.0000  0.0286
 20.50    7491   37.80  1.2399 33.2021  0.0000  0.0263
 21.50    7028   37.24  1.3360 33.8825  0.0000  0.0230
 22.50    6091   37.20  1.4244 33.7719  0.0000  0.0174
 23.50    5081   34.35  1.5365 37.2436  0.0000  0.0102
 24.50    3374   32.03  1.6622 40.9972  0.0000  0.0060
 25.50    1031   29.68  1.8245 44.6612  0.0000  0.0025
 26.50     401   28.49  1.9630 48.5609  0.0000  0.0012
 27.50      23   24.18  2.1528 57.2078  0.0000  0.0009
 28.50       0    0.00  0.0000  0.0000  0.0000  0.0000
 29.50       0    0.00  0.0000  0.0000  0.0000  0.0000
 30.50       0    0.00  0.0000  0.0000  0.0000  0.0000
 31.50       0    0.00  0.0000  0.0000  0.0000  0.0000
 32.50       0    0.00  0.0000  0.0000  0.0000  0.0000
 33.50       0    0.00  0.0000  0.0000  0.0000  0.0000
 34.50       0    0.00  0.0000  0.0000  0.0000  0.0000
 35.50       0    0.00  0.0000  0.0000  0.0000  0.0000
