  0.50   11652   32.40  0.0326 23.0440  0.0010  0.9767
  1.50   23386   32.55  0.0718 22.9061  0.0010  0.9797
  2.50   58263   32.64  0.1160 22.8151  0.0010  0.9778
  3.50   59757   32.65  0.1648 22.8210  0.0010  0.9813
  4.50   85160   32.40  0.2057 23.0677  0.0010  0.9962
  5.50   99153   32.60  0.2495 22.8931  0.0010  1.0162
  6.50  139996   32.68  0.2979 22.8329  0.0010  1.0258
  7.50  171702   32.85  0.3493 22.6983  0.0011  1.0549
  8.50  163496   32.98  0.3979 22.5878  0.0011  1.0740
  9.50  212159   33.16  0.4460 22.4537  0.0011  1.0952
 10.50  248724   33.40  0.4983 22.2448  0.0011  1.1098
 11.50  243178   33.67  0.5505 22.0268  0.0012  1.1429
 12.50  367153   33.98  0.6085 21.7811  0.0012  1.1764
 13.50  318472   34.40  0.6689 21.4441  0.0012  1.2061
 14.50  441164   34.69  0.7318 21.2303  0.0013  1.2596
 15.50  445019   35.10  0.7977 20.9096  0.0013  1.2902
 16.50  487796   35.54  0.8657 20.5771  0.0013  1.3159
 17.50  552238   35.83  0.9348 20.3627  0.0013  1.3376
 18.50  555659   36.11  1.0051 20.1597  0.0014  1.3718
 19.50  784348   36.37  1.0865 19.9751  0.0014  1.3972
 20.50  766245   36.64  1.1755 19.7699  0.0014  1.3754
 21.50  786816   36.58  1.2624 19.7978  0.0014  1.3498
 22.50  820633   36.45  1.3501 19.8725  0.0013  1.3212
 23.50  840260   36.12  1.4414 20.0813  0.0012  1.2370
 24.50  766645   35.40  1.5364 20.5607  0.0011  1.0839
 25.50  435312   34.37  1.6455 21.2824  0.0010  0.9698
 26.50  370545   33.09  1.7559 22.2346  0.0008  0.8201
 27.50  243109   31.55  1.8847 23.4563  0.0006  0.6099
 28.50  133786   29.78  2.0265 24.9655  0.0004  0.3856
 29.50   90426   27.84  2.1978 26.7175  0.0002  0.1766
 30.50   17751   26.28  2.3883 27.9870  0.0001  0.1011
 31.50    8197   24.10  2.5726 30.1737  0.0000  0.0148
 32.50     269   22.65  2.7522 30.6053  0.0000  0.0035
 33.50      32   27.43  2.9189 21.5321  0.0000  0.0009
 34.50       0    0.00  0.0000  0.0000  0.0000  0.0000
 35.50       0    0.00  0.0000  0.0000  0.0000  0.0000
