  0.50     709   25.20  0.0185 43.3067  0.0001  0.0786
  1.50    1489   25.61  0.0618 42.4895  0.0001  0.0828
  2.50    3624   24.96  0.1043 43.8851  0.0001  0.0817
  3.50    3583   25.26  0.1412 43.1815  0.0001  0.0819
  4.50    5177   24.81  0.1802 44.1944  0.0001  0.0798
  5.50    6194   25.26  0.2203 43.2512  0.0001  0.0830
  6.50    8616   25.64  0.2588 42.4974  0.0001  0.0792
  7.50   10491   25.54  0.3058 42.6907  0.0001  0.0847
  8.50    9945   25.66  0.3488 42.4657  0.0001  0.0877
  9.50   12755   26.46  0.3917 40.8794  0.0001  0.0911
 10.50   14994   26.45  0.4399 40.9109  0.0001  0.0933
 11.50   14674   26.69  0.4831 40.4986  0.0001  0.0879
 12.50   22051   27.06  0.5345 39.8164  0.0001  0.0997
 13.50   19220   27.43  0.5848 39.1556  0.0001  0.1028
 14.50   26268   27.90  0.6396 38.3610  0.0001  0.1015
 15.50   26678   28.68  0.6952 37.0592  0.0001  0.1039
 16.50   29254   28.89  0.7545 36.7505  0.0001  0.1112
 17.50   32790   29.68  0.8117 35.4774  0.0001  0.1107
 18.50   33274   29.98  0.8704 35.0527  0.0001  0.1111
 19.50   46848   30.69  0.9376 34.0207  0.0001  0.1156
 20.50   45964   31.58  1.0110 32.7972  0.0001  0.1203
 21.50   47578   31.83  1.0858 32.4437  0.0001  0.1184
 22.50   50078   32.27  1.1555 31.8643  0.0001  0.1179
 23.50   51910   32.39  1.2295 31.6749  0.0001  0.1156
 24.50   48150   32.34  1.3109 31.7005  0.0001  0.1084
 25.50   27836   32.00  1.4033 32.0288  0.0001  0.0943
 26.50   24229   31.81  1.4976 32.1651  0.0001  0.0810
 27.50   16418   31.06  1.6088 32.9701  0.0000  0.0572
 28.50    9304   30.33  1.7348 33.7430  0.0000  0.0427
 29.50    7055   28.06  1.8776 37.0137  0.0000  0.0225
 30.50    1618   26.48  2.0475 39.2082  0.0000  0.0152
 31.50     894   27.12  2.2531 37.0865  0.0000  0.0030
 32.50      49   19.13  2.4703 56.0692  0.0000  0.0010
 33.50       0    0.00  0.0000  0.0000  0.0000  0.0000
 34.50       0    0.00  0.0000  0.0000  0.0000  0.0000
 35.50       0    0.00  0.0000  0.0000  0.0000  0.0000
