  0.50    8023   23.78  0.0254 33.5092  0.0006  0.5671
  1.50   16181   23.93  0.0598 33.2555  0.0006  0.5763
  2.50   40506   23.92  0.0978 33.2639  0.0006  0.5719
  3.50   41140   23.87  0.1362 33.3574  0.0006  0.5820
  4.50   57789   23.97  0.1716 33.2012  0.0006  0.5754
  5.50   67882   23.94  0.2088 33.2562  0.0006  0.5850
  6.50   94565   23.98  0.2473 33.2071  0.0006  0.6049
  7.50  114870   23.96  0.2894 33.2447  0.0006  0.6073
  8.50  109669   24.11  0.3289 33.0249  0.0006  0.6145
  9.50  140870   24.34  0.3682 32.6517  0.0006  0.6302
 10.50  165512   24.47  0.4104 32.4584  0.0007  0.6442
 11.50  160603   24.59  0.4522 32.2875  0.0007  0.6620
 12.50  239739   24.88  0.4971 31.8346  0.0007  0.6716
 13.50  205221   25.10  0.5455 31.5079  0.0007  0.6874
 14.50  282057   25.30  0.5921 31.2330  0.0007  0.7032
 15.50  284184   25.67  0.6434 30.7001  0.0007  0.7230
 16.50  310065   26.05  0.6954 30.1660  0.0007  0.7267
 17.50  350666   26.32  0.7481 29.7923  0.0008  0.7508
 18.50  355504   26.74  0.8022 29.2302  0.0008  0.7946
 19.50  503014   27.11  0.8635 28.7553  0.0008  0.8150
 20.50  500650   27.58  0.9318 28.1589  0.0009  0.8377
 21.50  527369   28.04  0.9989 27.5945  0.0009  0.8533
 22.50  570437   28.36  1.0665 27.2168  0.0009  0.8636
 23.50  614231   28.73  1.1377 26.7841  0.0009  0.8905
 24.50  602471   29.09  1.2126 26.3647  0.0009  0.8849
 25.50  376458   29.24  1.2961 26.1713  0.0009  0.8660
 26.50  364385   29.49  1.3778 25.8636  0.0009  0.8513
 27.50  288715   29.48  1.4676 25.8364  0.0008  0.8111
 28.50  207495   29.24  1.5581 26.0556  0.0007  0.7385
 29.50  216586   28.82  1.6594 26.4441  0.0007  0.6512
 30.50   83383   28.25  1.7681 27.0209  0.0006  0.5899
 31.50  101814   27.27  1.8873 28.0798  0.0004  0.4379
 32.50   22689   26.12  2.0413 29.3426  0.0004  0.3542
 33.50    9134   25.00  2.1494 30.7582  0.0003  0.2730
 34.50       0    0.00  0.0000  0.0000  0.0000  0.0000
 35.50       0    0.00  0.0000  0.0000  0.0000  0.0000
