  0.50   22412   24.53  0.0271 16.7375  0.0016  0.8647
  1.50   44949   24.59  0.0600 16.6791  0.0016  0.8638
  2.50  113713   24.58  0.1005 16.7015  0.0016  0.8710
  3.50  114963   24.71  0.1406 16.5879  0.0016  0.8741
  4.50  162899   24.74  0.1782 16.5744  0.0017  0.8824
  5.50  188993   24.82  0.2156 16.5071  0.0017  0.8978
  6.50  264387   24.99  0.2564 16.3691  0.0017  0.9016
  7.50  319792   25.04  0.3006 16.3394  0.0017  0.9181
  8.50  302594   25.22  0.3430 16.2023  0.0017  0.9199
  9.50  390772   25.44  0.3843 16.0379  0.0018  0.9488
 10.50  455624   25.66  0.4286 15.8727  0.0018  0.9607
 11.50  441095   25.97  0.4725 15.6341  0.0018  0.9746
 12.50  660465   26.20  0.5215 15.4730  0.0019  1.0066
 13.50  569019   26.50  0.5725 15.2605  0.0019  1.0242
 14.50  780870   26.85  0.6238 15.0193  0.0020  1.0497
 15.50  782922   27.23  0.6798 14.7549  0.0020  1.0695
 16.50  855767   27.68  0.7359 14.4596  0.0021  1.1102
 17.50  969953   28.10  0.7939 14.1892  0.0021  1.1185
 18.50  977590   28.57  0.8538 13.8862  0.0022  1.1670
 19.50 1390775   29.09  0.9227 13.5718  0.0022  1.1835
 20.50 1386382   29.67  1.0000 13.2239  0.0022  1.2160
 21.50 1461155   30.25  1.0772 12.8880  0.0023  1.2571
 22.50 1580622   30.84  1.1555 12.5580  0.0023  1.2754
 23.50 1702034   31.41  1.2392 12.2422  0.0024  1.2993
 24.50 1673012   31.89  1.3287 11.9810  0.0024  1.2868
 25.50 1050569   32.38  1.4308 11.7059  0.0023  1.2740
 26.50 1018097   32.72  1.5327 11.5044  0.0022  1.2288
 27.50  811098   32.86  1.6410 11.3921  0.0021  1.1744
 28.50  589462   32.83  1.7533 11.3524  0.0020  1.0739
 29.50  623169   32.57  1.8835 11.3974  0.0017  0.9474
 30.50  245106   32.07  2.0158 11.5440  0.0016  0.8680
 31.50  309957   31.23  2.1643 11.8448  0.0013  0.6802
 32.50   75301   29.94  2.3416 12.3628  0.0011  0.5800
 33.50   32635   29.16  2.4719 12.6566  0.0009  0.4793
 34.50       0    0.00  0.0000  0.0000  0.0000  0.0000
 35.50       0    0.00  0.0000  0.0000  0.0000  0.0000
