  0.50    2304  109.08  0.0633  3.8649  0.0004  0.6768
  1.50    4777  109.82  0.1412  3.7880  0.0004  0.6883
  2.50   12181  111.15  0.2325  3.6080  0.0004  0.7074
  3.50   12446  110.35  0.3188  3.7178  0.0004  0.7291
  4.50   17737  110.59  0.4031  3.6813  0.0004  0.7342
  5.50   20741  109.91  0.4915  3.7696  0.0004  0.7254
  6.50   29060  107.96  0.5886  4.0277  0.0004  0.6847
  7.50   34413  105.72  0.6921  4.3223  0.0004  0.6890
  8.50   31641  102.27  0.7883  4.8203  0.0004  0.6383
  9.50   38311   96.96  0.8881  5.6547  0.0004  0.6019
 10.50   40886   92.00  0.9896  6.4760  0.0003  0.5262
 11.50   35188   86.99  1.0890  7.3775  0.0003  0.4255
 12.50   44417   80.03  1.1921  8.8758  0.0002  0.3338
 13.50   29394   73.56  1.2969 10.4039  0.0001  0.2279
 14.50   27865   66.41  1.4016 12.4537  0.0001  0.1270
 15.50   14874   59.18  1.5233 14.7818  0.0000  0.0493
 16.50    5826   51.65  1.6482 17.7836  0.0000  0.0116
 17.50    1375   47.11  1.7813 20.8780  0.0000  0.0015
 18.50      67   35.53  1.8023 30.6656  0.0000  0.0019
 19.50       0    0.00  0.0000  0.0000  0.0000  0.0000
 20.50       0    0.00  0.0000  0.0000  0.0000  0.0000
 21.50       0    0.00  0.0000  0.0000  0.0000  0.0000
 22.50       0    0.00  0.0000  0.0000  0.0000  0.0000
 23.50       0    0.00  0.0000  0.0000  0.0000  0.0000
 24.50       0    0.00  0.0000  0.0000  0.0000  0.0000
 25.50       0    0.00  0.0000  0.0000  0.0000  0.0000
 26.50       0    0.00  0.0000  0.0000  0.0000  0.0000
 27.50       0    0.00  0.0000  0.0000  0.0000  0.0000
 28.50       0    0.00  0.0000  0.0000  0.0000  0.0000
 29.50       0    0.00  0.0000  0.0000  0.0000  0.0000
 30.50       0    0.00  0.0000  0.0000  0.0000  0.0000
 31.50       0    0.00  0.0000  0.0000  0.0000  0.0000
 32.50       0    0.00  0.0000  0.0000  0.0000  0.0000
 33.50       0    0.00  0.0000  0.0000  0.0000  0.0000
 34.50       0    0.00  0.0000  0.0000  0.0000  0.0000
 35.50       0    0.00  0.0000  0.0000  0.0000  0.0000
