  0.50   88900   69.92  0.0523  3.8889  0.0114  6.9966
  1.50  178314   69.75  0.1147  3.9080  0.0114  6.9761
  2.50  450091   70.04  0.1872  3.8692  0.0113  6.9749
  3.50  460669   69.96  0.2670  3.8862  0.0116  7.1128
  4.50  661381   70.06  0.3389  3.8786  0.0116  7.1540
  5.50  776624   70.31  0.4132  3.8505  0.0117  7.2167
  6.50 1107266   70.42  0.4974  3.8407  0.0119  7.3353
  7.50 1360345   70.66  0.5895  3.8113  0.0118  7.3057
  8.50 1301604   70.59  0.6818  3.8150  0.0119  7.3232
  9.50 1685447   70.58  0.7735  3.8085  0.0120  7.4062
 10.50 1968374   70.23  0.8739  3.8330  0.0118  7.2946
 11.50 1889898   69.72  0.9756  3.8681  0.0115  7.1424
 12.50 2754995   68.71  1.0882  3.9557  0.0109  6.7288
 13.50 2269252   67.26  1.2102  4.0850  0.0103  6.3229
 14.50 2923407   65.28  1.3321  4.2795  0.0095  5.7805
 15.50 2678949   62.80  1.4657  4.5346  0.0084  5.0632
 16.50 2589337   59.92  1.6005  4.8568  0.0071  4.2600
 17.50 2497732   56.52  1.7385  5.2779  0.0057  3.3695
 18.50 2045646   52.78  1.8868  5.7865  0.0042  2.4447
 19.50 2118886   48.19  2.0639  6.4971  0.0027  1.5584
 20.50 1285708   43.12  2.2651  7.3571  0.0012  0.6959
 21.50  656017   38.37  2.4622  8.1950  0.0005  0.2512
 22.50  249505   33.96  2.6417  8.9631  0.0001  0.0607
 23.50   62000   28.85  2.8096 10.3149  0.0000  0.0098
 24.50    9246   22.52  3.1335 13.7329  0.0000  0.0006
 25.50     171   16.30  3.6081 21.8451  0.0000  0.0002
 26.50       0    0.00  0.0000  0.0000  0.0000  0.0000
 27.50       0    0.00  0.0000  0.0000  0.0000  0.0000
 28.50       0    0.00  0.0000  0.0000  0.0000  0.0000
 29.50       0    0.00  0.0000  0.0000  0.0000  0.0000
 30.50       0    0.00  0.0000  0.0000  0.0000  0.0000
 31.50       0    0.00  0.0000  0.0000  0.0000  0.0000
 32.50       0    0.00  0.0000  0.0000  0.0000  0.0000
 33.50       0    0.00  0.0000  0.0000  0.0000  0.0000
 34.50       0    0.00  0.0000  0.0000  0.0000  0.0000
 35.50       0    0.00  0.0000  0.0000  0.0000  0.0000
