  0.50   52528   46.75  0.0399  7.3158  0.0054  3.0601
  1.50  106128   46.57  0.0909  7.3713  0.0054  3.0695
  2.50  267517   46.83  0.1502  7.3038  0.0054  3.0778
  3.50  271575   46.91  0.2117  7.2854  0.0055  3.1191
  4.50  388212   47.01  0.2673  7.2679  0.0055  3.1495
  5.50  454150   47.30  0.3241  7.2021  0.0056  3.1834
  6.50  642571   47.39  0.3871  7.1872  0.0057  3.2427
  7.50  789403   47.79  0.4574  7.0996  0.0057  3.2782
  8.50  756712   48.14  0.5247  7.0243  0.0058  3.3415
  9.50  986335   48.54  0.5937  6.9389  0.0059  3.4024
 10.50 1166554   48.99  0.6683  6.8378  0.0059  3.4208
 11.50 1147533   49.33  0.7439  6.7656  0.0061  3.5239
 12.50 1730837   49.82  0.8293  6.6583  0.0062  3.5629
 13.50 1496674   50.23  0.9208  6.5642  0.0062  3.6069
 14.50 2047687   50.57  1.0138  6.4813  0.0062  3.6202
 15.50 2038176   50.70  1.1149  6.4375  0.0062  3.5840
 16.50 2174700   50.67  1.2176  6.4190  0.0060  3.5151
 17.50 2378668   50.37  1.3231  6.4489  0.0058  3.3786
 18.50 2291989   49.84  1.4327  6.5220  0.0055  3.2129
 19.50 3017793   48.85  1.5570  6.6778  0.0051  2.9399
 20.50 2705255   47.46  1.6956  6.9085  0.0044  2.5031
 21.50 2480866   45.58  1.8352  7.2585  0.0037  2.0897
 22.50 2256603   43.39  1.9807  7.7025  0.0028  1.6076
 23.50 1924387   40.84  2.1396  8.2614  0.0020  1.1184
 24.50 1371713   37.88  2.3212  8.9787  0.0012  0.6553
 25.50  516261   34.39  2.5330  9.9034  0.0007  0.3951
 26.50  242361   31.29  2.7390 10.6831  0.0003  0.1731
 27.50   63436   27.90  2.9314 11.5819  0.0001  0.0478
 28.50    9865   23.43  3.0981 13.6916  0.0000  0.0065
 29.50    1560   18.52  3.4932 17.6965  0.0000  0.0003
 30.50       0    0.00  0.0000  0.0000  0.0000  0.0000
 31.50       0    0.00  0.0000  0.0000  0.0000  0.0000
 32.50       0    0.00  0.0000  0.0000  0.0000  0.0000
 33.50       0    0.00  0.0000  0.0000  0.0000  0.0000
 34.50       0    0.00  0.0000  0.0000  0.0000  0.0000
 35.50       0    0.00  0.0000  0.0000  0.0000  0.0000
