  0.50    6970   21.10  0.0222 38.5129  0.0005  0.4637
  1.50   14037   21.29  0.0556 38.1046  0.0005  0.4703
  2.50   35488   21.35  0.0921 37.9815  0.0005  0.4735
  3.50   35933   21.32  0.1270 38.0598  0.0005  0.4738
  4.50   50339   21.41  0.1607 37.8499  0.0005  0.4739
  5.50   58412   21.35  0.1939 37.9980  0.0005  0.4766
  6.50   82522   21.38  0.2321 37.9482  0.0005  0.4919
  7.50   99594   21.33  0.2706 38.0653  0.0005  0.4865
  8.50   94605   21.48  0.3065 37.7756  0.0005  0.5016
  9.50  121149   21.60  0.3435 37.5296  0.0005  0.5097
 10.50  141941   21.78  0.3822 37.1852  0.0005  0.5180
 11.50  138073   21.92  0.4207 36.9175  0.0006  0.5400
 12.50  205405   22.15  0.4623 36.4840  0.0006  0.5532
 13.50  175624   22.36  0.5067 36.0897  0.0006  0.5565
 14.50  239556   22.51  0.5499 35.8110  0.0006  0.5714
 15.50  240679   22.77  0.5959 35.3380  0.0006  0.5881
 16.50  261414   23.08  0.6423 34.7867  0.0006  0.5920
 17.50  295407   23.41  0.6900 34.2205  0.0006  0.6083
 18.50  298058   23.68  0.7393 33.7648  0.0006  0.6291
 19.50  422993   24.07  0.7941 33.1130  0.0007  0.6576
 20.50  419791   24.48  0.8549 32.4625  0.0007  0.6819
 21.50  442963   24.89  0.9156 31.8242  0.0007  0.7045
 22.50  480157   25.33  0.9760 31.1727  0.0007  0.7134
 23.50  518758   25.70  1.0400 30.6208  0.0008  0.7355
 24.50  513433   26.04  1.1063 30.1409  0.0008  0.7431
 25.50  326469   26.60  1.1840 29.3608  0.0008  0.7445
 26.50  321528   26.81  1.2574 29.0798  0.0008  0.7482
 27.50  260404   27.14  1.3357 28.6200  0.0007  0.7338
 28.50  194318   27.24  1.4183 28.4589  0.0007  0.6959
 29.50  212104   27.32  1.5096 28.3151  0.0007  0.6483
 30.50   86456   27.24  1.6040 28.3513  0.0006  0.6209
 31.50  114990   26.94  1.7028 28.6517  0.0006  0.5405
 32.50   29810   26.43  1.8242 29.2120  0.0005  0.4836
 33.50   13375   25.43  1.9039 30.5301  0.0004  0.4168
 34.50       0    0.00  0.0000  0.0000  0.0000  0.0000
 35.50       0    0.00  0.0000  0.0000  0.0000  0.0000
