  0.50    9040   75.00  0.0522  8.2948  0.0012  1.6501
  1.50   18362   76.83  0.1114  7.8774  0.0012  1.6793
  2.50   46806   75.35  0.1860  8.2332  0.0013  1.7190
  3.50   48090   75.32  0.2609  8.2487  0.0013  1.7377
  4.50   67810   75.46  0.3342  8.2052  0.0013  1.7526
  5.50   79453   76.64  0.4064  7.9293  0.0013  1.7852
  6.50  112514   76.73  0.4893  7.9073  0.0013  1.7687
  7.50  136335   76.58  0.5798  7.9300  0.0013  1.7416
  8.50  128792   76.32  0.6705  7.9759  0.0013  1.7618
  9.50  164288   75.73  0.7588  8.0933  0.0013  1.7237
 10.50  185709   74.79  0.8567  8.2707  0.0012  1.6629
 11.50  172949   73.46  0.9555  8.5370  0.0012  1.5810
 12.50  239260   71.84  1.0657  8.8655  0.0011  1.4446
 13.50  183082   69.31  1.1825  9.4227  0.0009  1.2272
 14.50  213020   65.91  1.3013 10.2362  0.0008  1.0188
 15.50  170787   62.11  1.4291 11.2426  0.0006  0.7585
 16.50  137491   57.63  1.5641 12.5819  0.0004  0.4960
 17.50  104044   53.18  1.7001 14.0763  0.0002  0.2770
 18.50   60183   48.50  1.8528 15.8781  0.0001  0.1165
 19.50   35341   43.13  2.0310 18.3473  0.0000  0.0335
 20.50    8700   34.32  2.2337 24.9904  0.0000  0.0052
 21.50    1176   27.06  2.4138 42.3403  0.0000  0.0012
 22.50      12   14.44  2.6665 72.0623  0.0000  0.0007
 23.50       0    0.00  0.0000  0.0000  0.0000  0.0000
 24.50       0    0.00  0.0000  0.0000  0.0000  0.0000
 25.50       0    0.00  0.0000  0.0000  0.0000  0.0000
 26.50       0    0.00  0.0000  0.0000  0.0000  0.0000
 27.50       0    0.00  0.0000  0.0000  0.0000  0.0000
 28.50       0    0.00  0.0000  0.0000  0.0000  0.0000
 29.50       0    0.00  0.0000  0.0000  0.0000  0.0000
 30.50       0    0.00  0.0000  0.0000  0.0000  0.0000
 31.50       0    0.00  0.0000  0.0000  0.0000  0.0000
 32.50       0    0.00  0.0000  0.0000  0.0000  0.0000
 33.50       0    0.00  0.0000  0.0000  0.0000  0.0000
 34.50       0    0.00  0.0000  0.0000  0.0000  0.0000
 35.50       0    0.00  0.0000  0.0000  0.0000  0.0000
