  0.50    1388   18.95  0.0177 51.8572  0.0001  0.1059
  1.50    2768   18.52  0.0525 53.2621  0.0001  0.1035
  2.50    6925   18.79  0.0848 52.3549  0.0001  0.1081
  3.50    7052   18.86  0.1154 52.1607  0.0001  0.1048
  4.50    9833   18.76  0.1509 52.4707  0.0001  0.1074
  5.50   11477   18.92  0.1785 51.9916  0.0001  0.1073
  6.50   16111   18.71  0.2122 52.6673  0.0001  0.1049
  7.50   19313   18.97  0.2471 51.8312  0.0001  0.1126
  8.50   18279   19.03  0.2818 51.6592  0.0001  0.1065
  9.50   23013   19.05  0.3164 51.5884  0.0001  0.1111
 10.50   27058   19.18  0.3502 51.2277  0.0001  0.1147
 11.50   25689   19.24  0.3845 51.0163  0.0001  0.1116
 12.50   38514   19.43  0.4237 50.4590  0.0001  0.1199
 13.50   32827   19.70  0.4630 49.7031  0.0001  0.1235
 14.50   44624   19.77  0.5019 49.4835  0.0001  0.1254
 15.50   44436   20.13  0.5439 48.4662  0.0001  0.1273
 16.50   48415   20.41  0.5858 47.7048  0.0001  0.1320
 17.50   54359   20.56  0.6274 47.3225  0.0001  0.1334
 18.50   54292   20.82  0.6709 46.6329  0.0001  0.1370
 19.50   76336   21.15  0.7210 45.7996  0.0001  0.1412
 20.50   75048   21.45  0.7728 45.0656  0.0001  0.1484
 21.50   79438   21.88  0.8280 44.0281  0.0001  0.1455
 22.50   84927   22.36  0.8795 42.9284  0.0001  0.1494
 23.50   91842   22.71  0.9362 42.1525  0.0001  0.1574
 24.50   90035   22.96  0.9929 41.6218  0.0001  0.1554
 25.50   57048   23.67  1.0601 40.1226  0.0001  0.1548
 26.50   56627   24.02  1.1248 39.4306  0.0001  0.1705
 27.50   45797   24.37  1.1913 38.7305  0.0001  0.1574
 28.50   34392   24.88  1.2643 37.7455  0.0001  0.1540
 29.50   38192   24.84  1.3430 37.8082  0.0001  0.1501
 30.50   15601   25.19  1.4259 37.0758  0.0001  0.1379
 31.50   20959   25.30  1.5131 36.7965  0.0001  0.1240
 32.50    5496   25.45  1.6241 36.3871  0.0001  0.1120
 33.50    2571   24.63  1.6904 37.8018  0.0001  0.1007
 34.50       0    0.00  0.0000  0.0000  0.0000  0.0000
 35.50       0    0.00  0.0000  0.0000  0.0000  0.0000
