  0.50    3018   44.34  0.0420 18.0558  0.0003  0.3802
  1.50    6251   45.79  0.0869 17.2427  0.0003  0.3983
  2.50   15690   45.59  0.1421 17.3577  0.0003  0.4010
  3.50   15867   45.14  0.2002 17.6163  0.0003  0.3979
  4.50   22895   45.35  0.2523 17.5197  0.0003  0.4080
  5.50   26658   45.26  0.3066 17.5707  0.0003  0.3974
  6.50   38097   45.59  0.3645 17.4017  0.0004  0.4201
  7.50   47255   45.99  0.4312 17.2019  0.0004  0.4245
  8.50   45353   46.02  0.4925 17.1987  0.0004  0.4317
  9.50   59180   46.45  0.5554 16.9765  0.0004  0.4515
 10.50   70710   47.08  0.6249 16.6619  0.0004  0.4637
 11.50   68863   47.41  0.6918 16.4859  0.0004  0.4700
 12.50  104736   47.44  0.7671 16.4930  0.0004  0.4777
 13.50   90352   47.65  0.8466 16.3906  0.0004  0.4848
 14.50  123794   47.68  0.9272 16.3784  0.0004  0.4949
 15.50  123300   47.77  1.0095 16.3283  0.0004  0.4920
 16.50  131862   47.38  1.0927 16.5303  0.0004  0.4927
 17.50  143716   46.54  1.1777 16.9622  0.0004  0.4699
 18.50  137168   45.93  1.2632 17.2516  0.0004  0.4441
 19.50  178456   44.23  1.3584 18.1634  0.0003  0.3942
 20.50  153352   42.41  1.4659 19.1773  0.0003  0.3162
 21.50  131842   40.16  1.5793 20.5385  0.0002  0.2403
 22.50  105701   37.58  1.7042 22.2226  0.0001  0.1455
 23.50   71675   34.94  1.8511 24.0908  0.0001  0.0695
 24.50   33893   32.24  2.0142 26.1089  0.0000  0.0202
 25.50    6011   29.62  2.2045 28.1262  0.0000  0.0065
 26.50    1105   26.80  2.3444 32.0142  0.0000  0.0012
 27.50      40   32.02  2.4524 24.3378  0.0000  0.0006
 28.50       0    0.00  0.0000  0.0000  0.0000  0.0000
 29.50       0    0.00  0.0000  0.0000  0.0000  0.0000
 30.50       0    0.00  0.0000  0.0000  0.0000  0.0000
 31.50       0    0.00  0.0000  0.0000  0.0000  0.0000
 32.50       0    0.00  0.0000  0.0000  0.0000  0.0000
 33.50       0    0.00  0.0000  0.0000  0.0000  0.0000
 34.50       0    0.00  0.0000  0.0000  0.0000  0.0000
 35.50       0    0.00  0.0000  0.0000  0.0000  0.0000
