  0.50     957   57.65  0.0514 16.1712  0.0001  0.1889
  1.50    1879   57.26  0.0916 16.3725  0.0001  0.1887
  2.50    4742   55.64  0.1585 17.1777  0.0001  0.1856
  3.50    4851   57.64  0.2212 16.1687  0.0001  0.1933
  4.50    7059   57.92  0.2858 16.0719  0.0001  0.1867
  5.50    8235   57.29  0.3450 16.3798  0.0001  0.1914
  6.50   11824   57.99  0.4129 16.0513  0.0001  0.1971
  7.50   14386   58.32  0.4870 15.9136  0.0001  0.2053
  8.50   13760   59.46  0.5587 15.3738  0.0001  0.2133
  9.50   17980   59.69  0.6315 15.2845  0.0001  0.2025
 10.50   21122   60.03  0.7128 15.1433  0.0001  0.2093
 11.50   20593   60.00  0.7905 15.1510  0.0001  0.2131
 12.50   30336   59.58  0.8749 15.3326  0.0001  0.2091
 13.50   25179   59.43  0.9656 15.3665  0.0001  0.2133
 14.50   33137   57.95  1.0522 16.0363  0.0001  0.1939
 15.50   30278   57.10  1.1461 16.3677  0.0001  0.1836
 16.50   29951   55.01  1.2373 17.3586  0.0001  0.1557
 17.50   29033   53.07  1.3285 18.2698  0.0001  0.1251
 18.50   23297   51.35  1.4240 19.0540  0.0001  0.0953
 19.50   23675   47.31  1.5393 21.4058  0.0000  0.0541
 20.50   13016   44.16  1.6811 23.2306  0.0000  0.0202
 21.50    5964   40.22  1.8356 26.0085  0.0000  0.0059
 22.50    1764   37.21  1.9760 28.4155  0.0000  0.0018
 23.50     185   30.51  2.0887 37.3493  0.0000  0.0010
 24.50       0    0.00  0.0000  0.0000  0.0000  0.0000
 25.50       0    0.00  0.0000  0.0000  0.0000  0.0000
 26.50       0    0.00  0.0000  0.0000  0.0000  0.0000
 27.50       0    0.00  0.0000  0.0000  0.0000  0.0000
 28.50       0    0.00  0.0000  0.0000  0.0000  0.0000
 29.50       0    0.00  0.0000  0.0000  0.0000  0.0000
 30.50       0    0.00  0.0000  0.0000  0.0000  0.0000
 31.50       0    0.00  0.0000  0.0000  0.0000  0.0000
 32.50       0    0.00  0.0000  0.0000  0.0000  0.0000
 33.50       0    0.00  0.0000  0.0000  0.0000  0.0000
 34.50       0    0.00  0.0000  0.0000  0.0000  0.0000
 35.50       0    0.00  0.0000  0.0000  0.0000  0.0000
