  0.50    2498   36.04  0.0292 23.8690  0.0002  0.2760
  1.50    5119   36.50  0.0738 23.4826  0.0002  0.2863
  2.50   12806   36.34  0.1249 23.6155  0.0002  0.2782
  3.50   13162   36.14  0.1755 23.8203  0.0002  0.2823
  4.50   18528   36.38  0.2202 23.5972  0.0002  0.2784
  5.50   21758   36.48  0.2694 23.5330  0.0003  0.2990
  6.50   30885   36.41  0.3171 23.6159  0.0002  0.2909
  7.50   37546   36.44  0.3745 23.5907  0.0003  0.3011
  8.50   35952   37.00  0.4268 23.1255  0.0003  0.3082
  9.50   47009   37.08  0.4802 23.0792  0.0003  0.3153
 10.50   55061   37.53  0.5376 22.7096  0.0003  0.3223
 11.50   54325   37.82  0.5953 22.5006  0.0003  0.3371
 12.50   82450   38.21  0.6593 22.2020  0.0003  0.3485
 13.50   71035   38.74  0.7258 21.7875  0.0003  0.3576
 14.50   98429   39.14  0.7954 21.5091  0.0003  0.3641
 15.50   98859   39.32  0.8677 21.3774  0.0003  0.3613
 16.50  107506   39.69  0.9430 21.1054  0.0003  0.3669
 17.50  120345   40.03  1.0154 20.8608  0.0003  0.3750
 18.50  119706   40.04  1.0902 20.8505  0.0003  0.3748
 19.50  164361   39.92  1.1743 20.9279  0.0003  0.3724
 20.50  154978   39.40  1.2680 21.2797  0.0003  0.3503
 21.50  152402   38.91  1.3577 21.6142  0.0003  0.3168
 22.50  148353   37.85  1.4511 22.3552  0.0002  0.2783
 23.50  137564   36.58  1.5519 23.2822  0.0002  0.2195
 24.50  109689   34.77  1.6665 24.7060  0.0001  0.1521
 25.50   48663   32.64  1.8113 26.5246  0.0001  0.1076
 26.50   28251   30.41  1.9711 28.5748  0.0000  0.0580
 27.50   10112   28.56  2.1514 30.1764  0.0000  0.0209
 28.50    2171   26.57  2.3290 32.2521  0.0000  0.0040
 29.50     418   25.60  2.5027 34.7128  0.0000  0.0004
 30.50       0    0.00  0.0000  0.0000  0.0000  0.0000
 31.50       0    0.00  0.0000  0.0000  0.0000  0.0000
 32.50       0    0.00  0.0000  0.0000  0.0000  0.0000
 33.50       0    0.00  0.0000  0.0000  0.0000  0.0000
 34.50       0    0.00  0.0000  0.0000  0.0000  0.0000
 35.50       0    0.00  0.0000  0.0000  0.0000  0.0000
