  0.50     830   52.96  0.0403 18.4614  0.0001  0.1555
  1.50    1679   51.88  0.0909 19.1420  0.0001  0.1571
  2.50    4093   50.75  0.1493 19.7745  0.0001  0.1512
  3.50    4320   52.45  0.2094 18.8023  0.0001  0.1568
  4.50    6097   53.41  0.2693 18.2311  0.0001  0.1623
  5.50    7298   51.85  0.3249 19.1895  0.0001  0.1652
  6.50   10254   53.07  0.3920 18.4532  0.0001  0.1628
  7.50   12491   53.59  0.4614 18.1772  0.0001  0.1554
  8.50   12118   54.34  0.5290 17.7842  0.0001  0.1766
  9.50   15512   54.70  0.5945 17.5825  0.0001  0.1706
 10.50   18466   54.94  0.6748 17.4718  0.0001  0.1701
 11.50   18192   55.47  0.7492 17.2163  0.0001  0.1859
 12.50   27125   55.81  0.8285 17.0287  0.0001  0.1842
 13.50   22669   55.41  0.9153 17.2002  0.0001  0.1812
 14.50   29916   55.09  0.9997 17.3674  0.0001  0.1795
 15.50   28984   54.47  1.0875 17.6590  0.0001  0.1657
 16.50   28420   53.32  1.1783 18.2184  0.0001  0.1514
 17.50   29396   51.63  1.2671 19.1215  0.0001  0.1327
 18.50   25260   50.19  1.3550 19.8571  0.0001  0.1048
 19.50   27561   48.05  1.4635 21.0298  0.0000  0.0777
 20.50   18924   44.55  1.5862 23.3299  0.0000  0.0405
 21.50   10951   41.85  1.7248 24.9852  0.0000  0.0152
 22.50    5185   38.42  1.8759 27.6870  0.0000  0.0046
 23.50    1532   35.70  2.0205 30.4626  0.0000  0.0012
 24.50     128   30.07  2.0841 39.4543  0.0000  0.0012
 25.50       0    0.00  0.0000  0.0000  0.0000  0.0000
 26.50       0    0.00  0.0000  0.0000  0.0000  0.0000
 27.50       0    0.00  0.0000  0.0000  0.0000  0.0000
 28.50       0    0.00  0.0000  0.0000  0.0000  0.0000
 29.50       0    0.00  0.0000  0.0000  0.0000  0.0000
 30.50       0    0.00  0.0000  0.0000  0.0000  0.0000
 31.50       0    0.00  0.0000  0.0000  0.0000  0.0000
 32.50       0    0.00  0.0000  0.0000  0.0000  0.0000
 33.50       0    0.00  0.0000  0.0000  0.0000  0.0000
 34.50       0    0.00  0.0000  0.0000  0.0000  0.0000
 35.50       0    0.00  0.0000  0.0000  0.0000  0.0000
