  0.50   39500   37.79  0.0350  9.7681  0.0036  1.9932
  1.50   79970   37.63  0.0796  9.8414  0.0036  2.0095
  2.50  202254   37.86  0.1335  9.7591  0.0037  2.0394
  3.50  204723   37.96  0.1852  9.7236  0.0036  2.0252
  4.50  291907   38.22  0.2340  9.6336  0.0037  2.0420
  5.50  339200   38.21  0.2836  9.6391  0.0037  2.0828
  6.50  480765   38.53  0.3388  9.5343  0.0038  2.1046
  7.50  586100   38.77  0.3978  9.4583  0.0038  2.1340
  8.50  558799   39.04  0.4559  9.3700  0.0039  2.1726
  9.50  726284   39.34  0.5134  9.2769  0.0040  2.2258
 10.50  858353   39.75  0.5762  9.1455  0.0040  2.2578
 11.50  842280   40.21  0.6397  8.9970  0.0041  2.3057
 12.50 1271362   40.67  0.7103  8.8563  0.0042  2.3788
 13.50 1102601   41.15  0.7864  8.7080  0.0043  2.3961
 14.50 1524583   41.69  0.8640  8.5426  0.0044  2.4570
 15.50 1540166   42.17  0.9482  8.3986  0.0044  2.5116
 16.50 1675795   42.69  1.0349  8.2357  0.0045  2.5349
 17.50 1882517   43.11  1.1239  8.1046  0.0045  2.5483
 18.50 1876095   43.39  1.2164  8.0084  0.0045  2.5289
 19.50 2593886   43.52  1.3224  7.9468  0.0044  2.5005
 20.50 2482050   43.45  1.4397  7.9288  0.0042  2.3830
 21.50 2474669   43.10  1.5570  7.9779  0.0040  2.2435
 22.50 2489373   42.44  1.6747  8.1080  0.0036  2.0263
 23.50 2441095   41.47  1.8015  8.3128  0.0032  1.7775
 24.50 2107870   40.08  1.9375  8.6342  0.0025  1.4238
 25.50 1110440   38.22  2.0984  9.1078  0.0021  1.1712
 26.50  864606   36.07  2.2675  9.7074  0.0016  0.8942
 27.50  504130   33.59  2.4584 10.4617  0.0010  0.5733
 28.50  232645   30.84  2.6659 11.3709  0.0005  0.2849
 29.50  119156   28.20  2.8872 12.1598  0.0002  0.0858
 30.50   14791   25.48  3.0827 12.9576  0.0001  0.0361
 31.50    4696   21.56  3.2684 15.1638  0.0000  0.0037
 32.50     128   16.27  3.6316 20.7770  0.0000  0.0007
 33.50       0    0.00  0.0000  0.0000  0.0000  0.0000
 34.50       0    0.00  0.0000  0.0000  0.0000  0.0000
 35.50       0    0.00  0.0000  0.0000  0.0000  0.0000
