  0.50    2237   31.41  0.0234 28.4629  0.0002  0.2284
  1.50    4514   31.93  0.0686 27.8768  0.0002  0.2318
  2.50   11385   31.51  0.1136 28.3623  0.0002  0.2266
  3.50   11637   31.36  0.1621 28.5503  0.0002  0.2340
  4.50   16496   32.16  0.2045 27.6380  0.0002  0.2341
  5.50   19146   31.63  0.2461 28.2412  0.0002  0.2347
  6.50   27134   31.80  0.2935 28.0646  0.0002  0.2451
  7.50   32620   31.84  0.3432 28.0314  0.0002  0.2430
  8.50   31545   32.03  0.3910 27.8396  0.0002  0.2494
  9.50   40355   32.41  0.4383 27.4187  0.0002  0.2551
 10.50   47995   32.60  0.4921 27.2364  0.0002  0.2654
 11.50   46524   33.11  0.5433 26.6989  0.0002  0.2687
 12.50   70528   33.14  0.6002 26.6941  0.0002  0.2802
 13.50   60983   33.59  0.6608 26.2382  0.0002  0.2908
 14.50   84035   34.28  0.7223 25.5484  0.0003  0.2960
 15.50   84774   34.55  0.7878 25.3079  0.0003  0.2988
 16.50   92571   34.78  0.8539 25.0999  0.0003  0.3057
 17.50  104090   35.38  0.9213 24.5408  0.0003  0.3027
 18.50  104617   35.71  0.9899 24.2410  0.0003  0.3170
 19.50  145575   36.11  1.0667 23.8807  0.0003  0.3139
 20.50  142141   36.10  1.1505 23.8950  0.0003  0.3098
 21.50  143872   36.07  1.2340 23.8982  0.0003  0.3080
 22.50  147930   35.75  1.3178 24.1520  0.0002  0.2871
 23.50  147576   35.44  1.4059 24.3876  0.0002  0.2566
 24.50  130263   34.45  1.4998 25.1955  0.0002  0.2179
 25.50   70176   33.17  1.6143 26.3234  0.0002  0.1787
 26.50   55148   31.73  1.7337 27.6918  0.0001  0.1444
 27.50   30673   30.02  1.8790 29.3501  0.0001  0.0874
 28.50   13739   28.25  2.0383 31.2128  0.0000  0.0427
 29.50    6472   26.58  2.2383 32.8895  0.0000  0.0101
 30.50     661   25.41  2.3775 33.5768  0.0000  0.0043
 31.50     170   23.46  2.5546 41.1779  0.0000  0.0004
 32.50       0    0.00  0.0000  0.0000  0.0000  0.0000
 33.50       0    0.00  0.0000  0.0000  0.0000  0.0000
 34.50       0    0.00  0.0000  0.0000  0.0000  0.0000
 35.50       0    0.00  0.0000  0.0000  0.0000  0.0000
