  0.50    1064   62.93  0.0505 13.9621  0.0001  0.2219
  1.50    2162   62.14  0.1004 14.3028  0.0001  0.2262
  2.50    5380   61.73  0.1649 14.4657  0.0001  0.2241
  3.50    5663   63.54  0.2354 13.7685  0.0001  0.2366
  4.50    8079   63.20  0.3023 13.8950  0.0001  0.2327
  5.50    9502   62.96  0.3654 13.9998  0.0001  0.2319
  6.50   13494   64.03  0.4359 13.5853  0.0001  0.2415
  7.50   16627   64.40  0.5181 13.4457  0.0002  0.2565
  8.50   15811   65.27  0.5900 13.1151  0.0001  0.2407
  9.50   20730   65.27  0.6706 13.1273  0.0002  0.2466
 10.50   24060   65.21  0.7539 13.1432  0.0001  0.2440
 11.50   23464   64.72  0.8352 13.3353  0.0002  0.2583
 12.50   33630   63.76  0.9246 13.6684  0.0001  0.2380
 13.50   27628   62.92  1.0183 13.9876  0.0001  0.2360
 14.50   35402   60.92  1.1072 14.7550  0.0001  0.2152
 15.50   31870   59.20  1.2039 15.4427  0.0001  0.1799
 16.50   29866   56.66  1.3014 16.4979  0.0001  0.1556
 17.50   27087   53.68  1.3921 17.8897  0.0001  0.1161
 18.50   20271   50.64  1.4976 19.3820  0.0000  0.0690
 19.50   17268   46.86  1.6269 21.4296  0.0000  0.0348
 20.50    7216   42.78  1.7871 23.8231  0.0000  0.0077
 21.50    2094   38.92  1.9442 26.7021  0.0000  0.0013
 22.50     246   31.11  2.0189 36.2728  0.0000  0.0012
 23.50       0    0.00  0.0000  0.0000  0.0000  0.0000
 24.50       0    0.00  0.0000  0.0000  0.0000  0.0000
 25.50       0    0.00  0.0000  0.0000  0.0000  0.0000
 26.50       0    0.00  0.0000  0.0000  0.0000  0.0000
 27.50       0    0.00  0.0000  0.0000  0.0000  0.0000
 28.50       0    0.00  0.0000  0.0000  0.0000  0.0000
 29.50       0    0.00  0.0000  0.0000  0.0000  0.0000
 30.50       0    0.00  0.0000  0.0000  0.0000  0.0000
 31.50       0    0.00  0.0000  0.0000  0.0000  0.0000
 32.50       0    0.00  0.0000  0.0000  0.0000  0.0000
 33.50       0    0.00  0.0000  0.0000  0.0000  0.0000
 34.50       0    0.00  0.0000  0.0000  0.0000  0.0000
 35.50       0    0.00  0.0000  0.0000  0.0000  0.0000
