  0.50   24138   26.01  0.0290 15.5959  0.0018  0.9636
  1.50   48451   25.99  0.0628 15.6165  0.0018  0.9588
  2.50  122531   26.06  0.1036 15.5698  0.0018  0.9728
  3.50  124257   26.18  0.1459 15.4892  0.0018  0.9809
  4.50  175617   26.23  0.1843 15.4472  0.0018  0.9821
  5.50  204237   26.28  0.2243 15.4178  0.0019  1.0045
  6.50  285206   26.46  0.2654 15.2867  0.0019  1.0014
  7.50  346589   26.55  0.3119 15.2376  0.0019  1.0271
  8.50  328455   26.72  0.3565 15.1162  0.0019  1.0358
  9.50  423396   26.98  0.3987 14.9429  0.0020  1.0623
 10.50  493994   27.23  0.4458 14.7723  0.0020  1.0725
 11.50  480431   27.52  0.4916 14.5796  0.0020  1.0961
 12.50  720369   27.80  0.5426 14.4003  0.0021  1.1242
 13.50  620200   28.11  0.5965 14.2085  0.0021  1.1463
 14.50  852664   28.53  0.6503 13.9427  0.0022  1.1729
 15.50  859406   28.92  0.7097 13.7135  0.0022  1.2082
 16.50  937946   29.43  0.7694 13.4081  0.0023  1.2364
 17.50 1062218   29.84  0.8305 13.1706  0.0023  1.2602
 18.50 1075047   30.39  0.8944 12.8614  0.0024  1.2960
 19.50 1529715   30.86  0.9679 12.6067  0.0025  1.3373
 20.50 1521871   31.50  1.0497 12.2626  0.0025  1.3650
 21.50 1601746   32.13  1.1325 11.9317  0.0025  1.3848
 22.50 1724013   32.68  1.2161 11.6477  0.0026  1.4091
 23.50 1851231   33.13  1.3045 11.4200  0.0026  1.4256
 24.50 1805304   33.58  1.3998 11.1900  0.0025  1.3917
 25.50 1120461   33.93  1.5075 10.9954  0.0025  1.3580
 26.50 1073377   34.02  1.6147 10.9102  0.0024  1.2937
 27.50  841292   33.95  1.7314 10.8841  0.0022  1.1987
 28.50  599281   33.73  1.8525 10.9086  0.0020  1.0818
 29.50  614907   33.09  1.9896 11.1070  0.0016  0.9018
 30.50  232817   32.24  2.1373 11.3876  0.0015  0.8096
 31.50  282288   30.98  2.2955 11.8749  0.0011  0.5906
 32.50   63519   29.44  2.4949 12.4735  0.0009  0.4796
 33.50   25296   28.06  2.6484 13.1003  0.0007  0.3592
 34.50       0    0.00  0.0000  0.0000  0.0000  0.0000
 35.50       0    0.00  0.0000  0.0000  0.0000  0.0000
