  0.50  466928   99.73  0.0595  0.9616  0.0706 25.6324
  1.50  938728   99.65  0.1345  0.9623  0.0707 25.6829
  2.50 2386835   99.65  0.2255  0.9631  0.0709 25.7641
  3.50 2431524   99.64  0.3198  0.9581  0.0712 25.8694
  4.50 3481227   99.56  0.4088  0.9549  0.0716 26.0604
  5.50 4075973   99.33  0.5028  0.9520  0.0713 25.9720
  6.50 5733804   98.88  0.6092  0.9460  0.0693 25.2098
  7.50 6940609   98.03  0.7297  0.9462  0.0680 24.6989
  8.50 6500220   96.87  0.8497  0.9458  0.0657 23.6841
  9.50 8155014   95.24  0.9727  0.9503  0.0622 22.1844
 10.50 9169762   93.08  1.1127  0.9572  0.0579 20.3780
 11.50 8443732   90.46  1.2606  0.9689  0.0521 17.9460
 12.50 11572297   87.04  1.4331  0.9843  0.0435 14.4312
 13.50 8853325   82.84  1.6319  1.0054  0.0360 11.5174
 14.50 10424777   78.04  1.8511  1.0328  0.0283  8.6336
 15.50 8495232   72.27  2.1207  1.0678  0.0204  5.8997
 16.50 7083292   65.80  2.4305  1.1171  0.0135  3.6544
 17.50 5626393   58.42  2.7998  1.1985  0.0078  1.9563
 18.50 3524388   50.38  3.2031  1.3200  0.0038  0.8808
 19.50 2423412   41.45  3.6236  1.4925  0.0015  0.3229
 20.50  809316   32.53  3.9792  1.7211  0.0004  0.0671
 21.50  209038   24.26  4.3905  2.2648  0.0001  0.0114
 22.50   34406   15.96  5.3438  3.9978  0.0000  0.0002
 23.50     870    9.38  7.3107 10.8164  0.0000  0.0001
 24.50       0    0.00  0.0000  0.0000  0.0000  0.0000
 25.50       0    0.00  0.0000  0.0000  0.0000  0.0000
 26.50       0    0.00  0.0000  0.0000  0.0000  0.0000
 27.50       0    0.00  0.0000  0.0000  0.0000  0.0000
 28.50       0    0.00  0.0000  0.0000  0.0000  0.0000
 29.50       0    0.00  0.0000  0.0000  0.0000  0.0000
 30.50       0    0.00  0.0000  0.0000  0.0000  0.0000
 31.50       0    0.00  0.0000  0.0000  0.0000  0.0000
 32.50       0    0.00  0.0000  0.0000  0.0000  0.0000
 33.50       0    0.00  0.0000  0.0000  0.0000  0.0000
 34.50       0    0.00  0.0000  0.0000  0.0000  0.0000
 35.50       0    0.00  0.0000  0.0000  0.0000  0.0000
