  0.50  125990   42.84  0.0376  2.7230  0.0110  2.4553
  1.50  253254   42.97  0.0867  2.7090  0.0111  2.4646
  2.50  639404   43.05  0.1437  2.7022  0.0112  2.4855
  3.50  648891   43.31  0.2023  2.6768  0.0112  2.4985
  4.50  925116   43.40  0.2556  2.6721  0.0113  2.5291
  5.50 1076085   43.71  0.3108  2.6392  0.0113  2.5285
  6.50 1519296   44.02  0.3721  2.6107  0.0114  2.5792
  7.50 1852538   44.43  0.4385  2.5707  0.0115  2.6097
  8.50 1767807   44.87  0.5032  2.5295  0.0116  2.6473
  9.50 2288798   45.31  0.5684  2.4878  0.0118  2.6855
 10.50 2708766   45.76  0.6404  2.4500  0.0119  2.7389
 11.50 2661726   46.31  0.7127  2.4005  0.0121  2.7976
 12.50 4011793   46.87  0.7947  2.3485  0.0123  2.8678
 13.50 3496008   47.45  0.8830  2.2984  0.0125  2.9342
 14.50 4845435   48.03  0.9747  2.2443  0.0127  2.9770
 15.50 4918495   48.64  1.0776  2.1875  0.0128  3.0407
 16.50 5405022   49.16  1.1822  2.1378  0.0129  3.0808
 17.50 6140532   49.64  1.2941  2.0874  0.0130  3.1127
 18.50 6188011   49.98  1.4125  2.0427  0.0129  3.1177
 19.50 8687767   50.21  1.5518  1.9985  0.0127  3.0897
 20.50 8483241   50.21  1.7109  1.9623  0.0123  2.9750
 21.50 8641015   49.95  1.8765  1.9350  0.0116  2.8148
 22.50 8922268   49.39  2.0493  1.9214  0.0107  2.5804
 23.50 9057356   48.49  2.2418  1.9233  0.0097  2.3119
 24.50 8176797   47.12  2.4634  1.9404  0.0081  1.8950
 25.50 4597579   45.12  2.7319  1.9917  0.0070  1.5991
 26.50 3936811   42.68  3.0214  2.0833  0.0057  1.2686
 27.50 2664443   39.60  3.3689  2.2294  0.0043  0.9188
 28.50 1581474   36.09  3.7566  2.4347  0.0029  0.5880
 29.50 1250240   31.85  4.1944  2.7592  0.0016  0.3189
 30.50  327466   27.47  4.6094  3.1700  0.0011  0.2122
 31.50  235312   23.25  4.9337  3.6456  0.0004  0.0672
 32.50   21007   18.54  5.1821  4.3678  0.0002  0.0297
 33.50    4183   15.52  5.3605  5.1831  0.0001  0.0112
 34.50       0    0.00  0.0000  0.0000  0.0000  0.0000
 35.50       0    0.00  0.0000  0.0000  0.0000  0.0000
