  0.50    3937   58.70  0.0470 11.8570  0.0005  0.5799
  1.50    7740   58.54  0.1051 11.8959  0.0005  0.5741
  2.50   19700   58.11  0.1645 12.0575  0.0005  0.5799
  3.50   20305   58.01  0.2310 12.1095  0.0005  0.5852
  4.50   28919   58.06  0.2961 12.0929  0.0005  0.5730
  5.50   33987   58.76  0.3553 11.8584  0.0005  0.6184
  6.50   49109   58.60  0.4264 11.9393  0.0005  0.6262
  7.50   60918   58.85  0.5037 11.8699  0.0005  0.6253
  8.50   58992   59.35  0.5806 11.7119  0.0005  0.6391
  9.50   76523   59.31  0.6512 11.7337  0.0005  0.6552
 10.50   90617   59.58  0.7333 11.6475  0.0005  0.6578
 11.50   89142   59.06  0.8112 11.8381  0.0006  0.6844
 12.50  133351   58.72  0.8995 11.9522  0.0006  0.6739
 13.50  112778   58.09  0.9906 12.1676  0.0005  0.6565
 14.50  151570   56.70  1.0806 12.6571  0.0005  0.6455
 15.50  145058   55.43  1.1735 13.0961  0.0005  0.6128
 16.50  147534   53.14  1.2685 13.9683  0.0005  0.5681
 17.50  149520   50.79  1.3599 14.9053  0.0004  0.4807
 18.50  130010   48.32  1.4612 15.9574  0.0003  0.3858
 19.50  141820   44.78  1.5815 17.6323  0.0002  0.2573
 20.50   90138   40.53  1.7293 19.9230  0.0001  0.1207
 21.50   46888   37.06  1.8918 21.8881  0.0000  0.0428
 22.50   17154   33.58  2.0489 24.0458  0.0000  0.0083
 23.50    3893   31.38  2.2123 25.2760  0.0000  0.0010
 24.50     377   25.27  2.2952 33.8350  0.0000  0.0007
 25.50       0    0.00  0.0000  0.0000  0.0000  0.0000
 26.50       0    0.00  0.0000  0.0000  0.0000  0.0000
 27.50       0    0.00  0.0000  0.0000  0.0000  0.0000
 28.50       0    0.00  0.0000  0.0000  0.0000  0.0000
 29.50       0    0.00  0.0000  0.0000  0.0000  0.0000
 30.50       0    0.00  0.0000  0.0000  0.0000  0.0000
 31.50       0    0.00  0.0000  0.0000  0.0000  0.0000
 32.50       0    0.00  0.0000  0.0000  0.0000  0.0000
 33.50       0    0.00  0.0000  0.0000  0.0000  0.0000
 34.50       0    0.00  0.0000  0.0000  0.0000  0.0000
 35.50       0    0.00  0.0000  0.0000  0.0000  0.0000
