  0.50  298040   72.79  0.0529  1.4996  0.0363 10.6624
  1.50  598946   72.99  0.1193  1.4877  0.0363 10.7002
  2.50 1518618   73.17  0.1960  1.4801  0.0363 10.7110
  3.50 1546877   73.40  0.2761  1.4679  0.0365 10.7974
  4.50 2211843   73.56  0.3516  1.4588  0.0367 10.8836
  5.50 2591548   73.84  0.4291  1.4422  0.0368 10.9197
  6.50 3676033   74.12  0.5174  1.4239  0.0369 11.0043
  7.50 4513899   74.49  0.6159  1.4003  0.0370 11.0999
  8.50 4325376   74.76  0.7132  1.3784  0.0370 11.1384
  9.50 5600022   74.89  0.8136  1.3581  0.0368 11.1386
 10.50 6579520   74.97  0.9262  1.3340  0.0365 11.0528
 11.50 6378717   74.74  1.0422  1.3173  0.0357 10.8173
 12.50 9381086   74.29  1.1733  1.2995  0.0338 10.1967
 13.50 7846552   73.44  1.3184  1.2869  0.0322  9.6571
 14.50 10278722   72.18  1.4708  1.2802  0.0299  8.8717
 15.50 9652187   70.37  1.6456  1.2816  0.0267  7.8141
 16.50 9611540   68.18  1.8317  1.2869  0.0232  6.6247
 17.50 9652109   65.42  2.0376  1.3027  0.0192  5.3309
 18.50 8382727   62.01  2.2719  1.3389  0.0150  4.0057
 19.50 9594855   57.55  2.5744  1.3983  0.0109  2.7534
 20.50 7084699   51.91  2.9549  1.5027  0.0066  1.5600
 21.50 5097110   45.63  3.3795  1.6740  0.0038  0.8380
 22.50 3342022   39.19  3.7993  1.9024  0.0018  0.3760
 23.50 1791257   32.76  4.1628  2.1835  0.0007  0.1356
 24.50  661117   26.38  4.4510  2.5843  0.0002  0.0348
 25.50   96522   19.56  4.8238  3.4831  0.0001  0.0101
 26.50   14461   13.11  5.7825  5.6843  0.0000  0.0009
 27.50     250    9.33  7.0982  7.9737  0.0000  0.0001
 28.50       0    0.00  0.0000  0.0000  0.0000  0.0000
 29.50       0    0.00  0.0000  0.0000  0.0000  0.0000
 30.50       0    0.00  0.0000  0.0000  0.0000  0.0000
 31.50       0    0.00  0.0000  0.0000  0.0000  0.0000
 32.50       0    0.00  0.0000  0.0000  0.0000  0.0000
 33.50       0    0.00  0.0000  0.0000  0.0000  0.0000
 34.50       0    0.00  0.0000  0.0000  0.0000  0.0000
 35.50       0    0.00  0.0000  0.0000  0.0000  0.0000
