  0.50   18786  146.23  0.0717  0.3567  0.0037  5.3912
  1.50   37923  145.04  0.1592  0.4374  0.0038  5.4526
  2.50   94791  145.00  0.2603  0.4189  0.0037  5.3476
  3.50   96473  143.58  0.3639  0.5055  0.0037  5.3641
  4.50  134805  141.17  0.4584  0.6434  0.0037  5.3316
  5.50  152312  137.32  0.5528  0.8816  0.0036  5.1100
  6.50  206852  132.86  0.6598  1.1714  0.0032  4.5904
  7.50  234839  125.55  0.7753  1.6935  0.0030  4.1772
  8.50  206413  117.98  0.8889  2.3024  0.0027  3.6989
  9.50  239307  108.72  1.0018  3.1633  0.0023  3.1521
 10.50  242868   98.81  1.1155  4.2531  0.0019  2.5278
 11.50  196186   89.34  1.2204  5.4866  0.0015  1.9387
 12.50  224840   78.98  1.3271  7.1639  0.0009  1.1867
 13.50  122291   69.07  1.4453  9.0521  0.0005  0.5912
 14.50   79219   59.39  1.5669 11.3068  0.0001  0.1807
 15.50   20463   51.08  1.6957 13.3533  0.0000  0.0310
 16.50    2914   44.29  1.8234 15.1464  0.0000  0.0027
 17.50     185   38.63  1.9900 18.3802  0.0000  0.0013
 18.50       0    0.00  0.0000  0.0000  0.0000  0.0000
 19.50       0    0.00  0.0000  0.0000  0.0000  0.0000
 20.50       0    0.00  0.0000  0.0000  0.0000  0.0000
 21.50       0    0.00  0.0000  0.0000  0.0000  0.0000
 22.50       0    0.00  0.0000  0.0000  0.0000  0.0000
 23.50       0    0.00  0.0000  0.0000  0.0000  0.0000
 24.50       0    0.00  0.0000  0.0000  0.0000  0.0000
 25.50       0    0.00  0.0000  0.0000  0.0000  0.0000
 26.50       0    0.00  0.0000  0.0000  0.0000  0.0000
 27.50       0    0.00  0.0000  0.0000  0.0000  0.0000
 28.50       0    0.00  0.0000  0.0000  0.0000  0.0000
 29.50       0    0.00  0.0000  0.0000  0.0000  0.0000
 30.50       0    0.00  0.0000  0.0000  0.0000  0.0000
 31.50       0    0.00  0.0000  0.0000  0.0000  0.0000
 32.50       0    0.00  0.0000  0.0000  0.0000  0.0000
 33.50       0    0.00  0.0000  0.0000  0.0000  0.0000
 34.50       0    0.00  0.0000  0.0000  0.0000  0.0000
 35.50       0    0.00  0.0000  0.0000  0.0000  0.0000
