  0.50      88   19.80  0.0399 73.5112  0.0000  0.0119
  1.50     185   20.63  0.0642 72.0370  0.0000  0.0122
  2.50     417   20.92  0.0977 69.3471  0.0000  0.0126
  3.50     410   20.57  0.1350 70.5428  0.0000  0.0126
  4.50     570   19.56  0.1758 75.0560  0.0000  0.0098
  5.50     729   20.16  0.2063 72.8095  0.0000  0.0129
  6.50     977   20.32  0.2432 71.6789  0.0000  0.0111
  7.50    1190   19.95  0.2895 73.4017  0.0000  0.0101
  8.50    1178   21.26  0.3280 68.2000  0.0000  0.0137
  9.50    1429   22.11  0.3699 65.2209  0.0000  0.0123
 10.50    1688   21.69  0.4051 66.8939  0.0000  0.0125
 11.50    1650   21.87  0.4468 65.7897  0.0000  0.0122
 12.50    2514   21.93  0.5011 66.0355  0.0000  0.0143
 13.50    2179   23.48  0.5516 60.8724  0.0000  0.0136
 14.50    2913   23.39  0.5990 60.6830  0.0000  0.0131
 15.50    2928   23.70  0.6516 59.8036  0.0000  0.0155
 16.50    3358   23.99  0.7071 59.0331  0.0000  0.0149
 17.50    3664   24.33  0.7535 57.9505  0.0000  0.0154
 18.50    3659   25.12  0.8078 55.8662  0.0000  0.0147
 19.50    5173   25.99  0.8742 53.4173  0.0000  0.0135
 20.50    5113   26.95  0.9374 51.1610  0.0000  0.0185
 21.50    5325   27.56  1.0024 49.8185  0.0000  0.0155
 22.50    5746   27.84  1.0684 49.2532  0.0000  0.0164
 23.50    5838   28.27  1.1374 48.4126  0.0000  0.0171
 24.50    5616   28.70  1.2053 47.2682  0.0000  0.0172
 25.50    3219   28.22  1.3005 48.2314  0.0000  0.0160
 26.50    2890   28.33  1.3822 47.9431  0.0000  0.0113
 27.50    1909   27.24  1.4640 50.1896  0.0000  0.0105
 28.50    1143   27.12  1.5750 50.2014  0.0000  0.0068
 29.50    1002   25.82  1.7099 53.3315  0.0000  0.0059
 30.50     236   25.27  1.8423 54.2602  0.0000  0.0030
 31.50     156   26.28  2.0357 52.8990  0.0000  0.0010
 32.50      10   12.19  2.0930 123.8890  0.0000  0.0006
 33.50       0    0.00  0.0000  0.0000  0.0000  0.0000
 34.50       0    0.00  0.0000  0.0000  0.0000  0.0000
 35.50       0    0.00  0.0000  0.0000  0.0000  0.0000
