  0.50     172   17.45  0.0200 76.8895  0.0000  0.0189
  1.50     326   21.41  0.0513 60.6145  0.0000  0.0180
  2.50     897   20.75  0.0831 62.7851  0.0000  0.0214
  3.50     865   21.07  0.1177 62.6311  0.0000  0.0170
  4.50    1231   20.08  0.1550 65.7817  0.0000  0.0192
  5.50    1348   20.75  0.1862 63.2394  0.0000  0.0187
  6.50    1933   19.95  0.2143 66.0513  0.0000  0.0204
  7.50    2345   20.49  0.2520 63.9531  0.0000  0.0175
  8.50    2256   21.48  0.2910 60.5954  0.0000  0.0192
  9.50    2883   20.76  0.3194 62.8725  0.0000  0.0209
 10.50    3367   21.61  0.3598 60.2422  0.0000  0.0233
 11.50    3287   21.52  0.3965 60.2617  0.0000  0.0235
 12.50    4857   21.66  0.4349 59.8716  0.0000  0.0226
 13.50    4156   21.92  0.4813 59.0863  0.0000  0.0198
 14.50    5741   22.37  0.5221 57.6744  0.0000  0.0232
 15.50    5625   22.79  0.5680 56.3754  0.0000  0.0226
 16.50    6241   23.45  0.6109 54.4287  0.0000  0.0248
 17.50    6869   23.78  0.6585 53.5111  0.0000  0.0233
 18.50    7237   23.76  0.7037 53.5714  0.0000  0.0265
 19.50   10232   24.18  0.7531 52.4356  0.0000  0.0270
 20.50   10319   24.95  0.8120 50.5459  0.0000  0.0313
 21.50   10613   25.31  0.8687 49.5568  0.0000  0.0307
 22.50   11813   25.97  0.9292 48.0079  0.0000  0.0307
 23.50   12464   26.46  0.9864 46.9827  0.0000  0.0320
 24.50   12074   27.29  1.0498 45.0826  0.0000  0.0291
 25.50    7523   27.62  1.1245 44.3669  0.0000  0.0318
 26.50    7277   28.68  1.1956 42.2760  0.0000  0.0279
 27.50    5802   28.55  1.2675 42.5256  0.0000  0.0276
 28.50    4261   28.28  1.3449 42.9487  0.0000  0.0266
 29.50    4353   28.67  1.4251 42.0848  0.0000  0.0220
 30.50    1646   28.18  1.5234 42.8907  0.0000  0.0199
 31.50    1983   29.15  1.6247 41.1199  0.0000  0.0160
 32.50     468   28.16  1.7769 42.4480  0.0000  0.0133
 33.50     174   31.80  1.9147 35.6506  0.0000  0.0090
 34.50       0    0.00  0.0000  0.0000  0.0000  0.0000
 35.50       0    0.00  0.0000  0.0000  0.0000  0.0000
