  0.50   36153   35.38  0.0332 10.6435  0.0032  1.7470
  1.50   72944   35.25  0.0762 10.7087  0.0032  1.7571
  2.50  184857   35.40  0.1279 10.6503  0.0032  1.7669
  3.50  187409   35.58  0.1771 10.5743  0.0032  1.7891
  4.50  266645   35.67  0.2239 10.5441  0.0032  1.7911
  5.50  309998   35.82  0.2721 10.4857  0.0033  1.8199
  6.50  438313   36.05  0.3245 10.3993  0.0034  1.8667
  7.50  533685   36.28  0.3813 10.3172  0.0033  1.8511
  8.50  508179   36.55  0.4359 10.2143  0.0034  1.9002
  9.50  659068   36.80  0.4904 10.1276  0.0035  1.9531
 10.50  777621   37.19  0.5503  9.9880  0.0036  1.9688
 11.50  762315   37.59  0.6099  9.8407  0.0036  2.0216
 12.50 1149602   38.10  0.6765  9.6639  0.0037  2.0861
 13.50  997522   38.52  0.7486  9.5162  0.0038  2.1046
 14.50 1377960   39.06  0.8206  9.3317  0.0038  2.1500
 15.50 1394389   39.59  0.9004  9.1535  0.0039  2.2087
 16.50 1523398   40.11  0.9817  8.9786  0.0040  2.2399
 17.50 1717745   40.64  1.0655  8.7973  0.0040  2.2765
 18.50 1722832   41.03  1.1522  8.6649  0.0041  2.2930
 19.50 2403768   41.36  1.2531  8.5435  0.0040  2.2676
 20.50 2330595   41.60  1.3635  8.4415  0.0040  2.2447
 21.50 2361406   41.53  1.4748  8.4273  0.0038  2.1372
 22.50 2425315   41.26  1.5863  8.4616  0.0036  2.0186
 23.50 2439740   40.71  1.7048  8.5717  0.0032  1.8244
 24.50 2177385   39.75  1.8325  8.7918  0.0028  1.5461
 25.50 1205173   38.45  1.9789  9.1132  0.0024  1.3369
 26.50  998689   36.76  2.1326  9.5785  0.0019  1.0793
 27.50  643660   34.73  2.3053 10.1897  0.0014  0.7882
 28.50  349611   32.53  2.4965 10.8883  0.0009  0.4841
 29.50  233476   29.83  2.7119 11.8297  0.0004  0.2131
 30.50   44395   27.23  2.9416 12.6992  0.0002  0.1170
 31.50   21037   24.67  3.1285 13.5506  0.0000  0.0198
 32.50     889   21.08  3.3150 15.3039  0.0000  0.0056
 33.50     110   18.53  3.6059 17.2472  0.0000  0.0013
 34.50       0    0.00  0.0000  0.0000  0.0000  0.0000
 35.50       0    0.00  0.0000  0.0000  0.0000  0.0000
