  0.50  209829  146.33  0.0708  0.1606  0.0419 32.4310
  1.50  422348  146.09  0.1593  0.1656  0.0420 32.4893
  2.50 1068474  144.96  0.2621  0.1975  0.0416 32.1132
  3.50 1085180  143.73  0.3674  0.2292  0.0414 32.0060
  4.50 1536942  141.59  0.4642  0.2876  0.0412 31.7480
  5.50 1754520  138.26  0.5637  0.3764  0.0399 30.5321
  6.50 2394062  133.36  0.6801  0.5177  0.0367 27.5586
  7.50 2731110  126.35  0.8140  0.7252  0.0336 24.7069
  8.50 2396746  118.61  0.9529  0.9787  0.0296 21.2669
  9.50 2772385  110.18  1.0928  1.2861  0.0251 17.4875
 10.50 2799351  100.57  1.2485  1.6894  0.0202 13.6440
 11.50 2265174   90.99  1.4039  2.1605  0.0154 10.0485
 12.50 2610324   80.62  1.5722  2.7791  0.0098  6.1163
 13.50 1529714   69.90  1.7523  3.5376  0.0056  3.4133
 14.50 1188790   60.13  1.9257  4.3307  0.0025  1.4633
 15.50  463363   51.10  2.1015  5.0426  0.0007  0.4168
 16.50  128167   42.88  2.2690  5.7635  0.0001  0.0745
 17.50   23567   33.70  2.5350  7.4115  0.0000  0.0066
 18.50    1801   23.76  3.1040 12.8731  0.0000  0.0003
 19.50       0    0.00  0.0000  0.0000  0.0000  0.0000
 20.50       0    0.00  0.0000  0.0000  0.0000  0.0000
 21.50       0    0.00  0.0000  0.0000  0.0000  0.0000
 22.50       0    0.00  0.0000  0.0000  0.0000  0.0000
 23.50       0    0.00  0.0000  0.0000  0.0000  0.0000
 24.50       0    0.00  0.0000  0.0000  0.0000  0.0000
 25.50       0    0.00  0.0000  0.0000  0.0000  0.0000
 26.50       0    0.00  0.0000  0.0000  0.0000  0.0000
 27.50       0    0.00  0.0000  0.0000  0.0000  0.0000
 28.50       0    0.00  0.0000  0.0000  0.0000  0.0000
 29.50       0    0.00  0.0000  0.0000  0.0000  0.0000
 30.50       0    0.00  0.0000  0.0000  0.0000  0.0000
 31.50       0    0.00  0.0000  0.0000  0.0000  0.0000
 32.50       0    0.00  0.0000  0.0000  0.0000  0.0000
 33.50       0    0.00  0.0000  0.0000  0.0000  0.0000
 34.50       0    0.00  0.0000  0.0000  0.0000  0.0000
 35.50       0    0.00  0.0000  0.0000  0.0000  0.0000
