  0.50     287   62.59  0.0414 15.6877  0.0000  0.0686
  1.50     637   65.21  0.1014 14.6790  0.0000  0.0763
  2.50    1573   63.83  0.1816 15.2792  0.0000  0.0769
  3.50    1540   64.55  0.2518 14.9751  0.0000  0.0744
  4.50    2231   62.84  0.3141 15.6470  0.0000  0.0772
  5.50    2658   66.17  0.3854 14.2536  0.0000  0.0759
  6.50    3806   66.04  0.4632 14.3287  0.0000  0.0779
  7.50    4755   66.69  0.5411 14.1028  0.0000  0.0772
  8.50    4409   68.24  0.6187 13.4915  0.0000  0.0735
  9.50    5794   65.19  0.6998 14.6963  0.0000  0.0848
 10.50    6677   66.68  0.7829 14.1297  0.0000  0.0687
 11.50    6320   65.37  0.8619 14.6317  0.0000  0.0760
 12.50    9289   63.76  0.9582 15.2670  0.0000  0.0761
 13.50    7516   60.63  1.0438 16.6283  0.0000  0.0714
 14.50    9430   59.68  1.1308 17.0809  0.0000  0.0598
 15.50    8405   56.53  1.2217 18.5914  0.0000  0.0512
 16.50    7492   53.24  1.3124 20.2999  0.0000  0.0438
 17.50    6371   50.12  1.4119 22.0661  0.0000  0.0264
 18.50    4119   44.75  1.5234 25.8108  0.0000  0.0135
 19.50    2782   40.68  1.6774 29.2768  0.0000  0.0032
 20.50     657   37.35  1.8356 33.4704  0.0000  0.0021
 21.50      20   44.26  1.9916 23.8248  0.0000  0.0010
 22.50       0    0.00  0.0000  0.0000  0.0000  0.0000
 23.50       0    0.00  0.0000  0.0000  0.0000  0.0000
 24.50       0    0.00  0.0000  0.0000  0.0000  0.0000
 25.50       0    0.00  0.0000  0.0000  0.0000  0.0000
 26.50       0    0.00  0.0000  0.0000  0.0000  0.0000
 27.50       0    0.00  0.0000  0.0000  0.0000  0.0000
 28.50       0    0.00  0.0000  0.0000  0.0000  0.0000
 29.50       0    0.00  0.0000  0.0000  0.0000  0.0000
 30.50       0    0.00  0.0000  0.0000  0.0000  0.0000
 31.50       0    0.00  0.0000  0.0000  0.0000  0.0000
 32.50       0    0.00  0.0000  0.0000  0.0000  0.0000
 33.50       0    0.00  0.0000  0.0000  0.0000  0.0000
 34.50       0    0.00  0.0000  0.0000  0.0000  0.0000
 35.50       0    0.00  0.0000  0.0000  0.0000  0.0000
