  0.50     682   20.11  0.0327 52.1318  0.0001  0.0729
  1.50    1401   16.75  0.0677 65.3053  0.0001  0.0733
  2.50    3317   15.76  0.1158 70.0007  0.0001  0.0673
  3.50    3465   16.97  0.1651 64.4336  0.0001  0.0728
  4.50    4841   17.84  0.2088 60.4447  0.0001  0.0764
  5.50    5736   17.35  0.2560 62.4660  0.0001  0.0777
  6.50    8027   18.87  0.3033 56.7734  0.0001  0.0769
  7.50    9900   19.77  0.3592 53.5604  0.0001  0.0782
  8.50    9624   20.41  0.4072 51.5099  0.0001  0.0817
  9.50   12308   20.36  0.4593 51.8063  0.0001  0.0825
 10.50   14624   21.10  0.5138 49.4913  0.0001  0.0828
 11.50   14514   22.41  0.5731 45.9816  0.0001  0.0861
 12.50   22095   22.56  0.6312 45.8375  0.0001  0.0888
 13.50   19616   23.57  0.6985 43.3095  0.0001  0.0935
 14.50   27558   24.89  0.7642 40.4551  0.0001  0.0944
 15.50   28515   25.52  0.8365 39.2634  0.0001  0.1120
 16.50   31720   26.72  0.9118 36.9443  0.0001  0.1144
 17.50   36524   27.80  0.9878 35.1886  0.0001  0.1195
 18.50   36563   28.60  1.0640 33.9070  0.0001  0.1225
 19.50   52230   28.67  1.1538 33.7943  0.0001  0.1286
 20.50   51089   29.42  1.2532 32.6220  0.0001  0.1265
 21.50   51521   30.37  1.3518 31.2397  0.0001  0.1232
 22.50   52316   30.34  1.4502 31.2868  0.0001  0.1169
 23.50   50972   30.41  1.5533 31.0839  0.0001  0.1022
 24.50   42862   29.73  1.6582 31.8895  0.0001  0.0816
 25.50   21749   28.93  1.7909 32.8297  0.0001  0.0639
 26.50   16242   27.64  1.9195 34.5727  0.0000  0.0438
 27.50    8954   25.76  2.0776 37.5809  0.0000  0.0256
 28.50    4259   24.74  2.2367 39.6324  0.0000  0.0126
 29.50    2212   20.67  2.4272 53.7151  0.0000  0.0038
 30.50     290   17.02  2.6599 62.9263  0.0000  0.0019
 31.50      74   12.19  2.7749 150.7213  0.0000  0.0004
 32.50       0    0.00  0.0000  0.0000  0.0000  0.0000
 33.50       0    0.00  0.0000  0.0000  0.0000  0.0000
 34.50       0    0.00  0.0000  0.0000  0.0000  0.0000
 35.50       0    0.00  0.0000  0.0000  0.0000  0.0000
