  0.50      47    5.00  0.0278 242.3720  0.0000  0.0036
  1.50     112    5.00  0.0441 240.7870  0.0000  0.0041
  2.50     292    5.00  0.0951 242.7972  0.0000  0.0042
  3.50     249    5.00  0.1068 242.2376  0.0000  0.0045
  4.50     355    5.00  0.1414 242.9000  0.0000  0.0040
  5.50     463    5.00  0.1754 243.8425  0.0000  0.0039
  6.50     604    5.00  0.2155 243.7685  0.0000  0.0041
  7.50     805    5.00  0.2563 243.1585  0.0000  0.0052
  8.50     749    5.00  0.2871 243.9017  0.0000  0.0047
  9.50     950    5.00  0.3309 243.1253  0.0000  0.0053
 10.50    1116    5.00  0.3585 243.3954  0.0000  0.0046
 11.50    1030    5.00  0.3945 244.5219  0.0000  0.0045
 12.50    1715    5.00  0.4375 243.7996  0.0000  0.0058
 13.50    1526    5.00  0.4829 244.3683  0.0000  0.0061
 14.50    2057    5.09  0.5277 241.0008  0.0000  0.0063
 15.50    2140    5.00  0.5609 244.5020  0.0000  0.0063
 16.50    2420    5.00  0.6153 245.0563  0.0000  0.0070
 17.50    2841    5.00  0.6641 245.4068  0.0000  0.0074
 18.50    3077    5.00  0.6988 245.4618  0.0000  0.0093
 19.50    4268    5.00  0.7540 245.8742  0.0000  0.0085
 20.50    4584    5.00  0.8104 245.8273  0.0000  0.0086
 21.50    5085    5.00  0.8701 246.0036  0.0000  0.0101
 22.50    5699    5.05  0.9261 244.6494  0.0000  0.0114
 23.50    6651    5.10  0.9875 243.5271  0.0000  0.0113
 24.50    6829    5.41  1.0478 234.4232  0.0000  0.0125
 25.50    4573    5.47  1.1146 232.4364  0.0000  0.0141
 26.50    4663    5.75  1.1916 221.3249  0.0000  0.0133
 27.50    4179    6.59  1.2725 191.4464  0.0000  0.0141
 28.50    3336    7.60  1.3468 161.9727  0.0000  0.0154
 29.50    3768   11.11  1.4351 110.2210  0.0000  0.0150
 30.50    1636   10.51  1.5200 117.1231  0.0000  0.0141
 31.50    2274   11.09  1.6222 104.1705  0.0000  0.0140
 32.50     673   13.15  1.7519 88.8883  0.0000  0.0134
 33.50     318   15.71  1.8347 67.8601  0.0000  0.0121
 34.50       0    0.00  0.0000  0.0000  0.0000  0.0000
 35.50       0    0.00  0.0000  0.0000  0.0000  0.0000
