  0.50       0    0.00  0.0000  0.0000  0.0000  0.0000
  1.50       0    0.00  0.0000  0.0000  0.0000  0.0000
  2.50       0    0.00  0.0000  0.0000  0.0000  0.0000
  3.50       0    0.00  0.0000  0.0000  0.0000  0.0000
  4.50       0    0.00  0.0000  0.0000  0.0000  0.0000
  5.50       0    0.00  0.0000  0.0000  0.0000  0.0000
  6.50       0    0.00  0.0000  0.0000  0.0000  0.0000
  7.50       0    0.00  0.0000  0.0000  0.0000  0.0000
  8.50    9813  182.37  0.3121 -2.7257  0.0018  2.1292
  9.50   13593  122.91  0.5968 -0.6806  0.0005  0.5483
 10.50    4153  117.72  0.6994 -1.7134  0.0001  0.1597
 11.50     891  128.56  0.7620 -3.9352  0.0000  0.0429
 12.50     146  144.05  0.8018 -6.2560  0.0000  0.0109
 13.50       0    0.00  0.0000  0.0000  0.0000  0.0000
 14.50       0    0.00  0.0000  0.0000  0.0000  0.0000
 15.50       0    0.00  0.0000  0.0000  0.0000  0.0000
 16.50       0    0.00  0.0000  0.0000  0.0000  0.0000
 17.50       0    0.00  0.0000  0.0000  0.0000  0.0000
 18.50       0    0.00  0.0000  0.0000  0.0000  0.0000
 19.50       0    0.00  0.0000  0.0000  0.0000  0.0000
 20.50       0    0.00  0.0000  0.0000  0.0000  0.0000
 21.50       0    0.00  0.0000  0.0000  0.0000  0.0000
 22.50       0    0.00  0.0000  0.0000  0.0000  0.0000
 23.50       0    0.00  0.0000  0.0000  0.0000  0.0000
 24.50       0    0.00  0.0000  0.0000  0.0000  0.0000
 25.50       0    0.00  0.0000  0.0000  0.0000  0.0000
 26.50       0    0.00  0.0000  0.0000  0.0000  0.0000
 27.50       0    0.00  0.0000  0.0000  0.0000  0.0000
 28.50       0    0.00  0.0000  0.0000  0.0000  0.0000
 29.50       0    0.00  0.0000  0.0000  0.0000  0.0000
 30.50       0    0.00  0.0000  0.0000  0.0000  0.0000
 31.50       0    0.00  0.0000  0.0000  0.0000  0.0000
 32.50       0    0.00  0.0000  0.0000  0.0000  0.0000
 33.50       0    0.00  0.0000  0.0000  0.0000  0.0000
 34.50       0    0.00  0.0000  0.0000  0.0000  0.0000
 35.50       0    0.00  0.0000  0.0000  0.0000  0.0000
