  0.50     332    8.26  0.0342 140.4800  0.0000  0.0318
  1.50     609    6.34  0.0690 199.8470  0.0000  0.0288
  2.50    1548    6.77  0.1061 187.3872  0.0000  0.0305
  3.50    1545    8.46  0.1469 150.6924  0.0000  0.0319
  4.50    2227    7.36  0.1870 179.9690  0.0000  0.0311
  5.50    2679    7.23  0.2223 180.2602  0.0000  0.0326
  6.50    3683    9.12  0.2752 140.4044  0.0000  0.0288
  7.50    4548    7.88  0.3164 163.1631  0.0000  0.0314
  8.50    4558   10.84  0.3627 110.5183  0.0000  0.0353
  9.50    5761   10.15  0.4101 122.3835  0.0000  0.0349
 10.50    6636   10.35  0.4609 115.3528  0.0000  0.0331
 11.50    6711   11.22  0.5091 106.8665  0.0000  0.0400
 12.50   10160   12.49  0.5613 91.0231  0.0000  0.0356
 13.50    9059   12.63  0.6203 91.3950  0.0000  0.0433
 14.50   12776   13.71  0.6759 82.1717  0.0000  0.0422
 15.50   13228   14.88  0.7379 75.4362  0.0000  0.0448
 16.50   14859   15.81  0.7964 69.5407  0.0000  0.0473
 17.50   17491   16.38  0.8640 66.7249  0.0000  0.0541
 18.50   17997   17.48  0.9273 61.8313  0.0000  0.0529
 19.50   26396   19.05  1.0049 55.8549  0.0000  0.0574
 20.50   26859   20.54  1.0892 50.8083  0.0000  0.0596
 21.50   28586   20.88  1.1700 50.0874  0.0001  0.0669
 22.50   31366   21.69  1.2532 47.7743  0.0001  0.0707
 23.50   33638   22.25  1.3446 46.2065  0.0001  0.0664
 24.50   31193   23.46  1.4391 43.1411  0.0000  0.0612
 25.50   18399   23.19  1.5431 43.6797  0.0000  0.0580
 26.50   16616   23.46  1.6513 42.7843  0.0000  0.0506
 27.50   11696   23.01  1.7574 43.9154  0.0000  0.0393
 28.50    7253   23.94  1.8821 41.2760  0.0000  0.0302
 29.50    6045   22.45  2.0126 44.5695  0.0000  0.0174
 30.50    1770   22.06  2.1786 45.4344  0.0000  0.0147
 31.50    1506   19.46  2.3504 53.5475  0.0000  0.0059
 32.50     184   11.63  2.6197 94.6498  0.0000  0.0028
 33.50      37   14.03  2.7447 75.1206  0.0000  0.0012
 34.50       0    0.00  0.0000  0.0000  0.0000  0.0000
 35.50       0    0.00  0.0000  0.0000  0.0000  0.0000
