  0.50     639   23.36  0.0221 47.3638  0.0000  0.0664
  1.50    1267   22.44  0.0616 49.7699  0.0000  0.0655
  2.50    3210   22.10  0.0971 50.6883  0.0001  0.0687
  3.50    3201   21.94  0.1312 51.1094  0.0001  0.0704
  4.50    4569   22.36  0.1670 49.9564  0.0000  0.0668
  5.50    5314   22.12  0.2025 50.6575  0.0000  0.0661
  6.50    7644   22.75  0.2408 49.0251  0.0001  0.0679
  7.50    9127   22.69  0.2828 49.1580  0.0001  0.0700
  8.50    8642   22.84  0.3237 48.8214  0.0001  0.0677
  9.50   11103   22.88  0.3604 48.6887  0.0001  0.0781
 10.50   13065   23.39  0.4039 47.4385  0.0001  0.0815
 11.50   12465   23.58  0.4475 46.9691  0.0001  0.0768
 12.50   19104   23.92  0.4921 46.1937  0.0001  0.0836
 13.50   16235   23.81  0.5374 46.4483  0.0001  0.0824
 14.50   22286   24.57  0.5869 44.7405  0.0001  0.0842
 15.50   22763   24.77  0.6379 44.3285  0.0001  0.0867
 16.50   24774   25.52  0.6872 42.7425  0.0001  0.0881
 17.50   27920   25.94  0.7439 41.8895  0.0001  0.0950
 18.50   28139   26.36  0.7942 41.0962  0.0001  0.0940
 19.50   39743   26.98  0.8550 39.9303  0.0001  0.0940
 20.50   39505   27.47  0.9221 39.0673  0.0001  0.1004
 21.50   40975   28.29  0.9862 37.6260  0.0001  0.1044
 22.50   44221   28.69  1.0531 36.9789  0.0001  0.1004
 23.50   46316   29.24  1.1228 36.0658  0.0001  0.1029
 24.50   44678   29.58  1.1923 35.5284  0.0001  0.1002
 25.50   26865   29.71  1.2716 35.2637  0.0001  0.0953
 26.50   25006   29.69  1.3551 35.2611  0.0001  0.0873
 27.50   18940   29.34  1.4405 35.7029  0.0001  0.0787
 28.50   12392   29.56  1.5417 35.1987  0.0000  0.0651
 29.50   11587   28.99  1.6607 35.9278  0.0000  0.0428
 30.50    3620   27.90  1.7958 37.3585  0.0000  0.0353
 31.50    3416   26.33  1.9350 39.8685  0.0000  0.0184
 32.50     475   25.25  2.0932 41.2240  0.0000  0.0105
 33.50     110   24.40  2.2789 42.2210  0.0000  0.0046
 34.50       0    0.00  0.0000  0.0000  0.0000  0.0000
 35.50       0    0.00  0.0000  0.0000  0.0000  0.0000
