  0.50   15203  127.46  0.0670  1.4989  0.0028  3.9428
  1.50   30938  126.25  0.1478  1.6130  0.0029  4.0433
  2.50   77406  125.98  0.2489  1.6182  0.0028  3.9016
  3.50   79229  126.07  0.3449  1.6074  0.0029  4.0190
  4.50  111910  124.57  0.4375  1.7219  0.0029  4.0076
  5.50  129363  122.64  0.5296  1.8753  0.0028  3.9310
  6.50  178681  119.38  0.6308  2.1537  0.0027  3.7379
  7.50  208451  114.52  0.7415  2.5787  0.0025  3.4220
  8.50  189125  109.47  0.8480  3.0656  0.0024  3.2312
  9.50  227766  103.26  0.9548  3.7291  0.0022  2.9416
 10.50  240377   95.90  1.0651  4.6098  0.0018  2.4992
 11.50  204282   88.08  1.1714  5.6910  0.0015  2.0078
 12.50  252055   79.81  1.2768  7.0525  0.0011  1.4585
 13.50  161218   71.26  1.3865  8.7056  0.0007  0.9238
 14.50  137420   62.96  1.5075 10.6132  0.0003  0.4424
 15.50   59025   54.43  1.6410 12.8936  0.0001  0.1305
 16.50   16525   47.59  1.7634 14.8037  0.0000  0.0222
 17.50    2434   41.24  1.9096 16.9222  0.0000  0.0014
 18.50      92   43.40  2.0522 15.0293  0.0000  0.0011
 19.50       0    0.00  0.0000  0.0000  0.0000  0.0000
 20.50       0    0.00  0.0000  0.0000  0.0000  0.0000
 21.50       0    0.00  0.0000  0.0000  0.0000  0.0000
 22.50       0    0.00  0.0000  0.0000  0.0000  0.0000
 23.50       0    0.00  0.0000  0.0000  0.0000  0.0000
 24.50       0    0.00  0.0000  0.0000  0.0000  0.0000
 25.50       0    0.00  0.0000  0.0000  0.0000  0.0000
 26.50       0    0.00  0.0000  0.0000  0.0000  0.0000
 27.50       0    0.00  0.0000  0.0000  0.0000  0.0000
 28.50       0    0.00  0.0000  0.0000  0.0000  0.0000
 29.50       0    0.00  0.0000  0.0000  0.0000  0.0000
 30.50       0    0.00  0.0000  0.0000  0.0000  0.0000
 31.50       0    0.00  0.0000  0.0000  0.0000  0.0000
 32.50       0    0.00  0.0000  0.0000  0.0000  0.0000
 33.50       0    0.00  0.0000  0.0000  0.0000  0.0000
 34.50       0    0.00  0.0000  0.0000  0.0000  0.0000
 35.50       0    0.00  0.0000  0.0000  0.0000  0.0000
